0 20344
2 20345
4 20346
6 20347
8 20348
10 20349
12 20350
14 20351
16 20352
18 20353
20 20354
22 20355
24 20356
26 20357
28 20358
30 20359
32 20360
34 20361
36 20362
38 20363
40 20364
42 20365
44 20366
46 20367
48 20368
50 20369
52 20370
54 20371
56 20372
58 20373
60 20374
62 20375
64 20376
66 20377
68 20378
70 20379
72 20380
74 20381
76 20382
78 20383
80 20384
82 20385
84 20386
86 20387
88 20388
90 20389
92 20390
94 20391
96 20392
98 20393
100 20394
102 20395
104 20396
106 20397
108 20398
110 20399
112 20400
114 20401
116 20402
118 20403
120 20404
122 20405
124 20406
126 20407
128 20408
130 20409
132 20410
134 20411
136 20412
138 20413
140 20414
142 20415
144 20416
146 20417
148 20418
150 20419
152 20420
154 20421
156 20422
158 20423
160 20424
162 20425
164 20426
166 20427
168 20428
170 20429
172 20430
174 20431
176 20432
178 20433
180 20434
182 20435
184 20436
186 20437
188 20438
190 20439
192 20440
194 20441
196 20442
198 20443
200 20444
202 20445
204 20446
206 20447
208 20448
210 20449
212 20450
214 20451
216 20452
218 20453
220 20454
222 20455
224 20456
226 20457
228 20458
230 20459
232 20460
234 20461
236 20462
238 20463
240 20464
242 20465
244 20466
246 20467
248 20468
250 20469
252 20470
254 20471
256 20472
258 20473
260 20474
262 20475
264 20476
266 20477
268 20478
270 20479
272 20480
274 20481
276 20482
278 20483
280 20484
282 20485
284 20486
286 20487
288 20488
290 20489
292 20490
294 20491
296 20492
298 20493
300 20494
302 20495
304 20496
306 20497
308 20498
310 20499
312 20500
314 20501
316 20502
318 20503
320 20504
322 20505
324 20506
326 20507
328 20508
330 20509
332 20510
334 20511
336 20512
338 20513
340 20514
342 20515
344 20516
346 20517
348 20518
350 20519
352 20520
354 20521
356 20522
358 20523
360 20524
362 20525
364 20526
366 20527
368 20528
370 20529
372 20530
374 20531
376 20532
378 20533
380 20534
382 20535
384 20536
386 20537
388 20538
390 20539
392 20540
394 20541
396 20542
398 20543
400 20544
402 20545
404 20546
406 20547
408 20548
410 20549
412 20550
414 20551
416 20552
418 20553
420 20554
422 20555
424 20556
426 20557
428 20558
430 20559
432 20560
434 20561
436 20562
438 20563
440 20564
442 20565
444 20566
446 20567
448 20568
450 20569
452 20570
454 20571
456 20572
458 20573
460 20574
462 20575
464 20576
466 20577
468 20578
470 20579
472 20580
474 20581
476 20582
478 20583
480 20584
482 20585
484 20586
486 20587
488 20588
490 20589
492 20590
494 20591
496 20592
498 20593
500 20594
502 20595
504 20596
506 20597
508 20598
510 20599
512 20600
514 20601
516 20602
518 20603
520 20604
522 20605
524 20606
526 20607
528 20608
530 20609
532 20610
534 20611
536 20612
538 20613
540 20614
542 20615
544 20616
546 20617
548 20618
550 20619
552 20620
554 20621
556 20622
558 20623
560 20624
562 20625
564 20626
566 20627
568 20628
570 20629
572 20630
574 20631
576 20632
578 20633
580 20634
582 20635
584 20636
586 20637
588 20638
590 20639
592 20640
594 20641
596 20642
598 20643
600 20644
602 20645
604 20646
606 20647
608 20648
610 20649
612 20650
614 20651
616 20652
618 20653
620 20654
622 20655
624 20656
626 20657
628 20658
630 20659
632 20660
634 20661
636 20662
638 20663
640 20664
642 20665
644 20666
646 20667
648 20668
650 20669
652 20670
654 20671
656 20672
658 20673
660 20674
662 20675
664 20676
666 20677
668 20678
670 20679
672 20680
674 20681
676 20682
678 20683
680 20684
682 20685
684 20686
686 20687
688 20688
690 20689
692 20690
694 20691
696 20692
698 20693
700 20694
702 20695
704 20696
706 20697
708 20698
710 20699
712 20700
714 20701
716 20702
718 20703
720 20704
722 20705
724 20706
726 20707
728 20708
730 20709
732 20710
734 20711
736 20712
738 20713
740 20714
742 20715
744 20716
746 20717
748 20718
750 20719
752 20720
754 20721
756 20722
758 20723
760 20724
762 20725
764 20726
766 20727
768 20728
770 20729
772 20730
774 20731
776 20732
778 20733
780 20734
782 20735
784 20736
786 20737
788 20738
790 20739
792 20740
794 20741
796 20742
798 20743
800 20744
802 20745
804 20746
806 20747
808 20748
810 20749
812 20750
814 20751
816 20752
818 20753
820 20754
822 20755
824 20756
826 20757
828 20758
830 20759
832 20760
834 20761
836 20762
838 20763
840 20764
842 20765
844 20766
846 20767
848 20768
850 20769
852 20770
854 20771
856 20772
858 20773
860 20774
862 20775
864 20776
866 20777
868 20778
870 20779
872 20780
874 20781
876 20782
878 20783
880 20784
882 20785
884 20786
886 20787
888 20788
890 20789
892 20790
894 20791
896 20792
898 20793
900 20794
902 20795
904 20796
906 20797
908 20798
910 20799
912 20800
914 20801
916 20802
918 20803
920 20804
922 20805
924 20806
926 20807
928 20808
930 20809
932 20810
934 20811
936 20812
938 20813
940 20814
942 20815
944 20816
946 20817
948 20818
950 20819
952 20820
954 20821
956 20822
958 20823
960 20824
962 20825
964 20826
966 20827
968 20828
970 20829
972 20830
974 20831
976 20832
978 20833
980 20834
982 20835
984 20836
986 20837
988 20838
990 20839
992 20840
994 20841
996 20842
998 20843
1000 20844
1002 20845
1004 20846
1006 20847
1008 20848
1010 20849
1012 20850
1014 20851
1016 20852
1018 20853
1020 20854
1022 20855
1024 20856
1026 20857
1028 20858
1030 20859
1032 20860
1034 20861
1036 20862
1038 20863
1040 20864
1042 20865
1044 20866
1046 20867
1048 20868
1050 20869
1052 20870
1054 20871
1056 20872
1058 20873
1060 20874
1062 20875
1064 20876
1066 20877
1068 20878
1070 20879
1072 20880
1074 20881
1076 20882
1078 20883
1080 20884
1082 20885
1084 20886
1086 20887
1088 20888
1090 20889
1092 20890
1094 20891
1096 20892
1098 20893
1100 20894
1102 20895
1104 20896
1106 20897
1108 20898
1110 20899
1112 20900
1114 20901
1116 20902
1118 20903
1120 20904
1122 20905
1124 20906
1126 20907
1128 20908
1130 20909
1132 20910
1134 20911
1136 20912
1138 20913
1140 20914
1142 20915
1144 20916
1146 20917
1148 20918
1150 20919
1152 20920
1154 20921
1156 20922
1158 20923
1160 20924
1162 20925
1164 20926
1166 20927
1168 20928
1170 20929
1172 20930
1174 20931
1176 20932
1178 20933
1180 20934
1182 20935
1184 20936
1186 20937
1188 20938
1190 20939
1192 20940
1194 20941
1196 20942
1198 20943
1200 20944
1202 20945
1204 20946
1206 20947
1208 20948
1210 20949
1212 20950
1214 20951
1216 20952
1218 20953
1220 20954
1222 20955
1224 20956
1226 20957
1228 20958
1230 20959
1232 20960
1234 20961
1236 20962
1238 20963
1240 20964
1242 20965
1244 20966
1246 20967
1248 20968
1250 20969
1252 20970
1254 20971
1256 20972
1258 20973
1260 20974
1262 20975
1264 20976
1266 20977
1268 20978
1270 20979
1272 20980
1274 20981
1276 20982
1278 20983
1280 20984
1282 20985
1284 20986
1286 20987
1288 20988
1290 20989
1292 20990
1294 20991
1296 20992
1298 20993
1300 20994
1302 20995
1304 20996
1306 20997
1308 20998
1310 20999
1312 21000
1314 21001
1316 21002
1318 21003
1320 21004
1322 21005
1324 21006
1326 21007
1328 21008
1330 21009
1332 21010
1334 21011
1336 21012
1338 21013
1340 21014
1342 21015
1344 21016
1346 21017
1348 21018
1350 21019
1352 21020
1354 21021
1356 21022
1358 21023
1360 21024
1362 21025
1364 21026
1366 21027
1368 21028
1370 21029
1372 21030
1374 21031
1376 21032
1378 21033
1380 21034
1382 21035
1384 21036
1386 21037
1388 21038
1390 21039
1392 21040
1394 21041
1396 21042
1398 21043
1400 21044
1402 21045
1404 21046
1406 21047
1408 21048
1410 21049
1412 21050
1414 21051
1416 21052
1418 21053
1420 21054
1422 21055
1424 21056
1426 21057
1428 21058
1430 21059
1432 21060
1434 21061
1436 21062
1438 21063
1440 21064
1442 21065
1444 21066
1446 21067
1448 21068
1450 21069
1452 21070
1454 21071
1456 21072
1458 21073
1460 21074
1462 21075
1464 21076
1466 21077
1468 21078
1470 21079
1472 21080
1474 21081
1476 21082
1478 21083
1480 21084
1482 21085
1484 21086
1486 21087
1488 21088
1490 21089
1492 21090
1494 21091
1496 21092
1498 21093
1500 21094
1502 21095
1504 21096
1506 21097
1508 21098
1510 21099
1512 21100
1514 21101
1516 21102
1518 21103
1520 21104
1522 21105
1524 21106
1526 21107
1528 21108
1530 21109
1532 21110
1534 21111
1536 21112
1538 21113
1540 21114
1542 21115
1544 21116
1546 21117
1548 21118
1550 21119
1552 21120
1554 21121
1556 21122
1558 21123
1560 21124
1562 21125
1564 21126
1566 21127
1568 21128
1570 21129
1572 21130
1574 21131
1576 21132
1578 21133
1580 21134
1582 21135
1584 21136
1586 21137
1588 21138
1590 21139
1592 21140
1594 21141
1596 21142
1598 21143
1600 21144
1602 21145
1604 21146
1606 21147
1608 21148
1610 21149
1612 21150
1614 21151
1616 21152
1618 21153
1620 21154
1622 21155
1624 21156
1626 21157
1628 21158
1630 21159
1632 21160
1634 21161
1636 21162
1638 21163
1640 21164
1642 21165
1644 21166
1646 21167
1648 21168
1650 21169
1652 21170
1654 21171
1656 21172
1658 21173
1660 21174
1662 21175
1664 21176
1666 21177
1668 21178
1670 21179
1672 21180
1674 21181
1676 21182
1678 21183
1680 21184
1682 21185
1684 21186
1686 21187
1688 21188
1690 21189
1692 21190
1694 21191
1696 21192
1698 21193
1700 21194
1702 21195
1704 21196
1706 21197
1708 21198
1710 21199
1712 21200
1714 21201
1716 21202
1718 21203
1720 21204
1722 21205
1724 21206
1726 21207
1728 21208
1730 21209
1732 21210
1734 21211
1736 21212
1738 21213
1740 21214
1742 21215
1744 21216
1746 21217
1748 21218
1750 21219
1752 21220
1754 21221
1756 21222
1758 21223
1760 21224
1762 21225
1764 21226
1766 21227
1768 21228
1770 21229
1772 21230
1774 21231
1776 21232
1778 21233
1780 21234
1782 21235
1784 21236
1786 21237
1788 21238
1790 21239
1792 21240
1794 21241
1796 21242
1798 21243
1800 21244
1802 21245
1804 21246
1806 21247
1808 21248
1810 21249
1812 21250
1814 21251
1816 21252
1818 21253
1820 21254
1822 21255
1824 21256
1826 21257
1828 21258
1830 21259
1832 21260
1834 21261
1836 21262
1838 21263
1840 21264
1842 21265
1844 21266
1846 21267
1848 21268
1850 21269
1852 21270
1854 21271
1856 21272
1858 21273
1860 21274
1862 21275
1864 21276
1866 21277
1868 21278
1870 21279
1872 21280
1874 21281
1876 21282
1878 21283
1880 21284
1882 21285
1884 21286
1886 21287
1888 21288
1890 21289
1892 21290
1894 21291
1896 21292
1898 21293
1900 21294
1902 21295
1904 21296
1906 21297
1908 21298
1910 21299
1912 21300
1914 21301
1916 21302
1918 21303
1920 21304
1922 21305
1924 21306
1926 21307
1928 21308
1930 21309
1932 21310
1934 21311
1936 21312
1938 21313
1940 21314
1942 21315
1944 21316
1946 21317
1948 21318
1950 21319
1952 21320
1954 21321
1956 21322
1958 21323
1960 21324
1962 21325
1964 21326
1966 21327
1968 21328
1970 21329
1972 21330
1974 21331
1976 21332
1978 21333
1980 21334
1982 21335
1984 21336
1986 21337
1988 21338
1990 21339
1992 21340
1994 21341
1996 21342
1998 21343
2000 21344
2002 21345
2004 21346
2006 21347
2008 21348
2010 21349
2012 21350
2014 21351
2016 21352
2018 21353
2020 21354
2022 21355
2024 21356
2026 21357
2028 21358
2030 21359
2032 21360
2034 21361
2036 21362
2038 21363
2040 21364
2042 21365
2044 21366
2046 21367
2048 21368
2050 21369
2052 21370
2054 21371
2056 21372
2058 21373
2060 21374
2062 21375
2064 21376
2066 21377
2068 21378
2070 21379
2072 21380
2074 21381
2076 21382
2078 21383
2080 21384
2082 21385
2084 21386
2086 21387
2088 21388
2090 21389
2092 21390
2094 21391
2096 21392
2098 21393
2100 21394
2102 21395
2104 21396
2106 21397
2108 21398
2110 21399
2112 21400
2114 21401
2116 21402
2118 21403
2120 21404
2122 21405
2124 21406
2126 21407
2128 21408
2130 21409
2132 21410
2134 21411
2136 21412
2138 21413
2140 21414
2142 21415
2144 21416
2146 21417
2148 21418
2150 21419
2152 21420
2154 21421
2156 21422
2158 21423
2160 21424
2162 21425
2164 21426
2166 21427
2168 21428
2170 21429
2172 21430
2174 21431
2176 21432
2178 21433
2180 21434
2182 21435
2184 21436
2186 21437
2188 21438
2190 21439
2192 21440
2194 21441
2196 21442
2198 21443
2200 21444
2202 21445
2204 21446
2206 21447
2208 21448
2210 21449
2212 21450
2214 21451
2216 21452
2218 21453
2220 21454
2222 21455
2224 21456
2226 21457
2228 21458
2230 21459
2232 21460
2234 21461
2236 21462
2238 21463
2240 21464
2242 21465
2244 21466
2246 21467
2248 21468
2250 21469
2252 21470
2254 21471
2256 21472
2258 21473
2260 21474
2262 21475
2264 21476
2266 21477
2268 21478
2270 21479
2272 21480
2274 21481
2276 21482
2278 21483
2280 21484
2282 21485
2284 21486
2286 21487
2288 21488
2290 21489
2292 21490
2294 21491
2296 21492
2298 21493
2300 21494
2302 21495
2304 21496
2306 21497
2308 21498
2310 21499
2312 21500
2314 21501
2316 21502
2318 21503
2320 21504
2322 21505
2324 21506
2326 21507
2328 21508
2330 21509
2332 21510
2334 21511
2336 21512
2338 21513
2340 21514
2342 21515
2344 21516
2346 21517
2348 21518
2350 21519
2352 21520
2354 21521
2356 21522
2358 21523
2360 21524
2362 21525
2364 21526
2366 21527
2368 21528
2370 21529
2372 21530
2374 21531
2376 21532
2378 21533
2380 21534
2382 21535
2384 21536
2386 21537
2388 21538
2390 21539
2392 21540
2394 21541
2396 21542
2398 21543
2400 21544
2402 21545
2404 21546
2406 21547
2408 21548
2410 21549
2412 21550
2414 21551
2416 21552
2418 21553
2420 21554
2422 21555
2424 21556
2426 21557
2428 21558
2430 21559
2432 21560
2434 21561
2436 21562
2438 21563
2440 21564
2442 21565
2444 21566
2446 21567
2448 21568
2450 21569
2452 21570
2454 21571
2456 21572
2458 21573
2460 21574
2462 21575
2464 21576
2466 21577
2468 21578
2470 21579
2472 21580
2474 21581
2476 21582
2478 21583
2480 21584
2482 21585
2484 21586
2486 21587
2488 21588
2490 21589
2492 21590
2494 21591
2496 21592
2498 21593
2500 21594
2502 21595
2504 21596
2506 21597
2508 21598
2510 21599
2512 21600
2514 21601
2516 21602
2518 21603
2520 21604
2522 21605
2524 21606
2526 21607
2528 21608
2530 21609
2532 21610
2534 21611
2536 21612
2538 21613
2540 21614
2542 21615
2544 21616
2546 21617
2548 21618
2550 21619
2552 21620
2554 21621
2556 21622
2558 21623
2560 21624
2562 21625
2564 21626
2566 21627
2568 21628
2570 21629
2572 21630
2574 21631
2576 21632
2578 21633
2580 21634
2582 21635
2584 21636
2586 21637
2588 21638
2590 21639
2592 21640
2594 21641
2596 21642
2598 21643
2600 21644
2602 21645
2604 21646
2606 21647
2608 21648
2610 21649
2612 21650
2614 21651
2616 21652
2618 21653
2620 21654
2622 21655
2624 21656
2626 21657
2628 21658
2630 21659
2632 21660
2634 21661
2636 21662
2638 21663
2640 21664
2642 21665
2644 21666
2646 21667
2648 21668
2650 21669
2652 21670
2654 21671
2656 21672
2658 21673
2660 21674
2662 21675
2664 21676
2666 21677
2668 21678
2670 21679
2672 21680
2674 21681
2676 21682
2678 21683
2680 21684
2682 21685
2684 21686
2686 21687
2688 21688
2690 21689
2692 21690
2694 21691
2696 21692
2698 21693
2700 21694
2702 21695
2704 21696
2706 21697
2708 21698
2710 21699
2712 21700
2714 21701
2716 21702
2718 21703
2720 21704
2722 21705
2724 21706
2726 21707
2728 21708
2730 21709
2732 21710
2734 21711
2736 21712
2738 21713
2740 21714
2742 21715
2744 21716
2746 21717
2748 21718
2750 21719
2752 21720
2754 21721
2756 21722
2758 21723
2760 21724
2762 21725
2764 21726
2766 21727
2768 21728
2770 21729
2772 21730
2774 21731
2776 21732
2778 21733
2780 21734
2782 21735
2784 21736
2786 21737
2788 21738
2790 21739
2792 21740
2794 21741
2796 21742
2798 21743
2800 21744
2802 21745
2804 21746
2806 21747
2808 21748
2810 21749
2812 21750
2814 21751
2816 21752
2818 21753
2820 21754
2822 21755
2824 21756
2826 21757
2828 21758
2830 21759
2832 21760
2834 21761
2836 21762
2838 21763
2840 21764
2842 21765
2844 21766
2846 21767
2848 21768
2850 21769
2852 21770
2854 21771
2856 21772
2858 21773
2860 21774
2862 21775
2864 21776
2866 21777
2868 21778
2870 21779
2872 21780
2874 21781
2876 21782
2878 21783
2880 21784
2882 21785
2884 21786
2886 21787
2888 21788
2890 21789
2892 21790
2894 21791
2896 21792
2898 21793
2900 21794
2902 21795
2904 21796
2906 21797
2908 21798
2910 21799
2912 21800
2914 21801
2916 21802
2918 21803
2920 21804
2922 21805
2924 21806
2926 21807
2928 21808
2930 21809
2932 21810
2934 21811
2936 21812
2938 21813
2940 21814
2942 21815
2944 21816
2946 21817
2948 21818
2950 21819
2952 21820
2954 21821
2956 21822
2958 21823
2960 21824
2962 21825
2964 21826
2966 21827
2968 21828
2970 21829
2972 21830
2974 21831
2976 21832
2978 21833
2980 21834
2982 21835
2984 21836
2986 21837
2988 21838
2990 21839
2992 21840
2994 21841
2996 21842
2998 21843
3000 21844
3002 21845
3004 21846
3006 21847
3008 21848
3010 21849
3012 21850
3014 21851
3016 21852
3018 21853
3020 21854
3022 21855
3024 21856
3026 21857
3028 21858
3030 21859
3032 21860
3034 21861
3036 21862
3038 21863
3040 21864
3042 21865
3044 21866
3046 21867
3048 21868
3050 21869
3052 21870
3054 21871
3056 21872
3058 21873
3060 21874
3062 21875
3064 21876
3066 21877
3068 21878
3070 21879
3072 21880
3074 21881
3076 21882
3078 21883
3080 21884
3082 21885
3084 21886
3086 21887
3088 21888
3090 21889
3092 21890
3094 21891
3096 21892
3098 21893
3100 21894
3102 21895
3104 21896
3106 21897
3108 21898
3110 21899
3112 21900
3114 21901
3116 21902
3118 21903
3120 21904
3122 21905
3124 21906
3126 21907
3128 21908
3130 21909
3132 21910
3134 21911
3136 21912
3138 21913
3140 21914
3142 21915
3144 21916
3146 21917
3148 21918
3150 21919
3152 21920
3154 21921
3156 21922
3158 21923
3160 21924
3162 21925
3164 21926
3166 21927
3168 21928
3170 21929
3172 21930
3174 21931
3176 21932
3178 21933
3180 21934
3182 21935
3184 21936
3186 21937
3188 21938
3190 21939
3192 21940
3194 21941
3196 21942
3198 21943
3200 21944
3202 21945
3204 21946
3206 21947
3208 21948
3210 21949
3212 21950
3214 21951
3216 21952
3218 21953
3220 21954
3222 21955
3224 21956
3226 21957
3228 21958
3230 21959
3232 21960
3234 21961
3236 21962
3238 21963
3240 21964
3242 21965
3244 21966
3246 21967
3248 21968
3250 21969
3252 21970
3254 21971
3256 21972
3258 21973
3260 21974
3262 21975
3264 21976
3266 21977
3268 21978
3270 21979
3272 21980
3274 21981
3276 21982
3278 21983
3280 21984
3282 21985
3284 21986
3286 21987
3288 21988
3290 21989
3292 21990
3294 21991
3296 21992
3298 21993
3300 21994
3302 21995
3304 21996
3306 21997
3308 21998
3310 21999
3312 22000
3314 22001
3316 22002
3318 22003
3320 22004
3322 22005
3324 22006
3326 22007
3328 22008
3330 22009
3332 22010
3334 22011
3336 22012
3338 22013
3340 22014
3342 22015
3344 22016
3346 22017
3348 22018
3350 22019
3352 22020
3354 22021
3356 22022
3358 22023
3360 22024
3362 22025
3364 22026
3366 22027
3368 22028
3370 22029
3372 22030
3374 22031
3376 22032
3378 22033
3380 22034
3382 22035
3384 22036
3386 22037
3388 22038
3390 22039
3392 22040
3394 22041
3396 22042
3398 22043
3400 22044
3402 22045
3404 22046
3406 22047
3408 22048
3410 22049
3412 22050
3414 22051
3416 22052
3418 22053
3420 22054
3422 22055
3424 22056
3426 22057
3428 22058
3430 22059
3432 22060
3434 22061
3436 22062
3438 22063
3440 22064
3442 22065
3444 22066
3446 22067
3448 22068
3450 22069
3452 22070
3454 22071
3456 22072
3458 22073
3460 22074
3462 22075
3464 22076
3466 22077
3468 22078
3470 22079
3472 22080
3474 22081
3476 22082
3478 22083
3480 22084
3482 22085
3484 22086
3486 22087
3488 22088
3490 22089
3492 22090
3494 22091
3496 22092
3498 22093
3500 22094
3502 22095
3504 22096
3506 22097
3508 22098
3510 22099
3512 22100
3514 22101
3516 22102
3518 22103
3520 22104
3522 22105
3524 22106
3526 22107
3528 22108
3530 22109
3532 22110
3534 22111
3536 22112
3538 22113
3540 22114
3542 22115
3544 22116
3546 22117
3548 22118
3550 22119
3552 22120
3554 22121
3556 22122
3558 22123
3560 22124
3562 22125
3564 22126
3566 22127
3568 22128
3570 22129
3572 22130
3574 22131
3576 22132
3578 22133
3580 22134
3582 22135
3584 22136
3586 22137
3588 22138
3590 22139
3592 22140
3594 22141
3596 22142
3598 22143
3600 22144
3602 22145
3604 22146
3606 22147
3608 22148
3610 22149
3612 22150
3614 22151
3616 22152
3618 22153
3620 22154
3622 22155
3624 22156
3626 22157
3628 22158
3630 22159
3632 22160
3634 22161
3636 22162
3638 22163
3640 22164
3642 22165
3644 22166
3646 22167
3648 22168
3650 22169
3652 22170
3654 22171
3656 22172
3658 22173
3660 22174
3662 22175
3664 22176
3666 22177
3668 22178
3670 22179
3672 22180
3674 22181
3676 22182
3678 22183
3680 22184
3682 22185
3684 22186
3686 22187
3688 22188
3690 22189
3692 22190
3694 22191
3696 22192
3698 22193
3700 22194
3702 22195
3704 22196
3706 22197
3708 22198
3710 22199
3712 22200
3714 22201
3716 22202
3718 22203
3720 22204
3722 22205
3724 22206
3726 22207
3728 22208
3730 22209
3732 22210
3734 22211
3736 22212
3738 22213
3740 22214
3742 22215
3744 22216
3746 22217
3748 22218
3750 22219
3752 22220
3754 22221
3756 22222
3758 22223
3760 22224
3762 22225
3764 22226
3766 22227
3768 22228
3770 22229
3772 22230
3774 22231
3776 22232
3778 22233
3780 22234
3782 22235
3784 22236
3786 22237
3788 22238
3790 22239
3792 22240
3794 22241
3796 22242
3798 22243
3800 22244
3802 22245
3804 22246
3806 22247
3808 22248
3810 22249
3812 22250
3814 22251
3816 22252
3818 22253
3820 22254
3822 22255
3824 22256
3826 22257
3828 22258
3830 22259
3832 22260
3834 22261
3836 22262
3838 22263
3840 22264
3842 22265
3844 22266
3846 22267
3848 22268
3850 22269
3852 22270
3854 22271
3856 22272
3858 22273
3860 22274
3862 22275
3864 22276
3866 22277
3868 22278
3870 22279
3872 22280
3874 22281
3876 22282
3878 22283
3880 22284
3882 22285
3884 22286
3886 22287
3888 22288
3890 22289
3892 22290
3894 22291
3896 22292
3898 22293
3900 22294
3902 22295
3904 22296
3906 22297
3908 22298
3910 22299
3912 22300
3914 22301
3916 22302
3918 22303
3920 22304
3922 22305
3924 22306
3926 22307
3928 22308
3930 22309
3932 22310
3934 22311
3936 22312
3938 22313
3940 22314
3942 22315
3944 22316
3946 22317
3948 22318
3950 22319
3952 22320
3954 22321
3956 22322
3958 22323
3960 22324
3962 22325
3964 22326
3966 22327
3968 22328
3970 22329
3972 22330
3974 22331
3976 22332
3978 22333
3980 22334
3982 22335
3984 22336
3986 22337
3988 22338
3990 22339
3992 22340
3994 22341
3996 22342
3998 22343
4000 22344
4002 22345
4004 22346
4006 22347
4008 22348
4010 22349
4012 22350
4014 22351
4016 22352
4018 22353
4020 22354
4022 22355
4024 22356
4026 22357
4028 22358
4030 22359
4032 22360
4034 22361
4036 22362
4038 22363
4040 22364
4042 22365
4044 22366
4046 22367
4048 22368
4050 22369
4052 22370
4054 22371
4056 22372
4058 22373
4060 22374
4062 22375
4064 22376
4066 22377
4068 22378
4070 22379
4072 22380
4074 22381
4076 22382
4078 22383
4080 22384
4082 22385
4084 22386
4086 22387
4088 22388
4090 22389
4092 22390
4094 22391
4096 22392
4098 22393
4100 22394
4102 22395
4104 22396
4106 22397
4108 22398
4110 22399
4112 22400
4114 22401
4116 22402
4118 22403
4120 22404
4122 22405
4124 22406
4126 22407
4128 22408
4130 22409
4132 22410
4134 22411
4136 22412
4138 22413
4140 22414
4142 22415
4144 22416
4146 22417
4148 22418
4150 22419
4152 22420
4154 22421
4156 22422
4158 22423
4160 22424
4162 22425
4164 22426
4166 22427
4168 22428
4170 22429
4172 22430
4174 22431
4176 22432
4178 22433
4180 22434
4182 22435
4184 22436
4186 22437
4188 22438
4190 22439
4192 22440
4194 22441
4196 22442
4198 22443
4200 22444
4202 22445
4204 22446
4206 22447
4208 22448
4210 22449
4212 22450
4214 22451
4216 22452
4218 22453
4220 22454
4222 22455
4224 22456
4226 22457
4228 22458
4230 22459
4232 22460
4234 22461
4236 22462
4238 22463
4240 22464
4242 22465
4244 22466
4246 22467
4248 22468
4250 22469
4252 22470
4254 22471
4256 22472
4258 22473
4260 22474
4262 22475
4264 22476
4266 22477
4268 22478
4270 22479
4272 22480
4274 22481
4276 22482
4278 22483
4280 22484
4282 22485
4284 22486
4286 22487
4288 22488
4290 22489
4292 22490
4294 22491
4296 22492
4298 22493
4300 22494
4302 22495
4304 22496
4306 22497
4308 22498
4310 22499
4312 22500
4314 22501
4316 22502
4318 22503
4320 22504
4322 22505
4324 22506
4326 22507
4328 22508
4330 22509
4332 22510
4334 22511
4336 22512
4338 22513
4340 22514
4342 22515
4344 22516
4346 22517
4348 22518
4350 22519
4352 22520
4354 22521
4356 22522
4358 22523
4360 22524
4362 22525
4364 22526
4366 22527
4368 22528
4370 22529
4372 22530
4374 22531
4376 22532
4378 22533
4380 22534
4382 22535
4384 22536
4386 22537
4388 22538
4390 22539
4392 22540
4394 22541
4396 22542
4398 22543
4400 22544
4402 22545
4404 22546
4406 22547
4408 22548
4410 22549
4412 22550
4414 22551
4416 22552
4418 22553
4420 22554
4422 22555
4424 22556
4426 22557
4428 22558
4430 22559
4432 22560
4434 22561
4436 22562
4438 22563
4440 22564
4442 22565
4444 22566
4446 22567
4448 22568
4450 22569
4452 22570
4454 22571
4456 22572
4458 22573
4460 22574
4462 22575
4464 22576
4466 22577
4468 22578
4470 22579
4472 22580
4474 22581
4476 22582
4478 22583
4480 22584
4482 22585
4484 22586
4486 22587
4488 22588
4490 22589
4492 22590
4494 22591
4496 22592
4498 22593
4500 22594
4502 22595
4504 22596
4506 22597
4508 22598
4510 22599
4512 22600
4514 22601
4516 22602
4518 22603
4520 22604
4522 22605
4524 22606
4526 22607
4528 22608
4530 22609
4532 22610
4534 22611
4536 22612
4538 22613
4540 22614
4542 22615
4544 22616
4546 22617
4548 22618
4550 22619
4552 22620
4554 22621
4556 22622
4558 22623
4560 22624
4562 22625
4564 22626
4566 22627
4568 22628
4570 22629
4572 22630
4574 22631
4576 22632
4578 22633
4580 22634
4582 22635
4584 22636
4586 22637
4588 22638
4590 22639
4592 22640
4594 22641
4596 22642
4598 22643
4600 22644
4602 22645
4604 22646
4606 22647
4608 22648
4610 22649
4612 22650
4614 22651
4616 22652
4618 22653
4620 22654
4622 22655
4624 22656
4626 22657
4628 22658
4630 22659
4632 22660
4634 22661
4636 22662
4638 22663
4640 22664
4642 22665
4644 22666
4646 22667
4648 22668
4650 22669
4652 22670
4654 22671
4656 22672
4658 22673
4660 22674
4662 22675
4664 22676
4666 22677
4668 22678
4670 22679
4672 22680
4674 22681
4676 22682
4678 22683
4680 22684
4682 22685
4684 22686
4686 22687
4688 22688
4690 22689
4692 22690
4694 22691
4696 22692
4698 22693
4700 22694
4702 22695
4704 22696
4706 22697
4708 22698
4710 22699
4712 22700
4714 22701
4716 22702
4718 22703
4720 22704
4722 22705
4724 22706
4726 22707
4728 22708
4730 22709
4732 22710
4734 22711
4736 22712
4738 22713
4740 22714
4742 22715
4744 22716
4746 22717
4748 22718
4750 22719
4752 22720
4754 22721
4756 22722
4758 22723
4760 22724
4762 22725
4764 22726
4766 22727
4768 22728
4770 22729
4772 22730
4774 22731
4776 22732
4778 22733
4780 22734
4782 22735
4784 22736
4786 22737
4788 22738
4790 22739
4792 22740
4794 22741
4796 22742
4798 22743
4800 22744
4802 22745
4804 22746
4806 22747
4808 22748
4810 22749
4812 22750
4814 22751
4816 22752
4818 22753
4820 22754
4822 22755
4824 22756
4826 22757
4828 22758
4830 22759
4832 22760
4834 22761
4836 22762
4838 22763
4840 22764
4842 22765
4844 22766
4846 22767
4848 22768
4850 22769
4852 22770
4854 22771
4856 22772
4858 22773
4860 22774
4862 22775
4864 22776
4866 22777
4868 22778
4870 22779
4872 22780
4874 22781
4876 22782
4878 22783
4880 22784
4882 22785
4884 22786
4886 22787
4888 22788
4890 22789
4892 22790
4894 22791
4896 22792
4898 22793
4900 22794
4902 22795
4904 22796
4906 22797
4908 22798
4910 22799
4912 22800
4914 22801
4916 22802
4918 22803
4920 22804
4922 22805
4924 22806
4926 22807
4928 22808
4930 22809
4932 22810
4934 22811
4936 22812
4938 22813
4940 22814
4942 22815
4944 22816
4946 22817
4948 22818
4950 22819
4952 22820
4954 22821
4956 22822
4958 22823
4960 22824
4962 22825
4964 22826
4966 22827
4968 22828
4970 22829
4972 22830
4974 22831
4976 22832
4978 22833
4980 22834
4982 22835
4984 22836
4986 22837
4988 22838
4990 22839
4992 22840
4994 22841
4996 22842
4998 22843
5000 22844
5002 22845
5004 22846
5006 22847
5008 22848
5010 22849
5012 22850
5014 22851
5016 22852
5018 22853
5020 22854
5022 22855
5024 22856
5026 22857
5028 22858
5030 22859
5032 22860
5034 22861
5036 22862
5038 22863
5040 22864
5042 22865
5044 22866
5046 22867
5048 22868
5050 22869
5052 22870
5054 22871
5056 22872
5058 22873
5060 22874
5062 22875
5064 22876
5066 22877
5068 22878
5070 22879
5072 22880
5074 22881
5076 22882
5078 22883
5080 22884
5082 22885
5084 22886
5086 22887
5088 22888
5090 22889
5092 22890
5094 22891
5096 22892
5098 22893
5100 22894
5102 22895
5104 22896
5106 22897
5108 22898
5110 22899
5112 22900
5114 22901
5116 22902
5118 22903
5120 22904
5122 22905
5124 22906
5126 22907
5128 22908
5130 22909
5132 22910
5134 22911
5136 22912
5138 22913
5140 22914
5142 22915
5144 22916
5146 22917
5148 22918
5150 22919
5152 22920
5154 22921
5156 22922
5158 22923
5160 22924
5162 22925
5164 22926
5166 22927
5168 22928
5170 22929
5172 22930
5174 22931
5176 22932
5178 22933
5180 22934
5182 22935
5184 22936
5186 22937
5188 22938
5190 22939
5192 22940
5194 22941
5196 22942
5198 22943
5200 22944
5202 22945
5204 22946
5206 22947
5208 22948
5210 22949
5212 22950
5214 22951
5216 22952
5218 22953
5220 22954
5222 22955
5224 22956
5226 22957
5228 22958
5230 22959
5232 22960
5234 22961
5236 22962
5238 22963
5240 22964
5242 22965
5244 22966
5246 22967
5248 22968
5250 22969
5252 22970
5254 22971
5256 22972
5258 22973
5260 22974
5262 22975
5264 22976
5266 22977
5268 22978
5270 22979
5272 22980
5274 22981
5276 22982
5278 22983
5280 22984
5282 22985
5284 22986
5286 22987
5288 22988
5290 22989
5292 22990
5294 22991
5296 22992
5298 22993
5300 22994
5302 22995
5304 22996
5306 22997
5308 22998
5310 22999
5312 23000
5314 23001
5316 23002
5318 23003
5320 23004
5322 23005
5324 23006
5326 23007
5328 23008
5330 23009
5332 23010
5334 23011
5336 23012
5338 23013
5340 23014
5342 23015
5344 23016
5346 23017
5348 23018
5350 23019
5352 23020
5354 23021
5356 23022
5358 23023
5360 23024
5362 23025
5364 23026
5366 23027
5368 23028
5370 23029
5372 23030
5374 23031
5376 23032
5378 23033
5380 23034
5382 23035
5384 23036
5386 23037
5388 23038
5390 23039
5392 23040
5394 23041
5396 23042
5398 23043
5400 23044
5402 23045
5404 23046
5406 23047
5408 23048
5410 23049
5412 23050
5414 23051
5416 23052
5418 23053
5420 23054
5422 23055
5424 23056
5426 23057
5428 23058
5430 23059
5432 23060
5434 23061
5436 23062
5438 23063
5440 23064
5442 23065
5444 23066
5446 23067
5448 23068
5450 23069
5452 23070
5454 23071
5456 23072
5458 23073
5460 23074
5462 23075
5464 23076
5466 23077
5468 23078
5470 23079
5472 23080
5474 23081
5476 23082
5478 23083
5480 23084
5482 23085
5484 23086
5486 23087
5488 23088
5490 23089
5492 23090
5494 23091
5496 23092
5498 23093
5500 23094
5502 23095
5504 23096
5506 23097
5508 23098
5510 23099
5512 23100
5514 23101
5516 23102
5518 23103
5520 23104
5522 23105
5524 23106
5526 23107
5528 23108
5530 23109
5532 23110
5534 23111
5536 23112
5538 23113
5540 23114
5542 23115
5544 23116
5546 23117
5548 23118
5550 23119
5552 23120
5554 23121
5556 23122
5558 23123
5560 23124
5562 23125
5564 23126
5566 23127
5568 23128
5570 23129
5572 23130
5574 23131
5576 23132
5578 23133
5580 23134
5582 23135
5584 23136
5586 23137
5588 23138
5590 23139
5592 23140
5594 23141
5596 23142
5598 23143
5600 23144
5602 23145
5604 23146
5606 23147
5608 23148
5610 23149
5612 23150
5614 23151
5616 23152
5618 23153
5620 23154
5622 23155
5624 23156
5626 23157
5628 23158
5630 23159
5632 23160
5634 23161
5636 23162
5638 23163
5640 23164
5642 23165
5644 23166
5646 23167
5648 23168
5650 23169
5652 23170
5654 23171
5656 23172
5658 23173
5660 23174
5662 23175
5664 23176
5666 23177
5668 23178
5670 23179
5672 23180
5674 23181
5676 23182
5678 23183
5680 23184
5682 23185
5684 23186
5686 23187
5688 23188
5690 23189
5692 23190
5694 23191
5696 23192
5698 23193
5700 23194
5702 23195
5704 23196
5706 23197
5708 23198
5710 23199
5712 23200
5714 23201
5716 23202
5718 23203
5720 23204
5722 23205
5724 23206
5726 23207
5728 23208
5730 23209
5732 23210
5734 23211
5736 23212
5738 23213
5740 23214
5742 23215
5744 23216
5746 23217
5748 23218
5750 23219
5752 23220
5754 23221
5756 23222
5758 23223
5760 23224
5762 23225
5764 23226
5766 23227
5768 23228
5770 23229
5772 23230
5774 23231
5776 23232
5778 23233
5780 23234
5782 23235
5784 23236
5786 23237
5788 23238
5790 23239
5792 23240
5794 23241
5796 23242
5798 23243
5800 23244
5802 23245
5804 23246
5806 23247
5808 23248
5810 23249
5812 23250
5814 23251
5816 23252
5818 23253
5820 23254
5822 23255
5824 23256
5826 23257
5828 23258
5830 23259
5832 23260
5834 23261
5836 23262
5838 23263
5840 23264
5842 23265
5844 23266
5846 23267
5848 23268
5850 23269
5852 23270
5854 23271
5856 23272
5858 23273
5860 23274
5862 23275
5864 23276
5866 23277
5868 23278
5870 23279
5872 23280
5874 23281
5876 23282
5878 23283
5880 23284
5882 23285
5884 23286
5886 23287
5888 23288
5890 23289
5892 23290
5894 23291
5896 23292
5898 23293
5900 23294
5902 23295
5904 23296
5906 23297
5908 23298
5910 23299
5912 23300
5914 23301
5916 23302
5918 23303
5920 23304
5922 23305
5924 23306
5926 23307
5928 23308
5930 23309
5932 23310
5934 23311
5936 23312
5938 23313
5940 23314
5942 23315
5944 23316
5946 23317
5948 23318
5950 23319
5952 23320
5954 23321
5956 23322
5958 23323
5960 23324
5962 23325
5964 23326
5966 23327
5968 23328
5970 23329
5972 23330
5974 23331
5976 23332
5978 23333
5980 23334
5982 23335
5984 23336
5986 23337
5988 23338
5990 23339
5992 23340
5994 23341
5996 23342
5998 23343
6000 23344
6002 23345
6004 23346
6006 23347
6008 23348
6010 23349
6012 23350
6014 23351
6016 23352
6018 23353
6020 23354
6022 23355
6024 23356
6026 23357
6028 23358
6030 23359
6032 23360
6034 23361
6036 23362
6038 23363
6040 23364
6042 23365
6044 23366
6046 23367
6048 23368
6050 23369
6052 23370
6054 23371
6056 23372
6058 23373
6060 23374
6062 23375
6064 23376
6066 23377
6068 23378
6070 23379
6072 23380
6074 23381
6076 23382
6078 23383
6080 23384
6082 23385
6084 23386
6086 23387
6088 23388
6090 23389
6092 23390
6094 23391
6096 23392
6098 23393
6100 23394
6102 23395
6104 23396
6106 23397
6108 23398
6110 23399
6112 23400
6114 23401
6116 23402
6118 23403
6120 23404
6122 23405
6124 23406
6126 23407
6128 23408
6130 23409
6132 23410
6134 23411
6136 23412
6138 23413
6140 23414
6142 23415
6144 23416
6146 23417
6148 23418
6150 23419
6152 23420
6154 23421
6156 23422
6158 23423
6160 23424
6162 23425
6164 23426
6166 23427
6168 23428
6170 23429
6172 23430
6174 23431
6176 23432
6178 23433
6180 23434
6182 23435
6184 23436
6186 23437
6188 23438
6190 23439
6192 23440
6194 23441
6196 23442
6198 23443
6200 23444
6202 23445
6204 23446
6206 23447
6208 23448
6210 23449
6212 23450
6214 23451
6216 23452
6218 23453
6220 23454
6222 23455
6224 23456
6226 23457
6228 23458
6230 23459
6232 23460
6234 23461
6236 23462
6238 23463
6240 23464
6242 23465
6244 23466
6246 23467
6248 23468
6250 23469
6252 23470
6254 23471
6256 23472
6258 23473
6260 23474
6262 23475
6264 23476
6266 23477
6268 23478
6270 23479
6272 23480
6274 23481
6276 23482
6278 23483
6280 23484
6282 23485
6284 23486
6286 23487
6288 23488
6290 23489
6292 23490
6294 23491
6296 23492
6298 23493
6300 23494
6302 23495
6304 23496
6306 23497
6308 23498
6310 23499
6312 23500
6314 23501
6316 23502
6318 23503
6320 23504
6322 23505
6324 23506
6326 23507
6328 23508
6330 23509
6332 23510
6334 23511
6336 23512
6338 23513
6340 23514
6342 23515
6344 23516
6346 23517
6348 23518
6350 23519
6352 23520
6354 23521
6356 23522
6358 23523
6360 23524
6362 23525
6364 23526
6366 23527
6368 23528
6370 23529
6372 23530
6374 23531
6376 23532
6378 23533
6380 23534
6382 23535
6384 23536
6386 23537
6388 23538
6390 23539
6392 23540
6394 23541
6396 23542
6398 23543
6400 23544
6402 23545
6404 23546
6406 23547
6408 23548
6410 23549
6412 23550
6414 23551
6416 23552
6418 23553
6420 23554
6422 23555
6424 23556
6426 23557
6428 23558
6430 23559
6432 23560
6434 23561
6436 23562
6438 23563
6440 23564
6442 23565
6444 23566
6446 23567
6448 23568
6450 23569
6452 23570
6454 23571
6456 23572
6458 23573
6460 23574
6462 23575
6464 23576
6466 23577
6468 23578
6470 23579
6472 23580
6474 23581
6476 23582
6478 23583
6480 23584
6482 23585
6484 23586
6486 23587
6488 23588
6490 23589
6492 23590
6494 23591
6496 23592
6498 23593
6500 23594
6502 23595
6504 23596
6506 23597
6508 23598
6510 23599
6512 23600
6514 23601
6516 23602
6518 23603
6520 23604
6522 23605
6524 23606
6526 23607
6528 23608
6530 23609
6532 23610
6534 23611
6536 23612
6538 23613
6540 23614
6542 23615
6544 23616
6546 23617
6548 23618
6550 23619
6552 23620
6554 23621
6556 23622
6558 23623
6560 23624
6562 23625
6564 23626
6566 23627
6568 23628
6570 23629
6572 23630
6574 23631
6576 23632
6578 23633
6580 23634
6582 23635
6584 23636
6586 23637
6588 23638
6590 23639
6592 23640
6594 23641
6596 23642
6598 23643
6600 23644
6602 23645
6604 23646
6606 23647
6608 23648
6610 23649
6612 23650
6614 23651
6616 23652
6618 23653
6620 23654
6622 23655
6624 23656
6626 23657
6628 23658
6630 23659
6632 23660
6634 23661
6636 23662
6638 23663
6640 23664
6642 23665
6644 23666
6646 23667
6648 23668
6650 23669
6652 23670
6654 23671
6656 23672
6658 23673
6660 23674
6662 23675
6664 23676
6666 23677
6668 23678
6670 23679
6672 23680
6674 23681
6676 23682
6678 23683
6680 23684
6682 23685
6684 23686
6686 23687
6688 23688
6690 23689
6692 23690
6694 23691
6696 23692
6698 23693
6700 23694
6702 23695
6704 23696
6706 23697
6708 23698
6710 23699
6712 23700
6714 23701
6716 23702
6718 23703
6720 23704
6722 23705
6724 23706
6726 23707
6728 23708
6730 23709
6732 23710
6734 23711
6736 23712
6738 23713
6740 23714
6742 23715
6744 23716
6746 23717
6748 23718
6750 23719
6752 23720
6754 23721
6756 23722
6758 23723
6760 23724
6762 23725
6764 23726
6766 23727
6768 23728
6770 23729
6772 23730
6774 23731
6776 23732
6778 23733
6780 23734
6782 23735
6784 23736
6786 23737
6788 23738
6790 23739
6792 23740
6794 23741
6796 23742
6798 23743
6800 23744
6802 23745
6804 23746
6806 23747
6808 23748
6810 23749
6812 23750
6814 23751
6816 23752
6818 23753
6820 23754
6822 23755
6824 23756
6826 23757
6828 23758
6830 23759
6832 23760
6834 23761
6836 23762
6838 23763
6840 23764
6842 23765
6844 23766
6846 23767
6848 23768
6850 23769
6852 23770
6854 23771
6856 23772
6858 23773
6860 23774
6862 23775
6864 23776
6866 23777
6868 23778
6870 23779
6872 23780
6874 23781
6876 23782
6878 23783
6880 23784
6882 23785
6884 23786
6886 23787
6888 23788
6890 23789
6892 23790
6894 23791
6896 23792
6898 23793
6900 23794
6902 23795
6904 23796
6906 23797
6908 23798
6910 23799
6912 23800
6914 23801
6916 23802
6918 23803
6920 23804
6922 23805
6924 23806
6926 23807
6928 23808
6930 23809
6932 23810
6934 23811
6936 23812
6938 23813
6940 23814
6942 23815
6944 23816
6946 23817
6948 23818
6950 23819
6952 23820
6954 23821
6956 23822
6958 23823
6960 23824
6962 23825
6964 23826
6966 23827
6968 23828
6970 23829
6972 23830
6974 23831
6976 23832
6978 23833
6980 23834
6982 23835
6984 23836
6986 23837
6988 23838
6990 23839
6992 23840
6994 23841
6996 23842
6998 23843
7000 23844
7002 23845
7004 23846
7006 23847
7008 23848
7010 23849
7012 23850
7014 23851
7016 23852
7018 23853
7020 23854
7022 23855
7024 23856
7026 23857
7028 23858
7030 23859
7032 23860
7034 23861
7036 23862
7038 23863
7040 23864
7042 23865
7044 23866
7046 23867
7048 23868
7050 23869
7052 23870
7054 23871
7056 23872
7058 23873
7060 23874
7062 23875
7064 23876
7066 23877
7068 23878
7070 23879
7072 23880
7074 23881
7076 23882
7078 23883
7080 23884
7082 23885
7084 23886
7086 23887
7088 23888
7090 23889
7092 23890
7094 23891
7096 23892
7098 23893
7100 23894
7102 23895
7104 23896
7106 23897
7108 23898
7110 23899
7112 23900
7114 23901
7116 23902
7118 23903
7120 23904
7122 23905
7124 23906
7126 23907
7128 23908
7130 23909
7132 23910
7134 23911
7136 23912
7138 23913
7140 23914
7142 23915
7144 23916
7146 23917
7148 23918
7150 23919
7152 23920
7154 23921
7156 23922
7158 23923
7160 23924
7162 23925
7164 23926
7166 23927
7168 23928
7170 23929
7172 23930
7174 23931
7176 23932
7178 23933
7180 23934
7182 23935
7184 23936
7186 23937
7188 23938
7190 23939
7192 23940
7194 23941
7196 23942
7198 23943
7200 23944
7202 23945
7204 23946
7206 23947
7208 23948
7210 23949
7212 23950
7214 23951
7216 23952
7218 23953
7220 23954
7222 23955
7224 23956
7226 23957
7228 23958
7230 23959
7232 23960
7234 23961
7236 23962
7238 23963
7240 23964
7242 23965
7244 23966
7246 23967
7248 23968
7250 23969
7252 23970
7254 23971
7256 23972
7258 23973
7260 23974
7262 23975
7264 23976
7266 23977
7268 23978
7270 23979
7272 23980
7274 23981
7276 23982
7278 23983
7280 23984
7282 23985
7284 23986
7286 23987
7288 23988
7290 23989
7292 23990
7294 23991
7296 23992
7298 23993
7300 23994
7302 23995
7304 23996
7306 23997
7308 23998
7310 23999
7312 24000
7314 24001
7316 24002
7318 24003
7320 24004
7322 24005
7324 24006
7326 24007
7328 24008
7330 24009
7332 24010
7334 24011
7336 24012
7338 24013
7340 24014
7342 24015
7344 24016
7346 24017
7348 24018
7350 24019
7352 24020
7354 24021
7356 24022
7358 24023
7360 24024
7362 24025
7364 24026
7366 24027
7368 24028
7370 24029
7372 24030
7374 24031
7376 24032
7378 24033
7380 24034
7382 24035
7384 24036
7386 24037
7388 24038
7390 24039
7392 24040
7394 24041
7396 24042
7398 24043
7400 24044
7402 24045
7404 24046
7406 24047
7408 24048
7410 24049
7412 24050
7414 24051
7416 24052
7418 24053
7420 24054
7422 24055
7424 24056
7426 24057
7428 24058
7430 24059
7432 24060
7434 24061
7436 24062
7438 24063
7440 24064
7442 24065
7444 24066
7446 24067
7448 24068
7450 24069
7452 24070
7454 24071
7456 24072
7458 24073
7460 24074
7462 24075
7464 24076
7466 24077
7468 24078
7470 24079
7472 24080
7474 24081
7476 24082
7478 24083
7480 24084
7482 24085
7484 24086
7486 24087
7488 24088
7490 24089
7492 24090
7494 24091
7496 24092
7498 24093
7500 24094
7502 24095
7504 24096
7506 24097
7508 24098
7510 24099
7512 24100
7514 24101
7516 24102
7518 24103
7520 24104
7522 24105
7524 24106
7526 24107
7528 24108
7530 24109
7532 24110
7534 24111
7536 24112
7538 24113
7540 24114
7542 24115
7544 24116
7546 24117
7548 24118
7550 24119
7552 24120
7554 24121
7556 24122
7558 24123
7560 24124
7562 24125
7564 24126
7566 24127
7568 24128
7570 24129
7572 24130
7574 24131
7576 24132
7578 24133
7580 24134
7582 24135
7584 24136
7586 24137
7588 24138
7590 24139
7592 24140
7594 24141
7596 24142
7598 24143
7600 24144
7602 24145
7604 24146
7606 24147
7608 24148
7610 24149
7612 24150
7614 24151
7616 24152
7618 24153
7620 24154
7622 24155
7624 24156
7626 24157
7628 24158
7630 24159
7632 24160
7634 24161
7636 24162
7638 24163
7640 24164
7642 24165
7644 24166
7646 24167
7648 24168
7650 24169
7652 24170
7654 24171
7656 24172
7658 24173
7660 24174
7662 24175
7664 24176
7666 24177
7668 24178
7670 24179
7672 24180
7674 24181
7676 24182
7678 24183
7680 24184
7682 24185
7684 24186
7686 24187
7688 24188
7690 24189
7692 24190
7694 24191
7696 24192
7698 24193
7700 24194
7702 24195
7704 24196
7706 24197
7708 24198
7710 24199
7712 24200
7714 24201
7716 24202
7718 24203
7720 24204
7722 24205
7724 24206
7726 24207
7728 24208
7730 24209
7732 24210
7734 24211
7736 24212
7738 24213
7740 24214
7742 24215
7744 24216
7746 24217
7748 24218
7750 24219
7752 24220
7754 24221
7756 24222
7758 24223
7760 24224
7762 24225
7764 24226
7766 24227
7768 24228
7770 24229
7772 24230
7774 24231
7776 24232
7778 24233
7780 24234
7782 24235
7784 24236
7786 24237
7788 24238
7790 24239
7792 24240
7794 24241
7796 24242
7798 24243
7800 24244
7802 24245
7804 24246
7806 24247
7808 24248
7810 24249
7812 24250
7814 24251
7816 24252
7818 24253
7820 24254
7822 24255
7824 24256
7826 24257
7828 24258
7830 24259
7832 24260
7834 24261
7836 24262
7838 24263
7840 24264
7842 24265
7844 24266
7846 24267
7848 24268
7850 24269
7852 24270
7854 24271
7856 24272
7858 24273
7860 24274
7862 24275
7864 24276
7866 24277
7868 24278
7870 24279
7872 24280
7874 24281
7876 24282
7878 24283
7880 24284
7882 24285
7884 24286
7886 24287
7888 24288
7890 24289
7892 24290
7894 24291
7896 24292
7898 24293
7900 24294
7902 24295
7904 24296
7906 24297
7908 24298
7910 24299
7912 24300
7914 24301
7916 24302
7918 24303
7920 24304
7922 24305
7924 24306
7926 24307
7928 24308
7930 24309
7932 24310
7934 24311
7936 24312
7938 24313
7940 24314
7942 24315
7944 24316
7946 24317
7948 24318
7950 24319
7952 24320
7954 24321
7956 24322
7958 24323
7960 24324
7962 24325
7964 24326
7966 24327
7968 24328
7970 24329
7972 24330
7974 24331
7976 24332
7978 24333
7980 24334
7982 24335
7984 24336
7986 24337
7988 24338
7990 24339
7992 24340
7994 24341
7996 24342
7998 24343
8000 24344
8002 24345
8004 24346
8006 24347
8008 24348
8010 24349
8012 24350
8014 24351
8016 24352
8018 24353
8020 24354
8022 24355
8024 24356
8026 24357
8028 24358
8030 24359
8032 24360
8034 24361
8036 24362
8038 24363
8040 24364
8042 24365
8044 24366
8046 24367
8048 24368
8050 24369
8052 24370
8054 24371
8056 24372
8058 24373
8060 24374
8062 24375
8064 24376
8066 24377
8068 24378
8070 24379
8072 24380
8074 24381
8076 24382
8078 24383
8080 24384
8082 24385
8084 24386
8086 24387
8088 24388
8090 24389
8092 24390
8094 24391
8096 24392
8098 24393
8100 24394
8102 24395
8104 24396
8106 24397
8108 24398
8110 24399
8112 24400
8114 24401
8116 24402
8118 24403
8120 24404
8122 24405
8124 24406
8126 24407
8128 24408
8130 24409
8132 24410
8134 24411
8136 24412
8138 24413
8140 24414
8142 24415
8144 24416
8146 24417
8148 24418
8150 24419
8152 24420
8154 24421
8156 24422
8158 24423
8160 24424
8162 24425
8164 24426
8166 24427
8168 24428
8170 24429
8172 24430
8174 24431
8176 24432
8178 24433
8180 24434
8182 24435
8184 24436
8186 24437
8188 24438
8190 24439
8192 24440
8194 24441
8196 24442
8198 24443
8200 24444
8202 24445
8204 24446
8206 24447
8208 24448
8210 24449
8212 24450
8214 24451
8216 24452
8218 24453
8220 24454
8222 24455
8224 24456
8226 24457
8228 24458
8230 24459
8232 24460
8234 24461
8236 24462
8238 24463
8240 24464
8242 24465
8244 24466
8246 24467
8248 24468
8250 24469
8252 24470
8254 24471
8256 24472
8258 24473
8260 24474
8262 24475
8264 24476
8266 24477
8268 24478
8270 24479
8272 24480
8274 24481
8276 24482
8278 24483
8280 24484
8282 24485
8284 24486
8286 24487
8288 24488
8290 24489
8292 24490
8294 24491
8296 24492
8298 24493
8300 24494
8302 24495
8304 24496
8306 24497
8308 24498
8310 24499
8312 24500
8314 24501
8316 24502
8318 24503
8320 24504
8322 24505
8324 24506
8326 24507
8328 24508
8330 24509
8332 24510
8334 24511
8336 24512
8338 24513
8340 24514
8342 24515
8344 24516
8346 24517
8348 24518
8350 24519
8352 24520
8354 24521
8356 24522
8358 24523
8360 24524
8362 24525
8364 24526
8366 24527
8368 24528
8370 24529
8372 24530
8374 24531
8376 24532
8378 24533
8380 24534
8382 24535
8384 24536
8386 24537
8388 24538
8390 24539
8392 24540
8394 24541
8396 24542
8398 24543
8400 24544
8402 24545
8404 24546
8406 24547
8408 24548
8410 24549
8412 24550
8414 24551
8416 24552
8418 24553
8420 24554
8422 24555
8424 24556
8426 24557
8428 24558
8430 24559
8432 24560
8434 24561
8436 24562
8438 24563
8440 24564
8442 24565
8444 24566
8446 24567
8448 24568
8450 24569
8452 24570
8454 24571
8456 24572
8458 24573
8460 24574
8462 24575
8464 24576
8466 24577
8468 24578
8470 24579
8472 24580
8474 24581
8476 24582
8478 24583
8480 24584
8482 24585
8484 24586
8486 24587
8488 24588
8490 24589
8492 24590
8494 24591
8496 24592
8498 24593
8500 24594
8502 24595
8504 24596
8506 24597
8508 24598
8510 24599
8512 24600
8514 24601
8516 24602
8518 24603
8520 24604
8522 24605
8524 24606
8526 24607
8528 24608
8530 24609
8532 24610
8534 24611
8536 24612
8538 24613
8540 24614
8542 24615
8544 24616
8546 24617
8548 24618
8550 24619
8552 24620
8554 24621
8556 24622
8558 24623
8560 24624
8562 24625
8564 24626
8566 24627
8568 24628
8570 24629
8572 24630
8574 24631
8576 24632
8578 24633
8580 24634
8582 24635
8584 24636
8586 24637
8588 24638
8590 24639
8592 24640
8594 24641
8596 24642
8598 24643
8600 24644
8602 24645
8604 24646
8606 24647
8608 24648
8610 24649
8612 24650
8614 24651
8616 24652
8618 24653
8620 24654
8622 24655
8624 24656
8626 24657
8628 24658
8630 24659
8632 24660
8634 24661
8636 24662
8638 24663
8640 24664
8642 24665
8644 24666
8646 24667
8648 24668
8650 24669
8652 24670
8654 24671
8656 24672
8658 24673
8660 24674
8662 24675
8664 24676
8666 24677
8668 24678
8670 24679
8672 24680
8674 24681
8676 24682
8678 24683
8680 24684
8682 24685
8684 24686
8686 24687
8688 24688
8690 24689
8692 24690
8694 24691
8696 24692
8698 24693
8700 24694
8702 24695
8704 24696
8706 24697
8708 24698
8710 24699
8712 24700
8714 24701
8716 24702
8718 24703
8720 24704
8722 24705
8724 24706
8726 24707
8728 24708
8730 24709
8732 24710
8734 24711
8736 24712
8738 24713
8740 24714
8742 24715
8744 24716
8746 24717
8748 24718
8750 24719
8752 24720
8754 24721
8756 24722
8758 24723
8760 24724
8762 24725
8764 24726
8766 24727
8768 24728
8770 24729
8772 24730
8774 24731
8776 24732
8778 24733
8780 24734
8782 24735
8784 24736
8786 24737
8788 24738
8790 24739
8792 24740
8794 24741
8796 24742
8798 24743
8800 24744
8802 24745
8804 24746
8806 24747
8808 24748
8810 24749
8812 24750
8814 24751
8816 24752
8818 24753
8820 24754
8822 24755
8824 24756
8826 24757
8828 24758
8830 24759
8832 24760
8834 24761
8836 24762
8838 24763
8840 24764
8842 24765
8844 24766
8846 24767
8848 24768
8850 24769
8852 24770
8854 24771
8856 24772
8858 24773
8860 24774
8862 24775
8864 24776
8866 24777
8868 24778
8870 24779
8872 24780
8874 24781
8876 24782
8878 24783
8880 24784
8882 24785
8884 24786
8886 24787
8888 24788
8890 24789
8892 24790
8894 24791
8896 24792
8898 24793
8900 24794
8902 24795
8904 24796
8906 24797
8908 24798
8910 24799
8912 24800
8914 24801
8916 24802
8918 24803
8920 24804
8922 24805
8924 24806
8926 24807
8928 24808
8930 24809
8932 24810
8934 24811
8936 24812
8938 24813
8940 24814
8942 24815
8944 24816
8946 24817
8948 24818
8950 24819
8952 24820
8954 24821
8956 24822
8958 24823
8960 24824
8962 24825
8964 24826
8966 24827
8968 24828
8970 24829
8972 24830
8974 24831
8976 24832
8978 24833
8980 24834
8982 24835
8984 24836
8986 24837
8988 24838
8990 24839
8992 24840
8994 24841
8996 24842
8998 24843
9000 24844
9002 24845
9004 24846
9006 24847
9008 24848
9010 24849
9012 24850
9014 24851
9016 24852
9018 24853
9020 24854
9022 24855
9024 24856
9026 24857
9028 24858
9030 24859
9032 24860
9034 24861
9036 24862
9038 24863
9040 24864
9042 24865
9044 24866
9046 24867
9048 24868
9050 24869
9052 24870
9054 24871
9056 24872
9058 24873
9060 24874
9062 24875
9064 24876
9066 24877
9068 24878
9070 24879
9072 24880
9074 24881
9076 24882
9078 24883
9080 24884
9082 24885
9084 24886
9086 24887
9088 24888
9090 24889
9092 24890
9094 24891
9096 24892
9098 24893
9100 24894
9102 24895
9104 24896
9106 24897
9108 24898
9110 24899
9112 24900
9114 24901
9116 24902
9118 24903
9120 24904
9122 24905
9124 24906
9126 24907
9128 24908
9130 24909
9132 24910
9134 24911
9136 24912
9138 24913
9140 24914
9142 24915
9144 24916
9146 24917
9148 24918
9150 24919
9152 24920
9154 24921
9156 24922
9158 24923
9160 24924
9162 24925
9164 24926
9166 24927
9168 24928
9170 24929
9172 24930
9174 24931
9176 24932
9178 24933
9180 24934
9182 24935
9184 24936
9186 24937
9188 24938
9190 24939
9192 24940
9194 24941
9196 24942
9198 24943
9200 24944
9202 24945
9204 24946
9206 24947
9208 24948
9210 24949
9212 24950
9214 24951
9216 24952
9218 24953
9220 24954
9222 24955
9224 24956
9226 24957
9228 24958
9230 24959
9232 24960
9234 24961
9236 24962
9238 24963
9240 24964
9242 24965
9244 24966
9246 24967
9248 24968
9250 24969
9252 24970
9254 24971
9256 24972
9258 24973
9260 24974
9262 24975
9264 24976
9266 24977
9268 24978
9270 24979
9272 24980
9274 24981
9276 24982
9278 24983
9280 24984
9282 24985
9284 24986
9286 24987
9288 24988
9290 24989
9292 24990
9294 24991
9296 24992
9298 24993
9300 24994
9302 24995
9304 24996
9306 24997
9308 24998
9310 24999
9312 25000
9314 25001
9316 25002
9318 25003
9320 25004
9322 25005
9324 25006
9326 25007
9328 25008
9330 25009
9332 25010
9334 25011
9336 25012
9338 25013
9340 25014
9342 25015
9344 25016
9346 25017
9348 25018
9350 25019
9352 25020
9354 25021
9356 25022
9358 25023
9360 25024
9362 25025
9364 25026
9366 25027
9368 25028
9370 25029
9372 25030
9374 25031
9376 25032
9378 25033
9380 25034
9382 25035
9384 25036
9386 25037
9388 25038
9390 25039
9392 25040
9394 25041
9396 25042
9398 25043
9400 25044
9402 25045
9404 25046
9406 25047
9408 25048
9410 25049
9412 25050
9414 25051
9416 25052
9418 25053
9420 25054
9422 25055
9424 25056
9426 25057
9428 25058
9430 25059
9432 25060
9434 25061
9436 25062
9438 25063
9440 25064
9442 25065
9444 25066
9446 25067
9448 25068
9450 25069
9452 25070
9454 25071
9456 25072
9458 25073
9460 25074
9462 25075
9464 25076
9466 25077
9468 25078
9470 25079
9472 25080
9474 25081
9476 25082
9478 25083
9480 25084
9482 25085
9484 25086
9486 25087
9488 25088
9490 25089
9492 25090
9494 25091
9496 25092
9498 25093
9500 25094
9502 25095
9504 25096
9506 25097
9508 25098
9510 25099
9512 25100
9514 25101
9516 25102
9518 25103
9520 25104
9522 25105
9524 25106
9526 25107
9528 25108
9530 25109
9532 25110
9534 25111
9536 25112
9538 25113
9540 25114
9542 25115
9544 25116
9546 25117
9548 25118
9550 25119
9552 25120
9554 25121
9556 25122
9558 25123
9560 25124
9562 25125
9564 25126
9566 25127
9568 25128
9570 25129
9572 25130
9574 25131
9576 25132
9578 25133
9580 25134
9582 25135
9584 25136
9586 25137
9588 25138
9590 25139
9592 25140
9594 25141
9596 25142
9598 25143
9600 25144
9602 25145
9604 25146
9606 25147
9608 25148
9610 25149
9612 25150
9614 25151
9616 25152
9618 25153
9620 25154
9622 25155
9624 25156
9626 25157
9628 25158
9630 25159
9632 25160
9634 25161
9636 25162
9638 25163
9640 25164
9642 25165
9644 25166
9646 25167
9648 25168
9650 25169
9652 25170
9654 25171
9656 25172
9658 25173
9660 25174
9662 25175
9664 25176
9666 25177
9668 25178
9670 25179
9672 25180
9674 25181
9676 25182
9678 25183
9680 25184
9682 25185
9684 25186
9686 25187
9688 25188
9690 25189
9692 25190
9694 25191
9696 25192
9698 25193
9700 25194
9702 25195
9704 25196
9706 25197
9708 25198
9710 25199
9712 25200
9714 25201
9716 25202
9718 25203
9720 25204
9722 25205
9724 25206
9726 25207
9728 25208
9730 25209
9732 25210
9734 25211
9736 25212
9738 25213
9740 25214
9742 25215
9744 25216
9746 25217
9748 25218
9750 25219
9752 25220
9754 25221
9756 25222
9758 25223
9760 25224
9762 25225
9764 25226
9766 25227
9768 25228
9770 25229
9772 25230
9774 25231
9776 25232
9778 25233
9780 25234
9782 25235
9784 25236
9786 25237
9788 25238
9790 25239
9792 25240
9794 25241
9796 25242
9798 25243
9800 25244
9802 25245
9804 25246
9806 25247
9808 25248
9810 25249
9812 25250
9814 25251
9816 25252
9818 25253
9820 25254
9822 25255
9824 25256
9826 25257
9828 25258
9830 25259
9832 25260
9834 25261
9836 25262
9838 25263
9840 25264
9842 25265
9844 25266
9846 25267
9848 25268
9850 25269
9852 25270
9854 25271
9856 25272
9858 25273
9860 25274
9862 25275
9864 25276
9866 25277
9868 25278
9870 25279
9872 25280
9874 25281
9876 25282
9878 25283
9880 25284
9882 25285
9884 25286
9886 25287
9888 25288
9890 25289
9892 25290
9894 25291
9896 25292
9898 25293
9900 25294
9902 25295
9904 25296
9906 25297
9908 25298
9910 25299
9912 25300
9914 25301
9916 25302
9918 25303
9920 25304
9922 25305
9924 25306
9926 25307
9928 25308
9930 25309
9932 25310
9934 25311
9936 25312
9938 25313
9940 25314
9942 25315
9944 25316
9946 25317
9948 25318
9950 25319
9952 25320
9954 25321
9956 25322
9958 25323
9960 25324
9962 25325
9964 25326
9966 25327
9968 25328
9970 25329
9972 25330
9974 25331
9976 25332
9978 25333
9980 25334
9982 25335
9984 25336
9986 25337
9988 25338
9990 25339
9992 25340
9994 25341
9996 25342
9998 25343
10000 25344
10002 25345
10004 25346
10006 25347
10008 25348
10010 25349
10012 25350
10014 25351
10016 25352
10018 25353
10020 25354
10022 25355
10024 25356
10026 25357
10028 25358
10030 25359
10032 25360
10034 25361
10036 25362
10038 25363
10040 25364
10042 25365
10044 25366
10046 25367
10048 25368
10050 25369
10052 25370
10054 25371
10056 25372
10058 25373
10060 25374
10062 25375
10064 25376
10066 25377
10068 25378
10070 25379
10072 25380
10074 25381
10076 25382
10078 25383
10080 25384
10082 25385
10084 25386
10086 25387
10088 25388
10090 25389
10092 25390
10094 25391
10096 25392
10098 25393
10100 25394
10102 25395
10104 25396
10106 25397
10108 25398
10110 25399
10112 25400
10114 25401
10116 25402
10118 25403
10120 25404
10122 25405
10124 25406
10126 25407
10128 25408
10130 25409
10132 25410
10134 25411
10136 25412
10138 25413
10140 25414
10142 25415
10144 25416
10146 25417
10148 25418
10150 25419
10152 25420
10154 25421
10156 25422
10158 25423
10160 25424
10162 25425
10164 25426
10166 25427
10168 25428
10170 25429
10172 25430
10174 25431
10176 25432
10178 25433
10180 25434
10182 25435
10184 25436
10186 25437
10188 25438
10190 25439
10192 25440
10194 25441
10196 25442
10198 25443
10200 25444
10202 25445
10204 25446
10206 25447
10208 25448
10210 25449
10212 25450
10214 25451
10216 25452
10218 25453
10220 25454
10222 25455
10224 25456
10226 25457
10228 25458
10230 25459
10232 25460
10234 25461
10236 25462
10238 25463
10240 25464
10242 25465
10244 25466
10246 25467
10248 25468
10250 25469
10252 25470
10254 25471
10256 25472
10258 25473
10260 25474
10262 25475
10264 25476
10266 25477
10268 25478
10270 25479
10272 25480
10274 25481
10276 25482
10278 25483
10280 25484
10282 25485
10284 25486
10286 25487
10288 25488
10290 25489
10292 25490
10294 25491
10296 25492
10298 25493
10300 25494
10302 25495
10304 25496
10306 25497
10308 25498
10310 25499
10312 25500
10314 25501
10316 25502
10318 25503
10320 25504
10322 25505
10324 25506
10326 25507
10328 25508
10330 25509
10332 25510
10334 25511
10336 25512
10338 25513
10340 25514
10342 25515
10344 25516
10346 25517
10348 25518
10350 25519
10352 25520
10354 25521
10356 25522
10358 25523
10360 25524
10362 25525
10364 25526
10366 25527
10368 25528
10370 25529
10372 25530
10374 25531
10376 25532
10378 25533
10380 25534
10382 25535
10384 25536
10386 25537
10388 25538
10390 25539
10392 25540
10394 25541
10396 25542
10398 25543
10400 25544
10402 25545
10404 25546
10406 25547
10408 25548
10410 25549
10412 25550
10414 25551
10416 25552
10418 25553
10420 25554
10422 25555
10424 25556
10426 25557
10428 25558
10430 25559
10432 25560
10434 25561
10436 25562
10438 25563
10440 25564
10442 25565
10444 25566
10446 25567
10448 25568
10450 25569
10452 25570
10454 25571
10456 25572
10458 25573
10460 25574
10462 25575
10464 25576
10466 25577
10468 25578
10470 25579
10472 25580
10474 25581
10476 25582
10478 25583
10480 25584
10482 25585
10484 25586
10486 25587
10488 25588
10490 25589
10492 25590
10494 25591
10496 25592
10498 25593
10500 25594
10502 25595
10504 25596
10506 25597
10508 25598
10510 25599
10512 25600
10514 25601
10516 25602
10518 25603
10520 25604
10522 25605
10524 25606
10526 25607
10528 25608
10530 25609
10532 25610
10534 25611
10536 25612
10538 25613
10540 25614
10542 25615
10544 25616
10546 25617
10548 25618
10550 25619
10552 25620
10554 25621
10556 25622
10558 25623
10560 25624
10562 25625
10564 25626
10566 25627
10568 25628
10570 25629
10572 25630
10574 25631
10576 25632
10578 25633
10580 25634
10582 25635
10584 25636
10586 25637
10588 25638
10590 25639
10592 25640
10594 25641
10596 25642
10598 25643
10600 25644
10602 25645
10604 25646
10606 25647
10608 25648
10610 25649
10612 25650
10614 25651
10616 25652
10618 25653
10620 25654
10622 25655
10624 25656
10626 25657
10628 25658
10630 25659
10632 25660
10634 25661
10636 25662
10638 25663
10640 25664
10642 25665
10644 25666
10646 25667
10648 25668
10650 25669
10652 25670
10654 25671
10656 25672
10658 25673
10660 25674
10662 25675
10664 25676
10666 25677
10668 25678
10670 25679
10672 25680
10674 25681
10676 25682
10678 25683
10680 25684
10682 25685
10684 25686
10686 25687
10688 25688
10690 25689
10692 25690
10694 25691
10696 25692
10698 25693
10700 25694
10702 25695
10704 25696
10706 25697
10708 25698
10710 25699
10712 25700
10714 25701
10716 25702
10718 25703
10720 25704
10722 25705
10724 25706
10726 25707
10728 25708
10730 25709
10732 25710
10734 25711
10736 25712
10738 25713
10740 25714
10742 25715
10744 25716
10746 25717
10748 25718
10750 25719
10752 25720
10754 25721
10756 25722
10758 25723
10760 25724
10762 25725
10764 25726
10766 25727
10768 25728
10770 25729
10772 25730
10774 25731
10776 25732
10778 25733
10780 25734
10782 25735
10784 25736
10786 25737
10788 25738
10790 25739
10792 25740
10794 25741
10796 25742
10798 25743
10800 25744
10802 25745
10804 25746
10806 25747
10808 25748
10810 25749
10812 25750
10814 25751
10816 25752
10818 25753
10820 25754
10822 25755
10824 25756
10826 25757
10828 25758
10830 25759
10832 25760
10834 25761
10836 25762
10838 25763
10840 25764
10842 25765
10844 25766
10846 25767
10848 25768
10850 25769
10852 25770
10854 25771
10856 25772
10858 25773
10860 25774
10862 25775
10864 25776
10866 25777
10868 25778
10870 25779
10872 25780
10874 25781
10876 25782
10878 25783
10880 25784
10882 25785
10884 25786
10886 25787
10888 25788
10890 25789
10892 25790
10894 25791
10896 25792
10898 25793
10900 25794
10902 25795
10904 25796
10906 25797
10908 25798
10910 25799
10912 25800
10914 25801
10916 25802
10918 25803
10920 25804
10922 25805
10924 25806
10926 25807
10928 25808
10930 25809
10932 25810
10934 25811
10936 25812
10938 25813
10940 25814
10942 25815
10944 25816
10946 25817
10948 25818
10950 25819
10952 25820
10954 25821
10956 25822
10958 25823
10960 25824
10962 25825
10964 25826
10966 25827
10968 25828
10970 25829
10972 25830
10974 25831
10976 25832
10978 25833
10980 25834
10982 25835
10984 25836
10986 25837
10988 25838
10990 25839
10992 25840
10994 25841
10996 25842
10998 25843
11000 25844
11002 25845
11004 25846
11006 25847
