323535 9565310
9565311 9565312
168054 9565313
109761 9565314
646795 9565315
2538500 9565316
439619 9565317
3547288 9565318
3072280 9565319
137893 9565320
157081 9565321
195613 9565322
222919 9565323
547661 9565324
2286345 9565325
406458 9565326
762559 9565327
2100677 9565328
391360 9565329
518793 9565330
649887 9565331
542325 9565332
146801 9565333
179335 9565334
128178 9565335
3430345 9565336
1952285 9565337
382726 9565338
1903092 9565339
9565340 9565341
408538 9565342
2292176 9565343
95514 9565344
170205 9565345
170205 9565346
463291 9565347
129691 9565348
508265 9565349
181413 9565350
510072 9565351
250782 9565352
666229 9565353
519302 9565354
6480514 9565355
376683 9565356
2006356 9565357
201203 9565358
594368 9565359
477670 9565360
181413 9565361
2009254 9565362
168054 9565363
346647 9565364
132544 9565365
128312 9565366
159368 9565367
136617 9565368
468316 9565369
659080 9565370
137893 9565371
157081 9565372
241013 9565373
123620 9565374
1596701 9565375
188568 9565376
149137 9565377
187955 9565378
179335 9565379
152492 9565380
289696 9565381
128178 9565382
1120380 9565383
456524 9565384
155226 9565385
382726 9565386
88444 9565387
670190 9565388
678501 9565389
9565390 9565391
154848 9565392
141912 9565393
455190 9565394
136314 9565395
275588 9565396
139017 9565397
166427 9565398
706475 9565399
110079 9565400
181413 9565401
3669103 9565402
1294609 9565403
659012 9565404
1660276 9565405
214039 9565406
214039 9565407
182205 9565408
9565409 9565410
286591 9565411
747546 9565412
202183 9565413
430833 9565414
663019 9565415
671948 9565416
719368 9565417
202617 9565418
201091 9565419
128322 9565420
128367 9565421
129057 9565422
302817 9565423
143513 9565424
391715 9565425
165517 9565426
234267 9565427
234267 9565428
181093 9565429
165867 9565430
131304 9565431
1053515 9565432
153531 9565433
166087 9565434
144147 9565435
228086 9565436
143419 9565437
167321 9565438
152380 9565439
84404 9565440
84404 9565441
227370 9565442
444256 9565443
294367 9565444
188051 9565445
445892 9565446
230134 9565447
242422 9565448
240101 9565449
128066 9565450
128066 9565451
1416939 9565452
255353 9565453
573253 9565454
122455 9565455
221613 9565456
380142 9565457
177751 9565458
446185 9565459
136230 9565460
1998215 9565461
9565462 9565463
273632 9565464
3489371 9565465
300358 9565466
164104 9565467
433413 9565468
285553 9565469
336667 9565470
470311 9565471
98354 9565472
132840 9565473
319222 9565474
1056126 9565475
752554 9565476
648873 9565477
138709 9565478
129705 9565479
469699 9565480
203923 9565481
144903 9565482
155681 9565483
295777 9565484
403911 9565485
126561 9565486
215808 9565487
248374 9565488
742855 9565489
136134 9565490
214155 9565491
2044070 9565492
208744 9565493
240123 9565494
218175 9565495
136216 9565496
345959 9565497
133372 9565498
148795 9565499
264503 9565500
1634559 9565501
126348 9565502
152111 9565503
250253 9565504
140350 9565505
142065 9565506
379339 9565507
139065 9565508
124639 9565509
164314 9565510
181797 9565511
349473 9565512
248550 9565513
183225 9565514
761772 9565515
130888 9565516
128367 9565517
308292 9565518
308292 9565519
427210 9565520
182591 9565521
160081 9565522
160081 9565523
398850 9565524
262930 9565525
257774 9565526
191290 9565527
128703 9565528
124541 9565529
354422 9565530
127504 9565531
127504 9565532
1917156 9565533
127077 9565534
137883 9565535
131274 9565536
150757 9565537
123332 9565538
208744 9565539
155627 9565540
471371 9565541
309667 9565542
183975 9565543
126508 9565544
244799 9565545
164280 9565546
194887 9565547
677881 9565548
163492 9565549
150285 9565550
507395 9565551
304764 9565552
264289 9565553
131216 9565554
199606 9565555
149591 9565556
151921 9565557
328397 9565558
280254 9565559
160806 9565560
181723 9565561
172389 9565562
172389 9565563
137883 9565564
145398 9565565
145398 9565566
89258 9565567
89258 9565568
131830 9565569
291903 9565570
142481 9565571
225577 9565572
118707 9565573
150679 9565574
1345727 9565575
130912 9565576
366905 9565577
121431 9565578
153659 9565579
160301 9565580
160301 9565581
123720 9565582
556542 9565583
283342 9565584
227778 9565585
1310558 9565586
695447 9565587
785833 9565588
156689 9565589
130824 9565590
331135 9565591
131518 9565592
131518 9565593
624806 9565594
169771 9565595
151865 9565596
170601 9565597
1156391 9565598
178065 9565599
249180 9565600
251472 9565601
143149 9565602
167994 9565603
132174 9565604
132174 9565605
198662 9565606
142379 9565607
588055 9565608
475130 9565609
120226 9565610
1413827 9565611
759296 9565612
158645 9565613
109731 9565614
197186 9565615
295008 9565616
94086 9565617
167994 9565618
144825 9565619
159490 9565588
287358 9565620
192849 9565621
186582 9565622
85200 9565623
152386 9565624
160520 9565625
231997 9565626
350605 9565627
277382 9565628
279646 9565629
134988 9565630
575566 9565631
265798 9565632
575568 9565633
156461 9565634
266446 9565635
167711 9565636
338003 9565637
183279 9565638
363916 9565639
1570835 9565640
149901 9565641
258528 9565642
622798 9565643
622798 9565644
360929 9565645
375605 9565646
196850 9565647
261867 9565648
136186 9565649
3643341 9565650
3643341 9565651
137049 9565652
465757 9565653
159242 9565654
158525 9565655
1542653 9565656
1542653 9565657
496053 9565658
348445 9565659
186691 9565660
210312 9565661
127750 9565662
128056 9565663
123720 9565664
323684 9565665
347667 9565666
205552 9565667
137571 9565668
661032 9565669
214832 9565670
488261 9565671
226917 9565672
152502 9565673
281070 9565674
259092 9565675
140007 9565676
148643 9565677
243078 9565678
205558 9565679
392936 9565680
172744 9565681
138961 9565682
287470 9565683
347663 9565684
405098 9565685
134802 9565686
134802 9565687
198618 9565688
184413 9565689
127662 9565690
239223 9565691
183375 9565692
210134 9565693
1887465 9565588
115139 9565694
155819 9565695
230551 9565696
130275 9565697
287108 9565698
156461 9565699
186130 9565700
244895 9565701
669505 9565702
669505 9565703
128094 9565704
244137 9565705
515111 9565706
297189 9565707
129705 9565708
108233 9565709
108233 9565710
176786 9565711
169771 9565712
632740 9565713
489786 9565714
158085 9565715
152756 9565716
154301 9565717
288391 9565718
539996 9565588
148743 9565719
919336 9565720
256804 9565721
668049 9565722
149789 9565723
158573 9565724
260027 9565725
155226 9565726
543442 9565727
155226 9565728
242878 9565729
1127350 9565730
622884 9565731
84478 9565732
134353 9565733
130918 9565734
193244 9565735
9565736 9565737
149619 9565738
210400 9565739
259379 9565740
164412 9565741
154540 9565742
2142099 9565743
2142099 9565744
144713 9565745
284274 9565746
284274 9565747
185176 9565748
195069 9565749
152680 9565750
201349 9565751
264505 9565752
287374 9565753
173128 9565754
173128 9565755
210680 9565756
241560 9565588
1718047 9565757
244887 9565758
235709 9565759
205956 9565760
291843 9565761
658523 9565762
658523 9565763
291843 9565764
242644 9565765
468106 9565766
171266 9565767
288936 9565768
141392 9565769
308788 9565770
193101 9565771
281460 9565772
865869 9565588
690426 9565773
137035 9565774
9565775 9565776
1451302 9565777
136721 9565778
136721 9565779
142783 9565780
142783 9565781
178065 9565782
2093171 9565783
681528 9565784
159490 9565588
172581 9565785
426393 9565786
152784 9565787
2556500 9565788
731592 9565789
84404 9565790
156437 9565791
156437 9565792
153707 9565793
153707 9565794
144147 9565795
273556 9565796
546328 9565797
130694 9565798
130694 9565799
176296 9565800
186815 9565801
287458 9565802
157983 9565803
622884 9565804
167089 9565805
240395 9565806
231013 9565807
296235 9565808
195043 9565809
154263 9565810
154263 9565811
427056 9565812
394203 9565813
174724 9565814
147237 9565815
476558 9565816
147237 9565817
175136 9565818
175136 9565819
148963 9565820
121263 9565821
412845 9565822
176432 9565823
133372 9565824
291917 9565825
154870 9565826
157971 9565827
154241 9565828
134257 9565829
134257 9565830
173404 9565831
445968 9565832
441296 9565833
144369 9565834
134816 9565835
134816 9565836
217981 9565837
139033 9565838
135050 9565839
137501 9565840
127800 9565841
194158 9565842
126991 9565843
145818 9565844
138823 9565845
291955 9565846
244137 9565847
130479 9565848
122964 9565849
153865 9565850
210092 9565851
153785 9565852
153785 9565853
249414 9565854
249414 9565855
130824 9565856
645724 9565857
144025 9565858
3152695 9565859
139359 9565860
139277 9565861
212893 9565862
227370 9565863
156689 9565864
156689 9565865
227194 9565866
148805 9565867
147531 9565868
192561 9565869
192561 9565870
138659 9565871
174566 9565872
161584 9565873
221473 9565874
188842 9565875
175028 9565876
337222 9565877
185260 9565878
225577 9565879
125215 9565880
227982 9565881
2003583 9565882
214039 9565883
214039 9565884
214674 9565885
161938 9565886
174330 9565887
143253 9565888
153659 9565889
147325 9565890
210092 9565891
1524794 9565892
470390 9565893
279368 9565894
234301 9565895
200959 9565896
374319 9565897
374319 9565898
266573 9565899
169941 9565900
139719 9565901
139719 9565902
128098 9565903
163426 9565904
468316 9565905
191258 9565906
1183243 9565907
127077 9565908
225967 9565909
145952 9565910
145952 9565911
140280 9565912
201621 9565913
131488 9565914
131488 9565915
239223 9565916
139045 9565917
139045 9565918
223033 9565919
172812 9565920
172812 9565921
234429 9565922
150385 9565923
150385 9565924
155094 9565925
176438 9565926
129827 9565927
129827 9565928
240951 9565929
189978 9565930
240951 9565931
124639 9565932
170601 9565933
175604 9565934
711194 9565935
461581 9565936
442069 9565937
139891 9565938
200614 9565939
200614 9565940
130479 9565941
136240 9565942
134007 9565943
666625 9565944
179904 9565945
179904 9565946
141366 9565947
141366 9565948
113491 9565949
143521 9565950
345895 9565951
281400 9565952
262665 9565953
262665 9565954
155014 9565955
424845 9565956
424845 9565957
238738 9565958
138287 9565959
369098 9565960
242644 9565961
265798 9565962
128064 9565963
231291 9565964
231291 9565965
119141 9565966
150917 9565967
156531 9565968
360929 9565969
143419 9565970
621726 9565588
204973 9565971
204973 9565972
543305 9565973
139017 9565974
130918 9565975
143521 9565976
136256 9565977
154193 9565978
140484 9565979
154193 9565980
122325 9565981
131300 9565982
131300 9565983
146216 9565984
146216 9565985
258526 9565986
258526 9565987
293080 9565988
123528 9565989
123528 9565990
677165 9565991
186815 9565992
180935 9565993
180935 9565994
807676 9565995
807676 9565996
133072 9565997
133072 9565998
508726 9565999
139065 9566000
233182 9566001
230637 9566002
166645 9566003
166645 9566004
185382 9566005
138485 9566006
138485 9566007
132328 9566008
181691 9566009
9566010 9566011
139009 9566012
316398 9566013
183614 9566014
133586 9566015
165198 9566016
165198 9566017
170893 9566018
158887 9566019
158887 9566020
260283 9566021
142475 9566022
142475 9566023
251118 9566024
121010 9566025
159790 9566026
292531 9566027
154360 9566028
231639 9565588
291312 9566029
165605 9566030
123332 9566031
127644 9566032
133252 9566033
133252 9566034
138641 9566035
171963 9566036
220873 9566037
220873 9566038
139925 9566039
131590 9566040
131590 9566041
138641 9566042
155705 9566043
249640 9566044
394646 9566045
316174 9566046
126579 9566047
161199 9566048
331472 9566049
185288 9566050
158085 9566051
141226 9566052
141226 9566053
483722 9566054
164042 9566055
336425 9566056
250161 9566057
250161 9566058
138433 9566059
138433 9566060
182701 9566061
134482 9566062
139381 9566063
161319 9566064
143081 9566065
164750 9566066
147565 9566067
147565 9566068
238798 9566069
135758 9566070
168492 9566071
130487 9566072
130487 9566073
145121 9566074
167321 9566075
167321 9566076
181691 9566077
145121 9566078
457568 9566079
121847 9566080
124349 9566081
165627 9566082
133020 9566083
134662 9566084
132886 9566085
142375 9566086
235833 9566087
256429 9566088
129515 9566089
129213 9566090
139509 9566091
131908 9566092
143333 9566093
142379 9566094
364166 9566095
181413 9566096
181413 9566097
156537 9566098
202183 9566099
132328 9566100
133626 9566101
133626 9566102
123898 9566103
191608 9566104
121483 9566105
138527 9566106
232952 9566107
158645 9566108
2525015 9566109
121010 9566110
170653 9566111
290108 9566112
290108 9566113
166589 9566114
138377 9566115
242974 9566116
130253 9566117
164232 9566118
164232 9566119
130253 9566120
179408 9566121
422675 9566122
205323 9566123
138339 9566124
166357 9566125
131452 9566126
200094 9566127
128931 9566128
128931 9566129
205872 9566130
205872 9566131
226541 9566132
300860 9566133
374569 9566134
222937 9566135
509496 9566136
138535 9566137
813832 9566138
173436 9566139
277504 9566140
226545 9566141
143521 9566142
203537 9566143
134868 9566144
136755 9566145
136755 9566146
158441 9566147
158441 9566148
239223 9566149
155014 9566150
155014 9566151
129943 9566152
129943 9566153
320849 9566154
130503 9566155
136184 9566156
136184 9566157
390664 9566158
162693 9566159
288287 9566160
160271 9566161
121158 9566162
144025 9566163
135908 9566164
135908 9566165
137383 9566166
201621 9566167
218961 9566168
164470 9566169
164470 9566170
313251 9566171
229994 9566172
350503 9566173
329028 9566174
220941 9566175
220941 9566176
174566 9566177
214984 9566178
599928 9566179
139017 9566180
162947 9566181
403061 9566182
143253 9566183
472499 9566184
228781 9566185
228781 9566186
170427 9566187
125039 9566188
125039 9566189
252976 9566190
166565 9566191
131980 9566192
138121 9566193
210074 9566194
138121 9566195
159414 9566196
144265 9566197
122766 9566198
133342 9566199
177915 9566200
138535 9566201
2231584 9566202
245361 9566203
156879 9566204
266787 9566205
373806 9566206
126773 9566207
120576 9566208
120576 9566209
158905 9566210
149591 9566211
121347 9566212
201659 9566213
226545 9566214
595223 9566215
124537 9566216
121263 9566217
131558 9566218
131558 9566219
159242 9566220
336813 9566221
214984 9566222
242644 9566223
87416 9566224
87416 9566225
124207 9566226
991184 9566227
991184 9566228
1496315 9566229
131144 9566230
154069 9566231
297209 9566232
297209 9566233
94458 9566234
138437 9566235
597274 9566236
144903 9566237
179335 9566238
129515 9566239
729187 9566240
205420 9566241
431603 9566242
133985 9566243
152842 9566244
636945 9566245
406724 9566246
151257 9566247
158573 9566248
295907 9566249
279344 9566250
138287 9566251
128983 9566252
306292 9566253
306292 9566254
138339 9566255
154390 9566256
160908 9566257
160908 9566258
346373 9566259
155611 9566260
155611 9566261
3489962 9566262
137829 9566263
137829 9566264
140007 9566265
437960 9566266
234595 9566267
152842 9566268
131216 9566269
123898 9566270
275018 9566271
248374 9566272
119599 9566273
147531 9566274
124629 9566275
165069 9566276
504412 9566277
165069 9566278
154994 9566279
298654 9566280
784664 9566281
165627 9566282
298654 9566283
181093 9566284
255353 9566285
161550 9566286
100553 9566287
140226 9566288
181503 9566289
271326 9566290
156937 9566291
101395 9566292
161199 9566293
143333 9566294
164314 9566295
319715 9566296
165603 9566297
249256 9566298
249771 9566299
249771 9566300
159790 9566301
164862 9566302
357514 9566303
128509 9566304
137841 9566305
145568 9566306
137841 9566307
149375 9566308
409401 9566309
131776 9566310
137003 9566311
277340 9566312
164502 9566313
151921 9566314
157419 9566315
137193 9566316
137193 9566317
646156 9566318
315952 9566319
221353 9566320
199808 9566321
199808 9566322
143757 9566323
190676 9566324
135052 9566325
158311 9566326
437962 9566327
163910 9566328
274772 9566329
199262 9566330
199262 9566331
373288 9566332
1125426 9566333
155793 9566334
177150 9566335
159658 9566336
274828 9566337
135794 9566338
364022 9566339
265423 9566340
179800 9566341
182777 9566342
182777 9566343
632836 9566344
144731 9566345
232153 9566346
153805 9566347
185382 9566348
344936 9566349
149437 9566350
181245 9566351
181245 9566352
224999 9566353
146076 9566354
160806 9566355
131966 9566356
161319 9566357
702653 9566358
230206 9566359
152059 9566360
625500 9566361
129435 9566362
157403 9566363
316328 9566364
294273 9566365
147035 9566366
147035 9566367
1619852 9566368
164540 9566369
317840 9566370
243651 9566371
242604 9566372
174448 9566373
247069 9566374
168372 9566375
174556 9566376
373772 9566377
295351 9566378
169500 9566379
149725 9566380
124541 9566381
435653 9566382
874577 9566383
223716 9566384
241984 9566385
338403 9566386
159368 9566387
152349 9566388
197700 9566389
349375 9566390
182313 9566391
145930 9566392
206180 9566393
99788 9566394
122325 9566395
105147 9566396
162749 9566397
357017 9566398
257660 9566399
419049 9566400
176780 9566401
420968 9566402
169500 9566403
106951 9566404
240233 9566405
156747 9566406
370971 9566407
370971 9566408
1309631 9566409
1309631 9566410
171712 9566411
171712 9566412
289850 9566413
176478 9566414
263256 9566415
135628 9566416
217302 9566417
115283 9566418
522517 9566419
708155 9566420
166909 9566421
192973 9566422
134868 9566423
119057 9566424
702095 9566425
141460 9566426
221353 9566427
155244 9566428
457761 9566429
1405561 9566430
210680 9566431
182875 9566432
9566433 9566434
128451 9566435
157695 9566436
633514 9566437
166571 9566438
239909 9566439
319793 9566440
319793 9566441
191704 9566442
191704 9566443
156639 9566444
148071 9566445
148071 9566446
193796 9566447
193796 9566448
256507 9566449
252918 9566450
149911 9566451
325955 9566452
208728 9566453
258916 9566454
149211 9566455
148643 9566456
148643 9566457
157179 9566458
170771 9566459
170771 9566460
134406 9566461
171826 9566462
638911 9566463
967143 9566464
382873 9566465
382873 9566466
247841 9566467
268967 9566468
2004302 9566469
460849 9566470
389524 9566471
136116 9566472
96960 9566473
264005 9565588
143053 9566474
143053 9566475
509197 9566476
509197 9566477
168390 9566478
130533 9566479
137835 9566480
137835 9566481
221661 9566482
193856 9566483
193856 9566484
173986 9566485
386462 9566486
144459 9566487
167583 9566488
191538 9566489
315244 9565588
168552 9566490
729165 9566491
260607 9566492
260607 9566493
212583 9566494
212583 9566495
3101476 9566496
138437 9566497
363441 9566498
395481 9566499
395481 9566500
228086 9566501
157083 9566502
126348 9566503
192961 9566504
154654 9566505
128451 9566506
134464 9566507
685778 9566508
151553 9566509
164584 9566510
243100 9566511
158633 9566512
158633 9566513
178573 9566514
154322 9566515
445248 9566516
445248 9566517
492373 9566518
492373 9566519
252970 9566520
191384 9566521
175386 9566522
235599 9566523
154680 9566524
182725 9566525
242494 9566526
133586 9566527
187254 9566528
250996 9566529
242484 9566530
131302 9566531
135864 9566532
134662 9566533
143501 9566534
143501 9566535
127800 9566536
277592 9566537
588081 9566538
440087 9566539
154322 9566540
409061 9566541
605657 9566542
284949 9566543
138659 9566544
569488 9566545
151865 9566546
286233 9566547
199618 9566548
199618 9566549
175882 9566550
255233 9566551
131876 9566552
135432 9566553
135432 9566554
236946 9566555
485903 9566556
152386 9566557
137421 9566558
137421 9566559
188630 9566560
225541 9566561
225541 9566562
360851 9566563
155627 9566564
1655511 9566565
385053 9566566
141666 9566567
141666 9566568
365953 9566569
138105 9566570
138105 9566571
124471 9566572
553226 9566573
326001 9566574
256605 9566575
156359 9566576
136134 9566577
136134 9566578
152402 9566579
152402 9566580
2452856 9566581
195561 9566582
181853 9566583
181853 9566584
137893 9566585
137893 9566586
765837 9566587
765837 9566588
244889 9566589
193252 9566590
695789 9566591
783355 9565588
150913 9566592
154580 9566593
385073 9566594
154580 9566595
752674 9566596
140484 9566597
133398 9566598
133398 9566599
165941 9566600
165393 9566601
165393 9566602
138513 9566603
164750 9566604
248340 9566605
150121 9566606
129057 9566607
136216 9566608
198428 9566609
170427 9566610
158963 9566611
214069 9566612
293531 9566613
191534 9566614
249180 9566615
324668 9566616
240981 9566617
173392 9566618
215384 9566619
161401 9566620
688497 9566621
198428 9566622
161938 9566623
131394 9566624
556236 9566625
118129 9566626
434747 9566627
385469 9566628
330182 9566629
330182 9566630
165125 9566631
233757 9566632
233757 9566633
173392 9566634
189570 9566635
168616 9566636
145420 9566637
432212 9566638
9566639 9566640
102387 9566641
102387 9566642
151713 9566643
151713 9566644
144257 9566645
150397 9566646
651760 9566647
152380 9566648
728134 9566649
140484 9566650
330106 9566651
210290 9566652
126773 9566653
126508 9566654
148779 9566655
153705 9566656
132902 9566657
411228 9566658
214550 9566659
177805 9566660
2326250 9566661
177805 9566662
131304 9566663
431207 9566664
137227 9566665
152680 9566666
272065 9566667
137863 9566668
683015 9565588
257296 9566669
137989 9566670
369228 9566671
282557 9566672
126585 9566673
121158 9566674
498686 9566675
128110 9566676
132896 9566677
355853 9566678
729452 9566679
268602 9566680
104245 9566681
220873 9566682
104281 9566683
129867 9566684
129867 9566685
136575 9566686
114961 9566687
136230 9566688
253232 9566689
464291 9566690
131602 9566691
131144 9566692
130986 9566693
128581 9566694
149789 9566695
616175 9566696
9566697 9566698
498686 9566699
130824 9566700
128104 9566701
210078 9566702
194591 9566703
214984 9566704
260503 9566705
143149 9566706
664947 9566707
186949 9566708
97608 9566709
234399 9566710
162545 9566711
559450 9566712
127446 9566713
148735 9566714
102333 9566715
102333 9566716
148735 9566717
208608 9566718
149437 9566719
153329 9566720
167929 9566721
1051733 9566722
234429 9566723
423876 9566724
100195 9566725
133907 9566726
129909 9566727
129909 9566728
296227 9566729
167711 9566730
162545 9566731
286851 9566732
168302 9566733
174448 9566734
1493017 9566735
342868 9566736
781402 9566737
166721 9566738
123180 9566739
227486 9566740
143405 9566741
123180 9566742
415964 9566743
227486 9566744
226917 9566745
127265 9566746
127265 9566747
3152335 9565588
301090 9566748
301090 9566749
228228 9566750
1482620 9566751
164094 9566752
462631 9566753
215418 9566754
127750 9566755
344886 9566756
344886 9566757
134804 9566758
134804 9566759
322750 9566760
313893 9566761
703309 9566762
124597 9566763
202916 9566764
124597 9566765
356631 9566766
121851 9566767
237394 9566768
162195 9566769
129531 9566770
129531 9566771
719953 9566772
761772 9566773
147285 9566774
150005 9566775
244889 9566776
129213 9566777
138961 9566778
135454 9566779
2136805 9566780
141234 9566781
565338 9566782
161902 9566783
148703 9566784
147049 9566785
221613 9566786
635724 9566787
138513 9566788
128983 9566789
216232 9566790
377427 9566791
229598 9566792
1366096 9566793
189942 9566794
136394 9566795
136394 9566796
647809 9566797
396396 9566798
145818 9566799
128703 9566800
356158 9566801
226923 9566802
227194 9566803
227194 9566804
180461 9566805
680704 9566806
253706 9566807
152752 9566808
221613 9566809
1154134 9566810
1154134 9566811
152398 9566812
314101 9566813
128433 9566814
128433 9566815
369074 9566816
369074 9566817
777375 9566818
242844 9566819
137707 9566820
391835 9566821
238734 9566822
101835 9566823
255926 9566824
150351 9566825
162034 9566826
301112 9566827
202876 9566828
158327 9566829
91974 9566830
491335 9565588
734373 9566831
192075 9566832
288273 9566833
140844 9566834
223401 9566835
309443 9566836
186394 9566837
377118 9566838
131980 9566839
131452 9566840
202291 9566841
1622100 9566842
283882 9566843
162195 9566844
136915 9566845
145420 9566846
155803 9566847
487503 9566848
235129 9566849
163910 9566850
220873 9566851
160478 9566852
355125 9566853
355125 9566854
133985 9566855
120724 9566856
367926 9566857
155571 9566858
155571 9566859
228793 9566860
128451 9566861
170893 9566862
218247 9566863
135050 9566864
150193 9566865
150193 9566866
229231 9566867
159314 9566868
144027 9566869
110387 9566870
412247 9566871
319424 9566872
265423 9566873
154654 9566874
124111 9566875
127402 9566876
121479 9566877
9566878 9566879
137707 9566880
163522 9566881
141792 9566882
251872 9566883
170971 9566884
3675711 9566885
121935 9566886
121935 9566887
177751 9566888
150465 9566889
150465 9566890
162115 9566891
233895 9566892
329028 9566893
160271 9566894
150465 9566895
150917 9566896
142307 9566897
245154 9566898
766746 9566899
213585 9566900
89358 9566901
143261 9566902
1405801 9566903
137989 9566904
135100 9566905
446067 9566906
215418 9566907
237028 9566908
138333 9566909
