840956 10457964
841170 10457965
2900887 10457966
840529 10457967
2603753 10457967
841012 10457968
1019897 10457968
837249 10457969
2661130 10457970
10457971 10457972
1270577 10457973
2613052 10457974
837289 10457975
840958 10457976
836599 10457976
2811586 10457977
2837997 10457977
2811323 10457977
851297 10457978
2837902 10457979
2871355 10457979
2663234 10457980
2692750 10457980
2635115 10457980
2657156 10457980
2653710 10457980
2673210 10457980
1807525 10457981
10457982 10457983
2695973 10457984
2666965 10457984
845055 10457985
1947207 10457986
2011724 10457987
2659590 10457987
1256269 10457988
1019085 10457988
1256288 10457989
1256269 10457989
840998 10457990
2633326 10457991
10457992 10457991
2669208 10457993
2663497 10457993
1674088 10457994
2607415 10457994
2734020 10457994
1770367 10457994
2752369 10457994
2603332 10457994
2627797 10457995
2016621 10457995
2633326 10457995
837940 10457995
2652199 10457996
1217864 10457997
2601813 10457998
2601677 10457999
2712117 10457999
1244980 10458000
2734846 10458001
1202887 10458002
1256269 10458003
855027 10458003
855885 10458004
2740196 10458004
837495 10458005
837109 10458006
8540934 10458007
10458008 10458009
3014675 10458010
840960 10458011
2601927 10458012
2670447 10458012
3195029 10458012
2589191 10458012
1191434 10458012
995280 10458013
995820 10458013
2732065 10458014
1019085 10458015
855027 10458016
855027 10458017
1241203 10458018
2645263 10458019
2641092 10458019
837637 10458020
2748574 10458020
10458021 10458022
10170147 10458023
2636558 10458023
2624865 10458024
2668577 10458025
10458026 10458027
10458028 10458029
10458030 10458031
837637 10458032
5140141 10458033
10458034 10458035
2637416 10458036
1384198 10458037
3215018 10458038
8542413 10458039
2837977 10458040
1258903 10458040
843735 10458041
921591 10458041
10458042 10458043
4546422 10458044
2862020 10458045
997426 10458045
2871334 10458046
2901037 10458047
2838028 10458048
2892403 10458048
2793208 10458048
2862136 10458048
2892474 10458048
2900760 10458048
2884062 10458048
2900760 10458048
2886874 10458049
2892231 10458049
2822323 10458050
2787729 10458050
7899877 10458051
840704 10458052
2907205 10458052
841010 10458052
840704 10458053
2837587 10458054
1256772 10458055
2811307 10458056
2892579 10458057
2892569 10458058
2811275 10458059
2837782 10458059
2805383 10458060
837942 10458061
841093 10458062
10458063 10458064
10458065 10458066
996118 10458067
2644913 10458067
840627 10458067
2602977 10458068
2613235 10458068
837121 10458069
1253999 10458070
840639 10458070
840643 10458071
1747580 10458072
842233 10458073
996273 10458074
1020060 10458075
840641 10458075
2615235 10458076
3775026 10458077
2612880 10458078
2632701 10458079
842233 10458079
840635 10458079
841635 10458080
10458081 10458080
2600504 10458080
2612524 10458080
841738 10458082
2641235 10458083
840679 10458083
1020249 10458084
2608046 10458084
840972 10458085
851223 10458086
840776 10458087
2660695 10458088
3773938 10458089
841722 10458090
845199 10458091
2640371 9967045
2605894 10458092
842227 10458093
2639440 10458094
841168 10458094
841590 10458095
841726 10458096
2628606 10458097
841734 10458098
7487471 10458099
2632701 10458100
2641480 10458101
1017415 10458102
840790 10031372
2642752 10458103
137941 10458104
2699859 10458105
837143 10458106
2605069 10458107
841142 10458107
841156 10458108
841146 10458109
1020240 10458110
841144 10458110
2734846 10458111
1020056 10458112
2634534 10458113
1020138 10458114
841837 10458115
2631834 10458116
1260999 10458117
842213 10458118
2613082 10458118
2613497 10458119
2634787 10458120
2608124 10458121
2608046 10458122
2616288 10458123
2616288 10458124
2613398 10458125
7901201 10458126
4000093 10458127
10458128 10458129
2675164 10458130
2640159 10458130
842233 10458130
2607411 10458130
840637 10458131
2641279 10458132
10458133 10458134
852590 10458135
1215338 10458136
2603879 10458137
841239 10458138
853227 10458138
844253 10458139
2600883 10458140
2630077 10458141
841156 10458142
2647080 10458143
2606990 10458144
2629284 10458145
2603879 10458145
2653148 10458145
844372 10458146
3777941 10458147
841720 10458148
841710 10458149
841722 10458150
2602685 10458151
4939442 10458152
10458153 10458154
10458155 10458154
10458156 10458157
10168787 10458158
1253999 10458158
2964640 10458158
10171714 10458159
10458160 10458161
10458162 10458163
10458164 10458163
10166173 10458165
10458166 10458165
10458167 10458168
840651 10458169
863614 10458170
5133037 10458171
841762 10458172
841239 10458173
853227 10458173
842425 10458174
2604192 10458175
857803 10458176
7488328 10458177
864573 10458178
2613290 10458179
841738 10458179
2603879 10458180
2600883 10458181
2604192 10458182
10220975 10458182
841756 10458183
2613284 10458184
854490 10458185
2685030 10458186
841590 10458186
2612252 10458187
841746 10458187
841748 10458188
831971 10458189
841738 10458190
1065735 10458191
854499 10458192
1259951 10458193
10458194 10458195
10458196 10458195
2800271 10458197
2599662 10458198
10458199 10458200
995312 10458200
840669 10458200
2603579 10458201
2604192 10458202
2615417 10458203
1749641 10458204
2613290 10458205
841738 10458206
2605069 10458207
2608130 10458208
10458209 10458210
2757147 10458211
1089671 10458212
2603631 10458213
3910991 10458214
10458215 10458214
1062688 10458216
835528 10458217
10458218 10458219
2599910 10458220
2642527 10458220
2615729 10458221
1059560 10458222
1290714 10458223
1064312 10458224
2612145 10458225
2615421 10458226
2616088 10458227
2626704 10458228
1179245 10458228
9482130 10458229
2650928 10458230
1090961 10458231
2629284 10458232
2653148 10458232
9469121 10458233
9470438 10458234
1092132 10458235
1091791 10458236
3777508 10458237
2600883 10458238
1064565 10458239
1089262 10458240
2616451 10458241
1091117 10458242
1066615 10458243
1092080 10458244
10458245 10458246
9465959 10458247
10458248 10458249
10458250 10458251
7720229 10458252
1091081 10458253
10458254 10458255
10458256 10458257
10458258 10458257
9463007 10458257
10458259 10458257
9483415 10458257
2652403 10458260
9468049 10458260
1091034 10458261
9469477 10458261
10458262 10458263
10458264 10458265
9468750 10458266
10458267 10458268
9484029 10458269
10458270 10458269
10458271 10458272
10458273 10458274
10458275 10458276
1290793 10458277
1088949 10458278
1095674 10458279
1095666 10458280
2615713 10458281
1095658 10458282
1095676 10458283
1095664 10458284
2603368 10458285
1095670 10458286
1095678 10458287
1095654 10458288
1095668 10458289
1095662 10458290
1095660 10458291
1095672 10458292
2601172 10458293
1290356 10458294
2606243 10458295
1097913 10458295
1095656 10458296
4187636 10458297
1089733 10458297
2619118 10458298
1089766 10458299
1088947 10458300
2545086 10458301
10458302 10458301
2677311 10458303
2611124 10458304
2544631 10458305
1298346 10458306
1095562 10458307
2613860 10458308
1748861 10458308
1769836 10458309
1089751 10458310
2599682 10458311
2745549 10458312
2677094 10458312
2745315 10458312
2675290 10458313
1291524 10458314
1095552 10458315
2732949 10458316
2741043 10458316
2732263 10458317
2740956 10458317
2738732 10458318
1792321 10458319
2741109 10458319
2676239 10458320
2604513 10458321
2738730 10458322
2740904 10458323
2736369 10458324
2674821 10458325
1089749 10458326
2674309 10458326
3913107 10458327
10458328 10458327
1091131 10458329
2624282 10458330
2740334 10458331
10458332 10458333
10458334 10458333
2692870 10458335
1089902 10458336
2671098 10458337
2600467 10458338
2740780 10458339
10458340 10458341
10458342 10458341
2740629 10458343
2605946 10458344
2740594 10458344
1095927 10458345
2683650 10458346
1089755 10458347
2704912 10458348
1091194 10458349
1100209 10458350
2605673 10458351
2678406 10458352
2677008 10458353
2681522 10458354
2614617 10458355
2693171 10458356
1096978 10458357
2672829 10458358
1098145 10458359
2679595 10458360
2677006 10458361
1292420 10458362
1100713 10458363
2602415 10458364
2668291 10458365
2677012 10458365
1095550 10458366
2612969 10458367
2677010 10458368
1096956 10458369
1100167 10458370
1089731 10458371
2609265 10458372
2601637 10458373
2601639 10458374
1095782 10458375
2607266 10458375
1099334 10458376
2606672 10458376
1095784 10458377
2616101 10458378
1095786 10458379
1095780 10458380
2600479 10458381
1095810 10458382
1095788 10458383
2600343 10458384
1095812 10458385
2608314 10458386
2602771 10458387
2603557 10458388
1095856 10458389
10458390 10458391
1089851 10458391
1095852 10458392
2611831 10458393
1095850 10458394
1095860 10458395
2599844 10458396
1095862 10458397
1095854 10458398
2613774 10458399
2600088 10458400
1094873 10458401
1095752 10458402
1095754 10458403
1095756 10458404
1094853 10458404
1097467 10458405
1095758 10458406
1095750 10458407
2611916 10458407
1095748 10458408
2615150 10458409
2609299 10458410
2613379 10458411
1095776 10458412
2614594 10458413
2599712 10458414
1095778 10458415
2599714 10458415
1098105 10458416
2608909 10458416
1095772 10458417
2625836 10458417
2610720 10458418
1095774 10458419
1101886 10458420
2609044 10458421
1089893 10458422
1095836 10458423
1095846 10458424
1095848 10458425
1095838 10458426
1100823 10458427
2609833 10458428
1095840 10458429
1097038 10458430
2606915 10458431
1095842 10458432
1095844 10458433
2609250 10458434
1095830 10458435
1098050 10458436
1097937 10458437
2605424 10458438
1095828 10458439
1095832 10458440
1100642 10458441
1095160 10458442
1089849 10458443
1095820 10458444
1101564 10458445
1100992 10458446
1095822 10458447
1095834 10458448
1095816 10458449
2600594 10458450
2610768 10458450
1181550 10458451
1095818 10458452
1095824 10458453
1102012 10458454
2613408 10458454
1100596 10458455
1095814 10458456
1294145 10458456
1095826 10458457
2584792 10458458
4067877 10458459
1095762 10458460
2606045 10458461
1098240 10458462
2606086 10458463
1095766 10458464
1095760 10458465
1181279 10458466
1095764 10458467
1095768 10458468
1089847 10458469
1095770 10458470
1095909 10458471
1101484 10458472
1101438 10458473
1089743 10458474
2575894 10458475
1095728 10458476
2605998 10458477
2606000 10458478
1095726 10458479
1095730 10458480
2620750 10458481
2603573 10458482
2721223 10458483
1096614 10458484
1098584 10458485
1095526 10458486
1095734 10458487
1095732 10458488
2730397 10458489
1095742 10458490
1095736 10458491
1098967 10458492
2609437 10458493
1090112 10458494
1290375 10458495
1088623 10458496
2607651 10458497
1095738 10458498
2601797 10458499
1095746 10458500
1095744 10458501
1102100 10458502
1095740 10458503
1089747 10458504
1983895 10458505
2626446 10458506
1095692 10458507
1095694 10458508
2623050 10458509
1098495 10458510
1089745 10458511
1059780 10458512
1095150 10458513
1095696 10458514
2619328 10458515
2601828 10458516
1095704 10458517
1095708 10458518
2606303 10458519
1095710 10458520
1095712 10458521
1095792 10458522
1095790 10458523
2610940 10458524
1095706 10458525
1102294 10458526
1094851 10458527
1298371 10458528
2615130 10458529
2607478 10458530
2652556 10458531
1095702 10458532
1094934 10458533
2603361 10458534
2612470 10458535
1059682 10458536
1094881 10458536
1101480 10458537
1095700 10458538
2605822 10458539
2605824 10458540
2615375 10458541
2610095 10458542
2610097 10458543
1091216 10458544
1095316 10458545
2608984 10458546
1095698 10458547
1089757 10458548
1101180 10458549
1095432 10458550
1095424 10458551
1099229 10458552
1095426 10458553
1095428 10458554
1096768 10458555
2603414 10458556
1101748 10458557
1100980 10458558
2648778 10458559
1095430 10458559
1095438 10458560
1101112 10458561
1101924 10458562
1172297 10458563
1101033 10458564
2600295 10458565
1095888 10458566
1099488 10458567
1099482 10458568
2607724 10458569
2604742 10458570
1097481 10458571
1095890 10458572
1095436 10458573
1100791 10458574
2614746 10458575
1100970 10458575
1102260 10458576
1089895 10458577
1095876 10458578
1095880 10458579
2604762 10458580
1095884 10458581
1095882 10458582
1095878 10458583
2611844 10458584
1097684 10458585
1095886 10458586
1095434 10458587
2613693 10458588
1095874 10458589
1095872 10458590
1095870 10458591
1102196 10458592
1095866 10458593
1095864 10458594
1095050 10458595
1095868 10458596
1089753 10458597
1095688 10458598
2603220 10458599
1097222 10458600
1095690 10458601
1095682 10458602
1095686 10458603
2608916 10458604
1290554 10458605
1097879 10458606
2609633 10458607
2607488 10458608
2620752 10458609
1095680 10458610
1095684 10458611
1097962 10458612
1089737 10458613
1089735 10458614
2601228 10458615
1089741 10458616
1099139 10458617
1089978 10458618
1725360 10458619
2604803 10458620
2602234 10458621
1095794 10458622
2602747 10458623
1059651 10458624
2607238 10458625
1095796 10458626
1095798 10458627
2601092 10458628
1097479 10458629
2602243 10458630
2610842 10458631
2612304 10458632
2615163 10458633
2608179 10458634
2608962 10458635
1089897 10458636
2544226 10458637
2606601 10458638
2602246 10458639
2608497 10458640
2609273 10458641
2602849 10458642
2614766 10458643
1096287 10458643
1095925 10458644
1095804 10458645
1098608 10458646
2601116 10458647
1095802 10458648
1095800 10458649
2608518 10458650
1101846 10458651
1097348 10458652
1089989 10458653
1090038 10458654
2600052 10458655
2604877 10458656
2601017 10458657
2602156 10458658
1066255 10458659
2604476 10458660
2613764 10458661
1095905 10458662
1095608 10458663
1095606 10458664
1095610 10458665
2612293 10458666
2604550 10458667
1101478 10458668
2609698 10458669
2605062 10458670
1098949 10458671
2600816 10458672
1095604 10458673
1095602 10458674
1098572 10458675
1089739 10458676
1090100 10458677
1095616 10458678
1095618 10458679
1095626 10458680
1095630 10458681
2609475 10458682
1097632 10458683
2601859 10458684
1095614 10458685
2614909 10458686
1100612 10458687
1095612 10458688
1095628 10458689
2602546 10458690
1095620 10458691
1095624 10458692
1095622 10458693
1101942 10458694
1095636 10458695
2611141 10458696
1095634 10458697
2604612 10458698
1095638 10458699
1095640 10458700
1095632 10458701
1101898 10458702
1096994 10458703
1096580 10458704
1095646 10458705
1098310 10458706
2713174 10458707
1097175 10458708
1095644 10458709
1095907 10458710
1095642 10458711
1095720 10458712
2604153 10458713
1095652 10458714
1095724 10458715
2611339 10458716
1095648 10458717
2601203 10458718
1095650 10458719
1100691 10458720
2615111 10458721
1095722 10458722
1064552 10458723
1089611 10458724
2685145 10458725
2670508 10458726
1693112 10458727
2606614 10458728
2693247 10458729
2670053 10458730
2674711 10458731
2622062 10458732
2679157 10458733
2606520 10458734
2696913 10458735
2713984 10458736
1683872 10458737
2688104 10458738
2614360 10458739
2653062 10458740
2607300 10458741
2611418 10458742
2713980 10458743
2614868 10458744
2668826 10458745
2618720 10458746
2601288 10458747
2713978 10458748
10458749 10458750
1089701 10458751
1089607 10458752
10458753 10458754
1179966 10458755
2611225 10458755
10458756 10458755
2607919 10458757
2713982 10458758
10458759 10458760
10458761 10458762
10458763 10458764
1726077 10458765
2613835 10458766
2603446 10458767
2685135 10458768
2616431 10458769
2662754 10458770
2612764 10458771
1684012 10458772
2621263 10458773
1060340 10458774
2623638 10458775
2654699 10458776
2614200 10458777
2632635 10458778
2620121 10458779
2622855 10458780
2622655 10458781
2619612 10458782
1089615 10458783
2617092 10458784
2603207 10458785
1684022 10458786
2610214 10458787
2607550 10458788
2610091 10458789
1089619 10458790
2606214 10458791
2606726 10458792
1684005 10458793
1061301 10458794
2621007 10458795
2620931 10458796
2621415 10458797
2610892 10458798
2621792 10458799
1091880 10458800
2601209 10458801
1089631 10458802
2717537 10458803
2654972 10458804
2659355 10458805
1089715 10458806
1089617 10458807
10458808 10458809
10458810 10458811
10458812 10458813
2607196 10458814
2607198 10458815
10458816 10458817
10458818 10458819
10458820 10458821
10458822 10458823
10458824 10458825
2604248 10458826
10458827 10458828
10458829 10458830
10458831 10458832
1089609 10458833
10458834 10458835
10458836 10458837
10458838 10458839
10458840 10458841
2717539 10458842
1749173 10458843
1061311 10458844
10458845 10458846
10458847 10458848
2604871 10458849
1065987 10458850
2667553 10458851
4108879 10458851
1090482 10458852
9479631 10458853
9469622 10458854
9483775 10458855
9485263 10458856
3983387 10458857
9477860 10458858
1107166 10458859
2616476 10458860
3978946 10458861
3979914 10458862
9472237 10458863
9482167 10458864
2539322 10458865
860710 10458866
4084257 10458867
1828196 10458868
1092577 10458869
9481281 10458870
4130778 10458871
1296372 10458872
9485538 10458873
2736866 10458874
1090471 10458875
2697592 10458876
2697601 10458877
2697607 10458878
2697605 10458879
2697599 10458880
2697603 10458881
1092353 10458882
2697595 10458883
2673701 10458884
2660404 10458884
2697609 10458885
2697597 10458886
2625877 10458887
2676142 10458888
1092355 10458889
2697315 10458890
1090446 10458891
1064833 10458892
1090448 10458893
10458894 10458893
1064560 10458895
2601247 10458896
1089543 10458897
2619654 10458898
1089525 10458899
2625287 10458900
1089551 10458901
2625989 10458902
1089503 10458903
1089569 10458904
1089557 10458905
1169926 10458906
2627141 10458907
1089587 10458908
1089559 10458909
2599798 10458910
2633805 10458911
1089565 10458912
2647689 10458913
2601457 10458914
2662638 10458915
2676069 10458916
1089539 10458917
2626662 10458918
4436455 10458918
2611173 10458919
2616900 10458920
2683868 10458921
2618590 10458922
1089583 10458923
1089501 10458924
2625673 10458925
2625526 10458926
1089581 10458927
2624996 10458928
2651415 10458929
1089507 10458930
1089567 10458931
2622601 10458932
1089511 10458933
2655936 10458934
2605316 10458935
1090823 10458936
1089591 10458937
2627115 10458938
1091727 10458939
1089537 10458940
2684904 10458941
2614065 10458942
2674933 10458943
1089577 10458944
2607458 10458945
1089573 10458946
1089571 10458947
2608680 10458948
1089575 10458949
1059801 10458950
2623816 10458951
1291158 10458952
2609259 10458953
10458954 10458955
2608495 10458955
2585395 10458956
2612847 10458957
2630708 10458958
1089669 10458959
1089579 10458960
1089523 10458961
2602020 10458962
1089561 10458963
2615891 10458964
1089547 10458965
2652466 10458966
1089533 10458967
2600703 10458968
1089555 10458969
2653333 10458970
1089541 10458971
2601544 10458972
2652522 10458973
2625883 10458974
1089529 10458975
2657263 10458976
2613455 10458977
2624031 10458978
2618333 10458979
2619242 10458980
1089505 10458981
2592210 10458982
2626462 10458983
1089585 10458984
1089499 10458985
2619512 10458986
1089589 10458987
1089553 10458988
2604264 10458989
1089535 10458990
2617801 10458991
2589848 10458992
2625665 10458993
1060612 10458994
1089515 10458995
2619508 10458996
2677864 10458997
2618444 10458998
1089667 10458999
2610169 10459000
1089517 10459001
2624230 10459002
2619692 10459003
2607315 10459004
2654922 10459005
1090852 10459006
1089519 10459007
2618409 10459008
2599935 10459009
1089545 10459010
2619231 10459011
2624249 10459012
2650372 10459013
1089563 10459014
1089531 10459015
2625231 10459016
2624366 10459017
1089509 10459018
2662640 10459019
1170335 10459020
2627228 10459021
2617844 10459022
1089663 10459023
2618904 10459024
2654920 10459025
2606977 10459026
2624370 10459027
2618879 10459028
1060830 10459029
1089549 10459030
1090945 10459031
2617824 10459032
2697532 10459033
1089513 10459034
1090899 10459035
2618633 10459036
1090815 10459037
1060790 10459038
2626434 10459039
10459040 10459039
2616712 10459041
1090340 10459042
1091733 10459043
2619510 10459044
1089521 10459045
1089527 10459046
1064567 10459047
1089643 10459048
1169550 10459049
1089649 10459050
1090308 10459051
2672382 10459052
2682880 10459053
2685359 10459054
2690056 10459055
2685994 10459056
2716500 10459057
1089647 10459058
1090868 10459059
2684515 10459060
2689318 10459061
2657258 10459062
1089673 10459063
2686143 10459064
1090356 10459065
1092425 10459066
2684040 10459067
2749167 10459068
2682827 10459069
1062573 10459070
2696698 10459071
2617950 10459072
1170301 10459073
2673107 10459074
2618055 10459075
2601244 10459076
2618405 10459077
1181429 10459078
2625143 10459079
1170282 10459080
1764278 10459081
2627144 10459082
1091890 10459083
2681377 10459084
1169583 10459085
2688845 10459086
1089603 10459087
1089683 10459088
2627159 10459089
1170297 10459090
2686163 10459091
1170289 10459092
2600552 10459093
1089639 10459094
2617294 10459095
2617366 10459096
1089593 10459097
2689320 10459098
10459099 10459098
2682933 10459100
2685863 10459101
1169629 10459102
2544453 10459103
1090866 10459104
2618014 10459105
1089980 10459106
2684198 10459107
1176411 10459108
2686165 10459109
2684836 10459110
1170284 10459111
2620091 10459112
1170445 10459113
2625555 10459114
2679902 10459115
1062613 10459116
2689312 10459117
2716377 10459118
1090318 10459119
1090987 10459120
2671490 10459121
1089027 10459122
2697621 10459123
10459124 10459125
2684896 10459125
2624372 10459126
2661340 10459127
2683765 10459128
1169572 10459129
2684517 10459130
2618991 10459131
2632668 10459132
1091089 10459133
2682832 10459134
2689314 10459135
2681157 10459136
2676756 10459137
2627186 10459138
1170013 10459139
1089645 10459140
1062852 10459141
1089252 10459142
1089641 10459143
2689316 10459144
2609920 10459145
2682487 10459146
1089675 10459147
2689300 10459148
2677582 10459149
2749161 10459150
2681606 10459151
1066233 10459152
1090924 10459153
1089822 10459154
1089597 10459155
1089599 10459156
1066235 10459157
1089677 10459158
2734366 10459159
2745368 10459160
1089601 10459161
2655746 10459162
2712718 10459162
2689302 10459163
2689308 10459164
1089605 10459165
1089912 10459166
2688863 10459167
1062983 10459168
1091026 10459169
2652438 10459170
1063056 10459171
2657799 10459172
2660864 10459173
1063060 10459174
2627226 10459175
2674678 10459176
2750323 10459177
1089938 10459178
1066237 10459179
1066231 10459180
1090775 10459181
2689310 10459182
2745701 10459183
2622581 10459184
2622579 10459185
2685765 10459186
1828853 10459187
2684102 10459187
1089637 10459188
4068002 10459189
1170835 10459190
2685932 10459191
2685152 10459192
1063209 10459193
2626843 10459194
2623310 10459195
2682505 10459196
2689306 10459197
2665569 10459198
1176764 10459198
1063192 10459199
1065973 10459200
1089791 10459201
2656668 10459202
1090326 10459203
1175809 10459203
1089635 10459204
2689304 10459205
1170531 10459206
2684777 10459207
2672168 10459208
2626586 10459209
2749006 10459210
2660841 10459211
1787438 10459212
10459213 10459214
1064576 10459215
2621380 10459216
1171533 10459216
2624390 10459217
2622830 10459218
2652769 10459219
835442 10459220
10459221 10459220
2607202 10459222
3900923 10459223
2627122 10459224
2088676 10459225
2679841 10459226
2618716 10459227
2653351 10459228
2658155 10459229
2618100 10459230
2214087 10459231
2626726 10459232
2626654 10459233
2617848 10459234
1089476 10459235
1089496 10459236
2097297 10459237
2671837 10459238
2618415 10459239
2619011 10459240
2608775 10459241
2615466 10459242
1089492 10459243
1089494 10459244
1090910 10459245
2620584 10459246
2627190 10459247
2617712 10459248
10459249 10459250
2615542 10459251
4328086 10459252
2618902 10459253
2617880 10459254
2684889 10459255
2680158 10459256
2615526 10459257
2608082 10459258
2616495 10459259
2625508 10459260
2603299 10459261
1062362 10459261
2679124 10459262
2627118 10459263
2648441 10459264
2589846 10459265
1064550 10459266
1089478 10459267
1089484 10459268
1065731 10459269
1089482 10459270
1089488 10459271
1089490 10459272
1089486 10459273
1089480 10459274
1090091 10459275
1064570 10459276
2741728 10459277
2685928 10459278
2675710 10459279
2704160 10459280
2684951 10459281
10459282 10459283
2686003 10459284
2685520 10459285
2741839 10459286
2654783 10459287
3229076 10459288
2618567 10459289
2741837 10459290
1065385 10459291
2687721 10459292
2598997 10459293
2599557 10459294
2625613 10459295
2618576 10459296
1065303 10459297
2599565 10459298
1089782 10459299
859698 10459300
2759064 10459301
2605936 10459302
2760247 10459303
2683154 10459304
2759086 10459305
9480147 10459306
2758135 10459307
2678141 10459308
9488588 10459309
1066225 10459310
2684673 10459311
2761464 10459312
1299706 10459313
9470353 10459314
9467796 10459315
9480489 10459315
9488494 10459315
2626039 10459315
3953926 10459316
2600542 10459317
2623867 10459317
1072174 10459317
9488142 10459318
3953648 10459319
9481860 10459320
2758364 10459321
4088438 10459322
2757005 10459322
2666344 10459322
2616503 10459322
1091094 10459322
9478507 10459322
9553991 10459322
2760899 10459323
3953813 10459324
9536402 10459324
3953815 10459325
1090504 10459326
1090506 10459327
1090508 10459328
1090512 10459329
1090518 10459330
2725145 10459331
1066227 10459332
2685325 10459333
2689422 10459334
2689424 10459335
2689426 10459335
2706860 10459335
1090514 10459336
2691321 10459337
9478217 10459338
9461674 10459339
9465462 10459340
9479625 10459341
9476775 10459342
1090492 10459343
1090490 10459344
2617013 10459345
1090488 10459345
2806671 10459346
924487 10459347
3900941 10459348
2609588 10459349
2657502 10459350
2651993 10459351
2654013 10459352
1256346 10459353
2667165 10459354
2730070 10459355
9488168 10459356
9487465 10459356
2680109 10459356
2669030 10459357
1064745 10459358
9466850 10459359
2627155 10459359
10459360 10459361
2626050 10459362
2655095 10459363
2686911 10459364
2687781 10459365
9499019 10459366
1064835 10459367
1089729 10459368
2761380 10459369
2663451 10459370
2680807 10459371
2615874 10459372
963303 10459373
2729984 10459374
1064857 10459375
2697459 10459376
1064556 10459377
2611989 10459378
1089711 10459379
10459380 10459381
1064558 10459382
1934664 10459383
2660522 10459384
2682403 10459385
2756388 10459386
2674560 10459387
2653130 10459388
1067424 10459388
1912281 10459389
2626588 10459390
2616911 10459391
2761698 10459392
1801133 10459393
2666437 10459394
2676213 10459395
2761882 10459396
2753583 10459397
2616731 10459398
2661594 10459399
2761880 10459400
2603178 10459401
1064563 10459402
1060592 10459403
1091703 10459404
2604296 10459405
2603513 10459406
2602182 10459407
2609277 10459408
2603772 10459409
10459410 10459411
2654456 10459411
1089723 10459412
1090564 10459413
1090566 10459414
1089725 10459415
1090550 10459416
1090548 10459417
2617148 10459418
2616721 10459419
2660331 10459420
1064554 10459421
2656521 10459422
3903023 10459423
1090785 10459424
3881074 10459425
1090777 10459426
1091934 10459427
1089713 10459428
1091110 10459429
1090645 10459430
1089770 10459431
1090647 10459432
2617497 10459433
10459434 10459435
4161659 10459436
10459437 10459438
10459439 10459440
10459441 10459442
10459443 10459444
1090649 10459445
10459446 10459447
10459448 10459449
10459450 10459451
10459452 10459453
2603416 10459454
2678781 10459455
10459456 10459457
2615915 10459458
2687572 10459459
2600655 10459460
10459461 10459462
10459463 10459464
10459465 10459466
10459467 10459468
2600642 10459469
10459470 10459471
10459472 10459473
10459474 10459475
2600653 10459476
10459477 10459478
2622235 10459479
10459480 10459481
2607566 10459482
10459483 10459484
2599343 10459485
1089778 10459486
10459487 10459488
10459489 10459490
10459491 10459492
2619361 10459493
10459494 10459495
2691066 10459496
10459497 10459498
1089768 10459499
2604865 10459500
1089772 10459501
2599923 10459502
2611388 10459503
10459504 10459505
10459506 10459507
10459508 10459509
2611386 10459510
10459511 10459512
4142042 10459513
10459514 10459515
10459516 10459517
10459518 10459519
2604241 10459520
10459521 10459522
10459523 10459524
2601612 10459525
10459526 10459527
10459528 10459529
10459530 10459531
10459532 10459533
10459534 10459535
10459536 10459537
10459538 10459539
10459540 10459541
2604072 10459542
2604070 10459543
2611954 10459544
2626649 10459545
2613839 10459546
2599629 10459547
1059568 10459548
2600154 10459549
2622066 10459550
2665474 10459551
10459552 10459553
2652979 10459554
2619998 10459555
1060580 10459556
10459557 10459558
2617569 10459559
2694047 10459560
2590166 10459561
1059570 10459562
2226014 10459563
2713926 10459564
2737219 10459565
1065570 10459566
1090476 10459567
1090528 10459568
1090522 10459569
2626890 10459569
1090530 10459570
1090524 10459571
1090526 10459572
1064572 10459573
4067995 10459574
2619919 10459574
969015 10459575
1061843 10459576
1064378 10459577
1064589 10459578
1065453 10459579
1089361 10459580
851704 10459581
1092643 10459582
1064603 10459583
1088997 10459584
1064599 10459585
2661812 10459586
1065560 10459587
1065532 10459588
1065489 10459589
1290996 10459590
1091696 10459591
1065568 10459592
1088993 10459593
2608657 10459594
1088983 10459595
1064613 10459596
1064632 10459597
1064621 10459598
1091680 10459599
1064605 10459600
1064623 10459601
1066058 10459602
1091657 10459602
1091686 10459603
1093148 10459604
1066135 10459605
1091713 10459606
1066035 10459607
2601851 10459608
1089070 10459609
1064617 10459610
2696256 10459611
10459612 10459613
2746200 10459614
10459615 10459616
4370589 10459617
1089106 10459618
2692847 10459619
10459620 10459621
10459622 10459623
10459624 10459625
10459626 10459627
2612215 10459628
10459629 10459630
1064579 10459631
1064587 10459632
1088999 10459633
1064615 10459634
1091402 10459635
1088979 10459636
2806671 10459637
2704796 10459638
1065709 10459639
1065921 10459640
2704801 10459641
2706911 10459642
1065793 10459643
2697830 10459644
2699714 10459645
2696871 10459646
1065797 10459647
2651756 10459648
2651754 10459649
2704799 10459650
1065769 10459651
2606205 10459652
1088977 10459653
1066180 10459654
2624109 10459655
2683458 10459656
1089260 10459657
2704805 10459658
2688216 10459659
2605915 10459660
9482302 10459661
2684003 10459661
3120458 10459661
2650330 10459662
2605573 10459663
2706905 10459664
1064634 10459665
2226014 10459666
2674181 10459667
2687458 10459668
2653607 10459669
2676052 10459670
2687451 10459670
2687466 10459670
2714005 10459671
2751837 10459671
2683497 10459671
2686658 10459672
2687474 10459672
2684160 10459672
2624097 10459673
2683761 10459674
2680608 10459675
2599853 10459676
2685182 10459677
2542249 10459678
2738920 10459679
2687449 10459679
2686667 10459680
2751287 10459681
2686873 10459681
2686513 10459682
2686671 10459683
2710323 10459684
2648725 10459685
2623590 10459686
1294926 10459687
2686139 10459687
10459688 10459687
2753189 10459689
2684624 10459690
2687460 10459690
2685184 10459690
2675175 10459691
2743375 10459691
1064595 10459692
1293152 10459693
1065643 10459694
1064627 10459695
1172693 10459696
1064609 10459697
1063913 10459698
1064591 10459699
1064597 10459700
9469493 10459701
1063945 10459702
2758656 10459703
9476748 10459703
2740534 10459704
1065367 10459705
9465883 10459706
1065365 10459707
1064601 10459708
10459709 10459710
1066152 10459711
1092653 10459712
1066148 10459713
1072242 10459714
10459715 10459714
1088838 10459714
1091620 10459716
2617386 10459717
1090510 10459718
1091392 10459719
1090516 10459720
1091404 10459721
1090520 10459722
2612945 10459723
1064583 10459724
981602 10459725
1064607 10459726
1064611 10459727
1064581 10459728
1089005 10459729
1064585 10459730
1064636 10459731
1064593 10459732
2612993 10459733
2647242 10459734
1065893 10459735
1065889 10459736
4157576 10459737
1065891 10459738
2652469 10459739
9483031 10459740
9480493 10459741
2602074 10459742
2618748 10459743
4173627 10459744
9491733 10459745
9487816 10459746
1065751 10459747
1065755 10459748
1065753 10459749
1065757 10459750
835309 10459751
1065887 10459752
10459753 10459754
1065885 10459755
1107264 10459756
4082776 10459757
10459758 10459759
2616612 10459760
9464491 10459761
1107258 10459762
2600318 10459763
1065845 10459764
1065847 10459765
1089761 10459766
1064619 10459767
1089256 10459768
891703 10459769
1064675 10459770
10459771 10459772
2627841 10459773
2616237 10459774
1065614 10459775
10459776 10459777
851206 10459778
1089035 10459779
1255734 10459780
1016765 10459781
1089302 10459782
2669193 10459783
1064684 10459784
2618321 10459785
1173816 10459785
2631848 10459786
2892396 10459787
2892398 10459787
1107079 10459788
1064710 10459789
1091624 10459790
1091671 10459791
1064680 10459792
1064678 10459793
853498 10459794
1064688 10459795
1064698 10459796
1064702 10459797
1064663 10459798
1064667 10459799
853473 10459800
1089298 10459801
1064673 10459802
1064669 10459803
1064665 10459804
1091608 10459805
1064655 10459806
1064690 10459807
1064643 10459808
1064696 10459809
1064657 10459810
9561405 10459811
2603090 10459812
2616832 10459812
1064661 10459813
1064640 10459814
1065319 10459815
1064645 10459816
1064647 10459817
1089308 10459818
1089296 10459819
1064717 10459820
1064671 10459821
2608668 10459822
1089300 10459823
1064704 10459824
4238926 10459825
9464961 10459826
4068552 10459827
3927353 10459828
10459829 10459828
1064686 10459830
1065401 10459831
3952273 10459832
1065373 10459833
10459834 10459835
2701612 10459835
10459836 10459837
3918632 10459838
10459839 10459840
1065321 10459841
1065415 10459842
1064706 10459843
2736340 10459844
1064708 10459845
853500 10459846
1089304 10459847
1089310 10459848
853981 10459849
1064720 10459850
1089054 10459851
980613 10459852
2606412 10459853
1064649 10459854
1089306 10459855
1064700 10459856
3959441 10459857
1064693 10459858
1064682 10459859
1090306 10459860
1290567 10459861
2667153 10459862
2623063 10459863
2621934 10459864
2626982 10459865
860683 10459866
1091253 10459867
1290588 10459868
2610494 10459869
10459870 10459871
3452814 10459872
2651781 10459873
10459874 10459875
10459876 10459877
10459878 10459879
1299766 10459880
10459881 10459882
10459883 10459884
10459885 10459886
10459887 10459888
10459889 10459890
10459891 10459892
10459893 10459894
2739687 10459895
10459896 10459897
1290629 10459898
9492861 10459899
9466907 10459900
2599551 10459901
2667697 10459902
2667697 10459903
2609203 10459904
2625647 10459905
2622985 10459906
10459907 10459908
1090292 10459909
1090344 10459910
1092369 10459911
1090228 10459912
1090272 10459913
1090256 10459914
1066023 10459915
1090244 10459916
1090242 10459917
1066109 10459918
1066005 10459919
1066007 10459920
1090268 10459921
1066072 10459922
1090250 10459923
834819 10459924
1090258 10459925
1090246 10459926
1090238 10459927
1066056 10459927
1090280 10459928
1090264 10459929
1090252 10459929
1090274 10459930
1090262 10459931
1090254 10459932
1090276 10459933
1090270 10459934
1090236 10459935
1090278 10459936
1066090 10459937
1090240 10459938
1090248 10459939
1090260 10459940
1090182 10459941
1090126 10459941
1090124 10459942
1090218 10459943
1090140 10459944
1090230 10459945
10459946 10459947
9474316 10459948
3957345 10459949
9477499 10459950
9461706 10459951
4156241 10459952
9474907 10459953
1090234 10459954
9469180 10459955
10459956 10459957
10459958 10459959
10459960 10459961
9557592 10459962
1089944 10459963
10459964 10459965
4065756 10459966
1090220 10459967
1089942 10459968
1090132 10459969
1090188 10459970
1090192 10459971
1090190 10459972
1090202 10459973
1090206 10459974
1090204 10459975
1090194 10459976
1089952 10459977
10459978 10459979
2616195 10459980
1090052 10459981
1089958 10459982
1089948 10459983
1090282 10459983
1064525 10459984
1089974 10459985
1089923 10459986
920818 10459987
1090354 10459988
1089976 10459989
1089950 10459990
1089968 10459991
1089970 10459992
861562 10459993
1093168 10459994
1091129 10459995
1090677 10459996
10459997 10459998
1090711 10459999
3970393 10460000
9478984 10460001
1090771 10460002
9492844 10460003
10460004 10460005
1090681 10460006
2655288 10460007
2619116 10460007
3200663 10460008
2684645 10460009
3965228 10460010
2601476 10460011
3210787 10460011
2684553 10460012
2352864 10460013
1091263 10460014
10460015 10460016
2718344 10460017
3965226 10460018
2673004 10460019
1090751 10460020
1090606 10460021
2652599 10460022
1090719 10460023
2688412 10460024
1092276 10460025
2688406 10460026
2688416 10460027
9484016 10460028
2687903 10460029
10460030 10460031
1831837 10460032
1992146 10460033
9467987 10460034
9465229 10460035
10460036 10460037
10460038 10460039
2717963 10460040
2649644 10460041
10460042 10460043
9466818 10460044
10460045 10460046
10460047 10460048
10460049 10460050
10460051 10460052
10460053 10460054
2541745 10460055
1090749 10460056
1090713 10460057
2688423 10460058
1090622 10460059
1091257 10460060
2614492 10460061
1091313 10460062
10460063 10460064
10460065 10460066
10460067 10460068
10460069 10460070
10460071 10460072
10460073 10460074
9490497 10460075
1090791 10460076
2708273 10460077
5040028 10460078
10460079 10460080
2687241 10460081
9468630 10460082
9479150 10460083
3911567 10460084
9485666 10460085
9476959 10460086
2648689 10460087
2626005 10460088
4088434 10460089
2629849 10460090
2657139 10460091
9482277 10460092
9485655 10460093
2739576 10460094
10460095 10460096
9473396 10460097
9474216 10460098
9476188 10460099
10460100 10460101
9466917 10460102
2662379 10460103
9485064 10460104
9464737 10460105
9467765 10460106
9465015 10460107
9476100 10460108
9464896 10460109
10460110 10460111
9472161 10460112
10460113 10460114
10460115 10460116
9487593 10460117
9472280 10460118
9480631 10460119
9471401 10460120
1090747 10460121
1090628 10460122
1090753 10460122
1090624 10460123
10460124 10460125
10460126 10460127
10460128 10460129
3964822 10460130
10460131 10460132
9485067 10460133
2687905 10460134
9488799 10460135
10460136 10460137
1066217 10460138
10460139 10460140
10460141 10460142
9480982 10460143
10460144 10460143
9480536 10460145
10460146 10460147
10460148 10460149
3964281 10460150
3964293 10460151
2725228 10460152
1066192 10460153
1091321 10460154
2608186 10460154
10460155 10460156
10460157 10460156
3222457 10460158
10460159 10460160
10460161 10460162
3964263 10460163
3963366 10460164
10460165 10460166
10460167 10460168
10460169 10460170
10460171 10460172
10460173 10460174
10460175 10460176
10460177 10460178
1066213 10460179
2696041 10460180
9465607 10460181
9468495 10460182
2751482 10460183
2707819 10460184
3964817 10460185
10460186 10460187
3964275 10460188
10460189 10460190
2736305 10460191
3963448 10460192
10460193 10460194
10460195 10460196
9481709 10460197
10460198 10460199
10460200 10460201
10460202 10460203
10460204 10460205
3964267 10460206
3964824 10460207
3214414 10460208
10460209 10460210
10460211 10460212
10460213 10460214
10460215 10460216
5040176 10460217
5036005 10460218
10460219 10460220
10460221 10460222
10460223 10460224
10460225 10460226
3964675 10460227
10460228 10460229
1089469 10460230
1090687 10460231
1090643 10460232
1090767 10460233
10460234 10460235
10460236 10460237
10460238 10460239
10460240 10460241
5036068 10460242
2620871 10460243
2738572 10460244
2708267 10460245
2618425 10460246
9488416 10460247
9479069 10460248
9477231 10460248
10460249 10460250
5039316 10460251
10460252 10460253
2618264 10460254
10460255 10460254
9467128 10460256
2628796 10460257
1090743 10460258
2681750 10460259
1091570 10460260
9480864 10460261
1090765 10460262
2683371 10460263
9474528 10460264
1090641 10460265
10460266 10460267
9489978 10460268
1090741 10460269
2618372 10460270
10460271 10460272
2618431 10460273
9461887 10460274
2618354 10460275
1090635 10460276
10460277 10460278
1090633 10460279
10460280 10460281
1091287 10460282
1091282 10460283
9472038 10460284
10460285 10460286
10460287 10460288
9463011 10460289
2742211 10460290
10460291 10460292
10460293 10460294
10460295 10460296
9480129 10460297
10460298 10460299
1090683 10460300
1090795 10460301
1090685 10460302
1090637 10460303
10460304 10460305
1969549 10460306
10460307 10460308
10460309 10460310
10460311 10460312
2623989 10460313
2698094 10460314
2707817 10460315
10460316 10460317
1090689 10460318
2626466 10460319
1090639 10460320
1090693 10460321
1090755 10460322
1090739 10460323
1090691 10460324
1090797 10460325
1090604 10460326
1090715 10460327
10460328 10460329
10460330 10460331
10460332 10460333
2650338 10460334
10460335 10460336
10460337 10460338
10460339 10460340
10460341 10460342
10460343 10460344
3191078 10460345
10460346 10460347
2690774 10460348
5039657 10460349
10460350 10460351
10460352 10460353
2751825 10460354
2745520 10460355
2690850 10460356
5036552 10460357
1078872 10460358
10460359 10460360
10460361 10460362
2748013 10460363
10460364 10460365
2666497 10460366
2653254 10460367
9465699 10460368
10460369 10460370
2665370 10460371
10460372 10460373
10460374 10460375
10460376 10460377
10460378 10460379
1090480 10460380
1078718 10460381
1090769 10460382
3175562 10460383
2626509 10460384
1090695 10460385
1090602 10460386
10460387 10460388
2681899 10460389
10460390 10460391
3966786 10460392
10460393 10460394
2681498 10460395
10460396 10460397
10460398 10460399
10460400 10460401
10460402 10460403
10460404 10460405
2664940 10460406
10460407 10460408
10460409 10460410
9468192 10460411
10460412 10460413
3966818 10460414
3215804 10460415
2700316 10460416
10460417 10460418
9472247 10460419
10460420 10460421
1822475 10460422
10460423 10460424
9478545 10460425
2691436 10460426
10460427 10460428
1091841 10460429
2729791 10460430
2681901 10460431
9468989 10460432
9494895 10460433
2626450 10460434
10460435 10460436
3966816 10460437
9490076 10460438
1091355 10460439
2737867 10460440
9489565 10460440
1820023 10460441
2655660 10460442
2626428 10460443
2600630 10460444
9481044 10460445
1951452 10460446
2611363 10460447
10460448 10460449
1772174 10460450
2625075 10460450
2681841 10460451
10460452 10460451
10460453 10460454
5035605 10460455
2653985 10460456
3966408 10460457
10460458 10460459
2686627 10460460
2736549 10460461
10460462 10460463
9471422 10460463
2651154 10460464
910736 10460465
1092322 10460466
3176953 10460467
2609535 10460468
2738576 10460469
2662038 10460470
2659773 10460471
2681483 10460472
1090745 10460473
1090631 10460474
1090793 10460475
2665652 10460476
1290536 10460477
2735736 10460478
1090478 10460478
10460479 10460480
10460481 10460482
3933263 10460482
2656271 10460483
10460484 10460485
1686935 10460486
1064529 10460487
1090484 10460488
2789917 10460489
1090452 10460490
3882066 10460491
1065779 10460492
1065699 10460493
1065679 10460494
1065875 10460495
1065669 10460496
1065707 10460497
1065741 10460498
1065865 10460499
1065905 10460500
1065667 10460501
1065781 10460502
1065877 10460503
1065661 10460504
1065871 10460505
1065869 10460506
1065811 10460507
1065835 10460508
1090467 10460509
1065675 10460510
1065873 10460511
9475538 10460512
967069 10460513
9526207 10460514
10460515 10460516
10460517 10460518
4131002 10460519
10460520 10460521
10460522 10460523
10460524 10460525
10460526 10460527
10460528 10460529
10460530 10460531
9476011 10460532
10460533 10460534
10460535 10460536
9470039 10460537
10460538 10460539
10460540 10460541
10460542 10460543
10460544 10460545
10460546 10460547
10460548 10460549
1065959 10460550
9526623 10460550
9474973 10460550
9477667 10460551
2628356 10460552
10460553 10460554
10460555 10460556
10460557 10460558
4004428 10460559
10460560 10460559
10460561 10460562
3963743 10460563
9463152 10460564
10460565 10460566
10460567 10460568
10460569 10460570
10460571 10460572
3958698 10460573
10460574 10460575
10460576 10460577
10460578 10460579
10460580 10460581
9526816 10460582
10460583 10460584
10460585 10460586
10460587 10460588
1065961 10460589
10460590 10460591
10460592 10460593
10460594 10460595
10460596 10460597
1064527 10460598
1064544 10460599
10460600 10460601
1065197 10460602
10460603 10460602
1065125 10460604
1064965 10460605
1064901 10460606
1065079 10460607
1065193 10460608
1065105 10460609
9464320 10460610
9461768 10460611
1065087 10460612
1064921 10460613
1064911 10460614
1065165 10460615
1065257 10460616
1065203 10460617
1065019 10460618
1064907 10460619
1065139 10460620
9479988 10460621
1065135 10460622
1065227 10460623
1064899 10460624
1064534 10460625
1064536 10460626
4133782 10460627
4111849 10460628
10460629 10460630
1065634 10460631
10460632 10460633
4068715 10460634
9487335 10460635
2701566 10460636
4148871 10460637
4098628 10460638
10460639 10460640
10460641 10460642
3963626 10460643
1065823 10460644
1065919 10460645
3884325 10460646
1064548 10460647
1065349 10460648
1064540 10460649
1064538 10460650
1091500 10460651
1064542 10460652
2600125 10460653
1064977 10460654
1065191 10460655
1064873 10460656
1065159 10460657
1065095 10460658
1064963 10460659
1065069 10460660
1064893 10460661
1064971 10460662
1064961 10460663
1065013 10460664
1065229 10460665
1064895 10460666
1065009 10460667
1065201 10460668
1064945 10460669
1064891 10460670
1064546 10460671
1065005 10460672
1065223 10460673
1065163 10460674
1064969 10460675
1089465 10460676
1089467 10460677
1089463 10460678
1089461 10460679
1089459 10460680
1089453 10460681
1065057 10460682
1065055 10460683
1065247 10460684
1089451 10460685
1089449 10460686
1089455 10460687
1089457 10460688
1089447 10460689
1089445 10460690
10460691 10460692
2626921 10460693
10460694 10460695
10460696 10460697
842486 10460698
2671153 10460699
844374 10460700
2613028 10460701
10460702 10460703
10460704 10460705
10460706 10460707
10460708 10460709
10460710 10460709
10460711 10460709
2616682 10460712
1107262 10460713
5178125 10460714
1090399 10460715
1064728 10460716
842480 10460717
3958835 10460718
3958843 10460719
3950220 10460720
10460721 10460722
10460723 10460724
3982809 10460725
10460726 10460727
10205058 10460728
10460729 10460728
10460730 10460731
3958843 10460732
3950220 10460733
10460734 10460735
10460736 10460737
3982809 10460738
10460739 10460740
10460741 10460742
2633333 10460743
1659821 10460744
848731 10460745
1090412 10460746
1016551 10460747
7815936 10460748
2633333 10460749
1064722 10460750
2620391 10460751
2613084 10460752
3884342 10460753
9481313 10460753
835972 10460754
10460755 10460756
1089962 10460757
2604192 10460758
2643372 10460759
10460760 10460761
854401 10460762
842342 10460763
1016553 10460764
842344 10460765
854525 10460766
854444 10460767
10460768 10460769
2650755 10460770
1939105 10460771
835976 10460772
2604713 10460773
2662848 10460774
2658903 10460775
3782132 10460776
2665871 10460777
2608379 10460778
9478940 10460779
2628585 10460780
842478 9983363
2604192 10460781
844523 10460782
854270 10460783
835948 10460784
10203220 10460785
10219159 10460786
10460787 10460788
5140510 10460789
10203721 10460789
844521 10460790
1667188 10460791
854311 10460792
10460793 10460794
3957470 10460795
854352 10460796
1090011 10460797
1092399 10460798
1090009 10460799
1092782 10460800
844372 10460801
2654588 10460802
840671 9584210
841572 10460803
1256978 10460804
1256981 10460804
845179 10460805
4154502 10460806
840796 10460806
840673 10460806
2850740 10460806
2612403 10460807
837131 10460808
2625034 10460809
1232564 10460810
1246533 10460811
7807012 10460812
2617658 9983414
7805298 10460813
1279437 10460814
841643 10460815
1019085 10460816
1236497 10460817
10460818 10460819
8539554 10460820
7725839 10460821
1661471 10460822
2631906 10460823
1207460 10460824
2631834 10460825
841697 10460825
2603879 10460825
10460826 10460827
841421 10460828
1018519 10460829
1256284 10460830
2900976 10460831
837293 10460832
2615971 10460833
1998066 10460834
10460835 10460834
2744027 10460836
841239 10460836
853227 10460836
840743 10460837
2799739 10460838
840708 10460839
844684 10460840
7832212 10460841
841586 10460842
844332 10460843
3776408 10460844
2605482 10460845
2665726 10460846
837117 10460847
2632217 10460847
846109 10460847
1205792 10460848
851956 10460849
10460850 10460851
10460850 10460852
1770134 10460853
3882377 10460854
2619373 10460855
2612317 10460856
5140352 10460857
1278777 10460858
3778494 10460859
1664451 10460860
2606115 10460861
851548 10460862
10460863 10460864
3781166 10460865
835174 10460866
3777395 10460867
834805 10460868
2672867 10460869
2606747 9584235
844251 9584235
996995 10460870
997466 10460870
2871552 10460871
2639524 10460872
2822201 10460873
8541913 10460874
1238618 10460874
2939807 10460874
2667472 10460875
1251082 10460876
841415 10460877
840804 10460878
2604112 10460879
2612498 10460880
2612496 10460880
845841 10460881
1276222 10460882
841166 10460883
864615 10460884
841687 10460885
2603022 10460886
2638552 10460887
10460888 10460889
2603804 10460890
1257179 10460891
2662059 10460892
2681647 10460893
998074 10460894
995069 10460894
840782 10460894
997314 10460894
997356 10460894
841419 10460894
995260 10460894
4154502 10460895
2603879 10460896
1225965 10460897
3775124 10460898
2642533 10460899
997324 10460900
837141 10460901
7807554 10460902
10171936 10460903
2633279 10460903
841403 10460904
10460905 10460906
841391 10460907
841415 10460908
2612393 10460909
841389 10460910
2612622 10460911
2607850 10460911
841397 10460912
841409 10460913
1249848 10460914
1226451 10460915
841385 10460915
997207 10460916
997132 10460916
3011919 10460917
4547693 10460918
7807014 10460919
4006334 10460920
10460921 10460922
10460923 10460924
10460923 10460925
10460923 10460926
10460923 10460927
10460923 10460928
10460923 10460929
10460923 10460930
10460923 10460931
851350 10460932
2634049 10460933
1259088 10460934
851099 10460935
7704780 10460936
858338 10460937
1229901 10460938
10460939 10460938
1229319 10460940
2990303 10460941
842237 10460942
2600170 10460943
2900899 10460944
853395 10460945
1260876 10460946
7813666 10460947
3886921 10460948
4250178 10460949
864713 10460950
840786 10460951
844311 10460952
2972843 10460953
2744027 10460954
2602045 10460955
837035 10460956
2900976 10460957
3046349 10460958
1229229 10460959
3007364 10460960
1235352 10460960
7743620 10460961
2978033 10460962
10460963 10460964
997146 10460965
863651 10460965
840710 10460965
4545202 10460966
1201481 10460967
2976971 10460968
2610118 10460969
3773259 10460970
2630275 10460971
1673850 10460972
2614989 10460973
2962667 10460974
2838106 10460975
2883938 10460975
2871289 10460975
2900976 10460976
10460977 10460978
1258275 10460979
2986738 10460980
1251864 10460981
10460982 10460983
1276566 10460984
1200697 10460985
996194 10460986
2862026 10460987
1016946 10460988
1994717 10460989
841415 10460989
2612393 10460990
2631458 10460991
2612622 10460992
841389 10460992
7482775 10460993
10200630 10460994
841397 10460995
5135296 10460996
1216044 10460997
1224014 10460997
2982952 10460997
7812071 10460997
3024193 10460997
1235707 10460997
1220493 10460998
2954473 10460999
1223958 10461000
1224030 10461001
1223932 10461002
1254043 10461003
1201201 10461004
10461005 10461006
841545 10461007
3014122 10461008
1258537 10461009
2608414 10461010
841545 10461011
2871380 10461012
2822350 10461013
2775257 10461014
2837675 10461015
2664529 10461016
2645653 10461017
10461018 10461017
10461019 10461020
1262489 10461021
1258595 10461022
2871595 10461023
1259947 10461024
2822480 10461025
2610646 10461025
2837467 10461026
2627981 10461027
2610680 10461028
2676031 10461029
2603879 10461030
5135688 10461031
840770 10461032
2681204 10461033
1018643 10461034
2834482 10461035
2837467 10461036
2862085 10461036
845789 10461037
845882 10461037
2862085 10461038
840768 10461039
2653672 10461040
2601677 10461040
2900899 10461041
2834482 10461042
2862085 10461043
2837467 10461043
9502765 10461044
7805300 10461045
2892417 10461046
851350 10461047
841239 10461048
2600170 10461049
1018643 10461050
2611256 10461051
2637708 10461052
838246 10461053
2629179 10461053
2638062 10461054
10461055 10461056
2673531 10461057
838262 10461058
1259245 10461059
2604781 10461060
2599918 10461061
2649032 10461062
3882731 10461062
864395 10461063
2604048 10461064
2712117 10461065
1230067 10461066
831571 10461067
841687 10461068
2900924 10461069
2871519 10461069
840706 10461070
2844179 10461070
2844133 10461070
2775601 10461070
860585 10461071
10461072 10461073
1256974 10461074
2606643 10461075
1223948 10461076
10461077 10461078
2611256 10461079
2653672 10461080
2601677 10461080
2712117 10461080
2715430 10461081
844224 10461082
10461083 10461084
858972 10461085
1257804 10461086
10461087 10461088
10461089 10461090
840712 10461090
840712 10461090
2989807 10461091
2837902 10461092
2732993 10461093
2732885 10461094
2837461 10461095
831218 10461096
840737 10461097
7809686 10461098
2638647 10461099
2892350 10461100
2838182 10461101
2732885 10461102
2642038 10461103
2642666 10461103
853681 10461103
1204609 10461104
2634672 10461105
1019689 10461106
997146 10461107
2911076 10461108
2599918 10461109
2900875 10461110
2871499 10461111
1267610 10461112
10461113 10461114
10461115 10461114
1019004 10461116
10461117 10461118
2909417 10461119
2883988 10461120
1256658 10461121
2900887 10461122
1259395 10461123
10458034 10461124
995934 10461125
1254003 10461126
842253 10461127
2637487 10461128
842328 10461129
2672619 10461129
1017471 10461130
2602799 10461131
842354 10461132
4074751 10461133
2661863 10461134
2202535 10461135
2638701 10461136
842259 10461137
10461138 10461139
854507 10461140
10461141 10461142
842255 10461143
842257 10461144
854401 10461145
2661863 10461146
10461147 10461148
3774360 10461149
841609 10461150
2632662 10461151
845676 10461152
1254558 10461153
2638314 10461154
2964848 10461155
2612516 10461156
840625 10461156
2613235 10461157
2656234 10461158
2613235 10461158
1252409 10461159
2600504 10461160
840617 10461160
2602977 10461161
2602977 10461162
2612518 10461163
2617233 10461164
841819 10461165
2956361 10461166
2647962 10461167
2652214 10461167
840591 10461168
2647962 10461169
2652214 10461169
1243236 10461170
10461171 10461172
843239 10461173
837111 10461174
837410 10461175
3016406 10461176
852567 10461176
837095 10461177
2638153 10461178
2651207 10461178
2651205 10461178
2672680 10461178
2654510 10461178
2640896 10461178
1262574 10461179
2610366 10461180
840609 10461181
2608548 10461182
2608546 10461182
2617199 10461182
863530 10461183
2612917 10461184
2630083 10461185
1018749 10461186
1034887 10461187
1038801 10461188
1037628 10461189
1037342 10461190
1038855 10461191
1047966 10461192
1044671 10461193
1048134 10461194
1036649 10461195
1035704 10461196
1048291 10461197
1039005 10461198
1038833 10461199
1038718 10461200
1045774 10461201
1044199 10461202
1047617 10461203
1032970 10461204
1046190 10461205
1042878 10461206
1035995 10461207
1034869 10461208
1033327 10461209
1035678 10461210
1035929 10461211
1049830 10461212
1043989 10461213
1033540 10461214
3954640 10461215
2741569 10461216
2674896 10461217
2634829 10461217
1249547 10461218
1047985 10461219
862136 10461219
10461220 10461221
863184 10461222
863184 10461223
861947 10461224
1048144 10461225
1045728 10461226
863484 10461227
862037 10461228
1283980 10461229
862077 10461230
862093 10461231
862998 10461231
1050461 10461231
862116 10461231
1256269 10461232
1259803 10461233
2628281 10461234
10461235 10461236
862190 10461237
861863 10461238
1046036 10461239
861873 10461240
862249 10461241
2768582 10461242
1258360 10461243
2670238 10461244
1037431 10461245
862512 10461246
10461247 10461248
10461249 10461250
862697 10461251
1045129 10461251
862552 10461251
3886249 10461251
10461252 10461251
10461253 10461251
1037228 10461254
1032580 10461255
1045284 10461256
3928779 10461257
861644 10461257
862415 10461258
863045 10461259
863124 10461260
1041037 10461261
862901 10461262
864284 10461263
861790 10461264
2916456 10461265
861692 10461266
1034502 10461267
862876 10461268
862658 10461269
862452 10461270
861794 10461271
1034449 10461271
1043960 10461272
1036498 10461273
2652059 10461273
862925 10461274
1033572 10461275
855986 10461276
1051308 10461277
863206 10461278
862968 10461279
862484 10461280
861762 10461281
861875 10461282
862279 10461283
863062 10461284
1042330 10461285
863429 10461286
1035985 10461287
1034879 10461288
863016 10461289
2736096 10461290
2627438 10461291
1284950 10461292
861841 10461292
1035831 10461293
863088 10461294
861965 10461295
1034831 10461296
863136 10461297
2627617 10461298
862954 10461298
1036091 10461299
1047510 10461300
863148 10461301
862952 10461302
861684 10461303
2642058 10461304
2679843 10461305
2638876 10461306
2691199 10461307
1037169 10461308
862065 10461308
862130 10461309
863272 10461310
1048882 10461311
861640 10461312
10461313 10461314
1047554 10461315
862880 10461316
2613822 10461317
1037191 10461318
861849 10461319
863335 10461320
861823 10461320
2645179 10461320
2710126 10461321
861945 10461322
864277 10461323
1044720 10461324
2709996 10461324
1037070 10461325
862083 10461326
2632011 10461327
2627565 10461328
862081 10461329
862063 10461330
1042417 10461331
1046537 10461332
1049595 10461333
1047656 10461334
1045898 10461335
1041724 10461336
1044413 10461337
1032757 10461338
861604 10461339
862029 10461340
2633541 10461341
2660554 10461342
2626120 10461343
2639524 10461344
2656716 10461345
1043492 10461346
861594 10461347
862817 10461348
1042242 10461349
1042223 10461350
862642 10461350
834626 10461351
1036296 10461352
1036960 10461353
861772 10461354
1044918 10461355
1048129 10461356
861857 10461357
1035542 10461358
1039486 10461359
1040145 10461360
1035674 10461361
862122 10461361
863458 10461362
862821 10461363
2629856 10461364
1037144 10461365
863506 10461366
861620 10461367
861700 10461368
1042852 10461369
1043823 10461370
863280 10461371
862186 10461372
2629856 10461373
2735500 10461374
862974 10461375
1032968 10461376
2635206 10461377
861712 10461378
1035372 10461379
1048216 10461380
835950 10461381
2651069 10461381
862307 10461382
1048077 10461383
1041881 10461384
1033901 10461385
1042087 10461386
1045018 10461387
1035315 10461388
1034140 10461389
2627529 10461390
861584 10461391
2627587 10461392
863608 10461393
8549955 10461394
862061 10461394
1038754 10461395
840810 10461396
850986 10461396
1248288 10461397
1019897 10461398
2605610 10461399
840880 10461400
837245 10461401
1202039 10461402
2675164 10461403
2640159 10461403
2635812 10461404
3955701 10461405
840882 10461406
2613749 10461407
10461408 10461409
10461410 10461411
10461412 10461413
10461414 10461415
10461416 10461417
1660180 10461418
1279628 10461419
1216247 10461419
1019711 10461420
2626282 10461421
2613431 9586486
840888 9586499
3880969 9586499
1281696 10461422
840890 10461423
10461424 10461425
841496 10461426
1210501 10461427
1669947 10461428
842421 10461429
3782139 10461430
840896 10461431
837251 10461432
1019862 10461433
2638999 10461434
840898 10461435
1020060 10461436
861041 10461437
2653345 10461438
1016861 10461439
2645944 10461440
1019853 10461441
861043 10461442
1016848 10461443
1016856 10461444
1016846 10461445
861050 10461445
1016844 10461446
1016854 10461447
1092782 10461448
1016850 10461449
1016863 10461450
2669198 10461451
2644444 10461452
2655903 10461453
2663952 10461454
1092778 9990456
2669272 10461455
10461456 10461455
840936 9990569
837283 10461457
1212135 10461458
2624428 10461459
1019856 10461459
1019858 10461460
1211009 10461461
2603078 10461462
2638548 10461463
2644657 10461464
2610476 10461465
840946 10461466
1215595 10461466
7853052 10461466
1016727 10461467
2603121 10461468
2633624 10461468
2747379 10461468
1928616 10461468
2603267 10461469
2603670 10461470
2610122 10461471
1019865 9990606
2634522 10461472
2713101 10461473
2707246 10461474
840950 10461475
2600140 10461475
2600144 10461476
2634965 10461477
2607211 10461478
854264 10461479
2641600 10461480
2609223 10461481
2633450 10461482
2608996 10461483
2642573 10461484
2641789 10461485
2604457 10461486
2641253 10461487
2635301 10461488
2610485 10461489
2610057 10461490
2615495 10461491
2652229 10461492
10461493 10461494
2635526 10461495
859480 10461496
2614564 10461497
2630790 10461498
2602476 10461499
2644390 10461500
840900 10461501
2601559 10461502
842759 10461503
845366 10461504
855583 10461505
840904 10048379
859530 10461506
2636519 10461507
2645130 10461508
2652277 10461509
860047 10461510
854993 10461511
848956 10461512
860023 10461513
2636109 10461514
2637812 10461515
2637180 10461516
2635479 10461517
832483 10461518
854254 10461519
859494 10461520
2634245 10461521
2642884 10461522
860875 10461523
2615190 10461524
2634582 10461525
2691064 10461526
859664 10461527
2642710 10461528
832499 10461529
2641745 10461530
2633015 10461531
2646392 10461532
2636358 10461533
2690027 10461534
2636126 10461535
2645048 10461536
2692092 10461537
2634364 10461538
859913 10461539
2638686 10461540
2675035 10461541
832501 10461542
860073 10461543
2613110 10461544
10461545 10461546
3954204 10461547
2668051 10461548
854252 10461549
2658117 10461550
855693 10461551
2636840 10461552
2629412 10461553
840906 10461554
2634744 10461555
840924 10461556
1092778 10461557
840908 10461557
852700 10461558
2671400 10461558
840914 10461559
837263 10461560
855903 10461561
2713768 10461562
831971 10461563
840926 10461563
840922 10461564
1208314 10461565
859427 10461566
840910 10461567
854415 10461568
840930 10461569
2677847 10461570
834303 10461571
2614495 10461572
859530 10461573
855693 10461574
2636840 10461575
10461576 10461577
10461576 10461578
10461576 10461579
10461576 10461580
10461576 10461581
10461576 10461582
10461576 10461583
10461576 10461584
10461576 10461585
840928 10461586
840816 10461587
2630974 10461588
2667605 10461589
2604048 10461590
852411 10461590
1017351 10461591
2636197 10461592
1196964 10461593
2615857 10461594
2678388 10461594
2601803 10461594
2675401 10461594
2632701 10461594
2624476 10461595
1229295 10461596
2600892 10461597
2708699 10461598
2706513 10461599
2634665 10461600
2634028 10461601
2690052 10461602
10461603 10461604
2694694 10461604
840818 10461605
843850 10461605
2635851 10461606
2631642 10461607
2600892 10461608
2609980 10461608
1261157 10461609
10461610 10461609
8540813 10461611
858388 10461612
858019 10461612
858288 10461613
857971 10461613
858323 10461613
833195 10461613
857839 10461613
2734362 10461613
833150 10461614
857904 10461614
858566 10461615
857917 10461616
858127 10461617
2636830 10461617
2690980 10461617
858468 10461617
2701537 10461617
858401 10461618
857931 10461618
858267 10461618
2644225 10461618
858067 10461618
858258 10461618
2668199 10461619
857885 10461619
857823 10461620
2661615 10461621
2661617 10461622
840828 10461623
997743 10461623
996662 10461623
851979 10461623
2600892 10461624
3023071 10461625
7838133 10461626
2637103 10461627
2637105 10461627
853132 10461628
1016946 10461629
1266929 10461630
2006743 10461631
1225737 10461632
10461633 10461634
855408 10461635
856503 10461636
2605248 10461637
2612498 10461638
840673 10461638
10461639 10461640
2900887 9992042
1019911 9992076
2687752 10461641
2900841 10461642
2862037 10461642
2834789 10461642
1256662 10461643
1017351 10461644
3775182 10461645
1254657 10461646
2612498 10461647
2616417 10461648
1017351 10461649
2612498 10461650
1223699 10461651
2670317 10461652
1230032 10461653
2634628 10461654
852692 10461655
1256648 10461656
2600072 10461657
844253 10461657
2599918 10461657
2610023 10461657
1237088 10461658
10461659 10461658
1237088 10461660
845789 10461661
845882 10461661
897451 10461662
2605156 10461663
2604781 10461664
2605282 10461665
10461666 10461667
2604048 10461668
3375075 10461668
852411 10461668
2649828 10461669
1256899 10461670
1254657 10461671
1261975 10461672
2608946 10461673
2663511 10461674
2610040 10461675
2649032 10461676
3882731 10461676
5134319 10461677
2892532 10461678
2613299 10461679
2610428 10461680
2613993 10461681
3969439 10461682
2603980 10461683
6845949 10461684
5135763 10461685
10461686 10461687
6841172 10461688
2634028 10461689
840876 10461690
1019922 10461691
2663511 10461692
3882731 10461693
3882731 10461694
840832 10461695
841665 10461696
2837902 10461697
2862173 10461697
844609 10461698
1205208 10461699
1202200 10461700
840938 10461701
2717078 10461702
2964223 10461703
2797003 10461704
2811174 10461704
1807525 10461705
2862126 10461706
836599 10461707
2692750 10461708
2657156 10461708
1807525 10461709
1947207 10461710
2649056 10461711
844418 10461712
2707647 10461713
2644620 10461714
1257868 10461715
2837675 10461716
2900774 10461717
1019004 10461718
2909417 10461719
2645653 10461720
2664529 10461720
10461018 10461720
2645653 10461721
2664529 10461721
10461018 10461721
1019862 10461722
1261351 10461723
840812 9992527
2787680 9992527
2837574 10461724
2862026 10461725
2883770 10461726
2883772 10461726
7486000 10461727
2837574 10461728
2630974 10461729
2667605 10461730
2634665 10461731
2600444 10461732
2631239 10461732
855740 10461733
858468 10461734
2706513 10461735
858288 10461736
858323 10461736
833195 10461736
858401 10461737
2644225 10461737
858258 10461737
857971 10461738
857839 10461739
857904 10461740
857917 10461741
858388 10461742
858019 10461742
858566 10461743
2636830 10461744
2892448 10461745
858388 10461746
858019 10461746
858566 10461747
857917 10461748
2644225 10461749
858258 10461749
857885 10461750
851408 10461751
2988195 10461752
2605156 10461753
2605248 10461754
10461755 10461756
10461757 10461758
2631153 10461759
10461760 10461761
10461762 10461763
10461764 10461765
2614940 10461766
10461767 10461768
10461769 10461770
10461771 10461772
5175894 10461773
5176908 10461774
855408 10461775
1258226 10461776
840763 9992718
2827034 10461777
863682 10461778
1017941 10461779
859421 10461780
2837530 10461781
2900904 10461781
2600823 10461782
2644217 10461783
860438 10461784
2645896 10461785
2673742 10461786
10461787 10461788
863674 10461789
2837392 10461790
1215835 10461790
10461791 10461792
2600823 10461793
1016946 10461794
2610106 10461795
2600823 10461796
830342 10461797
10461798 10461799
1260804 10461800
2610644 10461801
2900875 10461802
1254032 10461803
1253976 10461804
10461805 10461806
2633038 10461807
840697 10461808
2822480 10461809
2886906 10461809
2834675 10461809
2883859 10461810
1237088 10461811
2634744 10461812
10461813 10461814
1259094 10461815
2600823 10461816
10461817 10461818
863674 10461819
852090 10461820
2636840 10461821
2638711 10461822
860875 10461823
2615190 10461824
2634582 10461825
2691064 10461826
859664 10461827
2642710 10461828
832499 10461829
2633015 10461830
832487 10461831
832469 10461832
832483 10461833
2635479 10461834
2652277 10461835
2637180 10461835
2634364 10461836
844005 10461837
833025 10461838
844609 10461839
1202791 10461840
1250492 10461841
4547013 10461842
2862173 10461843
2900871 10461844
2837463 10461845
839855 10461846
2862229 10461847
840533 10461847
522824 10461848
835886 10461848
10461849 10461848
1162223 10461848
2834783 10461850
845100 10461851
840629 10461852
837101 10461853
10461854 10461855
839670 10461856
2858117 10461857
10461858 10461859
834739 10461860
1257111 10461861
2838157 10461861
1252560 10461862
835878 10461863
835782 10461864
10461854 10461865
351703 10461865
10460818 10461865
2811045 10461865
1259364 10461862
1259333 10461866
845100 10461866
1259004 10461867
1239660 10461868
1162223 10461869
3782363 10461870
840780 10461871
2900887 10461872
997737 10461873
10461610 10461874
1265668 10461875
10461610 10461876
2600027 10461877
2176187 10461878
2597832 10461879
1019897 10461880
10461881 10461882
10461883 10461884
10461885 10461886
2166939 10461887
2166939 10461888
844454 10461889
2837382 10461890
1240246 10461891
2785936 10461892
840256 10461893
1253903 10461894
2900914 10461895
2900703 10461896
840571 10461897
1259897 10461898
835876 10461899
84480 10461900
723662 10461900
395555 10461900
4209739 10461900
693359 10461900
116423 10461900
835886 10461900
998506 10461900
3626343 10461900
1549239 10461900
3829469 10461900
1169412 10461900
1000346 10461900
649684 10461900
723662 10461901
1169412 10461902
649684 10461902
1215994 10461903
395555 10461904
3829469 10461904
2166939 10461905
176830 10461906
1410988 10461906
1295659 10461906
339004 10461906
116423 10461906
3856190 10461906
4545844 10461906
1258388 10461906
1549239 10461906
10461907 10461906
10461908 10461906
10461909 10461906
1260282 10461910
1259002 10461911
1257021 10461912
1257023 10461912
10461913 10461914
7753425 10461914
1236247 10461915
1000346 10461916
10461917 10461918
693359 10461919
4497278 10461920
840573 10461921
837191 10461922
426868 10461923
837191 10461923
1381162 10461923
840061 10461924
1265479 10461925
2871482 10461926
2862126 10461926
837117 10461926
1019540 10461926
837117 10461927
837181 10461928
1260261 10461929
2633893 10461930
2632044 10461931
860977 10461932
2644306 10461933
10461934 10461935
2664464 10461936
2883874 10461937
2892474 10461937
2834783 10461938
2838028 10461939
2892403 10461939
2862136 10461939
2892474 10461939
2676029 10461940
2639911 10461940
2676029 10461941
1016506 10461942
2614232 10461942
1204083 10461943
1259548 10461944
1259548 10461944
1482266 10461945
1255664 10461946
1203618 10461947
2639864 10461948
1016506 10461949
2633226 10461950
1259895 10461951
10461952 10461953
2633226 10461954
2871545 10461955
2862276 10461955
2901012 10461955
838933 10461956
2660181 10461957
2612485 10461958
838915 10461958
847492 10461959
839048 10461960
839142 10461961
2742025 10461962
2702742 10461962
839226 10461962
2679711 10461963
4545708 10461964
1258215 10461964
7733537 10461965
840535 10461966
2900774 10461967
10461968 10461969
2601629 10461970
1019658 10461971
2837490 10461971
10220975 10461972
2628997 10461973
464122 10461974
2834783 10461975
10461976 10461977
1241756 10461978
10461979 10461980
1019073 10461981
10461982 10461983
10461984 10461985
2639087 10461986
2603096 10461987
1255503 10461988
10205270 10461989
10461990 10461991
853883 10461992
3448962 10461993
761518 10461993
10461994 10461993
2837716 10461995
851844 10461996
2628997 10461997
2645044 10461998
1202904 10461999
1202904 10462000
2909395 10462001
2883798 10462002
2883796 10462002
2884179 10462002
10166049 10462003
4280439 10462004
2604112 10462005
2644240 10462006
2612498 10462007
1259709 10462007
2892505 10462008
996841 10462008
851529 10462009
1018397 10462010
849941 10462011
3372036 10462012
2892293 10462013
849943 10462013
2871495 10462013
2871423 10462013
2862186 10462014
2884128 10462014
10462015 10462016
1259909 10462017
1255922 10462017
849945 10462018
2641985 10462019
2787674 10462020
2793155 10462021
2610812 10462022
840625 10462023
1019670 10462023
841647 10462024
840629 10462025
842300 10462025
2837977 10462026
1258903 10462026
1259922 10462027
842300 10462028
837428 10462029
2698388 10462030
339004 10462031
522824 10462031
106453 10462031
1212172 10462032
2892464 10462033
2645044 10462034
2901024 10462035
837428 10462036
2647962 10462037
2645044 10462038
1253222 10462039
837428 10462040
1254522 10462041
3913855 10462042
2634829 10462042
2674896 10462043
1259821 10462044
1254285 10462045
1252126 10462045
1260139 10462045
1214771 10462046
1199389 10462047
1020833 10462048
1197583 10462048
1198173 10462048
1240175 10462049
1199172 10462049
1199315 10462049
1199142 10462049
1197927 10462049
1197959 10462049
1198722 10462049
1197955 10462049
1216307 10462050
3050472 10462050
1198459 10462051
1201369 10462051
7906027 10462051
4139820 10462051
10462052 10462051
1202620 10462051
2664995 10462051
1301572 10462051
1215250 10462051
1208537 10462053
1264254 10462053
3010464 10462053
1229171 10462053
3024667 10462053
10462054 10462053
10462055 10462053
1223220 10462053
1252204 10462053
1266309 10462053
1203719 10462053
10462056 10462053
2666753 10462053
1223483 10462053
10462057 10462053
10462058 10462053
10462059 10462053
1254589 10462053
1254556 10462053
1207855 10462053
1254592 10462053
1208064 10462053
1212763 10462053
1248742 10462053
1214316 10462053
2964771 10462053
10462060 10462053
1229725 10462053
2963987 10462053
1254568 10462053
1254550 10462053
1254548 10462053
1254572 10462053
1254541 10462053
1212726 10462053
1242779 10462053
1226300 10462053
2966368 10462053
2965514 10462053
2969411 10462053
1212841 10462053
1232581 10462053
1228871 10462053
10462061 10462053
1210187 10462053
1227542 10462053
1227472 10462053
1264400 10462053
1235289 10462053
2961584 10462053
1239281 10462053
1212343 10462053
1207436 10462053
10462062 10462053
3003158 10462053
1210189 10462053
1232579 10462053
2967241 10462053
10462063 10462053
1226367 10462053
3001432 10462053
10462064 10462053
1229727 10462053
2983758 10462053
1216702 10462053
1243161 10462053
1243609 10462053
1218939 10462053
1210239 10462065
1200261 10462065
1227591 10462066
10462067 10462066
2938961 10462066
10462068 10462066
10462069 10462066
2981088 10462066
3012313 10462066
10462070 10462066
1227524 10462066
1208382 10462071
7488989 10462072
1198921 10462073
1251619 10462074
1200971 10462075
1020849 10462076
1197906 10462077
2621473 10462078
1198477 10462079
1950753 10462080
1198513 10462081
1215278 10462082
1197973 10462082
2666767 10462082
2690485 10462083
1217779 10462084
2731285 10462085
997999 10462085
1961968 10462086
2672785 10462086
2657014 10462087
2659144 10462088
2621738 10462088
2706129 10462089
998506 10462090
106453 9995680
2837977 10462091
1410988 10462092
134828 10462092
568303 10462092
546918 10462092
1254664 10462093
1254666 10462094
2822432 10462095
1254670 10462096
1254675 10462097
1254696 10462098
1254698 10462099
1254718 10462099
10462100 9995817
1252804 9995817
10462101 9995817
2998174 9995817
1253666 9995817
10462102 9995817
2980072 10462103
2871505 10462104
1252972 10462105
1254370 10462106
2794823 10462107
1256284 10462108
1258660 10462109
10462110 10462111
2624608 10462111
1223256 10462112
3780222 10462113
5137297 10462113
997255 10462114
5137297 10057058
2957550 10462115
1202053 10462116
1203765 10462117
1270717 10462118
2646747 10462119
10462120 10462121
1275920 10462122
1267388 10462123
1274250 10462123
1274208 10462123
1274210 10462124
10462125 10462124
1208983 10462124
10462126 10462124
2971251 10462124
10462127 10462128
2946856 10462128
1257946 10462129
2629146 10462130
1200739 10462131
3775284 10462132
7487122 10462133
10462134 10462135
3776115 10462136
3780117 10462137
2642058 10462138
2679843 10462139
2638876 10462140
2691199 10462141
2645179 10462142
2710126 10462143
2709996 10462144
3000439 10462145
2633541 10462146
2660554 10462147
2639524 10462148
2656716 10462149
3774453 10462150
1020306 10462151
10462152 10462153
840747 10462154
2603933 10462154
1251078 10462154
2751876 10462154
841681 10462155
837097 10462156
1207424 10462157
840737 10462158
842688 10462158
1092778 10462159
840739 10462159
2871357 10462160
1257870 10462161
4321986 10462162
846668 10462163
285625 10462164
996200 10462165
997008 10462166
4547063 10462167
2900914 10462168
2883794 10462168
1224066 10462169
1260284 10462170
10462171 10462172
7732877 10462173
2998374 10462174
1258953 10462175
10462176 10462177
965517 10462178
1260054 10462179
3881351 10462180
3881351 10462181
3881351 10462182
3881351 10462183
3881351 10462184
3881351 10462185
3881351 10462186
3881351 10462187
3881351 10462188
995566 10462189
1260544 10462190
1260544 10462190
2901022 10462191
2782300 10462191
8547103 10462192
1259562 10462193
2782301 10462194
837345 10462195
1216291 10462196
2603386 10462196
240819 10462197
2695765 10462198
2630128 10462199
1258492 10462200
1017389 10462201
4544326 10462202
2603026 10462203
2614280 10462204
2616067 10462205
1260040 10462206
1053513 10462207
10462208 10462209
1260042 10462210
1476812 10462211
1258942 10462212
840689 10462213
837059 10462214
2805417 10462215
2776508 10462215
2805415 10462215
998074 10462216
6317527 10462216
2837926 10462217
1257804 10462218
1253172 10462219
2822209 10462220
3022909 10462221
2681204 10462222
3898489 10462223
10461984 10462223
996200 10462223
10462224 10462225
10461610 10462226
1262695 10462227
1262467 10462228
10220976 10462229
4544580 10462230
2886864 10462230
2805417 10462231
2776508 10462231
2805415 10462231
1260345 10462232
2986670 10462233
4250175 10462234
10462235 10462236
10169333 10462237
3900331 10462238
1211946 10462238
2942266 10462239
1224028 10462240
3010606 10462240
2612622 10462241
10462242 10462243
10202110 10462244
10462245 10462246
10201630 10462247
10201571 10462248
10172013 10462249
3898634 10462250
10201649 10462251
10462252 10462253
10462254 10462255
10218074 10462256
10462257 10462258
3779956 10462259
10462260 10462259
10462261 10462262
10462263 10462264
10462265 10462266
10462267 10462268
10462269 10462270
10202691 10462271
10218081 10462272
6317210 10462273
10219324 10462274
10462275 10462276
10462277 10462278
10217855 10462279
3954147 10462280
3916820 10462281
10462282 10462283
10170737 10462284
2639524 10462284
10462285 10462286
10462287 10462288
10462289 10462290
10462291 10462292
2639489 10462293
2644637 10462294
2643859 10462295
10462296 10462297
1673317 10462297
10216690 10462298
10462299 10462300
10462301 10462302
10462303 10462304
3777535 10462305
10462306 10462307
1223260 10462308
6316697 10462309
10462310 10462311
10462312 10462313
1216188 10462314
10462315 10462316
10462317 10462318
10204405 10462319
10462320 10462321
10462322 10462323
10462324 10462325
10462326 9590456
10462327 10462328
10216543 10462329
10462330 9997525
10462331 10462332
10462333 10462334
10462335 10462336
10462337 10462338
10462339 10462340
10462341 10462342
10462343 10462344
10462345 10462346
10462347 10462348
10462349 10462350
1180420 10462351
10462352 10462353
10462354 10462355
10462356 10462357
10462358 10462359
10462360 10462361
10462362 10462363
10462364 10462365
10462366 10462367
10462368 10462369
10462370 10462371
10462372 10462373
10462374 10462375
10462376 10462377
10462378 10462379
10462380 10462381
10462382 10462383
10462384 10462385
10462386 10462387
10462388 10462389
10462390 10462391
10462392 10462393
10462394 10462395
10462396 10462397
10462398 10462399
10462400 10462401
10462402 10462403
10462404 10462405
10210215 10462406
10462407 10462408
10462409 10462410
1205380 10462411
10462412 10462413
3983560 10462414
1200825 10462415
2609203 10462416
4253590 10462417
1259162 10462418
1243348 10462419
1210467 10462420
10462421 10462422
834897 10462423
10462424 10462425
834901 10462426
3778186 10462427
3778721 10462428
3780909 10462429
3778282 10462430
3779664 10462431
3775819 10462432
10462433 10462434
3778735 10462435
3779132 10462436
3778725 10462437
3776162 10462438
1090679 10462439
3778268 10462439
2669528 10462440
3780989 10462441
3781046 10462442
3780939 10462443
3778808 10462444
3780205 10462445
3776882 10462446
3776685 10462447
3774507 10462448
3778446 10462449
3778087 10462450
3780548 10462451
3778916 10462452
3774731 10462453
3780525 10462454
3777720 10462455
3778909 10462456
3777386 10462457
3777353 10462458
3778394 10462459
3781090 10462460
3778433 10462461
3777498 10462462
3778451 10462463
3777678 10462464
3778682 10462465
3772798 10462466
3772800 10462467
3782712 10462468
3781139 10462469
3775742 10462470
3778729 10462471
3774726 10462472
3780862 10462473
3781915 10462474
3775348 10462475
3773613 10462476
3780993 10462477
3774516 10462478
3912316 10462479
7734806 10462480
10462481 10462482
10462481 10462483
10462481 10462484
2963969 10462485
2987226 10462486
10462481 10462487
10462481 10462488
10462481 10462489
10462481 10462490
10462481 10462491
10462481 10462492
3777148 10462493
1214655 10462494
995994 10462495
2541420 10462496
2622294 10462497
2620204 10462497
2676596 10462498
2586767 10462499
2679104 10462500
2746451 10462501
2691925 10462502
2694041 10462502
2681417 10462502
2632947 10462502
2602551 10462502
2683293 10462503
1174335 10462504
2609782 10462505
1090387 10462506
995994 10462507
