11813769 11457385
11814215 11457385
11815872 11466685
11815798 11466685
11815915 11466685
11815386 11466685
11815458 11466685
11815514 11466685
11815559 11466685
11815787 11466685
11815860 11466685
11816019 11466685
11816020 11466685
11816085 11466685
11816086 11466685
11816159 11466685
11816160 11466685
11816214 11466685
11816282 11466685
11816341 11466685
11816392 11466685
11816454 11466685
11816517 11466685
11816577 11466685
11816578 11466685
11816661 11466685
11816721 11466685
11816722 11466685
11816801 11466685
11815664 11466685
11815737 11466685
11815626 11466685
11815347 11466685
7927932 11468091
11815799 11468091
11815916 11468091
11815459 11468091
11815515 11468091
11815560 11468091
11815788 11468091
11815861 11468091
11815862 11468091
11815863 11468091
11815973 11468091
11816021 11468091
11816022 11468091
11816023 11468091
11816087 11468091
11816088 11468091
11816089 11468091
11816090 11468091
11816091 11468091
11816161 11468091
11816215 11468091
11816283 11468091
11816342 11468091
11816393 11468091
11816455 11468091
11816518 11468091
11816579 11468091
11816662 11468091
11816663 11468091
11816723 11468091
11816724 11468091
11816725 11468091
11816802 11468091
11816803 11468091
11816885 11468091
11816886 11468091
11815617 11468091
11815733 11468091
11815672 11468091
11815402 11468091
11815581 11469361
11815634 11469361
11815873 11469361
11815800 11469361
11815917 11469361
11816123 11469361
11816264 11469361
11815516 11469361
11815561 11469361
11815789 11469361
11815974 11469361
11816024 11469361
11816092 11469361
11816093 11469361
11816162 11469361
11816163 11469361
11816164 11469361
11816165 11469361
11816216 11469361
11816343 11469361
11816344 11469361
11816394 11469361
11816456 11469361
11816519 11469361
11816580 11469361
11816664 11469361
11816726 11469361
11816727 11469361
11816728 11469361
11816804 11469361
11816887 11469361
11816888 11469361
11815736 11469361
11815469 11469361
11817031 11469361
11815874 11470669
11815801 11470669
11815918 11470669
11816124 11470669
11815582 11470669
11815635 11470669
11815562 11470669
11815790 11470669
11815864 11470669
11815913 11470669
11816025 11470669
11816026 11470669
11816094 11470669
11816095 11470669
11816096 11470669
11816097 11470669
11816217 11470669
11816218 11470669
11816219 11470669
11816220 11470669
11816284 11470669
11816345 11470669
11816395 11470669
11816457 11470669
11816520 11470669
11816581 11470669
11816665 11470669
11816666 11470669
11816667 11470669
11816729 11470669
11816730 11470669
11816731 11470669
11816805 11470669
11816806 11470669
11816889 11470669
11816890 11470669
11815735 11470669
11815527 11470669
11817032 11470669
11815875 11472006
11815802 11472006
11815919 11472006
11816125 11472006
11815791 11472006
11815975 11472006
11816027 11472006
11816098 11472006
11816099 11472006
11816100 11472006
11816221 11472006
11816222 11472006
11816223 11472006
11816224 11472006
11816225 11472006
11816285 11472006
11816346 11472006
11816347 11472006
11816348 11472006
11816396 11472006
11816458 11472006
11816521 11472006
11816582 11472006
11816583 11472006
11816584 11472006
11816668 11472006
11816732 11472006
11816733 11472006
11816807 11472006
11816891 11472006
11816892 11472006
11816893 11472006
11816977 11472006
11815621 11472006
11815673 11472006
11815745 11472006
11815578 11472006
11815876 11473213
11815803 11473213
11815920 11473213
11816126 11473213
11815792 11473213
11816028 11473213
11816029 11473213
11816101 11473213
11816102 11473213
11816166 11473213
11816167 11473213
11816168 11473213
11816226 11473213
11816227 11473213
11816228 11473213
11816229 11473213
11816286 11473213
11816287 11473213
11816288 11473213
11816289 11473213
11816349 11473213
11816397 11473213
11816398 11473213
11816399 11473213
11816459 11473213
11816522 11473213
11816523 11473213
11816524 11473213
11816585 11473213
11816586 11473213
11816669 11473213
11816670 11473213
11816734 11473213
11816735 11473213
11816736 11473213
11816808 11473213
11816809 11473213
11816894 11473213
11816895 11473213
11816978 11473213
11815674 11473213
11815744 11473213
11815633 11473213
11815877 11474460
11815804 11474460
11815921 11474460
11816127 11474460
11815793 11474460
11816030 11474460
11816031 11474460
7927864 11474460
11816103 11474460
11816104 11474460
11816105 11474460
11816106 11474460
11816169 11474460
11816170 11474460
11816230 11474460
11816231 11474460
11816232 11474460
11816233 11474460
11816234 11474460
11816235 11474460
11816236 11474460
11816290 11474460
11816291 11474460
11816292 11474460
11816350 11474460
11816400 11474460
11816460 11474460
11816525 11474460
11816526 11474460
11816587 11474460
11816588 11474460
11816671 11474460
11816672 11474460
11816737 11474460
11816738 11474460
11816810 11474460
11816811 11474460
11816812 11474460
11816896 11474460
11816897 11474460
11816898 11474460
11816979 11474460
11817040 11474460
11817041 11474460
11815734 11474460
11816184 11474460
11815681 11474460
11815878 11475635
11815805 11475635
11815922 11475635
11816128 11475635
11816316 11475635
11815794 11475635
11816032 11475635
11816033 11475635
11816107 11475635
11816108 11475635
11816171 11475635
11816172 11475635
11816237 11475635
11816238 11475635
11816239 11475635
11816240 11475635
11816241 11475635
11816293 11475635
11816351 11475635
11816352 11475635
11816353 11475635
11816401 11475635
11816402 11475635
11816461 11475635
11816462 11475635
11816463 11475635
11816527 11475635
11816528 11475635
11816589 11475635
11816590 11475635
11816673 11475635
11816674 11475635
11816739 11475635
11816740 11475635
11816741 11475635
11816813 11475635
11816814 11475635
11816899 11475635
11816900 11475635
11816901 11475635
11816980 11475635
11816981 11475635
11815746 11475635
11817095 11475635
11817148 11475635
11815879 11476867
11815806 11476867
11815923 11476867
11816129 11476867
11816034 11476867
11816109 11476867
11816110 11476867
11816173 11476867
11816174 11476867
11816175 11476867
11816176 11476867
11816177 11476867
11816178 11476867
11816242 11476867
11816243 11476867
11816244 11476867
11816245 11476867
11816246 11476867
11816294 11476867
11816354 11476867
11816355 11476867
11816403 11476867
11816464 11476867
11816529 11476867
11816591 11476867
11816592 11476867
11816675 11476867
11816676 11476867
11816742 11476867
11816743 11476867
11816815 11476867
11816816 11476867
11816817 11476867
11816818 11476867
11816902 11476867
11816903 11476867
11816982 11476867
11816983 11476867
11817042 11476867
11817043 11476867
11817044 11476867
11815795 11476867
11817149 11476867
11815880 11478073
11815924 11478073
11816130 11478073
11816035 11478073
11816111 11478073
11816112 11478073
11816113 11478073
11816179 11478073
11816180 11478073
11816181 11478073
11816247 11478073
11816248 11478073
11816249 11478073
11816295 11478073
11816296 11478073
11816356 11478073
11816357 11478073
11816404 11478073
11816405 11478073
11816406 11478073
11816465 11478073
11816466 11478073
11816530 11478073
11816593 11478073
11816677 11478073
11816678 11478073
11816744 11478073
11816745 11478073
11816746 11478073
11816747 11478073
11816819 11478073
11816820 11478073
11816904 11478073
11816905 11478073
11816984 11478073
11816985 11478073
11817045 11478073
11817046 11478073
11817102 11478073
11817103 11478073
11815865 11478073
11815980 11478461
11815409 11478461
11816640 11478461
11814222 11478461
11814826 11478461
11813227 11478461
11813195 11478461
11813165 11478461
11813289 11478461
11813310 11478461
11813263 11478461
11813244 11478461
11813077 11478461
11817605 11478461
3950528 11478461
11815925 11480658
11816131 11480658
11816036 11480658
11816114 11480658
11816182 11480658
11816250 11480658
11816251 11480658
11816297 11480658
11816358 11480658
11816359 11480658
11816407 11480658
11816467 11480658
11816468 11480658
11816469 11480658
11816531 11480658
11816594 11480658
11816595 11480658
11816596 11480658
11816597 11480658
11816679 11480658
11816748 11480658
11816749 11480658
11816821 11480658
11816822 11480658
11816823 11480658
11816824 11480658
11816906 11480658
11816907 11480658
11816986 11480658
11816987 11480658
11817047 11480658
11817048 11480658
11817104 11480658
11815914 11480658
11817197 11480658
11816132 11481853
11816037 11481853
11816115 11481853
11816252 11481853
11816298 11481853
11816299 11481853
11816360 11481853
11816361 11481853
11816408 11481853
11816470 11481853
11816471 11481853
11816532 11481853
11816533 11481853
11816534 11481853
11816598 11481853
11816599 11481853
11816680 11481853
11816681 11481853
11816750 11481853
11816751 11481853
11816752 11481853
11816825 11481853
11816826 11481853
11816827 11481853
11816908 11481853
11816909 11481853
11816910 11481853
11816988 11481853
11816989 11481853
11817049 11481853
11817050 11481853
11817051 11481853
11817105 11481853
11817106 11481853
11815977 11481853
11817198 11481853
11816187 11483026
11816133 11483026
11816038 11483026
11816116 11483026
11816183 11483026
11816253 11483026
11816300 11483026
11816301 11483026
11816302 11483026
11816362 11483026
11816409 11483026
11816472 11483026
11816473 11483026
11816474 11483026
11816535 11483026
11816600 11483026
11816601 11483026
11816602 11483026
11816682 11483026
11816753 11483026
11816754 11483026
11816828 11483026
11816911 11483026
11816912 11483026
11816913 11483026
11816990 11483026
11816991 11483026
11817052 11483026
11817053 11483026
11817107 11483026
11817152 11483026
11815978 11483026
11816134 11484162
11816117 11484162
11816254 11484162
11816255 11484162
11816303 11484162
11816363 11484162
11816364 11484162
11816410 11484162
11816411 11484162
11816475 11484162
11816476 11484162
11816477 11484162
11816478 11484162
11816536 11484162
11816537 11484162
11816538 11484162
11816603 11484162
11816604 11484162
11816605 11484162
11816683 11484162
11816684 11484162
11816755 11484162
11816756 11484162
11816829 11484162
11816830 11484162
11816831 11484162
11816914 11484162
11816915 11484162
11816916 11484162
11816992 11484162
11816993 11484162
11817054 11484162
11817055 11484162
11817108 11484162
11817109 11484162
11817153 11484162
11817154 11484162
11816039 11484162
11817245 11484162
11816122 11485283
11816256 11485283
11816304 11485283
11816365 11485283
11816412 11485283
11816413 11485283
11816479 11485283
11816480 11485283
11816481 11485283
11816539 11485283
11816606 11485283
11816607 11485283
11816608 11485283
11816685 11485283
11816757 11485283
11816758 11485283
11816832 11485283
11816833 11485283
11816834 11485283
11816835 11485283
11816836 11485283
11816917 11485283
11816918 11485283
11816919 11485283
11816920 11485283
11816921 11485283
11816922 11485283
11816994 11485283
11816995 11485283
11816996 11485283
11817056 11485283
11817110 11485283
11817155 11485283
11817200 11485283
11816040 11485283
11816118 11485283
11816135 11486358
11816257 11486358
11816305 11486358
11816366 11486358
11816367 11486358
11816414 11486358
11816415 11486358
11816482 11486358
11816483 11486358
11816484 11486358
11816540 11486358
11816541 11486358
11816609 11486358
11816610 11486358
11816611 11486358
11816686 11486358
11816687 11486358
11816759 11486358
11816760 11486358
11816837 11486358
11816838 11486358
11816839 11486358
11816923 11486358
11816924 11486358
11816925 11486358
11816997 11486358
11816998 11486358
11817057 11486358
11817058 11486358
11817059 11486358
11817111 11486358
11817112 11486358
11817156 11486358
11817157 11486358
11817201 11486358
11817202 11486358
11816041 11486358
11816119 11486358
11816136 11487420
11816258 11487420
11816306 11487420
11816307 11487420
11816368 11487420
11816416 11487420
11816417 11487420
11816485 11487420
11816486 11487420
11816542 11487420
11816612 11487420
11816613 11487420
11816688 11487420
11816761 11487420
11816762 11487420
11816840 11487420
11816841 11487420
11816842 11487420
11816843 11487420
11816926 11487420
11816927 11487420
11816928 11487420
11816929 11487420
11816999 11487420
11817060 11487420
11817113 11487420
11817158 11487420
11817203 11487420
11817247 11487420
11816120 11487420
11816259 11488466
11816308 11488466
11816369 11488466
11816418 11488466
11816487 11488466
11816488 11488466
11816489 11488466
11816543 11488466
11816544 11488466
11816614 11488466
11816615 11488466
11816616 11488466
11816689 11488466
11816690 11488466
11816763 11488466
11816764 11488466
11816765 11488466
11816766 11488466
11816844 11488466
11816845 11488466
11816846 11488466
11816930 11488466
11816931 11488466
11816932 11488466
11817000 11488466
11817001 11488466
11817061 11488466
11817062 11488466
11817063 11488466
11817114 11488466
11817115 11488466
11817159 11488466
11817160 11488466
11817161 11488466
11817204 11488466
11817205 11488466
11817248 11488466
11817249 11488466
11817250 11488466
11816121 11488466
11816185 11488466
11816309 11489524
11816370 11489524
11816419 11489524
11816490 11489524
11816491 11489524
11816545 11489524
11816617 11489524
11816618 11489524
11816691 11489524
8052133 11489524
11816767 11489524
11816847 11489524
11816933 11489524
11816934 11489524
11816935 11489524
11816936 11489524
11816937 11489524
11817002 11489524
11817003 11489524
11817064 11489524
11817116 11489524
11817162 11489524
11817206 11489524
11817251 11489524
11816186 11489524
11816260 11489524
11817334 11489524
11817313 11490601
11816371 11490601
11816420 11490601
11816492 11490601
11816493 11490601
11816546 11490601
11816547 11490601
8072261 11490601
11816619 11490601
11816620 11490601
11816692 11490601
11816693 11490601
11816768 11490601
11816769 11490601
11816770 11490601
11816848 11490601
11816849 11490601
11816850 11490601
11816938 11490601
11816939 11490601
11816940 11490601
8052141 11490601
11817004 11490601
11817005 11490601
11817065 11490601
11817066 11490601
11817117 11490601
11817163 11490601
11817164 11490601
11817165 11490601
11817207 11490601
11817208 11490601
11817252 11490601
11817253 11490601
11816261 11490601
11816311 11490601
11815981 11490961
11815408 11490961
11816639 11490961
11817590 11490961
11814827 11490961
11813228 11490961
11813337 11490961
11813196 11490961
11813290 11490961
11813311 11490961
11813264 11490961
11813177 11490961
11813245 11490961
11813179 11490961
11817301 11490961
11813079 11490961
11817314 11492940
11816421 11492940
11816494 11492940
11816495 11492940
11816548 11492940
11816621 11492940
11816622 11492940
11816694 11492940
8048891 11492940
11816771 11492940
11816851 11492940
11816852 11492940
11816853 11492940
11816854 11492940
11816941 11492940
11816942 11492940
11816943 11492940
11817006 11492940
11817067 11492940
11817068 11492940
11817118 11492940
11817166 11492940
11817209 11492940
11817210 11492940
11817254 11492940
11816262 11492940
11816312 11492940
11816373 11492940
11817370 11492940
11817315 11493992
11817338 11493992
11816422 11493992
11816496 11493992
11816549 11493992
11816550 11493992
11816623 11493992
11816624 11493992
11816695 11493992
11816696 11493992
11816772 11493992
11816773 11493992
8052016 11493992
11816855 11493992
11816856 11493992
11816857 11493992
11816944 11493992
11816945 11493992
11816946 11493992
8052143 11493992
11817007 11493992
11817008 11493992
11817009 11493992
11817010 11493992
11817069 11493992
11817070 11493992
11817119 11493992
11817120 11493992
11817167 11493992
11817211 11493992
11817255 11493992
11816263 11493992
11816313 11493992
11816374 11493992
11817316 11495012
11817339 11495012
11816497 11495012
11816551 11495012
11816625 11495012
11816697 11495012
7923525 11495012
11816774 11495012
11816858 11495012
11816859 11495012
11816860 11495012
11816861 11495012
11816947 11495012
11817011 11495012
11817012 11495012
11817013 11495012
11817071 11495012
11817121 11495012
11817168 11495012
11817212 11495012
11817213 11495012
11817256 11495012
11816314 11495012
11816375 11495012
11816424 11495012
11817317 11496032
11817340 11496032
11816552 11496032
11816626 11496032
11816698 11496032
11816699 11496032
11816775 11496032
11816776 11496032
11816777 11496032
11816778 11496032
11816862 11496032
11816863 11496032
11816864 11496032
11816865 11496032
11816948 11496032
11816949 11496032
11816950 11496032
8052139 11496032
11817014 11496032
11817015 11496032
11817016 11496032
11817072 11496032
11817122 11496032
11817123 11496032
11817124 11496032
11817169 11496032
11817214 11496032
11817257 11496032
11816315 11496032
11816376 11496032
11816425 11496032
11816498 11496032
11817402 11496032
11817318 11497062
11817341 11497062
11816553 11497062
11816627 11497062
11816700 11497062
8052131 11497062
11816779 11497062
11816780 11497062
11816866 11497062
11816867 11497062
11816868 11497062
11816951 11497062
11816952 11497062
11817017 11497062
11817073 11497062
11817125 11497062
11817126 11497062
11817127 11497062
11817128 11497062
11817170 11497062
11817215 11497062
11817216 11497062
11817217 11497062
11817258 11497062
11816377 11497062
11816426 11497062
11816499 11497062
11817403 11497062
11816976 11498126
11817319 11498126
11817342 11498126
11817373 11498126
11816628 11498126
11816701 11498126
11816702 11498126
11816781 11498126
11816782 11498126
11816869 11498126
11816870 11498126
11816953 11498126
11816954 11498126
11817074 11498126
11817075 11498126
11817076 11498126
11817129 11498126
11817171 11498126
11817218 11498126
11817219 11498126
11817259 11498126
11816427 11498126
11816500 11498126
11816554 11498126
11816796 11499133
11817320 11499133
11817332 11499133
11817333 11499133
11817343 11499133
11817374 11499133
11816629 11499133
11816703 11499133
11816783 11499133
11816784 11499133
11816871 11499133
11816955 11499133
11817018 11499133
11817077 11499133
11817130 11499133
11817172 11499133
11817220 11499133
11817260 11499133
11817367 11499133
8051951 11499133
11816428 11499133
11816501 11499133
11816555 11499133
11817429 11499133
11817321 11500147
11817344 11500147
11817375 11500147
11816704 11500147
11816785 11500147
11816872 11500147
11816956 11500147
11816957 11500147
11817019 11500147
11817020 11500147
11817021 11500147
11817022 11500147
11817078 11500147
11817079 11500147
11817080 11500147
11817131 11500147
11817173 11500147
11817174 11500147
11817175 11500147
11817176 11500147
11817221 11500147
11817222 11500147
11817223 11500147
11817224 11500147
11817261 11500147
11817262 11500147
11816429 11500147
11816502 11500147
11816556 11500147
11816630 11500147
11817430 11500147
11817322 11501122
11817345 11501122
11817376 11501122
11816705 11501122
11816786 11501122
8051930 11501122
11816873 11501122
11816958 11501122
11816959 11501122
11817023 11501122
11817024 11501122
11817081 11501122
11817132 11501122
11817133 11501122
11817177 11501122
11817225 11501122
11817263 11501122
11817264 11501122
11816503 11501122
11816557 11501122
11816631 11501122
11817431 11501122
11817323 11502096
11817346 11502096
11817377 11502096
11816706 11502096
11816787 11502096
11816874 11502096
11816960 11502096
11816961 11502096
11816962 11502096
11817025 11502096
11817082 11502096
11817083 11502096
11817084 11502096
11817134 11502096
11817178 11502096
11817226 11502096
11817265 11502096
11817266 11502096
11816558 11502096
11816632 11502096
11817432 11502096
11815407 11502419
11816637 11502419
11815985 11502419
11817289 11502419
11817591 11502419
11814828 11502419
11813229 11502419
11813365 11502419
11813338 11502419
11813291 11502419
11813312 11502419
11813265 11502419
11813078 11502419
11813211 11502419
11813180 11502419
11817324 11504281
11817347 11504281
11817378 11504281
11816707 11504281
11816788 11504281
11816875 11504281
11816876 11504281
11816963 11504281
8051957 11504281
11817085 11504281
11817135 11504281
11817179 11504281
11817227 11504281
11817267 11504281
11816559 11504281
11816633 11504281
11817433 11504281
11817325 11505194
11817348 11505194
11817379 11505194
11816789 11505194
11816877 11505194
11816964 11505194
11817026 11505194
11817086 11505194
11817087 11505194
11817136 11505194
11817180 11505194
11817181 11505194
11817182 11505194
11817228 11505194
11817268 11505194
11816634 11505194
11816708 11505194
11817434 11505194
11817326 11506090
11817349 11506090
11817380 11506090
11817406 11506090
11816878 11506090
11816965 11506090
11816966 11506090
11817027 11506090
11817088 11506090
11817137 11506090
11817183 11506090
11817229 11506090
11817269 11506090
11816709 11506090
11816790 11506090
11817327 11506933
11817350 11506933
11817381 11506933
11817407 11506933
11816879 11506933
11816967 11506933
11817028 11506933
11817089 11506933
7911853 11506933
11817184 11506933
11817230 11506933
11817270 11506933
11817271 11506933
11817147 11506933
11816710 11506933
11816791 11506933
11817461 11506933
11817328 11507819
11817351 11507819
11817382 11507819
11817408 11507819
11817437 11507819
11816968 11507819
8051955 11507819
11817090 11507819
11817185 11507819
11817231 11507819
11817272 11507819
8068620 11507819
11816711 11507819
11816792 11507819
11816880 11507819
11817489 11507819
11817329 11508734
11817352 11508734
11817383 11508734
11817409 11508734
11817438 11508734
11816969 11508734
11817029 11508734
11817091 11508734
11817138 11508734
11817186 11508734
11817232 11508734
11817273 11508734
11816712 11508734
11816793 11508734
11816881 11508734
11817490 11508734
11817517 11508734
11817330 11509592
11817353 11509592
11817384 11509592
11817410 11509592
11817439 11509592
11817464 11509592
11817492 11509592
11817030 11509592
11817092 11509592
11817139 11509592
11817187 11509592
11817274 11509592
11817242 11509592
11816713 11509592
11816794 11509592
11816882 11509592
11816970 11509592
11817544 11509592
11817331 11510461
11817354 11510461
11817385 11510461
11817411 11510461
11817440 11510461
11817465 11510461
11817493 11510461
11817093 11510461
11817140 11510461
11817188 11510461
11817233 11510461
11817275 11510461
11816795 11510461
11816883 11510461
11816971 11510461
11817033 11510461
11817545 11510461
11817355 11511311
11817386 11511311
11817412 11511311
11817441 11511311
11817466 11511311
11817494 11511311
11817518 11511311
11817094 11511311
11817141 11511311
11817189 11511311
11817276 11511311
11817368 11511311
11817286 11511311
11817243 11511311
11816884 11511311
11816972 11511311
11817034 11511311
11817336 11511311
11817305 11512190
11817306 11512190
11817356 11512190
11817387 11512190
11817413 11512190
11817442 11512190
11817467 11512190
11817495 11512190
11817519 11512190
11817546 11512190
11817142 11512190
11817190 11512190
11817234 11512190
11817277 11512190
11816973 11512190
11817035 11512190
11817096 11512190
11813159 11512479
11815979 11512479
11815406 11512479
11816638 11512479
11817290 11512479
11817589 11512479
11813066 11512479
11814829 11512479
11813366 11512479
11813339 11512479
11813292 11512479
11813313 11512479
11813266 11512479
11813383 11512479
11813178 11512479
11813246 11512479
11813403 11512479
8052030 11512479
11813212 11512479
11817304 11514151
11817357 11514151
11817414 11514151
11817443 11514151
11817468 11514151
11817496 11514151
11817520 11514151
11817547 11514151
11817143 11514151
11817191 11514151
11817278 11514151
11817400 11514151
11817244 11514151
11816974 11514151
11817036 11514151
11817097 11514151
11817586 11514151
11817303 11515070
11817358 11515070
11817415 11515070
11817444 11515070
11817469 11515070
11817497 11515070
11817521 11515070
11817548 11515070
11817564 11515070
11812868 11515070
11817144 11515070
11817192 11515070
11817235 11515070
11817279 11515070
11817401 11515070
11816975 11515070
11817037 11515070
11817098 11515070
11817359 11515951
11817416 11515951
11817445 11515951
11817470 11515951
11817498 11515951
11817522 11515951
11817549 11515951
11817565 11515951
11812869 11515951
11817145 11515951
11817193 11515951
11817236 11515951
11817280 11515951
11817393 11515951
8067004 11515951
11817038 11515951
11817099 11515951
11817337 11515951
11817312 11516793
11817360 11516793
11817417 11516793
11817446 11516793
11817471 11516793
11817499 11516793
11817523 11516793
11817550 11516793
11817566 11516793
11812870 11516793
11817146 11516793
11817194 11516793
11817237 11516793
11817238 11516793
11817281 11516793
11817369 11516793
11817394 11516793
11817425 11516793
11817451 11516793
11817452 11516793
11817482 11516793
11817039 11516793
11817100 11516793
7494990 11516793
11817311 11517662
11817361 11517662
11817472 11517662
11817500 11517662
11817524 11517662
11817551 11517662
11817567 11517662
11812871 11517662
11812890 11517662
11817195 11517662
11817239 11517662
11817282 11517662
11817395 11517662
11817396 11517662
11817483 11517662
11812906 11517662
11817459 11517662
11817101 11517662
11817150 11517662
11817405 11517662
11817436 11517662
8067115 11518508
11817310 11518508
11817362 11518508
11817388 11518508
11817418 11518508
11817473 11518508
11817501 11518508
11817525 11518508
11817552 11518508
11817568 11518508
11812872 11518508
11812891 11518508
11817196 11518508
11817240 11518508
11817283 11518508
11817426 11518508
11817453 11518508
11817454 11518508
11817538 11518508
11817151 11518508
11817372 11519300
11817309 11519300
11817363 11519300
11817419 11519300
11817526 11519300
11817553 11519300
11817569 11519300
11812873 11519300
11812892 11519300
11817241 11519300
11817284 11519300
11817397 11519300
11817484 11519300
11812907 11519300
11817458 11519300
11817515 11519300
11817199 11519300
11812929 11519300
11817491 11519300
11817463 11520164
11817308 11520164
11817364 11520164
11817389 11520164
11817420 11520164
11817474 11520164
11817502 11520164
11817527 11520164
11817554 11520164
11817570 11520164
11812874 11520164
11812893 11520164
11817285 11520164
11817398 11520164
11817399 11520164
11817427 11520164
11817455 11520164
11817456 11520164
11817485 11520164
11817511 11520164
11817246 11520164
11812930 11520164
11817462 11520164
11817307 11520944
11817365 11520944
11817390 11520944
11817421 11520944
11817475 11520944
11817528 11520944
11817555 11520944
11817571 11520944
11812875 11520944
11812894 11520944
11812913 11520944
11817512 11520944
11812908 11520944
11817516 11520944
11817287 11520944
11812949 11520944
3894057 11520944
11817366 11521791
11817391 11521791
11817422 11521791
11817447 11521791
11817476 11521791
11817503 11521791
11817529 11521791
11817556 11521791
11817572 11521791
11812876 11521791
11812895 11521791
11812914 11521791
11812933 11521791
11812950 11521791
11817428 11521791
11817457 11521791
11817486 11521791
11817513 11521791
11812926 11521791
11812966 11521791
11817335 11521791
11813191 11522067
11813160 11522067
11813062 11522067
11815405 11522067
11815984 11522067
11816645 11522067
11817291 11522067
11817587 11522067
11813367 11522067
11813340 11522067
11813293 11522067
11813314 11522067
11813417 11522067
11813384 11522067
11813376 11522067
11813248 11522067
11813278 11522067
11817392 11523759
11817423 11523759
11817477 11523759
11817504 11523759
11817530 11523759
7930194 11523759
11817573 11523759
11812877 11523759
11812896 11523759
11812915 11523759
11812934 11523759
11812951 11523759
11812970 11523759
11812888 11523759
11812948 11523759
11817460 11523759
11817371 11523759
11817424 11524604
11817448 11524604
11817478 11524604
11817505 11524604
11817531 11524604
8110438 11524604
11817574 11524604
11812878 11524604
11812897 11524604
11812916 11524604
11812935 11524604
11812952 11524604
11812971 11524604
11817487 11524604
11817488 11524604
11817539 11524604
11817563 11524604
11817583 11524604
11812889 11524604
11812927 11524604
11817404 11524604
11817449 11525372
11817479 11525372
11817506 11525372
11817532 11525372
11817557 11525372
11817575 11525372
11812879 11525372
11812898 11525372
11812917 11525372
11812936 11525372
11812953 11525372
11812972 11525372
11812989 11525372
11817540 11525372
11812928 11525372
11812986 11525372
11817435 11525372
11817450 11526200
11817480 11526200
11817507 11526200
11817533 11526200
11817558 11526200
11817576 11526200
11812880 11526200
11812899 11526200
11812918 11526200
11812937 11526200
11812954 11526200
11812973 11526200
11812990 11526200
11813008 11526200
11817514 11526200
11817541 11526200
11817542 11526200
11812909 11526200
11812967 11526200
11812987 11526200
11817481 11526994
11817508 11526994
11817534 11526994
8101805 11526994
11817577 11526994
11812881 11526994
11812900 11526994
11812919 11526994
11812938 11526994
11812955 11526994
11812974 11526994
11812991 11526994
11813009 11526994
11817543 11526994
11817509 11527759
11817535 11527759
11817559 11527759
11817578 11527759
11812882 11527759
11812901 11527759
11812920 11527759
11812939 11527759
11812956 11527759
11812975 11527759
11812992 11527759
11813010 11527759
11813025 11527759
11817584 11527759
11812988 11527759
11813003 11527759
11813023 11527759
11817510 11528577
11817536 11528577
11817560 11528577
11817579 11528577
11812883 11528577
11812902 11528577
11812921 11528577
11812940 11528577
11812957 11528577
11812976 11528577
11812993 11528577
11813011 11528577
11813026 11528577
11813059 11528577
11817537 11529393
11817561 11529393
11817580 11529393
11812884 11529393
11812903 11529393
11812922 11529393
11812941 11529393
11812958 11529393
11812977 11529393
11812994 11529393
11813012 11529393
11813027 11529393
11813044 11529393
11813081 11529393
11817585 11529393
11812910 11529393
11812968 11529393
11813004 11529393
11813040 11529393
11817562 11530162
11817581 11530162
11812885 11530162
11812904 11530162
11812923 11530162
11812942 11530162
11812959 11530162
11812978 11530162
11812995 11530162
11813013 11530162
11813028 11530162
11813045 11530162
11812969 11530162
11813041 11530162
11813092 11530162
11817582 11530927
11812886 11530927
11812905 11530927
11812924 11530927
11812943 11530927
11812960 11530927
11812979 11530927
11812996 11530927
11813014 11530927
11813029 11530927
11813046 11530927
11813082 11530927
11813005 11530927
11813042 11530927
11813057 11530927
11813161 11531222
11813061 11531222
11816636 11531222
11815983 11531222
11817288 11531222
11817588 11531222
7923710 11531222
11813368 11531222
11813341 11531222
11813197 11531222
11813418 11531222
11813385 11531222
11813442 11531222
11813329 11531222
11813307 11531222
11813279 11531222
11815417 11531222
11812887 11532839
11812925 11532839
11812944 11532839
11812961 11532839
11812980 11532839
11812997 11532839
11813015 11532839
11813030 11532839
11813047 11532839
11813083 11532839
11813089 11532839
11812911 11532839
11812945 11533630
11812962 11533630
11812981 11533630
11812998 11533630
11813016 11533630
11813031 11533630
11813048 11533630
11813084 11533630
11813099 11533630
11813058 11533630
11813090 11533630
11812912 11533630
11812931 11533630
11812946 11534377
11812963 11534377
11812982 11534377
11812999 11534377
11813017 11534377
11813032 11534377
11813049 11534377
11812932 11534377
11813093 11534377
11813106 11534377
11812947 11535101
11812964 11535101
11812983 11535101
11813000 11535101
11813018 11535101
11813033 11535101
11813050 11535101
11813085 11535101
11813100 11535101
11812965 11535824
11812984 11535824
11813001 11535824
11813019 11535824
11813034 11535824
11813051 11535824
11813094 11535824
11813107 11535824
11813119 11535824
11812985 11536600
11813002 11536600
11813020 11536600
11813035 11536600
11813052 11536600
11813111 11536600
11813123 11536600
11813095 11536600
11813108 11536600
11813021 11537318
11813036 11537318
11813053 11537318
11813006 11537318
11813096 11537318
11813109 11537318
11813120 11537318
11813129 11537318
11813022 11538063
11813037 11538063
11813054 11538063
11813086 11538063
11813101 11538063
11813007 11538063
11813121 11538063
11813130 11538063
11813038 11538785
11813055 11538785
11813102 11538785
11813024 11538785
11813097 11538785
11813122 11538785
11813131 11538785
11813039 11539500
11813056 11539500
11813087 11539500
11813103 11539500
11813112 11539500
11813124 11539500
11813043 11539500
11813260 11539773
11815982 11539773
11816644 11539773
11817292 11539773
11817596 11539773
11813065 11539773
11813230 11539773
11813369 11539773
11813342 11539773
11813198 11539773
11813166 11539773
11813419 11539773
11813386 11539773
11813443 11539773
11813482 11539773
11813330 11539773
11813308 11539773
11815418 11539773
11813104 11541240
11813113 11541240
11813125 11541240
11813138 11541240
11813060 11541240
11813098 11541240
11813088 11541889
11813105 11541889
11813114 11541889
11813126 11541889
11813133 11541889
11813091 11541889
11813117 11541889
11813115 11542533
11813127 11542533
11813134 11542533
11813141 11542533
11813110 11542533
11813116 11543241
11813128 11543241
11813135 11543241
11813142 11543241
11813118 11543241
11813139 11543241
11813150 11543241
11813136 11543877
11813143 11543877
11813146 11543877
11813132 11543877
11813153 11543877
11813137 11544532
11813144 11544532
11813147 11544532
11813140 11544532
11813154 11544532
11813157 11544532
11813148 11545189
11813151 11545189
11813155 11545189
11813145 11545189
11813149 11545828
11813152 11545828
11813156 11545828
11816643 11547340
11817595 11547340
11813064 11547340
11813231 11547340
11813370 11547340
11813343 11547340
11813199 11547340
11813167 11547340
11817295 11547340
11813420 11547340
11813387 11547340
11813444 11547340
11813483 11547340
11813510 11547340
11813352 11547340
11813464 11547340
8052145 11547340
8254187 11547340
8292615 11547340
11815991 11547340
11816642 11554952
11817594 11554952
8254185 11554952
11813232 11554952
11813200 11554952
11813168 11554952
11813071 11554952
11817296 11554952
11813421 11554952
11813544 11554952
11813388 11554952
11813445 11554952
11813484 11554952
11813511 11554952
11813379 11554952
8052034 11554952
8273762 11554952
11813356 11554952
11817593 11561919
11813063 11561919
11813233 11561919
11813201 11561919
11813169 11561919
11817297 11561919
11813294 11561919
11813267 11561919
11813422 11561919
11813545 11561919
11813613 11561919
11813389 11561919
11813574 11561919
11813446 11561919
11813485 11561919
11813512 11561919
11813247 11561919
11813404 11561919
11813405 11561919
8273754 11561919
11813354 11561919
11813382 11561919
2636519 11562932
11814212 11562932
11814825 11562932
2645841 11562932
11815414 11562932
2608996 11562932
2636523 11562932
2638928 11562932
11817592 11570730
11813234 11570730
11813202 11570730
11813170 11570730
11813072 11570730
11817298 11570730
11813295 11570730
11813268 11570730
11813646 11570730
11813546 11570730
11813614 11570730
11813575 11570730
11813447 11570730
11813486 11570730
11813513 11570730
11813408 11570730
11813436 11570730
11813381 11570730
11813331 11570730
11813723 11570730
11813357 11570730
11813235 11577590
11817601 11577590
11813203 11577590
11813171 11577590
11813073 11577590
11813296 11577590
11813315 11577590
11813269 11577590
11813647 11577590
11813547 11577590
11813615 11577590
11813576 11577590
11813688 11577590
11813448 11577590
11813487 11577590
11813514 11577590
11813353 11577590
11813406 11577590
11813465 11577590
11813502 11577590
11813503 11577590
11813534 11577590
11813565 11577590
11813598 11577590
11813377 11577590
11813434 11577590
3899430 11577590
11813355 11577590
11813481 11583994
11813332 11583994
11813236 11583994
11817602 11583994
11813204 11583994
11813172 11583994
11813074 11583994
11813297 11583994
11813316 11583994
11813270 11583994
11813648 11583994
11813548 11583994
11813616 11583994
11813577 11583994
11813689 11583994
11813449 11583994
11813515 11583994
11813466 11583994
11813467 11583994
11813378 11583994
11813437 11583994
11813409 11583994
11813358 11590133
11813333 11590133
11813237 11590133
11813205 11590133
11813173 11590133
11813075 11590133
11813298 11590133
11813317 11590133
11813271 11590133
11813649 11590133
11813549 11590133
11813729 11590133
11813617 11590133
11813578 11590133
11813690 11590133
11813450 11590133
11813488 11590133
11813516 11590133
11813407 11590133
11813468 11590133
11813469 11590133
11813470 11590133
11813535 11590133
11813435 11590133
11813334 11596099
11813238 11596099
11813206 11596099
11813174 11596099
11813076 11596099
11813299 11596099
11813318 11596099
11813272 11596099
11813650 11596099
11813550 11596099
11813730 11596099
11813618 11596099
11813390 11596099
11813579 11596099
11813691 11596099
11813517 11596099
11813778 11596099
11813471 11596099
11813478 11596099
11813380 11596099
11813508 11596099
11813438 11596099
11813359 11601835
11813335 11601835
11813239 11601835
11813207 11601835
11813175 11601835
11813300 11601835
11813319 11601835
11813273 11601835
11813423 11601835
11813651 11601835
11813551 11601835
11813731 11601835
11813619 11601835
11813819 11601835
11813391 11601835
11813580 11601835
11813692 11601835
11813518 11601835
11813779 11601835
11813472 11601835
11813473 11601835
11813599 11601835
11813673 11601835
11813477 11601835
11813507 11601835
11813360 11607262
11813336 11607262
11813610 11607262
11813240 11607262
11813208 11607262
11813176 11607262
11813301 11607262
11813320 11607262
11813274 11607262
11813652 11607262
11813732 11607262
11813820 11607262
11813856 11607262
11813392 11607262
11813581 11607262
11813693 11607262
11813519 11607262
11813780 11607262
11813474 11607262
11813633 11607262
11813674 11607262
11813568 11607262
11813479 11607262
11813505 11607262
11813440 11607262
11813361 11612579
11813611 11612579
11813241 11612579
11813344 11612579
11813209 11612579
11813302 11612579
11813321 11612579
11813275 11612579
11813902 11612579
11813424 11612579
11813653 11612579
11813733 11612579
11813821 11612579
11813857 11612579
11813393 11612579
11813582 11612579
11813694 11612579
11813451 11612579
11813781 11612579
11813328 11612579
11813600 11612579
11813634 11612579
11813675 11612579
8101738 11612579
11813506 11612579
11813540 11612579
11813362 11617599
11813242 11617599
11813345 11617599
11813210 11617599
11813303 11617599
11813322 11617599
11813903 11617599
11813654 11617599
11813734 11617599
11813822 11617599
11813858 11617599
11813394 11617599
11813452 11617599
11813782 11617599
11813635 11617599
11813539 11617599
11813504 11617599
11813605 11617599
11813641 11617599
11813724 11617599
11813280 11617599
11813569 11617599
11813441 11617599
11813363 11622432
11813543 11622432
11813243 11622432
11813346 11622432
11813304 11622432
11813323 11622432
11813276 11622432
11813904 11622432
11813425 11622432
11813655 11622432
11813735 11622432
11813823 11622432
11813859 11622432
11813395 11622432
11813583 11622432
11813695 11622432
11813453 11622432
11813489 11622432
11813520 11622432
11813783 11622432
11813475 11622432
11813640 11622432
11813770 11623403
11814216 11623403
11814824 11623403
11815413 11623403
11815989 11623403
11812867 11623403
11813415 11623403
2645130 11623403
11813609 11629285
11813364 11629285
11813573 11629285
11813347 11629285
11813305 11629285
11813324 11629285
11813277 11629285
11813905 11629285
11813426 11629285
11813656 11629285
11813736 11629285
11813824 11629285
11813860 11629285
11813396 11629285
11813454 11629285
11813490 11629285
11813521 11629285
11813784 11629285
11813567 11629285
11813720 11629285
11813249 11629285
11813981 11629285
11813612 11633883
11813371 11633883
11813348 11633883
11813306 11633883
11813325 11633883
11813906 11633883
11813984 11633883
11813427 11633883
11813657 11633883
11813552 11633883
11813825 11633883
11813861 11633883
11813397 11633883
11813584 11633883
11813455 11633883
11813944 11633883
11813491 11633883
11813522 11633883
11813785 11633883
11813536 11633883
11813676 11633883
11813677 11633883
11813802 11633883
11813803 11633883
11813804 11633883
11813759 11633883
11813719 11633883
11813281 11633883
11813372 11638453
11813349 11638453
11813326 11638453
11813907 11638453
11813985 11638453
11813428 11638453
11813553 11638453
11813826 11638453
11813862 11638453
11813398 11638453
11813585 11638453
11813456 11638453
11813945 11638453
11813492 11638453
11813523 11638453
11813786 11638453
11813718 11638453
11813642 11638453
11813762 11638453
11813684 11638453
11813309 11638453
11813373 11642724
11813350 11642724
11813327 11642724
11813908 11642724
11813986 11642724
11813429 11642724
11813554 11642724
11813620 11642724
11813827 11642724
11813863 11642724
11813399 11642724
11814032 11642724
11813586 11642724
11813457 11642724
11813946 11642724
11813493 11642724
11813524 11642724
11813787 11642724
11813476 11642724
11813601 11642724
11813678 11642724
11813846 11642724
11813925 11642724
11813926 11642724
11813760 11642724
11813721 11642724
11813687 11642724
11813374 11646768
11813351 11646768
11813909 11646768
11813987 11646768
11813430 11646768
11813658 11646768
11813555 11646768
11813828 11646768
11813864 11646768
11813400 11646768
11814033 11646768
11813587 11646768
11813458 11646768
11813947 11646768
11813494 11646768
11813525 11646768
11814071 11646768
11813639 11646768
11813812 11646768
11813722 11646768
11813763 11646768
11813375 11650651
11813910 11650651
11813988 11650651
11813431 11650651
11813659 11650651
11813556 11650651
11813621 11650651
11813829 11650651
11813401 11650651
11814034 11650651
11813588 11650651
11813459 11650651
11813948 11650651
11813495 11650651
11813526 11650651
8091895 11650651
11814072 11650651
11814117 11650651
11813566 11650651
11813602 11650651
11813636 11650651
11813679 11650651
11813710 11650651
11813805 11650651
11813878 11650651
11813879 11650651
11813927 11650651
11813965 11650651
11813966 11650651
11814011 11650651
11814091 11650651
11813898 11650651
11813725 11650651
11813766 11650651
11813911 11654533
11813989 11654533
11813432 11654533
11813660 11654533
11813557 11654533
11813622 11654533
11813402 11654533
11814035 11654533
11813589 11654533
11813460 11654533
11813949 11654533
11813496 11654533
11813527 11654533
11814073 11654533
11814118 11654533
11813849 11654533
11813894 11654533
11813761 11654533
11813815 11654533
11814210 11654533
11813728 11654533
11813855 11658302
11813912 11658302
11813990 11658302
11813433 11658302
11813661 11658302
11813558 11658302
11813737 11658302
11813623 11658302
11814036 11658302
11813590 11658302
11813696 11658302
11813461 11658302
11813950 11658302
11813497 11658302
11813528 11658302
11814074 11658302
11814119 11658302
11814152 11658302
11813537 11658302
11813538 11658302
11813603 11658302
11813711 11658302
11813880 11658302
11813881 11658302
11813928 11658302
11813967 11658302
11813968 11658302
11814012 11658302
11814056 11658302
11813814 11658302
11813851 11658302
11813410 11658302
11814263 11658302
11813913 11661897
11813991 11661897
11813662 11661897
11813559 11661897
11813738 11661897
11813624 11661897
11814037 11661897
11813591 11661897
11813697 11661897
11813462 11661897
11813951 11661897
11813498 11661897
11813529 11661897
11814075 11661897
11814120 11661897
11814153 11661897
11814225 11661897
11813897 11661897
11813852 11661897
11813439 11661897
11814324 11661897
11813818 11661897
11813854 11665494
11813914 11665494
11813992 11665494
11813663 11665494
11813560 11665494
11813739 11665494
11813625 11665494
11813830 11665494
11814038 11665494
11813592 11665494
11813698 11665494
11813463 11665494
11813952 11665494
11813499 11665494
11813530 11665494
11813788 11665494
11814076 11665494
11814121 11665494
11814154 11665494
11814226 11665494
11813604 11665494
11813637 11665494
11813680 11665494
11813681 11665494
11813712 11665494
11813752 11665494
11813806 11665494
11813882 11665494
11813969 11665494
11814013 11665494
11814092 11665494
11814177 11665494
11814325 11665494
11814367 11665494
11814213 11666346
11813412 11666346
11815403 11666346
11814820 11666346
11816646 11666346
11812864 11666346
11815990 11666346
11813776 11666346
11813993 11671039
11813664 11671039
11813561 11671039
11813740 11671039
11813626 11671039
11814039 11671039
11813593 11671039
11813699 11671039
11813500 11671039
11813531 11671039
11814077 11671039
11814122 11671039
11814155 11671039
11814227 11671039
11814267 11671039
11813713 11671039
11813714 11671039
11813753 11671039
11813883 11671039
11813936 11671039
11813891 11671039
11813813 11671039
11813850 11671039
11813980 11671039
11813480 11671039
11814368 11671039
11814428 11671039
11813994 11674409
11813665 11674409
11813562 11674409
11813741 11674409
11813627 11674409
11813831 11674409
11814040 11674409
11813594 11674409
11813700 11674409
11813501 11674409
11813532 11674409
11813789 11674409
11814078 11674409
11814123 11674409
11814156 11674409
11814228 11674409
11814268 11674409
11814330 11674409
11813638 11674409
11813682 11674409
11813715 11674409
11813716 11674409
11813754 11674409
11813755 11674409
11813807 11674409
11813847 11674409
11813884 11674409
11813885 11674409
11814014 11674409
11814093 11674409
11814178 11674409
11814179 11674409
11813895 11674409
11813940 11674409
11813979 11674409
11814429 11674409
11814472 11674409
11813666 11677588
11813563 11677588
11813742 11677588
11813628 11677588
11813832 11677588
11813595 11677588
11813701 11677588
11813533 11677588
11813790 11677588
11814079 11677588
11814124 11677588
11814157 11677588
11814229 11677588
11814269 11677588
11814331 11677588
11814372 11677588
11813717 11677588
11813756 11677588
11813929 11677588
11814015 11677588
11814026 11677588
11814069 11677588
11813896 11677588
11813978 11677588
11813509 11677588
11814473 11677588
11813941 11677588
11813983 11680784
11813667 11680784
11813564 11680784
11813743 11680784
11813629 11680784
11813833 11680784
11814041 11680784
11813596 11680784
11813702 11680784
11813791 11680784
11814125 11680784
11814158 11680784
11814230 11680784
11814270 11680784
11814332 11680784
11814373 11680784
11813683 11680784
11813757 11680784
11813808 11680784
11813809 11680784
11813848 11680784
11813886 11680784
11813887 11680784
11813930 11680784
11813970 11680784
11814016 11680784
11814057 11680784
11814094 11680784
11814180 11680784
11814181 11680784
11814296 11680784
11814404 11680784
11814434 11680784
11813937 11680784
11813892 11680784
11813977 11680784
11814113 11680784
11813541 11680784
11814538 11680784
11813668 11683783
11813744 11683783
11813630 11683783
11813834 11683783
11813597 11683783
11813703 11683783
11813792 11683783
8052112 11683783
11814159 11683783
11814231 11683783
11814271 11683783
11814333 11683783
11814374 11683783
11813931 11683783
11814017 11683783
11814095 11683783
11814182 11683783
11814297 11683783
11814405 11683783
11814435 11683783
11814481 11683783
11813974 11683783
11814065 11683783
11813893 11683783
11813939 11683783
11814027 11683783
11814114 11683783
11813542 11683783
11813570 11683783
11814596 11683783
11813669 11686781
11813745 11686781
11813631 11686781
11813835 11686781
11813865 11686781
11814042 11686781
11813704 11686781
11813793 11686781
8052127 11686781
11814160 11686781
11814232 11686781
11814272 11686781
11814334 11686781
11814375 11686781
11813888 11686781
11813971 11686781
11814018 11686781
11814058 11686781
11814096 11686781
11814139 11686781
11814183 11686781
11814253 11686781
11814298 11686781
11814406 11686781
11814436 11686781
11814482 11686781
11814483 11686781
11814544 11686781
11814025 11686781
11813938 11686781
11814115 11686781
3891693 11686781
11813571 11686781
11813606 11686781
11814673 11686781
11813900 11689673
11813670 11689673
11813746 11689673
11813632 11689673
11813836 11689673
11813866 11689673
11813705 11689673
11813794 11689673
11814161 11689673
11814233 11689673
11814273 11689673
11814335 11689673
11814376 11689673
11813932 11689673
11814019 11689673
11814097 11689673
11814184 11689673
11814185 11689673
11814299 11689673
11814407 11689673
11814437 11689673
11814484 11689673
11814485 11689673
11814545 11689673
11814601 11689673
11814145 11689673
11814110 11689673
11814028 11689673
11813976 11689673
11814070 11689673
11813572 11689673
11813607 11689673
11814727 11689673
11813943 11692471
11813995 11692471
11813671 11692471
11813747 11692471
11813837 11692471
11813867 11692471
11813706 11692471
11813795 11692471
8049151 11692471
11814162 11692471
11814234 11692471
11814274 11692471
11814336 11692471
11814377 11692471
11813758 11692471
11813810 11692471
11813889 11692471
11813972 11692471
11814020 11692471
11814059 11692471
11814060 11692471
11814098 11692471
11814140 11692471
11814186 11692471
11814187 11692471
11814254 11692471
11814300 11692471
11814353 11692471
11814408 11692471
11814438 11692471
11814439 11692471
11814486 11692471
11814487 11692471
11814546 11692471
11814547 11692471
11814602 11692471
11814603 11692471
11814604 11692471
11814678 11692471
11814064 11692471
11813935 11692471
11814111 11692471
11813608 11692471
11813643 11692471
11814815 11692471
11813901 11695193
11813996 11695193
11813672 11695193
11813748 11695193
11813838 11695193
11813868 11695193
11813707 11695193
11813796 11695193
11814163 11695193
11814235 11695193
11814275 11695193
7932758 11695193
11814378 11695193
11813811 11695193
11814021 11695193
11814061 11695193
11814141 11695193
11814188 11695193
11814301 11695193
11814354 11695193
11814409 11695193
11814440 11695193
11814488 11695193
11814548 11695193
11814549 11695193
11814605 11695193
11814606 11695193
11814607 11695193
11814608 11695193
11814679 11695193
11814731 11695193
11814066 11695193
11814107 11695193
11814146 11695193
11813975 11695193
11813644 11695193
11813997 11697939
11813749 11697939
11813839 11697939
11813869 11697939
11813708 11697939
11813953 11697939
11813797 11697939
11814164 11697939
11814236 11697939
11814276 11697939
11814337 11697939
11814379 11697939
11814835 11697939
11813890 11697939
11813933 11697939
11813973 11697939
11814022 11697939
11814023 11697939
11814062 11697939
11814063 11697939
11814099 11697939
11814142 11697939
11814189 11697939
11814190 11697939
11814255 11697939
11814302 11697939
11814303 11697939
11814304 11697939
11814305 11697939
11814306 11697939
11814355 11697939
11814410 11697939
11814441 11697939
11814442 11697939
11814443 11697939
11814489 11697939
11814490 11697939
11814550 11697939
11814551 11697939
11814609 11697939
11814610 11697939
11814611 11697939
11814680 11697939
11814732 11697939
11814733 11697939
11814106 11697939
11814068 11697939
8052012 11697939
11813645 11697939
11813685 11697939
11813942 11697939
11814214 11698601
11813772 11698601
11814819 11698601
11815410 11698601
11816647 11698601
11817293 11698601
11816649 11698601
11812866 11698601
11815988 11698601
11813416 11698601
11813915 11702459
11813998 11702459
11813750 11702459
11813840 11702459
11813870 11702459
11813709 11702459
11813954 11702459
11813798 11702459
11814380 11702459
11814191 11702459
11814256 11702459
11814257 11702459
11814307 11702459
11814308 11702459
11814356 11702459
11814411 11702459
11814412 11702459
11814444 11702459
11814445 11702459
11814491 11702459
11814492 11702459
11814552 11702459
11814553 11702459
11814612 11702459
11814613 11702459
11814681 11702459
11814682 11702459
11814734 11702459
11814735 11702459
11814105 11702459
11814259 11702459
11814321 11702459
11814067 11702459
11814207 11702459
11814147 11702459
11814898 11702459
11814365 11702459
11813686 11702459
11814832 11705182
11814730 11705182
11813916 11705182
11813999 11705182
11813751 11705182
11813841 11705182
11813871 11705182
11814043 11705182
11813955 11705182
11813799 11705182
7927849 11705182
11814381 11705182
11813934 11705182
11814192 11705182
11814258 11705182
11814309 11705182
11814310 11705182
11814311 11705182
11814357 11705182
11814413 11705182
11814446 11705182
11814493 11705182
11814494 11705182
11814554 11705182
11814614 11705182
11814615 11705182
11814683 11705182
11814108 11705182
11814260 11705182
8046934 11705182
3921266 11705182
11813726 11705182
11814328 11705182
11814329 11707867
11814150 11707867
11813917 11707867
11814000 11707867
11813842 11707867
11813872 11707867
11814044 11707867
11813956 11707867
11813800 11707867
11814382 11707867
11814836 11707867
11814193 11707867
11814312 11707867
11814414 11707867
11814495 11707867
11814496 11707867
11814555 11707867
11814616 11707867
11814617 11707867
11814684 11707867
11814736 11707867
11814737 11707867
11814848 11707867
11814908 11707867
11814462 11707867
11814109 11707867
11814323 11707867
11814262 11707867
11813727 11707867
11813764 11707867
8049423 11707867
11814151 11710581
11813918 11710581
11814001 11710581
11813843 11710581
11813873 11710581
11814045 11710581
11813957 11710581
11813801 11710581
8052104 11710581
11814237 11710581
11814383 11710581
11814024 11710581
11814100 11710581
11814313 11710581
11814415 11710581
11814497 11710581
11814498 11710581
11814556 11710581
11814618 11710581
11814619 11710581
11814685 11710581
11814738 11710581
11814909 11710581
11814977 11710581
11814104 11710581
11814322 11710581
11814465 11710581
11814364 11710581
11813765 11710581
11814902 11710581
11814974 11713132
11813919 11713132
11814002 11713132
11813844 11713132
11813874 11713132
11814046 11713132
11813958 11713132
8052116 11713132
11814277 11713132
11814384 11713132
11814194 11713132
11814314 11713132
11814416 11713132
11814499 11713132
11814500 11713132
11814557 11713132
11814620 11713132
11814621 11713132
11814739 11713132
11814910 11713132
11814361 11713132
11814805 11713132
11814714 11713132
11814464 11713132
11814112 11713132
11814208 11713132
11814894 11713132
11813816 11713132
11815076 11713132
11814266 11713132
11813920 11715658
11814003 11715658
11813845 11715658
11813875 11715658
11814047 11715658
11813959 11715658
11814080 11715658
11814126 11715658
11814238 11715658
11814278 11715658
11814417 11715658
11814501 11715658
11814502 11715658
11814503 11715658
11814504 11715658
11814558 11715658
11814622 11715658
11814740 11715658
11814911 11715658
11814912 11715658
11814426 11715658
11814206 11715658
11814887 11715658
11814671 11715658
11815016 11715658
11815067 11715658
11814810 11715658
11814363 11715658
11814721 11715658
11814470 11715658
11813817 11715658
11815126 11715658
11813921 11718198
11814004 11718198
11813876 11718198
11814048 11718198
11813960 11718198
11814081 11718198
11814127 11718198
11814279 11718198
11814101 11718198
11814315 11718198
11814505 11718198
11814623 11718198
11814741 11718198
11814425 11718198
11814362 11718198
11814713 11718198
11814590 11718198
11815012 11718198
11814959 11718198
11815063 11718198
11814670 11718198
11815113 11718198
11814427 11718198
11814466 11718198
11814261 11718198
11814209 11718198
11814893 11718198
11814537 11718198
11814813 11718198
11813853 11718198
11815190 11718198
11814480 11720531
11814433 11720531
11814905 11720531
11813922 11720531
11814005 11720531
11813877 11720531
11814049 11720531
11813961 11720531
11814082 11720531
11814128 11720531
11814239 11720531
11814280 11720531
11814385 11720531
11814195 11720531
11814316 11720531
11814358 11720531
11814359 11720531
11814418 11720531
11814419 11720531
11814447 11720531
11814506 11720531
11814559 11720531
11814624 11720531
11814742 11720531
11814880 11720531
11814588 11720531
11814205 11720531
11814668 11720531
11814806 11720531
11815013 11720531
8101905 11720531
11815181 11720531
11815119 11720531
11814722 11720531
11815075 11720531
11815243 11720531
11814600 11722891
11813923 11722891
11814006 11722891
11814050 11722891
11813962 11722891
11814083 11722891
11814129 11722891
11814165 11722891
11814240 11722891
11814281 11722891
11814386 11722891
11814196 11722891
11814197 11722891
11814317 11722891
11814420 11722891
11814507 11722891
11814625 11722891
11814743 11722891
11815193 11722891
11814804 11722891
11814589 11722891
11815007 11722891
11815172 11722891
11815110 11722891
11815070 11722891
11814536 11722891
11814964 11722891
11814896 11722891
11814471 11722891
11814724 11722891
11814366 11722891
11813899 11722891
11813924 11725164
11814007 11725164
11814051 11725164
11813963 11725164
11814084 11725164
11814130 11725164
11814166 11725164
11814241 11725164
11814282 11725164
11814338 11725164
11814387 11725164
11814102 11725164
11814143 11725164
11814144 11725164
11814198 11725164
11814199 11725164
11814200 11725164
11814201 11725164
11814318 11725164
11814421 11725164
11814448 11725164
11814508 11725164
11814509 11725164
11814626 11725164
11814744 11725164
11815194 11725164
11815055 11725164
11814957 11725164
11815175 11725164
11815108 11725164
11814669 11725164
11814889 11725164
11814811 11725164
11815020 11725164
11814593 11725164
11814469 11725164
11814723 11725164
11815296 11725164
8273760 11725819
11813773 11725819
11814217 11725819
11816648 11725819
11817294 11725819
11817597 11725819
11812865 11725819
11813413 11725819
11815415 11725819
11814831 11725819
11813080 11725819
11814008 11729166
11814052 11729166
11813964 11729166
11814085 11729166
11814131 11729166
11814167 11729166
11814242 11729166
11814283 11729166
11814339 11729166
11814388 11729166
11814202 11729166
11814510 11729166
11814511 11729166
11814627 11729166
11814745 11729166
11814746 11729166
11815195 11729166
11815246 11729166
11815247 11729166
11814881 11729166
11814962 11729166
11814715 11729166
11815185 11729166
11814591 11729166
11814468 11729166
11814814 11729166
11815023 11729166
11814672 11729166
11815124 11729166
11815072 11729166
11815028 11731228
11814975 11731228
11814834 11731228
11814009 11731228
11814053 11731228
11814086 11731228
11814132 11731228
11814168 11731228
11814243 11731228
11814284 11731228
11814340 11731228
11814389 11731228
11814103 11731228
11814203 11731228
11814319 11731228
11814422 11731228
11814423 11731228
11814512 11731228
11814513 11731228
11814560 11731228
11814561 11731228
11814628 11731228
11814686 11731228
11814687 11731228
11814747 11731228
11814849 11731228
11815030 11731228
11815132 11731228
11815196 11731228
11815248 11731228
11815298 11731228
11814667 11731228
11815106 11731228
11814461 11731228
11815182 11731228
11814812 11731228
11814595 11731228
11814969 11731228
11814725 11731228
11813982 11731228
11814010 11733388
11814054 11733388
11814087 11733388
11814133 11733388
11814169 11733388
11814244 11733388
11814285 11733388
11814341 11733388
11814390 11733388
11814514 11733388
11814515 11733388
11814629 11733388
11814748 11733388
11815133 11733388
11815197 11733388
11815249 11733388
11815299 11733388
11815348 11733388
11815168 11733388
11815057 11733388
11815109 11733388
11814888 11733388
11814961 11733388
11814717 11733388
11814592 11733388
11815021 11733388
11814479 11733388
11814676 11733388
11814818 11733388
11814055 11735555
11814088 11735555
11814134 11735555
11814170 11735555
11814245 11735555
11814286 11735555
11814342 11735555
11814391 11735555
11814204 11735555
11814320 11735555
11814516 11735555
11814517 11735555
11814562 11735555
11814563 11735555
11814630 11735555
11814631 11735555
11814632 11735555
11814688 11735555
11814749 11735555
11814750 11735555
11814751 11735555
11814850 11735555
11814913 11735555
11814978 11735555
11814979 11735555
11815031 11735555
11815134 11735555
11815198 11735555
11815250 11735555
11815300 11735555
11815349 11735555
11814460 11735555
11815009 11735555
11815176 11735555
11814807 11735555
11815112 11735555
11814716 11735555
11814891 11735555
11815073 11735555
11814970 11735555
11814029 11735555
11814599 11735555
11814030 11737619
11814089 11737619
11814135 11737619
11814171 11737619
11814246 11737619
11814287 11737619
11814343 11737619
11814392 11737619
11814424 11737619
11814518 11737619
11814633 11737619
11814634 11737619
11814752 11737619
11814851 11737619
11815135 11737619
11815199 11737619
11815251 11737619
11815301 11737619
11815350 11737619
11815420 11737619
11815105 11737619
11814712 11737619
11814886 11737619
11814463 11737619
11814808 11737619
11815065 11737619
11815183 11737619
11815017 11737619
11814965 11737619
11814594 11737619
11814976 11739628
11814677 11739628
11814031 11739628
11814090 11739628
11814136 11739628
11814172 11739628
11814247 11739628
11814288 11739628
11814344 11739628
11814393 11739628
11814360 11739628
11814519 11739628
11814520 11739628
11814564 11739628
11814565 11739628
11814635 11739628
11814753 11739628
11814754 11739628
11814755 11739628
11814852 11739628
11814853 11739628
11814914 11739628
11814915 11739628
11814980 11739628
11815032 11739628
11815136 11739628
11815200 11739628
11815252 11739628
11815302 11739628
11815351 11739628
11815421 11739628
11815472 11739628
11814803 11739628
11814955 11739628
11815062 11739628
11814897 11739628
11815189 11739628
11814726 11739628
11814478 11739628
11815128 11739628
11814137 11741664
11814173 11741664
11814248 11741664
11814289 11741664
11814345 11741664
11814394 11741664
11814521 11741664
11814566 11741664
11814636 11741664
11814637 11741664
11814756 11741664
11815137 11741664
11815201 11741664
11815253 11741664
11815303 11741664
11815352 11741664
11815422 11741664
11815473 11741664
11815530 11741664
11814882 11741664
11815178 11741664
11814809 11741664
11815019 11741664
11814719 11741664
11815069 11741664
11814467 11741664
11814967 11741664
11815121 11741664
11814116 11741664
11815079 11743609
11814138 11743609
11814174 11743609
11814249 11743609
11814290 11743609
11814346 11743609
11814395 11743609
11814449 11743609
11814522 11743609
11814523 11743609
11814567 11743609
11814568 11743609
11814638 11743609
11814639 11743609
11814689 11743609
11814757 11743609
11814758 11743609
11814759 11743609
11814854 11743609
11814855 11743609
11814916 11743609
11814917 11743609
11814981 11743609
11815033 11743609
11815034 11743609
11815138 11743609
11815139 11743609
11815140 11743609
11815202 11743609
11815254 11743609
11815255 11743609
11815304 11743609
11815353 11743609
11815423 11743609
11815474 11743609
11815531 11743609
11815583 11743609
11815174 11743609
11814958 11743609
11815015 11743609
11814718 11743609
8021443 11743609
11814901 11743609
11814907 11745526
11814175 11745526
11814250 11745526
11814291 11745526
11814347 11745526
11814396 11745526
11814450 11745526
11814524 11745526
11814569 11745526
11814640 11745526
11814641 11745526
11814760 11745526
11814761 11745526
11814918 11745526
11814919 11745526
11815035 11745526
11815141 11745526
11815142 11745526
11815203 11745526
11815256 11745526
11815257 11745526
11815305 11745526
11815354 11745526
11815355 11745526
11815424 11745526
11815475 11745526
11815532 11745526
11815584 11745526
11814884 11745526
11815116 11745526
11815018 11745526
11815186 11745526
11814720 11745526
11815074 11745526
11814148 11745526
11815080 11747352
11815029 11747352
11814176 11747352
11814251 11747352
11814292 11747352
11814348 11747352
11814397 11747352
11814451 11747352
11814452 11747352
11814525 11747352
11814526 11747352
11814570 11747352
11814571 11747352
11814642 11747352
11814643 11747352
11814690 11747352
11814691 11747352
11814762 11747352
11814763 11747352
11814764 11747352
11814856 11747352
11814857 11747352
11814920 11747352
11814921 11747352
11814922 11747352
11814982 11747352
11815082 11747352
11815143 11747352
11815204 11747352
11815258 11747352
11815259 11747352
11815306 11747352
11815356 11747352
11815425 11747352
11815476 11747352
11815533 11747352
11815585 11747352
11815006 11747352
11815171 11747352
11814885 11747352
11814968 11747352
11814149 11747352
11815680 11747352
3969542 11747934
11813771 11747934
11814218 11747934
11813223 11747934
11817598 11747934
11813067 11747934
11817299 11747934
11816650 11747934
11814830 11747934
11813414 11747934
11815416 11747934
11813181 11747934
11814906 11750856
11814252 11750856
11814293 11750856
11814349 11750856
11814398 11750856
11814453 11750856
11814527 11750856
11814572 11750856
11814644 11750856
11814645 11750856
11814692 11750856
11814765 11750856
11814766 11750856
11814767 11750856
11814858 11750856
11814859 11750856
11815144 11750856
11815205 11750856
11815260 11750856
11815261 11750856
11815307 11750856
11815357 11750856
11815358 11750856
11815426 11750856
11815477 11750856
11815534 11750856
11815586 11750856
11815636 11750856
11815682 11750856
11815179 11750856
11814890 11750856
11815123 11750856
7617704 11750856
11814211 11750856
11815027 11750856
11814294 11752680
11814350 11752680
11814399 11752680
11814454 11752680
11814528 11752680
11814529 11752680
11814573 11752680
11814574 11752680
11814646 11752680
11814647 11752680
11814648 11752680
11814649 11752680
11814693 11752680
11814694 11752680
11814768 11752680
11814769 11752680
11814770 11752680
11814860 11752680
11814861 11752680
11814923 11752680
11814924 11752680
11814925 11752680
11814983 11752680
11815083 11752680
11815084 11752680
11815145 11752680
11815146 11752680
11815206 11752680
11815207 11752680
11815262 11752680
11815263 11752680
11815308 11752680
11815359 11752680
11815360 11752680
11815427 11752680
11815478 11752680
11815535 11752680
11815587 11752680
11815637 11752680
11815683 11752680
11814956 11752680
11815010 11752680
11815064 11752680
11815120 11752680
11815188 11752680
11814264 11752680
11814903 11752680
11814904 11752680
11814295 11754439
11814351 11754439
11814400 11754439
11814455 11754439
11814530 11754439
11814575 11754439
11814650 11754439
11814651 11754439
11814695 11754439
11814771 11754439
11814772 11754439
11815147 11754439
11815208 11754439
11815264 11754439
11815265 11754439
11815309 11754439
11815310 11754439
11815361 11754439
11815362 11754439
11815428 11754439
11815479 11754439
11815480 11754439
11815536 11754439
11815588 11754439
11815638 11754439
11815684 11754439
11815754 11754439
11814879 11754439
11815170 11754439
11814960 11754439
11815122 11754439
11814265 11754439
11815026 11754439
3885197 11754439
11814352 11756249
11814401 11756249
11814456 11756249
11814531 11756249
11814576 11756249
11814652 11756249
11814653 11756249
11814696 11756249
11814697 11756249
11814773 11756249
11814774 11756249
11814775 11756249
11814862 11756249
11814863 11756249
11814864 11756249
11814865 11756249
11814926 11756249
11814927 11756249
11814928 11756249
11814984 11756249
11815085 11756249
11815209 11756249
11815210 11756249
11815266 11756249
11815311 11756249
11815312 11756249
11815363 11756249
11815364 11756249
11815429 11756249
11815430 11756249
11815431 11756249
11815481 11756249
11815482 11756249
11815537 11756249
11815538 11756249
11815589 11756249
11815590 11756249
11815639 11756249
11815685 11756249
11815755 11756249
11815807 11756249
11815111 11756249
8018341 11756249
11815184 11756249
8052053 11756249
11814892 11756249
11814963 11756249
11814326 11756249
11815130 11758016
11814973 11758016
11814402 11758016
11814457 11758016
11814532 11758016
11814577 11758016
11814654 11758016
11814698 11758016
11814776 11758016
11814777 11758016
11814866 11758016
11814867 11758016
11814868 11758016
11815211 11758016
11815267 11758016
11815268 11758016
11815313 11758016
11815314 11758016
11815365 11758016
11815366 11758016
11815432 11758016
11815433 11758016
11815483 11758016
11815484 11758016
11815539 11758016
11815540 11758016
11815591 11758016
11815640 11758016
11815641 11758016
11815686 11758016
11815756 11758016
11815757 11758016
11815808 11758016
11815809 11758016
11815881 11758016
11815104 11758016
11815239 11758016
11814895 11758016
11814966 11758016
11815071 11758016
11814327 11758016
11814369 11758016
11814403 11759734
11814458 11759734
11814533 11759734
11814578 11759734
11814655 11759734
11814656 11759734
11814699 11759734
11814700 11759734
11814778 11759734
11814779 11759734
11814869 11759734
11814929 11759734
11814930 11759734
11814931 11759734
11814932 11759734
11814985 11759734
11815036 11759734
11815037 11759734
11815086 11759734
11815148 11759734
11815212 11759734
11815213 11759734
11815269 11759734
11815270 11759734
11815315 11759734
11815316 11759734
11815367 11759734
11815368 11759734
11815434 11759734
11815435 11759734
11815485 11759734
11815486 11759734
11815541 11759734
11815542 11759734
11815592 11759734
11815642 11759734
11815643 11759734
11815687 11759734
11815758 11759734
11815810 11759734
11815882 11759734
11815169 11759734
11814883 11759734
11815008 11759734
11815066 11759734
11815114 11759734
11814370 11759734
11815976 11759734
11814833 11761440
11814459 11761440
11814534 11761440
11814579 11761440
11814657 11761440
11814701 11761440
11814780 11761440
11814781 11761440
11814870 11761440
11814871 11761440
11814933 11761440
11814986 11761440
11815271 11761440
11815317 11761440
11815369 11761440
11815370 11761440
11815436 11761440
11815487 11761440
11815488 11761440
11815543 11761440
11815593 11761440
11815644 11761440
11815688 11761440
11815689 11761440
11815759 11761440
11815811 11761440
11815883 11761440
11815926 11761440
3891237 11761440
11815118 11761440
11815187 11761440
11815240 11761440
11815024 11761440
11814371 11761440
11814430 11761440
11814837 11763145
11814535 11763145
11814580 11763145
11814658 11763145
11814659 11763145
11814702 11763145
11814703 11763145
11814782 11763145
11814783 11763145
11814872 11763145
11814934 11763145
11814935 11763145
11814987 11763145
11815038 11763145
11815039 11763145
11815040 11763145
11815041 11763145
11815087 11763145
11815214 11763145
11815215 11763145
11815272 11763145
11815318 11763145
11815319 11763145
11815437 11763145
11815438 11763145
11815489 11763145
11815490 11763145
11815544 11763145
11815545 11763145
11815594 11763145
11815595 11763145
11815645 11763145
11815646 11763145
11815690 11763145
11815691 11763145
11815692 11763145
11815760 11763145
11815761 11763145
11815812 11763145
11815884 11763145
11815927 11763145
11815928 11763145
11815059 11763145
8102202 11763145
11815399 11763145
11815022 11763145
11814431 11763145
11814474 11763145
11815192 11763145
11814838 11764737
11814581 11764737
11814660 11764737
11814704 11764737
11814784 11764737
11814785 11764737
11814873 11764737
11814936 11764737
11814937 11764737
11814938 11764737
11814939 11764737
11814988 11764737
11814989 11764737
11814990 11764737
11815088 11764737
11815320 11764737
11815371 11764737
11815439 11764737
11815440 11764737
11815491 11764737
11815492 11764737
11815546 11764737
11815596 11764737
11815597 11764737
11815647 11764737
11815693 11764737
11815694 11764737
11815762 11764737
11815813 11764737
11815814 11764737
11815885 11764737
11815929 11764737
11815930 11764737
11815992 11764737
11815338 11764737
11815107 11764737
11815011 11764737
11815180 11764737
11815238 11764737
11815397 11764737
11815295 11764737
11814432 11764737
11814475 11764737
11814539 11764737
11815078 11764737
11814839 11766295
11814582 11766295
11814661 11766295
11814705 11766295
11814786 11766295
11814787 11766295
11814788 11766295
11814874 11766295
11814940 11766295
11814941 11766295
11814991 11766295
11815042 11766295
11815089 11766295
11815149 11766295
11815216 11766295
11815273 11766295
11815321 11766295
11815372 11766295
11815441 11766295
11815442 11766295
11815443 11766295
11815493 11766295
11815494 11766295
11815547 11766295
11815548 11766295
11815598 11766295
11815599 11766295
11815648 11766295
11815649 11766295
11815695 11766295
11815696 11766295
11815697 11766295
11815698 11766295
11815699 11766295
11815763 11766295
11815764 11766295
11815815 11766295
11815886 11766295
11815887 11766295
11815931 11766295
11815932 11766295
11815993 11766295
11816043 11766295
11816044 11766295
11815292 11766295
11815061 11766295
11815014 11766295
11815177 11766295
11815115 11766295
11815398 11766295
11815345 11766295
11815241 11766295
11814476 11766295
11814540 11766295
11816635 11766796
11813774 11766796
11814823 11766796
11814221 11766796
11815404 11766796
11815986 11766796
11813224 11766796
11817599 11766796
11813192 11766796
11813162 11766796
11813068 11766796
11814223 11766796
11814224 11766796
8150278 11766796
11816042 11769478
11815131 11769478
11815245 11769478
11814840 11769478
11814583 11769478
11814584 11769478
11814585 11769478
11814662 11769478
11814706 11769478
11814789 11769478
11814790 11769478
11814791 11769478
11814875 11769478
11814876 11769478
11814942 11769478
11814992 11769478
11815043 11769478
11815044 11769478
11815090 11769478
11815091 11769478
11815150 11769478
11815217 11769478
11815322 11769478
11815444 11769478
11815445 11769478
11815495 11769478
11815496 11769478
11815497 11769478
11815549 11769478
11815600 11769478
11815601 11769478
11815650 11769478
11815700 11769478
11815701 11769478
11815765 11769478
11815766 11769478
11815816 11769478
11815888 11769478
11815933 11769478
11815994 11769478
11816045 11769478
11815060 11769478
11815391 11769478
11815237 11769478
11815343 11769478
11815125 11769478
11814477 11769478
11814541 11769478
11814841 11771051
11814663 11771051
11814707 11771051
11814708 11771051
11814792 11771051
11814793 11771051
11814794 11771051
11814877 11771051
11814878 11771051
11814943 11771051
11814944 11771051
11814945 11771051
11814993 11771051
11814994 11771051
11815045 11771051
11815092 11771051
11815151 11771051
11815218 11771051
11815219 11771051
11815274 11771051
11815323 11771051
11815373 11771051
11815374 11771051
11815446 11771051
11815447 11771051
11815498 11771051
11815499 11771051
11815550 11771051
11815551 11771051
11815552 11771051
11815602 11771051
11815603 11771051
11815651 11771051
11815652 11771051
11815702 11771051
11815703 11771051
11815704 11771051
11815767 11771051
11815768 11771051
11815769 11771051
11815817 11771051
11815818 11771051
11815819 11771051
11815889 11771051
11815890 11771051
11815891 11771051
11815892 11771051
11815934 11771051
11815935 11771051
11815936 11771051
11815995 11771051
11815996 11771051
11815997 11771051
11815998 11771051
11816046 11771051
11816137 11771051
11816138 11771051
11815056 11771051
11815293 11771051
11815173 11771051
11815390 11771051
11815340 11771051
11815242 11771051
11814542 11771051
11814597 11771051
11815129 11771051
3882457 11772618
11815081 11772618
11815528 11772618
11814842 11772618
11814586 11772618
11814587 11772618
11814664 11772618
11814665 11772618
11814709 11772618
11814795 11772618
11814796 11772618
11814797 11772618
11814946 11772618
11814995 11772618
11814996 11772618
11815093 11772618
11815220 11772618
11815324 11772618
11815500 11772618
11815553 11772618
11815604 11772618
11815605 11772618
11815653 11772618
11815705 11772618
11815706 11772618
11815770 11772618
11815820 11772618
11815821 11772618
11815822 11772618
11815893 11772618
11815937 11772618
11815938 11772618
11815939 11772618
11815999 11772618
11816047 11772618
11816048 11772618
11816049 11772618
11816050 11772618
11816139 11772618
11816189 11772618
11815236 11772618
11815294 11772618
11815395 11772618
11815068 11772618
11815344 11772618
11815468 11772618
11814543 11772618
11814843 11774150
11814666 11774150
11814710 11774150
11814798 11774150
11814947 11774150
11814948 11774150
11814997 11774150
11814998 11774150
11815046 11774150
11815152 11774150
11815153 11774150
11815221 11774150
11815275 11774150
11815375 11774150
11815501 11774150
11815502 11774150
11815503 11774150
11815554 11774150
11815606 11774150
11815607 11774150
11815654 11774150
11815655 11774150
11815707 11774150
11815708 11774150
11815709 11774150
11815771 11774150
11815772 11774150
11815823 11774150
11815824 11774150
11815825 11774150
11815894 11774150
11815895 11774150
11815896 11774150
11815940 11774150
11815941 11774150
11815942 11774150
11816000 11774150
11816001 11774150
11816051 11774150
11816052 11774150
11816053 11774150
11816140 11774150
11816190 11774150
11816191 11774150
11815461 11774150
11815058 11774150
11815339 11774150
11815569 11774150
11815392 11774150
11815117 11774150
11814598 11774150
11816310 11774150
11814844 11775618
11814711 11775618
11814799 11775618
11814800 11775618
11814949 11775618
11814999 11775618
11815047 11775618
11815094 11775618
11815154 11775618
11815222 11775618
11815276 11775618
11815656 11775618
11815710 11775618
11815711 11775618
11815773 11775618
11815826 11775618
11815827 11775618
11815897 11775618
11815943 11775618
11815944 11775618
11816002 11775618
11816054 11775618
11816055 11775618
11816056 11775618
11816141 11775618
11816142 11775618
11816192 11775618
11816193 11775618
11816194 11775618
11816265 11775618
11816266 11775618
11815568 11775618
11815393 11775618
11815624 11775618
11815526 11775618
11815466 11775618
11815346 11775618
11814674 11775618
11816372 11775618
11814845 11777021
11814801 11777021
11814950 11777021
11814951 11777021
11815000 11777021
11815048 11777021
11815095 11777021
11815155 11777021
11815223 11777021
11815277 11777021
11815376 11777021
11815657 11777021
11815712 11777021
11815713 11777021
11815774 11777021
11815828 11777021
11815829 11777021
11815830 11777021
11815898 11777021
11815945 11777021
11815946 11777021
11816003 11777021
11816057 11777021
11816058 11777021
11816143 11777021
11816195 11777021
11816196 11777021
11816267 11777021
11816317 11777021
11815567 11777021
11815463 11777021
11815622 11777021
11815341 11777021
11815523 11777021
11815401 11777021
11814675 11777021
11814728 11777021
11816423 11777021
11815419 11778493
11814846 11778493
11814802 11778493
11814952 11778493
11815001 11778493
11815049 11778493
11815096 11778493
11815156 11778493
11815224 11778493
11815278 11778493
11815658 11778493
11815714 11778493
11815715 11778493
11815775 11778493
11815831 11778493
11815832 11778493
11815833 11778493
11815899 11778493
11815947 11778493
11815948 11778493
11816004 11778493
11816059 11778493
11816060 11778493
11816144 11778493
11816197 11778493
11816198 11778493
11816268 11778493
11816318 11778493
11816319 11778493
11816378 11778493
11815566 11778493
11815619 11778493
11815520 11778493
11815342 11778493
11815400 11778493
11814729 11778493
11814847 11779930
11814953 11779930
11815002 11779930
11815050 11779930
11815097 11779930
11815157 11779930
11815225 11779930
11815279 11779930
11815325 11779930
11815504 11779930
11815608 11779930
11815659 11779930
11815716 11779930
11815717 11779930
11815718 11779930
11815776 11779930
11815834 11779930
11815835 11779930
11815900 11779930
11815949 11779930
11815950 11779930
11816005 11779930
11816061 11779930
11816145 11779930
11816199 11779930
11816200 11779930
11816269 11779930
11816320 11779930
11816321 11779930
11816379 11779930
11816430 11779930
11816431 11779930
11815564 11779930
11815387 11779930
11815465 11779930
11815524 11779930
11815627 11779930
11814816 11779930
11814954 11781370
11815003 11781370
11815051 11781370
11815098 11781370
11815158 11781370
11815226 11781370
11815280 11781370
11815326 11781370
11815505 11781370
11815609 11781370
11815719 11781370
11815720 11781370
11815777 11781370
11815836 11781370
11815837 11781370
11815901 11781370
11815951 11781370
11816006 11781370
11816062 11781370
11816063 11781370
11816146 11781370
11816201 11781370
11816202 11781370
11816270 11781370
11816322 11781370
11816323 11781370
11816380 11781370
11816432 11781370
11816433 11781370
11816504 11781370
11815563 11781370
11815518 11781370
11815396 11781370
11815678 11781370
8092790 11781370
11814817 11781370
11814899 11781370
11815470 11781370
11815579 11782754
11815004 11782754
11815052 11782754
11815099 11782754
11815159 11782754
11815160 11782754
11815227 11782754
11815281 11782754
11815282 11782754
11815327 11782754
11815377 11782754
11815555 11782754
11815610 11782754
11815611 11782754
11815612 11782754
11815613 11782754
11815614 11782754
11815660 11782754
11815661 11782754
11815721 11782754
11815722 11782754
11815723 11782754
11815724 11782754
11815778 11782754
11815779 11782754
11815838 11782754
11815839 11782754
11815840 11782754
11815902 11782754
11815903 11782754
11815952 11782754
11815953 11782754
11816007 11782754
11816064 11782754
11816065 11782754
11816147 11782754
11816203 11782754
11816271 11782754
11816324 11782754
11816325 11782754
11816381 11782754
11816434 11782754
11816435 11782754
11816505 11782754
11815460 11782754
11815669 11782754
11815394 11782754
11815522 11782754
11815577 11782754
11814900 11782754
11814971 11782754
11813775 11783189
11814822 11783189
11814220 11783189
11815411 11783189
11813225 11783189
11817600 11783189
11813193 11783189
11813163 11783189
11813069 11783189
11813261 11783189
11817300 11783189
12248097 11783189
11816651 11783189
7955461 11783189
11815747 11785537
11815471 11785537
11815005 11785537
11815053 11785537
11815100 11785537
11815161 11785537
11815228 11785537
11815283 11785537
11815328 11785537
11815725 11785537
11815841 11785537
11815904 11785537
11815954 11785537
11816008 11785537
11816066 11785537
11816067 11785537
11816148 11785537
11816204 11785537
11816272 11785537
11816326 11785537
11816327 11785537
11816382 11785537
11816436 11785537
11816437 11785537
11816506 11785537
11816560 11785537
11815618 11785537
11815388 11785537
11815665 11785537
11815570 11785537
11815464 11785537
11814972 11785537
11815529 11786880
11815054 11786880
11815101 11786880
11815162 11786880
11815229 11786880
11815284 11786880
11815329 11786880
11815506 11786880
11815507 11786880
11815556 11786880
11815615 11786880
11815616 11786880
11815662 11786880
11815726 11786880
11815727 11786880
11815728 11786880
11815780 11786880
11815781 11786880
11815782 11786880
11815842 11786880
11815843 11786880
11815844 11786880
11815905 11786880
11815906 11786880
11815907 11786880
11815955 11786880
11815956 11786880
11815957 11786880
11816009 11786880
11816068 11786880
11816069 11786880
11816070 11786880
11816149 11786880
11816205 11786880
11816273 11786880
11816328 11786880
11816383 11786880
11816438 11786880
11816439 11786880
11816507 11786880
11816561 11786880
11816562 11786880
11816652 11786880
11815517 11786880
11815389 11786880
11815467 11786880
11815675 11786880
11815630 11786880
11815025 11786880
11815748 11788214
11815102 11788214
11815163 11788214
11815230 11788214
11815285 11788214
11815330 11788214
11815378 11788214
11815663 11788214
11815729 11788214
11815845 11788214
11815846 11788214
11815908 11788214
11815958 11788214
11815959 11788214
11815960 11788214
11816010 11788214
11816071 11788214
11816150 11788214
11816206 11788214
11816207 11788214
11816274 11788214
11816329 11788214
11816330 11788214
11816384 11788214
11816440 11788214
11816441 11788214
11816508 11788214
11816563 11788214
11816564 11788214
11816653 11788214
11815462 11788214
11815519 11788214
11815571 11788214
11815629 11788214
11815679 11788214
11815077 11788214
11815103 11789459
11815164 11789459
11815231 11789459
11815286 11789459
11815331 11789459
11815379 11789459
11815448 11789459
11815508 11789459
11815730 11789459
11815731 11789459
11815732 11789459
11815783 11789459
11815784 11789459
11815847 11789459
11815848 11789459
11815849 11789459
11815909 11789459
11815910 11789459
11815961 11789459
11815962 11789459
11816011 11789459
11816072 11789459
11816151 11789459
11816208 11789459
11816275 11789459
11816331 11789459
11816332 11789459
11816385 11789459
11816442 11789459
11816443 11789459
11816509 11789459
11816565 11789459
11816654 11789459
11815620 11789459
11815666 11789459
11815525 11789459
11815576 11789459
11815749 11790719
11815866 11790719
11815165 11790719
11815232 11790719
11815287 11790719
11815332 11790719
11815380 11790719
11815449 11790719
11815450 11790719
11815451 11790719
11815557 11790719
11815850 11790719
11815851 11790719
11815963 11790719
11816012 11790719
11816073 11790719
11816152 11790719
11816209 11790719
11816276 11790719
11816333 11790719
11816334 11790719
11816386 11790719
11816444 11790719
11816445 11790719
11816510 11790719
11816566 11790719
11816567 11790719
11816655 11790719
11815667 11790719
11815521 11790719
11815572 11790719
11815742 11790719
11815625 11790719
11815127 11790719
11815750 11792100
11815867 11792100
11815166 11792100
11815233 11792100
11815288 11792100
11815333 11792100
11815381 11792100
11815452 11792100
11815509 11792100
11815852 11792100
11815853 11792100
11815911 11792100
11815964 11792100
11815965 11792100
11816013 11792100
11816074 11792100
11816075 11792100
11816076 11792100
11816153 11792100
11816210 11792100
11816277 11792100
11816335 11792100
11816387 11792100
11816446 11792100
11816447 11792100
11816511 11792100
11816568 11792100
11816569 11792100
11816656 11792100
11816714 11792100
11815739 11792100
11815573 11792100
11815628 11792100
11815676 11792100
11815751 11793341
11815868 11793341
11815167 11793341
11815234 11793341
11815289 11793341
11815334 11793341
11815382 11793341
11815453 11793341
11815454 11793341
11815510 11793341
11815854 11793341
11815855 11793341
11815966 11793341
11816014 11793341
11816077 11793341
11816078 11793341
11816154 11793341
11816211 11793341
11816278 11793341
11816336 11793341
11816388 11793341
11816448 11793341
11816449 11793341
11816512 11793341
11816570 11793341
11816571 11793341
11816657 11793341
11816715 11793341
11816716 11793341
11816797 11793341
11815623 11793341
11815670 11793341
11815741 11793341
11815575 11793341
11815752 11794604
11815869 11794604
11815235 11794604
11815290 11794604
11815335 11794604
11815383 11794604
11815455 11794604
11815511 11794604
11815856 11794604
11815857 11794604
11815967 11794604
11815968 11794604
11816015 11794604
11816079 11794604
11816080 11794604
11816155 11794604
11816212 11794604
11816279 11794604
11816337 11794604
11816338 11794604
11816389 11794604
11816450 11794604
11816451 11794604
11816513 11794604
11816572 11794604
11816573 11794604
11816658 11794604
11816717 11794604
11816798 11794604
11815743 11794604
11815574 11794604
11815677 11794604
11815632 11794604
11815191 11794604
11815753 11795793
11815580 11795793
11815870 11795793
11815796 11795793
11815291 11795793
11815336 11795793
11815384 11795793
11815456 11795793
11815512 11795793
11815969 11795793
11815970 11795793
11815971 11795793
11816016 11795793
11816081 11795793
11816082 11795793
11816156 11795793
11816213 11795793
11816280 11795793
11816339 11795793
11816390 11795793
11816452 11795793
11816514 11795793
11816574 11795793
11816575 11795793
11816659 11795793
11816718 11795793
11816719 11795793
11816799 11795793
11815565 11795793
11815738 11795793
11815671 11795793
11815244 11795793
11815871 11797111
11815797 11797111
11816188 11797111
11815337 11797111
11815385 11797111
11815457 11797111
11815513 11797111
11815558 11797111
11815785 11797111
11815786 11797111
11815858 11797111
11815859 11797111
11815912 11797111
11815972 11797111
11816017 11797111
11816018 11797111
11816083 11797111
11816084 11797111
11816157 11797111
11816158 11797111
11816281 11797111
11816340 11797111
11816391 11797111
11816453 11797111
11816515 11797111
11816516 11797111
11816576 11797111
11816660 11797111
11816720 11797111
11816800 11797111
11815668 11797111
11815740 11797111
11815631 11797111
11815297 11797111
11814821 11797484
11814219 11797484
11815412 11797484
11816641 11797484
11813226 11797484
11813194 11797484
11813164 11797484
11813070 11797484
11813288 11797484
11813262 11797484
11817603 11797484
11817604 11797484
11815987 11797484
11817302 11797484
