7587511 12821475
10249987 12821476
10245874 12821477
10245879 12821478
10245824 12821479
4679767 12821480
10386428 12821481
10249999 12821482
684513 12821483
10451922 12821484
10250100 12821485
10245726 12821486
10245954 12821487
10250475 12821488
10250080 12821489
10249651 12821490
7598984 12821491
10249982 12821492
3628545 12821493
10246591 12821494
10245737 12821495
10249811 12821496
12821497 12821498
10246889 12821499
10245844 12821500
10249831 12821501
10250340 12821502
10246054 12821503
10245900 12821504
10250628 12821505
10249749 12821506
10307587 12821507
7557210 12821508
12821509 12821510
12009124 12821511
10250440 12821512
7581610 12821513
10250576 12821514
10250434 12821515
10246575 12821516
7544898 12821517
1127286 12821518
10245831 12821519
3431194 12821520
10249741 12821521
10249529 12821522
10250102 12821523
10250525 12821524
10246881 12821525
10246049 12821526
10249834 12821527
12821528 12821529
10245749 12821530
10250541 12821531
10307654 12821532
10249974 12821533
10245979 12821534
10451924 12821535
10250442 12821536
10249803 12821537
10250155 12821538
12821539 12821540
10250128 12821541
10250394 12821542
10249926 12821543
12821544 12821545
10249969 12821546
12821547 12821548
10249681 12821549
12821550 12821551
10246374 12821552
10250502 12821553
10245856 12821554
10246615 12821555
10250038 12821556
10245851 12821557
10250245 12821558
10245868 12821559
10245731 12821560
7592082 12821561
7583030 12821562
3493847 12821563
10386390 12821564
10250562 12821565
10307591 12821566
962116 12821567
10249952 12821568
10249845 12821569
10307606 12821570
10246107 12821571
12821572 12821573
10246235 12821574
10246803 12821575
10245860 12821576
10246014 12821577
10246911 12821578
10246678 12821579
10249747 12821580
10250362 12821581
10245690 12821582
10249962 12821583
12821584 12821585
10246061 12821586
10246085 12821587
7549064 12821588
890254 12821589
10307595 12821590
10250225 12821591
10249536 12821592
10250103 12821593
7564755 12821594
10307615 12821595
10246092 12821596
1152477 12821597
10307603 12821598
898498 12821599
10249751 12821600
10249790 12821601
10249806 12821602
10245850 12821603
7602587 12821604
10249767 12821605
10250042 12821606
7593800 12821607
163324 12821608
12821609 12821610
10246033 12821611
12821612 12821613
10246516 12821614
10250814 12821615
10307600 12821616
10250479 12821617
10246001 12821618
10245732 12821619
10245781 12821620
10249972 12821621
10249649 12821622
10249490 12821623
10246711 12821624
10249853 12821625
10246831 12821626
10249903 12821627
7565455 12821628
1110207 12821629
7556646 12821630
10307594 12821631
10386387 12821632
10386394 12821633
10249492 12821634
12821635 12821636
7582814 12821637
7601316 12821638
10249518 12821639
10246451 12821640
12821641 12821642
12821643 12821644
10250316 12821645
10246518 12821646
10307583 12821647
10250510 12821648
213949 12821649
10249944 12821650
10249762 12821651
10249611 12821652
10250528 12821653
10250815 12821654
10249967 12821655
10245939 12821656
10250055 12821657
10246017 12821658
10246717 12821659
12821660 12821661
7592078 12821662
10250565 12821663
10249957 12821664
10249555 12821665
10249525 12821666
7604429 12821667
12821668 12821669
10250002 12821670
158765 12821671
10249742 12821672
4157559 12821673
10246052 12821674
10249935 12821675
7599017 12821676
10249937 12821677
10307577 12821678
12821679 12821680
10250642 12821681
7567042 12821682
10245965 12821683
10250572 12821684
10245862 12821685
320847 12821686
10386425 12821687
10249630 12821688
10250003 12821689
12821690 12821691
7589792 12821692
10246555 12821693
12821694 12821695
12821696 12821697
10249488 12821698
7563820 12821699
10246331 12821700
10246721 12821701
10451921 12821702
10246853 12821703
10250375 12821704
12821705 12821706
10249532 12821707
10386412 12821708
10246303 12821709
10246868 12821710
10246873 12821711
10250520 12821712
10246117 12821713
498968 12821714
517836 12821715
10246920 12821716
10246576 12821717
12821718 12821719
10249782 12821720
7598340 12821721
12821722 12821723
1975786 12821724
10249951 12821725
10249558 12821726
977460 12821727
10249881 12821728
12821729 12821730
10386388 12821731
8323881 12821732
10250731 12821733
10250649 12821734
10250179 12821735
7564771 12821736
12821737 12821738
10250495 12821739
10246108 12821740
10246416 12821741
10249966 12821742
10249647 12821743
10249791 12821744
12821745 12821746
12821747 12821748
10246027 12821749
12821750 12821751
12821752 12821753
10246448 12821754
10249939 12821755
10250324 12821756
10250114 12821757
10249701 12821758
10246146 12821759
10307605 12821760
10245854 12821761
2193575 12821762
10249602 12821763
10245996 12821764
965333 12821765
10245825 12821766
12821767 12821768
958636 12821769
10386399 12821770
10250482 12821771
7548259 12821772
12821773 12821774
1350476 12821775
294806 12821776
10245780 12821777
10250112 12821778
595994 12821779
10246183 12821780
12821781 12821782
614503 12821783
10249745 12821784
7553393 12821785
12821786 12821787
10250120 12821788
10246963 12821789
12821790 12821791
10249867 12821792
12821793 12821794
10245843 12821795
10246060 12821796
10246069 12821797
10246073 12821798
12821799 12821800
10249548 12821801
10246089 12821802
12821803 12821804
10245791 12821805
10249646 12821806
10245866 12821807
10250748 12821808
12821809 12821810
10246690 12821811
1967453 12821812
3242277 12821813
10245861 12821814
7588870 12821815
10249712 12821816
10249528 12821817
7599991 12821818
10245846 12821819
10250481 12821820
12821821 12821822
10307608 12821823
10250157 12821824
10246863 12821825
10246330 12821826
7602341 12821827
10246009 12821828
12821829 12821830
3413725 12821831
10249837 12821832
10246317 12821833
10250352 12821834
10249580 12821835
10246676 12821836
10250406 12821837
7562511 12821838
10250020 12821839
10250491 12821840
7553430 12821841
10250066 12821842
594013 12821843
10245832 12821844
7559132 12821845
10307621 12821846
10246987 12821847
376401 12821848
10250581 12821849
10249846 12821850
7544355 12821851
10245752 12821852
10250273 12821853
12821854 12821855
4005730 12821856
10246369 12821857
10249639 12821858
10250136 12821859
10249760 12821860
10249991 12821861
10307652 12821862
10250361 12821863
10250441 12821864
10249928 12821865
10246208 12821866
10250648 12821867
10249533 12821868
10246161 12821869
10245867 12821870
10246733 12821871
10245865 12821872
10250137 12821873
10246462 12821874
10386420 12821875
7589866 12821876
10250238 12821877
10250372 12821878
10246291 12821879
10250526 12821880
10307642 12821881
10250529 12821882
12821883 12821884
12821885 12821886
10249523 12821887
10250531 12821888
10250655 12821889
10307601 12821890
12821891 12821892
932993 12821893
1999448 12821894
10250553 12821895
7601289 12821896
10249938 12821897
7609333 12821898
10246103 12821899
4882562 12821900
7578980 12821901
10250250 12821902
10245754 12821903
10250579 12821904
10245729 12821905
10250781 12821906
10250791 12821907
10250203 12821908
10307572 12821909
90276 12821910
12821911 12821912
10246080 12821913
10249908 12821914
10249828 12821915
1589736 12821916
10245917 12821917
124339 12821918
10249893 12821919
10249593 12821920
10249763 12821921
7587683 12821922
10250578 12821923
10249663 12821924
12821925 12821926
10249787 12821927
12821928 12821929
12821930 12821931
10249953 12821932
10249958 12821933
7577788 12821934
7572474 12821935
123674 12821936
12821937 12821938
7597280 12821939
10245952 12821940
3156015 12821941
7575344 12821942
10246549 12821943
10249943 12821944
10250501 12821945
1610159 12821946
10246118 12821947
10250639 12821948
93520 12821949
7587212 12821950
12821951 12821952
10250162 12821953
10245914 12821954
10245982 12821955
10245759 12821956
10249616 12821957
10386392 12821958
10307640 12821959
12821960 12821961
10249843 12821962
1613585 12821963
10249919 12821964
10245973 12821965
10250176 12821966
7546101 12821967
3624451 12821968
10249594 12821969
10246776 12821970
10250194 12821971
10246517 12821972
7603776 12821973
10249985 12821974
10250005 12821975
7546613 12821976
10249822 12821977
10250013 12821978
7548774 12821979
7596698 12821980
923579 12821981
10249668 12821982
10246837 12821983
10245870 12821984
10249489 12821985
12821986 12821987
10250527 12821988
10246979 12821989
10386402 12821990
12821991 12821992
10249537 12821993
10245721 12821994
1366650 12821995
7556815 12821996
10250267 12821997
7604619 12821998
10245976 12821999
7547975 12822000
10249530 12822001
10250170 12822002
10249800 12822003
10245758 12822004
12822005 12822006
10245776 12822007
10245889 12822008
10307644 12822009
7570266 12822010
7604843 12822011
10246104 12822012
10307612 12822013
10246556 12822014
10249550 12822015
10250408 12822016
2018611 12822017
10245725 12822018
10451931 12822019
7546615 12822020
10249916 12822021
10250519 12822022
10250033 12822023
7585161 12822024
12822025 12822026
10249942 12822027
10246292 12822028
1985681 12822029
10249978 12822030
10250547 12822031
671325 12822032
10307647 12822033
10249659 12822034
10249565 12822035
7557776 12822036
12822037 12822038
10249918 12822039
12822040 12822041
10249993 12822042
12822043 12822044
10250147 12822045
10246197 12822046
10250532 12822047
10246891 12822048
7555185 12822049
10250511 12822050
10249531 12822051
10249975 12822052
12822053 12822054
10249664 12822055
10249955 12822056
12822057 12822058
7576403 12822059
10249818 12822060
10250516 12822061
10246141 12822062
10307597 12822063
10249765 12822064
10307590 12822065
10249761 12822066
10249864 12822067
10250488 12822068
1151678 12822069
10250433 12822070
10245784 12822071
7607938 12822072
7598615 12822073
10245736 12822074
10249912 12822075
10249888 12822076
10250095 12822077
12822078 12822079
7560230 12822080
10451933 12822081
10250686 12822082
956470 12822083
10245771 12822084
12822085 12822086
10246334 12822087
10246928 12822088
10246377 12822089
10246804 12822090
10246120 12822091
10250480 12822092
10249786 12822093
2444385 12822094
10245786 12822095
10249981 12822096
10246241 12822097
12822098 12822099
10250492 12822100
10307616 12822101
10249998 12822102
10250629 12822103
7553547 12822104
7593164 12822105
12822106 12822107
10249754 12822108
10246903 12822109
10246714 12822110
12822111 12822112
10249799 12822113
10246392 12822114
10246648 12822115
10250507 12822116
12822117 12822118
10246179 12822119
10250557 12822120
3492666 12822121
10246989 12822122
3182376 12822123
10246773 12822124
10245924 12822125
10250212 12822126
10250292 12822127
10250517 12822128
10246348 12822129
10250715 12822130
277154 12822131
10246355 12822132
10250493 12822133
530968 12822134
7562322 12822135
7542049 12822136
10245842 12822137
10249857 12822138
12822139 12822140
7559773 12822141
12822142 12822143
10386403 12822144
10250684 12822145
10386427 12822146
10250754 12822147
10250575 12822148
10246194 12822149
12822150 12822151
10249910 12822152
10307619 12822153
10245803 12822154
10250490 12822155
12822156 12822157
12822158 12822159
10249785 12822160
3110103 12822161
10246988 12822162
10245853 12822163
10246266 12822164
10250522 12822165
10249545 12822166
10307596 12822167
10250524 12822168
10249906 12822169
10249781 12822170
10249905 12822171
10249863 12822172
10250237 12822173
10249495 12822174
12822175 12822176
10250726 12822177
10245789 12822178
10250331 12822179
10246815 12822180
10246930 12822181
10246206 12822182
12822183 12822184
10245871 12822185
12822186 12822187
10250379 12822188
12822189 12822190
10246218 12822191
7603473 12822192
10246189 12822193
10245790 12822194
10249917 12822195
10246765 12822196
10246361 12822197
10246544 12822198
10245750 12822199
10451919 12822200
7564736 12822201
10250001 12822202
10249725 12822203
10246363 12822204
10249902 12822205
10246820 12822206
12822207 12822208
387922 12822209
10246862 12822210
10307598 12822211
10249946 12822212
10249979 12822213
12822214 12822215
10246119 12822216
10246642 12822217
10246442 12822218
10249868 12822219
12822220 12822221
12822222 12822223
10249842 12822224
12822225 12822226
10245774 12822227
10245869 12822228
10250360 12822229
10250472 12822230
12822231 12822232
7573889 12822233
10246152 12822234
10250006 12822235
12822236 12822237
10250530 12822238
10249825 12822239
10249771 12822240
12822241 12822242
10246559 12822243
10245881 12822244
7569886 12822245
10249996 12822246
10245950 12822247
10250595 12822248
10250458 12822249
10386421 12822250
10307656 12822251
10249484 12822252
10250217 12822253
7582816 12822254
10245738 12822255
460827 12822256
12822257 12822258
7601374 12822259
10249796 12822260
7555829 12822261
10307641 12822262
7553406 12822263
10245849 12822264
10249895 12822265
10250513 12822266
10246683 12822267
10246181 12822268
12822269 12822270
10451917 12822271
12822272 12822273
10250167 12822274
10246025 12822275
10249653 12822276
10246414 12822277
10245755 12822278
10386386 12822279
7559626 12822280
10307579 12822281
12822282 12822283
10249817 12822284
10250398 12822285
10245756 12822286
10249927 12822287
10246139 12822288
1144027 12822289
10245986 12822290
10246079 12822291
10250007 12822292
10245785 12822293
10250515 12822294
10250797 12822295
10245836 12822296
10246887 12822297
10246301 12822298
10386400 12822299
12822300 12822301
10249827 12822302
10249482 12822303
10249976 12822304
10246055 12822305
10249768 12822306
10246500 12822307
12822308 12822309
10249965 12822310
10246123 12822311
10246811 12822312
3441364 12822313
10249551 12822314
10245747 12822315
7605727 12822316
12822317 12822318
12822319 12822320
3772282 12822321
10250026 12822322
10246726 12822323
12822324 12822325
10246138 12822326
10249724 12822327
10249873 12822328
665951 12822329
10307651 12822330
12822331 12822332
10246078 12822333
10250326 12822334
12822335 12822336
12822337 12822338
10250794 12822339
10245884 12822340
7560232 12822341
10249865 12822342
10249964 12822343
12822344 12822345
10249884 12822346
10250012 12822347
10249553 12822348
10245877 12822349
7587397 12822350
10250489 12822351
10307648 12822352
10246542 12822353
7594363 12822354
10246402 12822355
10245876 12822356
10250470 12822357
10250109 12822358
7599019 12822359
7609383 12822360
12822361 12822362
10250349 12822363
10245937 12822364
10249907 12822365
10307580 12822366
10249804 12822367
10246111 12822368
12822369 12822370
12822371 12822372
10245962 12822373
10246960 12822374
7596197 12822375
10245892 12822376
10246619 12822377
10386397 12822378
10307588 12822379
7571626 12822380
10245761 12822381
4154234 12822382
10249832 12822383
10245968 12822384
10249526 12822385
10249887 12822386
12822387 12822388
10249810 12822389
10246598 12822390
10250357 12822391
10246067 12822392
10250119 12822393
10246908 12822394
10249600 12822395
10249930 12822396
10250364 12822397
10245882 12822398
12822399 12822400
10246166 12822401
10250244 12822402
10246012 12822403
10246162 12822404
7596283 12822405
10246193 12822406
10250310 12822407
12822408 12822409
10249859 12822410
10245899 12822411
10246388 12822412
10250564 12822413
10245991 12822414
872926 12822415
10245793 12822416
12822417 12822418
10246026 12822419
7542120 12822420
10307630 12822421
10246932 12822422
10246582 12822423
10245942 12822424
10245934 12822425
923725 12822426
7603700 12822427
10250498 12822428
7605477 12822429
10245859 12822430
10249554 12822431
10307610 12822432
3192673 12822433
1967519 12822434
3552473 12822435
10249897 12822436
150041 12822437
406670 12822438
10246937 12822439
10250093 12822440
10249924 12822441
10249904 12822442
10245792 12822443
10249705 12822444
303465 12822445
306984 12822446
10249909 12822447
7605725 12822448
10246214 12822449
3486079 12822450
10249874 12822451
10249728 12822452
10307607 12822453
12822454 12822455
10246405 12822456
12822457 12822458
10246965 12822459
10250644 12822460
10250199 12822461
10386374 12822462
10246140 12822463
10250403 12822464
10246679 12822465
12822466 12822467
10245883 12822468
10246038 12822469
10246020 12822470
10250638 12822471
7594444 12822472
10250503 12822473
7557965 12822474
10386407 12822475
10245734 12822476
10249860 12822477
10249886 12822478
10246190 12822479
7579041 12822480
10245953 12822481
4496840 12822482
10245956 12822483
10249478 12822484
12822485 12822486
10451938 12822487
10245915 12822488
10245806 12822489
10246974 12822490
10249779 12822491
10245873 12822492
7564921 12822493
10246626 12822494
630096 12822495
10250537 12822496
10249552 12822497
7600593 12822498
10249574 12822499
10363402 12822500
10250689 12822501
12822502 12822503
10249758 12822504
10307574 12822505
1547688 12822506
10245783 12822507
10249894 12822508
10249547 12822509
10245839 12822510
10246637 12822511
10246425 12822512
10246127 12822513
10246039 12822514
10249544 12822515
10307593 12822516
10451926 12822517
10246464 12822518
10246611 12822519
7560930 12822520
10386404 12822521
12822522 12822523
10246040 12822524
10307620 12822525
12822526 12822527
10245891 12822528
12822529 12822530
10250773 12822531
12822532 12822533
10249812 12822534
12822535 12822536
10451934 12822537
10249877 12822538
10249496 12822539
12822540 12822541
10451928 12822542
10249871 12822543
12822544 12822545
232083 12822546
10245707 12822547
515263 12822548
10246983 12822549
10245735 12822550
10249892 12822551
12822552 12822553
982558 12822554
10245872 12822555
10249878 12822556
10246622 12822557
10246567 12822558
10245733 12822559
10249543 12822560
10246105 12822561
10245909 12822562
10250752 12822563
12822564 12822565
12822566 12822567
10249774 12822568
12822569 12822570
10249686 12822571
7582298 12822572
7596736 12822573
10250435 12822574
10246097 12822575
7572154 12822576
10246322 12822577
12822578 12822579
10250230 12822580
10250295 12822581
10249483 12822582
10249961 12822583
10246046 12822584
12822585 12822586
10307646 12822587
10245932 12822588
12822589 12822590
12822591 12822592
10249971 12822593
10250477 12822594
10250505 12822595
10246399 12822596
10249921 12822597
10249920 12822598
903564 12822599
10386396 12822600
10249517 12822601
12822602 12822603
10246099 12822604
10249872 12822605
12822606 12822607
7565823 12822608
10249733 12822609
12822610 12822611
10249734 12822612
10249792 12822613
10245855 12822614
10307634 12822615
10249752 12822616
10249836 12822617
10245940 12822618
10249748 12822619
10246372 12822620
10245911 12822621
10250567 12822622
7577372 12822623
12822624 12822625
10246113 12822626
10307584 12822627
10245963 12822628
164636 12822629
7560468 12822630
10250636 12822631
10451932 12822632
10246043 12822633
10250497 12822634
10250205 12822635
10246083 12822636
10250208 12822637
10246955 12822638
10249809 12822639
10250426 12822640
10250219 12822641
7588859 12822642
10250218 12822643
10249844 12822644
10246264 12822645
10249933 12822646
10386406 12822647
10246350 12822648
10245927 12822649
10307637 12822650
10246666 12822651
10245913 12822652
10307609 12822653
10307649 12822654
10246942 12822655
10249744 12822656
941142 12822657
7587532 12822658
10250506 12822659
10250004 12822660
10249759 12822661
12822662 12822663
12822664 12822665
10245830 12822666
2339728 12822667
10249889 12822668
7589844 12822669
10246586 12822670
10245895 12822671
10245985 12822672
10307578 12822673
12822674 12822675
10307604 12822676
10250201 12822677
10451935 12822678
10245858 12822679
10249988 12822680
12009131 12822681
10246397 12822682
10249989 12822683
10250391 12822684
10246047 12822685
10250009 12822686
10246205 12822687
12822688 12822689
10249740 12822690
509235 12822691
12822692 12822693
7585140 12822694
7596631 12822695
10246724 12822696
12822697 12822698
10250000 12822699
10249923 12822700
10246163 12822701
10246160 12822702
10250496 12822703
10249798 12822704
10249956 12822705
7608369 12822706
10245893 12822707
10249970 12822708
10246947 12822709
1822253 12822710
10307581 12822711
7581444 12822712
10250190 12822713
10250508 12822714
10250396 12822715
10250612 12822716
7553391 12822717
12822718 12822719
1351739 12822720
879097 12822721
10307582 12822722
10250076 12822723
10246110 12822724
10246176 12822725
7542516 12822726
10246041 12822727
12822728 12822729
10250453 12822730
949705 12822731
10307575 12822732
10245886 12822733
10307658 12822734
10249498 12822735
10307589 12822736
10246186 12822737
10245989 12822738
12822739 12822740
10250809 12822741
12822742 12822743
10246044 12822744
10246169 12822745
10246137 12822746
7548857 12822747
10307618 12822748
10249936 12822749
10246430 12822750
10250552 12822751
4335279 12822752
10246709 12822753
10246153 12822754
10249521 12822755
7560260 12822756
10451927 12822757
12822758 12822759
145884 12822760
12822761 12822762
10245992 12822763
10250485 12822764
10245827 12822765
10249914 12822766
10245730 12822767
10249788 12822768
10246019 12822769
7578808 12822770
7557943 12822771
10250670 12822772
10250722 12822773
12822774 12822775
10246737 12822776
10250487 12822777
12822778 12822779
10245880 12822780
10250457 12822781
10249746 12822782
12822783 12822784
12822785 12822786
10386424 12822787
10307622 12822788
12822789 12822790
12822791 12822792
10246063 12822793
7569348 12822794
12822795 12822796
10451930 12822797
10249861 12822798
12822799 12822800
10246053 12822801
10246351 12822802
10245833 12822803
10246287 12822804
10245703 12822805
10245925 12822806
10246478 12822807
10249992 12822808
12822809 12822810
10250040 12822811
10307650 12822812
10246909 12822813
10250740 12822814
7543640 12822815
10250172 12822816
1159441 12822817
10451920 12822818
7555697 12822819
12822820 12822821
7599116 12822822
7581431 12822823
10307639 12822824
10245708 12822825
7594424 12822826
10246198 12822827
7594422 12822828
12822829 12822830
12822831 12822832
10249973 12822833
10246255 12822834
12822835 12822836
10246210 12822837
10249802 12822838
10307632 12822839
7553389 12822840
12822841 12822842
7542101 12822843
10245922 12822844
10246289 12822845
10250486 12822846
10246143 12822847
3495912 12822848
10249807 12822849
10245811 12822850
10249915 12822851
10386417 12822852
10246834 12822853
7570385 12822854
722187 12822855
10250551 12822856
10245782 12822857
979057 12822858
7548860 12822859
10246782 12822860
10249540 12822861
10249899 12822862
10246436 12822863
10246185 12822864
10451936 12822865
7567209 12822866
10249898 12822867
7594420 12822868
10246057 12822869
10249522 12822870
10250153 12822871
10307633 12822872
10246151 12822873
10246494 12822874
10249789 12822875
10245840 12822876
7555695 12822877
12822878 12822879
10249797 12822880
10250039 12822881
12822882 12822883
10249941 12822884
10246783 12822885
10307573 12822886
12822887 12822888
12822889 12822890
10246345 12822891
120802 12822892
10246320 12822893
10246135 12822894
10250550 12822895
10250422 12822896
10245826 12822897
936569 12822898
10249743 12822899
10246195 12822900
12822901 12822902
10307602 12822903
10249588 12822904
10250060 12822905
10249506 12822906
12822907 12822908
10246836 12822909
12822910 12822911
10386418 12822912
10249869 12822913
10250168 12822914
10249968 12822915
743560 12822916
10249780 12822917
10249549 12822918
10451918 12822919
10246058 12822920
7582975 12822921
10250573 12822922
10246802 12822923
10250509 12822924
10250369 12822925
10249879 12822926
965195 12822927
662532 12822928
109795 12822929
10249839 12822930
12822931 12822932
10249784 12822933
12822934 12822935
7577888 12822936
10249896 12822937
10249562 12822938
10246129 12822939
7595617 12822940
10206982 12822941
12822942 12822943
10249535 12822944
10451929 12822945
10250463 12822946
10246223 12822947
10250785 12822948
10246362 12822949
10245787 12822950
10246191 12822951
10250111 12822952
10249524 12822953
10245894 12822954
10246180 12822955
10249950 12822956
12822957 12822958
7554460 12822959
7587509 12822960
10245828 12822961
10250028 12822962
1710103 12822963
10245847 12822964
12822965 12822966
10307643 12822967
12822968 12822969
10250778 12822970
10250149 12822971
10386393 12822972
3117786 12822973
10249901 12822974
10250474 12822975
12822976 12822977
12822978 12822979
1116203 12822980
7548016 12822981
10249900 12822982
12822983 12822984
10249883 12822985
10246839 12822986
10245941 12822987
12822988 12822989
10249977 12822990
10307599 12822991
12822992 12822993
10246010 12822994
3363589 12822995
10245875 12822996
10246755 12822997
10245888 12822998
10245773 12822999
10245885 12823000
10246972 12823001
10250229 12823002
10246912 12823003
10307576 12823004
7581032 12823005
10249990 12823006
10307586 12823007
885407 12823008
10246876 12823009
10249947 12823010
10249821 12823011
10246132 12823012
10250317 12823013
10245943 12823014
10249480 12823015
12823016 12823017
345008 12823018
12823019 12823020
12823021 12823022
7572055 12823023
10249960 12823024
7567075 12823025
10250200 12823026
10250185 12823027
10249695 12823028
10250384 12823029
106107 12823030
10250164 12823031
10249841 12823032
10245852 12823033
7555866 12823034
12823035 12823036
10249654 12823037
7549253 12823038
12823039 12823040
10249997 12823041
10250064 12823042
12823043 12823044
10246745 12823045
989951 12823046
12823047 12823048
10249497 12823049
7589818 12823050
10245788 12823051
10249986 12823052
10246777 12823053
4338273 12823054
7603460 12823055
12823056 12823057
10249737 12823058
10249778 12823059
10246492 12823060
10246787 12823061
12823062 12823063
10246116 12823064
1109577 12823065
12823066 12823067
10246168 12823068
10250131 12823069
10249764 12823070
1156402 12823071
227800 12823072
10249994 12823073
10250276 12823074
10250548 12823075
10245887 12823076
1568908 12823077
10386389 12823078
10246112 12823079
7563471 12823080
10246669 12823081
7550532 12823082
7603016 12823083
10249948 12823084
702049 12823085
10245969 12823086
10249858 12823087
10245949 12823088
10250484 12823089
10250030 12823090
10250383 12823091
10246148 12823092
12823093 12823094
12823095 12823096
7591774 12823097
10250297 12823098
10249572 12823099
10250634 12823100
12823101 12823102
7592080 12823103
10246133 12823104
10245945 12823105
12823106 12823107
10246693 12823108
10245863 12823109
10307638 12823110
3510410 12823111
10386423 12823112
10307657 12823113
7604291 12823114
10249756 12823115
10249491 12823116
10246506 12823117
10249757 12823118
10250074 12823119
397589 12823120
10249520 12823121
10250307 12823122
12823123 12823124
12823125 12823126
7578698 12823127
12823128 12823129
10245890 12823130
10249527 12823131
10249642 12823132
12520857 12823133
12823134 12823135
10249815 12823136
10245845 12823137
10249856 12823138
10250448 12823139
3552651 12823140
10245857 12823141
12823142 12823143
1137925 12823144
10246643 12823145
10249854 12823146
12823147 12823148
12823149 12823150
10246177 12823151
10250359 12823152
10250469 12823153
10245944 12823154
10250570 12823155
763165 12823156
10307571 12823157
10250769 12823158
10246715 12823159
10386395 12823160
10307613 12823161
10249880 12823162
7575857 12823163
10246424 12823164
10245926 12823165
7599918 12823166
10250687 12823167
10246276 12823168
12823169 12823170
10249726 12823171
7593003 12823172
10245848 12823173
10245823 12823174
12823175 12823176
10249509 12823177
12823178 12823179
10250533 12823180
10245878 12823181
10246248 12823182
2504793 12823183
10250284 12823184
10249929 12823185
10250591 12823186
10246172 12823187
86046 12823188
10307623 12823189
10249753 12823190
7587513 12823191
10249833 12823192
2556026 12823193
10246565 12823194
10245837 12823195
10307655 12823196
10250622 12823197
10245728 12823198
10249931 12823199
10245841 12823200
10249556 12823201
10246735 12823202
10246072 12823203
7576405 12823204
12823205 12823206
10250494 12823207
7574976 12823208
10246164 12823209
10249963 12823210
10249808 12823211
10246440 12823212
10250202 12823213
10250610 12823214
10250127 12823215
3417146 12823216
10250641 12823217
10249589 12823218
3571343 12823219
10245864 12823220
10245964 12823221
12823222 12823223
1513426 12823224
1117027 12823225
693223 12823226
7546724 12823227
10250300 12823228
7585928 12823229
10249805 12823230
10250571 12823231
10451923 12823232
10249980 12823233
12823234 12823235
10250678 12823236
10250568 12823237
7582812 12823238
680012 12823239
12823240 12823241
10249770 12823242
10451937 12823243
10250730 12823244
10246156 12823245
10245727 12823246
10245990 12823247
7570545 12823248
10245987 12823249
10246747 12823250
