12816881 10532665
12816882 12183639
12816883 10848653
12816884 10590266
12816885 9964095
12816886 10590268
1017510 9964099
12816887 9964103
3976510 9964107
12816888 9964111
12816889 9964117
12816890 10848655
12816891 12816892
12816893 10848656
12816894 10532719
11349287 10532724
12816895 10532731
12816896 10532735
12816897 10532745
12816898 10532752
12816899 10532753
12816900 10532759
5217122 10532766
12816901 10532768
12816902 10532775
12816903 10532779
3904733 10532783
12816904 10532788
12816905 10532797
12816906 10532798
12816907 10532802
12816908 10532808
12816909 10532810
12816910 10019325
12816911 10532812
12816912 10532817
12816913 10532819
12816914 10532820
12816915 10532822
12816916 10532828
12816917 9964231
12816918 10532831
12816919 10532832
12816920 9964251
12816921 10532838
12816922 9964263
11349286 10532840
12816923 10532841
12816924 9964269
12816925 9964275
12816926 9964277
12816927 9964285
12816928 10532843
5207766 9964290
12816929 10532849
12816930 9964304
12816931 10532852
12816932 10532853
12816933 10532855
12816934 10532856
12816935 10532858
12816936 10532859
12816937 10532862
12816938 10532863
12816939 10532867
12816940 10532870
12816941 10532871
12816942 10532883
12816943 9964350
12816944 10532896
12816945 9964368
12816946 10532908
5205844 10019750
12816947 10532913
5205842 10532917
12816948 10532923
12816949 9964378
12816950 10532924
12816951 10532926
5203267 10532928
5218212 10532931
5229400 12816952
12816953 10532933
5231263 10532935
12816954 9571438
3972855 9571440
12816955 9571442
12816956 9964396
5216634 10532946
12816957 10532956
12816958 10532966
12816959 9964398
5206276 9964400
5206543 10532997
12816960 10020114
12816961 10533020
12816962 10533026
5206288 10533030
12816963 10533037
12816964 10533047
12816965 10533057
12816966 10533064
12816967 10533076
12816968 10533089
12816969 10533101
12816970 10533113
12816971 10533121
12816972 10533130
12816973 10533141
12816974 10533143
12816975 10533150
5207073 10533152
12816976 10533153
12816977 10533159
12816978 10020699
12816979 10533162
12816980 10533168
5203129 10533170
12816981 9571653
12816982 9964506
12816983 9571656
12816984 10533174
12816985 10533175
12816986 10533177
12816987 9964529
12816988 9571659
12816989 10533179
12816990 10533181
12816991 9964542
5195553 9964544
12816992 10533183
12816993 10533184
12816994 9964548
12816995 9964552
12816996 10533186
12816997 9964558
12816998 10533188
12816999 10533198
12817000 10533208
12817001 10533219
12817002 10533230
12817003 10533237
12817004 10533240
12817005 10533252
12817006 10533262
12817007 10533272
12817008 10533284
12817009 10021184
12817010 10533300
12817011 10533302
12817012 10533311
12817013 10533321
11346933 10533325
12817014 10533332
12817015 10533340
12817016 10021369
12817017 10533346
12817018 10533349
12817019 10533350
12817020 10533353
12817021 10533354
5208911 10533357
12817022 10533359
5207712 10533362
5195389 10533364
12817023 10533365
5195387 9964579
12817024 9964581
12817025 9964585
12817026 10533367
5195399 9964591
12817027 9964595
12817028 10021510
5204350 9964604
12817029 10533369
12817030 10533370
5195597 9964610
12817031 9964614
12817032 10533371
12817033 9964620
12817034 9964624
12817035 9964626
12817036 9964630
12817037 9964632
12817038 9964636
12817039 10533374
12817040 10533375
12817041 10848675
12817042 10533376
12817043 10533377
12817044 10533378
3984071 10533379
12817045 10848677
12817046 10533380
12817047 10533381
12817048 9571806
12817049 10533384
12817050 10533389
12817051 10533397
12817052 10533403
12817053 10533413
12817054 10533455
12817055 9571860
12817056 9964648
5204873 9964652
12817057 10533498
12817058 9964656
12817059 9964664
12817060 10533520
12817061 10533530
12817062 10533531
12817063 10533534
12817064 10533537
12817065 10533539
12817066 10533540
12817067 10533544
12817068 10533546
12817069 10533548
12817070 9964686
12817071 12817072
12817073 10533553
12817074 12817075
12817076 10533554
12817077 10533555
12817078 10533556
12817079 10533557
12817080 10533558
12817081 10533559
3974196 10533561
12817082 10533562
12817083 9964723
12817084 10533575
12817085 10533584
12817086 10533595
12817087 9964748
5203162 10533615
12817088 10533625
12817089 9964777
12817090 10533645
12817091 10533655
12817092 10533661
12817093 10533668
12817094 10533674
12817095 9964828
12817096 10533687
12817097 10533699
12817098 10533709
3943167 10533720
12817099 9964879
12817100 10533729
12817101 10533732
12817102 10533738
12817103 10533749
12817104 10533758
12817105 10533759
12817106 10533760
12817107 10533770
2661524 10533771
2738451 10533772
12817108 10533778
12817109 10533781
12817110 10533790
12817111 10533800
12817112 10533801
12817113 10533806
12817114 10533812
12817115 9964986
12817116 10533817
12817117 10533818
12817118 9965006
12817119 10024036
12817120 10533826
12817121 10533830
12817122 10533835
12817123 10533839
12817124 10533841
12817125 10533846
12817126 9965023
12817127 10533848
12817128 10533850
12817129 10533853
12817130 9572122
12817131 10533854
12817132 9965027
12817133 9965029
12817134 10533862
12817135 10533867
12817136 10533880
12817137 10533881
12817138 10533892
12817139 10533895
12817140 9965031
12817141 9965039
12817142 10533920
12817143 10533921
12817144 10533923
12817145 10533928
12817146 9965076
12817147 12817148
12817149 10533932
12817150 10533935
12817151 10533937
5204514 10533941
12817152 10533942
12817153 10533944
5219711 10533946
12817154 10024041
12817155 10533951
12817156 10533953
12817157 10533954
5204904 10533955
12817158 12817159
12817160 10024042
12817161 10533958
3979304 10533959
12817162 10533960
12817163 10848694
12817164 10533961
12817165 9965100
5204900 10533963
12817166 10533964
12817167 9965104
12817168 9965108
12817169 9965110
12817170 9965112
12817171 9965114
12817172 9965116
12817173 10533967
3943184 10533969
12817174 10533972
12817175 10024043
12817176 9965122
5204729 10533978
12817177 10533979
12817178 10533981
12817179 10533983
12817180 10533986
12817181 10533989
5204898 10024044
12817182 10533991
12817183 10533992
12817184 10533993
12817185 10534002
12817186 10534008
12817187 9965220
12817188 9965226
12817189 9965228
12817190 10534015
12817191 10534018
12817192 10534019
12817193 10534022
12817194 10534027
12817195 10534036
12817196 10534050
12817197 10534062
12817198 9965321
12817199 9965325
12817200 9965327
12817201 10534063
12817202 9572309
12817203 10534064
5203198 10534067
5207905 10534071
5205125 10534073
12817204 10534075
12817205 10534079
12817206 10534081
12817207 10534083
12817208 10534085
5195703 10534087
12817209 10590368
12817210 10534091
12817211 10534095
12817212 10534098
12817213 10534105
12817214 9965382
12817215 9965386
12817216 9965388
12817217 10534112
12817218 9965391
5208428 9965393
12817219 9965399
12817220 10534118
12817221 10534120
12817222 10534122
12817223 10024047
12817224 10534128
12817225 10534131
12817226 10534133
12817227 10534134
5203218 10534146
12817228 10534160
12817229 10534174
12817230 10534185
12817231 10534192
12817232 10534198
12817233 9572569
12817234 9965510
12817235 9965514
12817236 10534202
12817237 9965528
12817238 9965530
12817239 9965532
12817240 10534208
12817241 10534211
12817242 10534215
12817243 10534216
12817244 10534217
12817245 10534220
12817246 10534231
12817247 10534241
3974415 10534253
12817248 10534267
12817249 10534281
12817250 10534297
12817251 10534298
12817252 10534307
12817253 9965675
12817254 10534326
12817255 10534336
12817256 10534347
12817257 10534360
12817258 10534370
12817259 10534375
12817260 10534381
12817261 10534387
12817262 10534395
5206339 10534402
3987700 9965740
12817263 10534409
12817264 9965752
3934324 10534416
12817265 10848698
12817266 10534422
12817267 10534427
5207310 10534436
12817268 10534444
3934474 10534449
12817269 10534458
12817270 10534465
3934988 10534467
3937759 10534475
12817271 10534487
3937761 10534501
12817272 10534512
12817273 10534526
12817274 10590416
12817275 10534538
12817276 10534551
12817277 10534565
12817278 10534572
12817279 10534578
12817280 10534592
12817281 10534605
12817282 10534606
12817283 10026031
12817284 10534629
12817285 10534629
12817286 10534629
12817287 10534629
12817288 10534643
12817289 10534650
12817290 10534655
12817291 10534668
12817292 9965832
12817293 9965834
12817294 9965834
12817295 9965834
12817296 9965834
12817297 10534701
12817298 10534702
12817299 10534708
12817300 10534710
12817301 9573792
12817302 10534716
12817303 10534721
12817304 10534721
12817305 10534721
12817306 10534721
12817307 10534721
12817308 10534721
12817309 10534721
12817310 10534721
12817311 10534721
12817312 10534721
12817313 10534721
12817314 10534721
12817315 10534721
12817316 9573822
12817317 9965845
12817318 10534729
12817319 10534730
3928888 9965859
12817320 10534732
12817321 10534736
12817322 10534739
12817323 10534740
12817324 9965883
3970487 10534745
12817325 10534747
12817326 10534748
12817327 9965901
12817328 10534751
12817329 10534752
12817330 10534758
12817331 9573893
12817332 10534767
12817333 10534771
12817334 10534776
12817335 10534776
12817336 10534776
12817337 10534776
12817338 10534776
12817339 10534776
12817340 10534791
12817341 10534800
12817342 10534814
12817343 10534829
12817344 10534837
12817345 10534841
3983906 10534845
12817346 10534852
12817347 10534864
12817348 10534877
12817349 10534888
12817350 10534902
12817351 10534903
12817352 10534905
12817353 10534917
12817354 10590456
12817355 10534931
12817356 10534944
12817357 10534952
12817358 10534954
12817359 10534960
12817360 10534971
12817361 10534980
12817362 10534982
12817363 10534982
12817364 10534987
12817365 10534987
12817366 10534987
12817367 10534987
12817368 10534987
12817369 10534987
12817370 10534993
12817371 10535007
12817372 10535020
12817373 10535037
3963771 10535050
12817374 10535050
12817375 10535064
12817376 10535076
12817377 10535090
12817378 10535104
12817379 10535114
5206337 10535118
12817380 10535132
12817381 10535146
12817382 10535162
11342783 10535171
12817383 10535172
12817384 10026047
12817385 10535196
12817386 10535204
12817387 10535207
12817388 10535219
12817389 10535219
12817390 10535227
12817391 10535238
12817392 10535238
12817393 10535238
12817394 10535245
12817395 10535245
12817396 10535255
12817397 10535260
12817398 10535265
12817399 10535265
12817400 10535267
12817401 10026048
12817402 10026048
12817403 10535291
12817404 10535294
12817405 10535307
12817406 10535307
12817407 10535320
12817408 10535332
12817409 10535332
12817410 10535342
12817411 10535353
12817412 10535363
12817413 10535364
12817414 10535369
12817415 10026050
12817416 10535458
12817417 10535502
12817418 10850241
11350381 10850241
12817419 10535653
12817420 10535665
12817421 10535667
12817422 10535691
12817423 10535735
12817424 10535744
12817425 10590554
12817426 10536093
12817427 10536115
12817428 10536139
11344307 10536169
11346549 9966555
3942940 10028192
3937912 9966593
12817429 9966599
12817430 9966607
12817431 10536219
12817432 9966619
12817433 10536233
12817434 10536239
3942267 10028193
12817435 10536243
3937861 10536246
12817436 12420917
12817437 10536254
12817438 10536264
12817439 10536267
12817440 10536270
12817441 10536275
12817442 10536282
12817443 10536284
12817444 10536292
3953356 10536296
3977141 10536297
12817445 10028196
12817446 10536304
12817447 10536307
12817448 10536323
12817449 10536324
12817450 10536325
12817451 10536327
12817452 10536329
12817453 10536331
12817454 10536332
12817455 10590609
12817456 10536333
12817457 10536334
12817458 10536335
5208180 10536337
12817459 10536339
5234152 10536340
5208184 10536342
5208188 9966668
12817460 10028198
5208186 10536344
12817461 10536346
5208190 10536348
5208174 9575432
5208182 10536353
12817462 10536354
12817463 9966670
12817464 10850253
12817465 9966672
12817466 10536355
5217194 10536356
3965172 9575453
12817467 9575456
12817468 9575456
5203318 10536359
12817469 10536361
12817470 10028199
12817471 10536363
12817472 10850254
12817473 10536364
12817474 10536366
12817475 10028200
5209870 10536369
12817476 10536370
12817477 10536372
5204804 9575472
5209845 10536376
5224013 10536377
12817478 10536379
5223999 10536381
12817479 10536383
12817480 10536385
5209853 10536387
5214582 10536389
5217730 10536390
12817481 10536393
5209849 10536394
5209026 10590621
5224204 10536396
12817482 10536398
12817483 10536400
12817484 10536403
5209851 10536406
12817485 10536412
5203383 9575492
12817486 10536416
12817487 10536419
5219346 10536420
3963720 10536422
12817488 10536423
3930404 10536425
12817489 10536426
5219487 10536427
3967025 10536428
12817490 10536429
12817491 10536431
2673661 10536433
12817492 10536435
2633009 10536435
12817493 10536437
5201634 10536439
2733407 10590627
5207225 10536441
3929018 10536445
12817494 10536448
5205462 10536451
12817495 10536454
2671361 10536458
5213172 10536460
5219344 10536461
3917310 10536465
12817496 10536466
5217200 10536467
12817497 10536469
3987586 10536470
12817498 10536472
12817499 10536475
12817500 10028201
12817501 10536481
12817502 10536488
12817503 10536494
12817504 10028204
12817505 10536509
12817506 10536513
12817507 10536516
12817508 10590638
12817509 10536522
12817510 10536524
12817511 10536526
12817512 10536527
12817513 10028205
12817514 10536530
12817515 10536532
12817516 10536534
12817517 10536535
12817518 10536537
12817519 10536539
12817520 10536540
12817521 12817522
12817523 10028206
12817524 10536542
12817525 10536543
12817526 9575630
12817527 10536548
12817528 10536554
12817529 10536560
12817530 10536568
12817531 10536582
12817532 9966787
12817533 9966794
12817534 9966814
12817535 9966818
3935535 9966832
3983081 9966844
12817536 9966848
5217186 9966852
12817537 9966856
12817538 9966858
12817539 9966860
12817540 10536609
12817541 10536609
12817542 10536609
12817543 10536609
12817544 10536612
12817545 10536616
12817546 10536617
12817547 10536620
12817548 10028208
12817549 12817550
12817551 10536624
12817552 10536630
12817553 10536637
12817554 10590652
12817555 10536643
12817556 10536645
12817557 10536648
12817558 9966975
12817559 10536755
12817560 10536756
12817561 10536757
12817562 10536759
12817563 10536760
12817564 10536765
3960484 10536767
11349493 10536770
5218626 10590671
12817565 10590674
3938134 10536775
2616409 10536776
12817566 12420934
12817567 10850263
12817568 12420935
12817569 10536783
12817570 9576030
12817571 10536790
12817572 12817573
12817574 10536792
12817575 12420936
12817576 12420937
12817577 10536793
12817578 10536796
12817579 10536810
12817580 10536811
12817581 9576053
12817582 10536822
12817583 9967037
2648562 9967039
2648562 9967043
2649331 9967047
12817584 9967051
12817585 9967061
12817586 9967095
12817587 9967099
12817588 10536833
12817589 10536836
12817590 12183906
12817591 12217724
12817592 10850271
12817593 12817594
12817595 10536859
12817596 10536860
12817597 10536861
12817598 10536867
12817599 12183907
12817600 10850272
12817601 10030389
12817602 10536877
12817603 10536879
12817604 10536880
3952245 10536881
12817605 10536882
12817606 12420940
12817607 10536883
12817608 10536884
12817609 10536886
12817610 10536888
12817611 10536889
12817612 10536891
12817613 10536893
3942981 10536895
12817614 10536897
3942979 10536898
12817615 10536899
12817616 10536903
12817617 10536905
3933350 10536906
3934658 10536909
12817618 10536911
12817619 10536912
12817620 10536914
3974782 9967128
11350550 9967132
12817621 10536920
12817622 9967142
11350549 9967144
12817623 9967146
11349494 12420941
12817624 10536952
12817625 12817626
12817627 12183908
12817628 10537040
12817629 10537048
12817630 10537048
12817631 12420947
12817632 12420964
12817633 10537184
12817634 10537185
12817635 10537186
12817636 9576449
12817637 10537187
12817638 10537188
12817639 10537190
12817640 10537192
12817641 10850273
12817642 9576462
12817643 10537193
12817644 10537194
12817645 10537196
12817646 10537198
12817647 9576469
12817648 10537201
5207782 10537204
5208073 10537205
12817649 10537207
12817650 10537209
12817651 10537211
12817652 10537213
12817653 10537215
12817654 10537217
12817655 10537218
12817656 10537219
12817657 10537221
5205045 10537223
5204691 10537225
12817658 10537227
12817659 10537228
12817660 10537230
12817661 10537232
12817662 10537233
12817663 10537235
12817664 10537237
12817665 10537239
12817666 10537240
12817667 10537241
12817668 10537243
12817669 9576516
12817670 10537244
12817671 10030497
12817672 10537247
12817673 10537248
12817674 10537249
12817675 10537252
12817676 9576663
12817677 9576663
12817678 12817679
12817680 10537373
12817681 10537377
12817682 9576683
12817683 10537386
12817684 10537396
12817685 10537398
12817686 10537413
12817687 10537427
12817688 10537462
11350594 9576800
12817689 10537554
12817690 10537595
12817691 10537801
3978492 10031271
3938336 9967649
12817692 9967663
12817693 9967671
12817694 10537938
12817695 10537939
12817696 10537940
12817697 10537941
12817698 10537942
12817699 9967759
12817700 9967761
12817701 12817702
12817703 10537961
12817704 9577184
12817705 10537966
12817706 10538009
12817707 10538010
12817708 10538011
12817709 10538015
12817710 10538022
12817711 10538028
12817712 10538076
12817713 10032902
12817714 10538085
12817715 10538114
12817716 10850334
12817717 10850336
12817718 9967925
12817719 9967927
12817720 9967927
12817721 9967927
12817722 9967927
12817723 9967927
12817724 10538123
12817725 10850337
12817726 10850338
12817727 9967929
12817728 9967931
12817729 9967933
12817730 10538127
12817731 10538130
12817732 9967935
12817733 9967937
12817734 9967939
12817735 9967941
12817736 9967943
12817737 9967947
12817738 9967949
12817739 9967951
12817740 10538133
12817741 10538134
12817742 9967953
3917802 9967955
12817743 9967957
3917804 9967959
12817744 10538136
12817745 10538138
12817746 10538140
12817747 10538142
12817748 10538144
12817749 10538146
12817750 10538147
12817751 10538148
12817752 10538149
12817753 10538151
12817754 10538153
12817755 10538154
12817756 10538155
12817757 9967961
12817758 10538165
12817759 10538166
12817760 10538167
12817761 10850339
12817762 10538169
12817763 10538172
5206999 10538173
12817764 10538174
12817765 10538175
12817766 10538176
12817767 10850340
12817768 10538178
12817769 10850341
12817770 10850342
3920862 10538179
5207002 10538181
12817771 10850343
5207008 10538183
12817772 10538184
12817773 10538186
12817774 10538187
12817775 10538191
12817776 10538193
12817777 10538199
12817778 10538200
12817779 10538202
12817780 10538204
12817781 10538207
5207004 10538209
12817782 10850345
12817783 10538214
12817784 10538217
12817785 10538221
12817786 10538228
3928850 10538265
12817787 10538372
12817788 9968211
12817789 9968213
12817790 10538589
12817791 10538619
12817792 10538622
12817793 10538624
12817794 10538627
12817795 10850401
12817796 10538632
12817797 10538640
12817798 10538642
12817799 10538645
12817800 10850402
12817801 10850403
12817802 10538647
12817803 10538648
12817804 10032936
12817805 12817806
12817807 10538721
12817808 10538739
12817809 10538743
12817810 10538746
12817811 9968376
12817812 10032939
12817813 10538756
12817814 10538795
12817815 12817816
12817817 10538906
12817818 10538941
12817819 10538942
12817820 9968516
12817821 9968578
12817822 9968588
12817823 10539114
12817824 10539124
12817825 10539124
12817826 10539129
12817827 10539131
12817828 10850448
12817829 10539136
12817830 10539137
12817831 10539139
12817832 10539146
12817833 10539148
12817834 10539149
12817835 10539151
12817836 10850449
12817837 10850450
12817838 10539154
12817839 10539199
12817840 10539253
12817841 10539254
12817842 10539256
12817843 10032947
12817844 10539261
12817845 10539263
12817846 10539264
12817847 10539266
12817848 10539267
12817849 10539271
12817850 10539273
12817851 10539287
12817852 10539291
12817853 10539300
12817854 10539304
12817855 10539305
12817856 10539305
12817857 10539313
12817858 10850458
12817859 10850460
12817860 10539314
12817861 10539316
12817862 9578989
12817863 10539343
12817864 10539346
12817865 10032950
12817866 10539421
12817867 10850472
12817868 10032951
12817869 10539451
12817870 10032952
12817871 10539480
12817872 10539482
12817873 10539486
12817874 10539490
12817875 10539491
12817876 10539494
12817877 10539505
12817878 10539521
12817879 10539523
12817880 10539525
12817881 10539527
12817882 10850479
12817883 10539528
12817884 10539530
12817885 10539532
12817886 10539533
12817887 10539535
12817888 10539536
12817889 10539537
12817890 10539539
12817891 10539541
12817892 10539543
12817893 10539545
12817894 10539548
12817895 10539562
12817896 10539565
12817897 10539578
12817898 10539581
12817899 10539596
12817900 10539613
12817901 10539626
12817902 10539638
12817903 10539651
12817904 10850487
12817905 10539667
12817906 10539681
12817907 10539692
12817908 10539697
12817909 10539700
12817910 10539704
12817911 10539707
12817912 9969208
12817913 9969210
12817914 10539735
12817915 10539736
12817916 10539741
12817917 10539743
12817918 9969233
12817919 10539759
12817055 9969235
12817920 9969245
12817921 10539792
12817922 10539796
12817923 10850507
12817924 10539801
12817925 9969281
12817926 9969283
11349310 10032962
12817927 9969289
12817928 10539803
12817929 9969291
12817930 9969291
12817931 10539811
12817932 10539818
12817933 10539823
12817934 10539825
3900727 10539830
12817935 10539834
12817936 10539851
12817937 9969324
12817938 9969328
12817939 9969345
11352107 10539885
12817940 10539885
12817941 10539887
3984148 10539887
12817942 9969349
12817943 10539910
12817944 10539920
12817945 10539931
12817946 10539945
12817947 9969417
12817948 9969419
12817949 10539958
12817950 10539966
12817951 10539978
12817952 10850520
11341072 10539981
12817953 10539985
12817954 10032968
4357397 10539999
12817955 10540000
12817956 10540006
12817957 10540007
12817958 10540013
12817959 10032969
12817960 9969551
12817961 9969569
12817962 10540028
12817963 9969582
12817964 10032970
12817965 10540033
12817966 10540035
12817967 10540036
12817968 10850529
12817969 12421377
12817970 10540038
12817971 10540040
12817972 10540041
12817973 10540043
12817974 10540044
12817975 10032971
12817976 10540046
12817977 10540048
12817978 10540050
12817979 10850530
12817980 9579770
12817981 10540056
12817982 10540063
12817983 10540075
12817984 10540082
12817985 12183951
12817986 10540084
12817987 12183952
12817988 10540085
12817989 10540087
12817990 10540088
12817991 10540090
12817992 10540091
12817993 10540092
12817994 10540094
12817995 10032976
12817996 10540109
12817997 10540116
12817998 10540118
12817999 10540128
12818000 10540129
12818001 10540132
12818002 10540137
12818003 10540148
12818004 9969639
12818005 9969641
12818006 9969644
12818007 10540153
12818008 10540154
12818009 9579874
12818010 9969659
12818011 9969661
12818012 9969663
12818013 9969665
12818014 10540156
12818015 10540157
12818016 10540161
12818017 9969678
12818018 10850536
11346182 10540176
12818019 10540178
12818020 12818021
12818022 10032979
12818023 9969682
12818024 10540188
12818025 10540190
12818026 10540192
12818027 12421384
12818028 10540207
12818029 10540217
12818030 10540221
12818031 12421386
12818032 10540225
12818033 10540234
12818034 10540239
12818035 9969716
12818036 9969722
12818037 10540245
12818038 10540246
12818039 10540253
12818040 9579972
12818041 10032985
12818042 10540279
12818043 10540292
12818044 10540298
12818045 10540303
12818046 10540314
12818047 10540323
12818048 10540334
12818049 10540344
12818050 10540355
12818051 10540368
12818052 10540377
12818053 10540385
12818054 10540396
12818055 10540406
12818056 10540421
12818057 10540425
12818058 10540436
12818059 10540445
12818060 10540457
12818061 10032988
12818062 10540467
12818063 10540471
12818064 10540476
12818065 10540480
12818066 10540485
12818067 10540493
12818068 10540500
12818069 10540505
12818070 10540509
12818071 10540518
12818072 10540526
12818073 10540533
12818074 10540542
12818075 10540547
12818076 10540557
12818077 9970061
12818078 9970069
12818079 9970071
12818080 10540584
12818081 10540587
12818082 10540594
12818083 9970101
12818084 10540598
12818085 9970168
12818086 9970177
12818087 10540599
12818088 9970191
12818089 10540609
12818090 10540611
12818091 10540614
12818092 10540616
12818093 10850564
12818094 10850565
12818095 10540622
12818096 10540623
12818097 10540625
12818098 9970222
12818099 10540626
12818100 12421510
12818101 10540628
12818102 10540634
12818103 10540644
12818104 10850574
12818105 10540646
12818106 9970247
12818107 9970272
12818108 9970284
12818109 10540664
12818110 10540667
12818111 9970338
12818112 9580315
12818113 9970380
12818114 9970394
12818115 10540699
12818116 9970423
12818117 10540708
12818118 10540713
12818119 10540714
12818120 9580340
12818121 10540716
12818122 10540722
12818123 9970471
12818124 12818125
12818126 9970481
12818127 10540746
12818128 10540754
12818129 10540755
12818130 10540764
12818131 10540768
12818132 10540770
12818133 10540773
12818134 10540774
12818135 10540781
12818136 10540784
12818137 10540786
12818138 12183973
12818139 10540794
12818140 10540797
12818141 10540801
12818142 10850607
12818143 9970532
12818144 10540802
12818145 9970541
12818146 10540813
12818147 10540817
12818148 10540824
12818149 10540826
12818150 10540827
12818151 10540836
12818152 10540840
12818153 10540850
12818154 10540852
12818155 10540853
12818156 10033000
12818157 10540863
12818158 10540877
12818159 10540890
12818160 10540899
12818161 10540901
12818162 10540912
12818163 10540913
12818164 10540914
12818165 10540917
12818166 10540928
12818167 10540934
12818168 10540944
12818169 10540954
12818170 10540956
12818171 10540966
12818172 10540976
12818173 10540985
12818174 12421641
12818175 10540996
12818176 10541004
12818177 10541008
12818178 10541012
12818179 10541013
12818180 10541013
12818181 10541015
12818182 10541017
12818183 10541021
12818184 10541034
12818185 10541043
11350566 10541055
12818186 10541059
12818187 10541066
12818188 10541072
12818189 10541083
12818190 10541094
12818191 10850619
12818192 10541105
12818193 10541117
12818194 10850624
12818195 10541122
12818196 10541129
12818197 10541144
11350565 10850626
12818198 10541151
12818199 9970814
12818200 9970816
12818201 10541159
12818202 9970824
12818203 10541173
12818204 10541178
12818205 9970836
12818206 9970842
12818207 10541203
12818208 10541216
12818209 10541226
12818210 10541238
12818211 10541242
12818212 10541249
12818213 10541253
12818214 9970862
12818215 10541256
12818216 10541269
12818217 10541277
12818218 10541283
12818219 10541290
12818220 10541293
12818221 10541298
12818222 10541304
12818223 10541314
12818224 9580670
12818225 10541330
12818226 10541341
12818227 10541349
12818228 10541360
12818229 10541370
12818230 10541380
12818231 10541390
12818232 10541396
12818233 10541399
12818234 10541400
12818235 10541402
12818236 10541405
12818237 10541407
12818238 9580720
12818239 10541408
12818240 10541409
12818241 10541410
12818242 10541411
12818243 10541412
12818244 10541413
12818245 10541414
12818246 9580724
12818247 10541416
12818248 10541417
12818249 10541418
12818250 10541419
12818251 10541420
12818252 10541422
12818253 10541423
12818254 10541431
12818255 10541440
12818256 10541445
12818257 10541445
12818258 10541455
12818259 10541464
12818260 10541465
12818261 10541473
12818262 10541474
12818263 10850654
12818264 10541476
12818265 10541478
12818266 10850682
12818267 12421661
12818268 10541485
12818269 10850710
12818270 10850711
12818271 10850712
12818272 12183980
12818273 12421666
12818274 10850713
12818275 12421667
12818276 10850714
12818277 12818278
12818279 10850715
12818280 10850716
12818281 10850717
12818282 9971209
12818283 9971211
12818284 10850718
12818285 10850719
12818286 10850720
12818287 10850721
12818288 10850722
12818289 10850723
12818290 10850724
12818291 10850725
12818292 10850726
12818293 10850727
11347423 12421668
12818294 10850728
12818295 10541490
12818296 10541495
12818297 10850752
12818298 9971302
12818299 10850757
12818300 9971310
12818301 12818302
12818303 9971317
12818304 9971339
12818305 10850761
12818306 9971341
12818307 9971343
12818308 9971345
12818309 9971347
12818310 10850762
12818311 12818312
12818313 9971351
12818314 9971353
12818315 12818316
12818317 12818318
12818319 9971355
12818320 9971357
12818321 9971359
12818322 10850763
12818323 9971361
12818324 10850764
12818325 12818326
12818327 10850765
12818328 10850766
12818329 10850767
12818330 10850768
12818331 12818332
12818333 12421680
12818334 12421681
12818335 12818336
12818337 12421682
12818338 12818339
12818340 10850769
12818341 12818342
12818343 10850770
12818344 12818345
12818346 12818347
12818348 10850771
12818349 10850772
12818350 10850773
12818351 10850774
12818352 10850775
12818353 12818354
12818355 10850776
12818356 12818357
12818358 10850777
12818359 12818360
12818361 10850778
12818362 10850779
12818363 10850780
12818364 10850781
12818365 10850782
5207784 12421683
12818366 12421684
12818367 12818368
5207742 10850783
5207778 12421685
5207748 10850784
12818369 10541508
5207780 12421686
5204840 12818370
5204693 10850786
5205119 12818371
5204977 11811868
12818372 10850787
12818373 12818374
12818375 9580870
12818376 10850788
12818377 10850789
12818378 10850790
12818379 10850791
12818380 10850792
12818381 10850793
12818382 10850794
12818383 12818384
12818385 10850795
12818386 10850797
12818387 10541509
12818388 12818389
12818390 12818391
12818392 10850801
12818393 10541511
12818394 12818395
12818396 12818397
12818398 10850806
12818399 10850808
12818400 10541513
12818401 9971468
12818402 9971487
12818403 10850812
12818404 10850813
12818405 10541514
12818406 10541516
12818407 12421695
12818408 10850827
12818409 10850827
12818410 12421700
12818411 10850834
12818412 10850834
12818413 10850834
12818414 10541520
12818415 10541558
12818416 10541559
12818417 10541564
12818418 10541566
12818419 10033044
3904402 10541580
12818420 10541614
12818421 10541615
12818422 9580922
12818423 10541618
12818424 10541621
12818425 10541624
12818426 10541625
12818427 9971567
12818428 10541628
12818429 9971585
12818430 9971593
12818431 9971595
12818432 9971597
12818433 9971599
12818434 9971603
12818435 9971607
12818436 9971609
12818437 9971611
12818438 9971613
12818439 9971615
12818440 9971617
12818441 9971619
12818442 9971627
12818443 9971635
12818444 9971645
12818445 10541636
12818446 9971663
12818447 9971667
12818448 9971671
12818449 9580930
12818450 10541674
12818451 10850858
12818452 10541705
12818453 10541710
12818454 10541712
12818455 10541751
12818456 10541752
12818457 10541754
12818458 10541755
5202672 10541756
12818459 10541757
12818460 10541758
12818461 10541760
12818462 10541761
5204490 10541764
5207499 10541765
12818463 10541766
12818464 10541767
12818465 9971855
12818466 9971857
12818467 9971859
12818468 9971861
12818469 9971863
12818470 9971865
12818471 9971867
12818472 9971869
5207629 9971871
12818473 9971873
12818474 9971875
12818475 9971877
12818476 9971879
12818477 9971881
12818478 9971883
12818479 9971885
12818480 9971887
5208125 9971889
12818481 9971891
12818482 10541772
12818483 9971965
12818484 9581010
12818485 12183993
12818486 12183995
12818485 10542003
12818487 10850888
12818488 10850889
12818489 12818490
12818491 10850890
12818492 12421734
12818493 12421735
12818494 10033059
12818495 12421743
12818496 9972561
12818497 9972595
12818498 9972605
12818499 10850931
12818500 9972609
12818501 9972611
12818502 12421765
12818503 12818504
12818505 10850932
12818506 10850933
12818507 10850934
12818508 12818509
12818510 12818511
12818512 10033061
12818513 12818514
12818515 10850935
12818516 10850936
12818517 10850937
12818518 12818519
12818520 10850938
12818521 10850940
12818522 10850941
12818523 12421766
12818524 10850942
12818525 12421767
12818526 10850943
12818527 12818528
12818529 12421768
12818530 10850944
12818531 10850945
12818532 12818533
12818534 10850946
12818535 9581115
12818536 10850974
12818537 10850975
12818538 12818539
12818540 9581134
12818541 12422124
12818542 10033063
12818543 12184012
12818544 12818545
12818546 9972693
12818547 9972695
12818548 9972697
12818549 12184015
12818550 12184016
12818551 10850979
12818552 12818553
12818554 10033064
12818555 12184017
12818556 10850980
12818557 10850981
12818558 10850982
12818559 10850983
12818560 10033065
12818561 10850984
12818562 10850987
12818563 12818564
12818565 10850988
12818566 10851000
12818567 10851001
12818568 10851002
11442412 12422127
12818569 10851006
12818570 10851007
12818571 10851008
12818572 10851009
12818573 10851010
12818574 9972719
12818575 10851012
12818576 9972727
12818577 9972741
12818578 10851019
12818579 10542028
12818580 9581175
12818581 10851056
12818582 10851081
12818583 12422145
12818584 10851083
12818585 12818586
11345844 12818587
12818588 10851092
12818589 10851093
12818590 10851094
12818591 10851095
12818592 10851096
12818593 10851098
12818594 12184025
12818595 10851099
12818596 10851100
12818597 10851101
12818598 10851103
12818599 10851104
12818600 10851105
12818601 12818602
12818603 12422150
12818604 10851107
12818605 10851108
12818606 10851110
12818607 10851111
12818608 10851112
12818609 10851113
12818610 10851114
12818611 10851115
12818612 10851117
12818613 10033815
11344305 12225729
12818614 12225759
12818615 12422194
12818616 12422196
3970998 12818617
12818618 10033910
12818619 10851351
12818620 10851351
12818621 10851351
12818622 12225931
12818623 10851352
12818624 9581270
12818625 9581274
12818626 10851353
12818627 12422202
12818628 10851355
12818629 10851356
12818630 9581277
12818631 10851357
12818632 9581281
12818633 10851361
12818634 9973238
12818635 9973240
12818636 10851368
12818637 10851369
12818638 12226050
12818639 10851370
12818640 12422204
12818641 10034164
2670951 10851406
12818642 12818643
12818644 10542098
3929037 12422228
12818645 10851458
12818646 10851459
12818647 11811952
12818648 10851460
12818649 10542100
12818650 10542102
12818651 12818652
12818653 10851552
12818654 10851553
12818655 10851554
5195917 10851555
12818656 10851556
12818657 10542121
12818658 10851569
12818659 12226890
11351986 12422266
12818660 10851573
12818661 10851574
12818662 10851575
12818663 10851576
12818664 10851577
12818665 10851578
12818666 12226918
12818667 10542126
12818668 10542128
12818669 9974151
12818670 10542129
12818671 10542130
12818672 10851595
12818673 10542131
12818674 10542132
12818675 10542133
12818676 9581409
12818677 10542134
12818678 9581413
12818679 9581415
12818680 10542136
12818681 10542137
12818682 10542138
12818683 10542139
12818684 10542140
12818685 10542141
12818686 9974465
12818687 10542142
12818688 10542143
12818689 9974507
12818690 10542145
12818691 9581463
12818692 10542147
12818693 9974614
12818694 10542148
12818695 9974681
12818696 10542149
12818697 10542150
12818698 10542151
12818699 9974806
12818700 10542152
12818701 10542153
12818702 12818703
12818704 10542156
12818705 10542157
12818706 9974950
12818707 10542158
12818708 10542159
12818709 10542160
12818710 10851752
12818711 9975058
12818712 10036709
12818713 10542163
12818714 10542164
12818715 10542168
12818716 10542172
12818717 10542173
12818718 12422361
12818719 12818720
12818721 10542174
12818722 10542175
12818723 12422366
12818724 12818725
12818726 10542177
12818727 10542178
12818728 10542179
12818729 10542180
12818730 10542181
12818731 10542182
12818732 10851785
12818733 9975248
12818734 9975250
12818735 10851786
12818736 10542184
12818737 10542185
12818738 9975298
12818739 10037388
12818740 10542187
12818741 10851798
12818742 10851798
12818743 10851804
12818744 10542189
12818745 12818746
12818747 12818748
12818749 10542190
12818750 12818751
12818752 12818751
12818753 12422393
12818754 12422394
12818755 10542191
12818756 12818757
12818758 12422395
12818759 12422396
12818760 12818761
12818762 12422397
12818763 10851813
12818764 10851814
12818765 10542192
11346706 12422399
12818766 10542193
4455364 10542194
12818767 12818768
12818769 10542195
12818770 12818771
12818772 10542196
12818773 12422421
12818774 10851819
12818775 12818776
12818777 10542197
12818778 10851823
11346378 10851825
12818779 10851827
12818780 10542199
12818781 10542200
12818782 9975421
4088417 10542201
12818783 9975433
12818784 9975435
12818785 10851834
2672504 10542202
5204746 10542203
12818786 10542204
12818787 10542205
3984327 12422438
12818788 12422440
12818789 12818790
12818791 10851853
12818792 10851854
12818793 10851855
12818794 10542208
12818795 12422446
12818796 9975638
12818797 12818798
12818799 12818800
12818801 12422453
12818802 12422454
12818803 12818804
12818805 12818806
12818807 12818808
12818809 12422458
11346377 12422460
12818810 9975763
12818811 10851888
12818812 12422478
12818813 12818814
12818815 10037680
11347177 12422484
12818816 10037682
12818817 12422490
12818818 12818819
12818820 10851904
12818821 12422518
12818822 12818823
12818824 12818825
12818826 12818827
12818828 12818829
12818830 12422538
12818831 12422539
12818832 9976310
12818833 10851939
12818834 9976312
12818835 12818836
12818837 12422540
12818838 12818839
12818840 12422541
12818841 12818842
12818843 12818844
12818845 12422542
5208687 12422543
12818846 12422544
12818847 12422545
12818848 12818849
12818850 9581698
12818851 12422546
12818852 9581699
12818853 12422548
12818854 12422549
12818855 12818856
12818857 12422550
12818858 12818859
5207654 12422551
12818860 12422552
12818861 12422554
12818862 12422557
12818863 9976428
12818864 9976537
12818865 12818866
12818867 10851943
12818868 12422613
12818869 12818870
5207034 12818871
12818872 12818873
12818874 12422648
12818875 10542281
12818876 12422691
12818877 12422708
12818878 10037699
12818879 12422713
12818880 12818881
12818882 9977383
12818883 12818884
12818885 12818886
12818887 12818888
12818889 12818890
12818891 12818892
12818893 10542302
12818894 12422764
4459356 12818895
3908861 12422792
2624611 9977700
3909564 9977702
3980634 9977706
3908892 9977708
3917131 9977710
3937166 12818896
3917137 12818897
3973476 9977746
12818898 9977748
12818899 12818900
3984091 12422793
12818901 12422794
12818902 12818903
12818904 12422795
12818905 12422796
12818906 12422797
12818907 12422798
12818908 12422799
3917810 12818909
12818910 12818911
12818912 10037706
3913975 12422800
4339756 12818913
3902771 12818914
12818915 12818916
12818917 12422801
12818918 12422802
12818919 12422803
12818920 12422804
12818921 9977797
12818922 9977799
12818923 12818924
12818925 12422805
12818926 12422806
12818927 12422807
12818928 12818929
12818930 12422808
12818931 12818932
12818933 12818934
12818935 9581891
12818936 12818937
12818938 12422809
12818939 12422810
12818940 12422811
2664786 12422812
12818941 12818942
12818943 12184059
12818944 10542324
12818945 10542338
12818946 12422881
12818947 12422882
2692730 12818948
12818949 12818950
3980574 12422883
3983203 12818951
3897108 12818952
3970078 12184085
3985991 12818953
3906460 12818954
3983724 12422884
12818955 12184086
12818956 12422885
12818957 12184087
12818958 12818959
12818960 12184088
3935428 12818961
12818962 12422886
3920814 12184089
3922615 12184090
2660701 12184091
3476656 9978414
12818963 9978416
12818964 9978418
5204428 9978420
12818965 9978422
5202620 9581944
12818966 12184096
12818967 12818968
3988147 12184113
12818969 10542353
12818970 12818971
12818972 12422914
12818973 12818974
12818975 12422915
12818976 12818977
12818978 12818979
12818980 12422916
3938512 12818981
12818982 12422917
12818983 12422918
12818984 12818985
12818986 12422919
12818987 9978896
3937775 12818988
12818989 12818990
3985260 12184116
12818991 12818992
12818993 12818994
12818995 12818996
12818997 12818998
3939815 12818999
12819000 12819001
4488519 12422920
12819002 12422921
12819003 12422922
12819004 12422922
12819005 12422924
12819006 12422925
12819007 10037718
12819008 12819009
12819010 12819011
12819012 12422926
12819013 12819014
12819015 12422927
12819016 12422928
12819017 12819018
12819019 12422929
12819020 12422930
12819021 12422931
12819022 9978910
12819023 9978912
12819024 9978914
12819025 12819026
3927097 9978926
3984515 12819027
12819028 12819029
12819030 10037720
12819031 12422983
12819032 12819033
12819034 10037721
5206730 12819035
12819036 12422985
12819037 12819038
12819039 12819040
12819041 10542383
12819042 12423015
12819043 12423015
12819044 11812103
12819045 12819046
12819047 12423100
12819048 12423101
12819049 12819050
12819051 12819052
11342414 11812104
12819053 12423102
11342413 9979886
12819054 12423103
12819055 12819056
12819057 12423104
12819058 10542407
12819059 12819060
12819061 12819062
12819063 12423137
12819064 10542415
12819065 10542427
12819066 11812111
12819067 12819068
12819069 10037738
12819070 11812114
12819071 12819072
12819073 12819074
12819075 12819076
12819077 12423211
12819078 9980348
12819079 9980350
12819080 9980352
12819081 9582178
12819082 12819083
12819084 10037741
12819085 9980366
12819086 9980374
12819087 12819088
12819089 9980376
12819090 9980378
12819091 12819092
12819093 9582186
12819094 12423219
12819095 12819096
12819097 12423255
12819098 12423258
12819099 12423287
12819100 10037747
12819101 12819102
12819103 12423291
12819104 12521082
12819105 12521084
12819106 12423297
12819107 9582238
12819108 12521092
12819109 12423300
12819110 12521099
12819111 12521100
12819112 12819113
12819114 9980883
12819115 10542456
12819116 12521120
12819117 12423311
12819118 12423313
12819119 12423329
12819120 10542460
12819121 9582268
12819122 9981001
12819123 10542464
12819124 9582289
12819125 10542468
12819126 12819127
12819128 10542470
12819129 12423387
12819130 12819131
12819132 12423395
5205967 9981063
5205969 9981063
3895424 9981065
5231702 9981067
12819133 12819134
5234577 12819135
5195941 9981069
3978772 12423404
12819136 12423405
5234331 12423406
5234774 12819137
3943121 12819138
12819139 11812125
5231173 12819140
5194328 9582319
12819141 12423407
5194330 12423408
5195018 12423409
5206286 12819142
5228803 12423411
12119697 12423411
3970036 12423412
3944925 10037757
12819143 12423414
5205885 12819144
5208228 12819144
5208230 12819144
5208226 12819144
5229006 12423415
12819145 9582320
5227215 9582321
5233608 12423416
5205450 12819146
12819147 12819146
5227383 12423417
5233279 9981072
5232422 9981074
12819148 12819149
5228652 12819150
5226021 12819151
12819152 9981076
5195282 9981076
12819153 9981076
12819154 12819155
12819156 10542494
5203156 10037764
5228340 12423486
5231408 12423488
5233833 12423489
12819157 12423490
5227387 12423491
12819158 12423492
12819159 10037765
5231378 12819160
5229861 12819161
12819162 12423493
5215443 12819163
12819164 10037766
12819165 12819166
3978906 12819167
5231424 12423494
5228725 12819168
5231581 12819169
12819170 12423496
3983150 12423497
5233445 12423498
5223186 12423499
12819171 12423500
12819172 9582389
12819173 10542497
12819174 12819175
12819176 12423501
12819177 12819178
12819179 12819180
12819181 12819182
12819183 10037767
12819184 9582394
12819185 12819186
12819187 12819188
5203938 9582395
5234500 12423502
12819189 12423503
5203079 12423504
5231171 12423511
12819190 12819191
5228360 12423512
12819192 12819193
12819194 12819195
5196683 12423513
5229638 12819196
5234170 12819197
12819198 12423514
12819199 12819200
12819201 12423515
12819202 12423516
12819203 12819204
12819205 12819206
5225660 12423517
12819207 12423518
12819208 9582411
12819209 12423519
12819210 12423521
12819211 12819212
12819213 12819214
12819215 12819216
12819217 12423532
12819218 12819219
5226161 12423533
12819220 12819221
12819222 12819223
12819224 12819225
12819226 12423534
12819227 10037770
12819228 12819229
12819230 12819231
5209710 12819232
5216206 12819233
12819234 12423535
12819235 12423536
12819236 12819237
12819238 12423537
12819239 12423538
12819240 12423539
12819241 9582426
12819242 12819243
5219203 9582428
12819244 10037771
12819245 12423551
12819246 12423560
12819247 12423561
12819248 12423563
12819249 12423564
12819250 12819251
12819252 12423565
12819253 12423566
12819254 9582450
12819255 12423567
12819256 12819257
12819258 12819259
12819260 12819261
12819262 12819263
12819264 12423592
12819265 12423593
12819266 12819267
12819268 10542516
12819269 10542517
12819270 10542518
12819271 12819272
12819273 12423629
12819274 12423630
12819275 12819276
12819277 9582510
5212395 12423631
3980926 12819278
12819279 12819280
12819281 12819282
12819283 12819284
12819285 12423655
12819286 12423694
12819287 12423695
11352823 12819288
12819289 12423698
12819290 12423719
12819291 9582584
3986499 12819292
12819293 12423726
12819294 12423728
12819295 12423729
12819296 12423732
12819297 12423733
12819298 12423734
12819299 12819300
12819301 12423742
12819302 9981421
12819303 10037784
12819304 9981445
12819305 9582623
11347250 12423768
12819306 9981453
12819307 12819308
12819309 12423791
12819310 12423791
12819311 12423791
12819312 9981507
12819313 12423796
12819314 9981530
12819315 12819316
12819317 10542568
12819318 10542570
12819319 12819320
12819321 12423821
12819322 10542574
12819323 12819324
12819325 9582684
12819326 12423834
12819327 9582686
12819328 12819329
12819330 12423850
12819331 12819332
12819333 10542599
12819334 9981661
12819335 12423904
12819336 12423905
12819337 12423921
11346176 12423946
11346175 12423947
11346174 12819338
11352750 12423950
11352753 12423950
12819339 10542611
11346930 12819340
12819341 10542613
12819342 9582895
12819343 12819344
12819345 12819346
12819347 12424033
5201604 12424034
12819348 12819349
12819350 12819351
12819352 10542621
12819353 12819354
12819355 12819356
12819357 12424038
12819358 12819359
5231502 12424039
12819360 9582901
12819361 12819362
12819363 12819364
12819365 12819366
12819367 12819368
12819369 12424040
12819370 12424041
12819371 12819372
12819373 12819374
12819375 12819376
12819377 12424042
12819378 12819379
12819380 12424043
5214109 12819381
12819382 12819383
12819384 12819385
5210913 12424044
12819386 12424045
5205648 12424046
12819387 12424047
12819388 12819389
12819390 12424048
12819391 12819392
12819393 12819394
12819395 12819396
12819397 12819398
12819399 12819400
12819401 9582909
12819402 12819403
12819404 12424050
12819405 12424051
12819406 12424052
12819407 12819408
12819409 12424053
12819410 12424054
12819411 12819412
12819413 12819414
12819415 12424055
12819416 12819417
5218877 12424056
12819418 12819419
5208366 12424057
12819420 12819421
12819422 10037813
12819423 12424058
12819424 12819425
12819426 12424059
12819427 12424060
12819428 12424061
12819429 12424062
5207515 12819430
12819431 12819432
5208522 12819433
12819434 12424063
12819435 12819436
5205208 12819437
12819438 9582915
5208364 12819439
12819440 12819439
12819441 12819442
12819443 12424064
12819444 12424065
12819445 12819446
5194768 12819447
12819448 12424066
12819449 12424067
12819450 12424068
12819451 12819452
5196260 12424072
5208164 12424073
12819453 12424082
12819454 12424083
5202165 12819455
5204576 12424084
12819456 12424085
12819457 12819458
5221014 12424086
12819459 12819460
5214075 12819461
12819462 12424087
5203747 12819463
5216338 12819464
5201308 12819465
12819466 12819467
12819468 12424089
12819469 12819470
12819471 9582937
12819472 12424092
5208567 12819473
5198976 12819474
5208569 12819475
5200314 12819476
5221225 12819477
5208528 12819478
5208530 12819479
5220932 12424093
5221471 12819480
5221431 12424094
5221433 12424095
5221473 12819481
12819482 12424096
5221071 12819483
12819484 12424097
12819485 12424098
12819486 12424099
12819487 12424100
5209892 9582944
12819488 12819489
12819490 12424103
12819491 12819492
12819493 12819494
5208063 12424106
12819495 12819496
12819497 12819498
12819499 12424107
12819500 12424108
12819501 12819502
12819503 12819504
12819505 12424109
12819506 12819507
12819508 12819509
12819510 12819511
12819512 12819513
12819514 12819515
12819516 12819517
12819518 12819519
12819520 12819521
5229334 12424111
12819522 10037815
12819523 9582959
12819524 12819525
5208504 12424113
12819526 9582960
12819527 12819528
12819529 12819530
5221879 12819531
5221988 12819532
5221863 12424115
5234313 12424116
3975271 12819533
5228334 12424117
5232566 12424118
5230410 12819534
5231075 12424119
5204318 12424120
5208763 12424121
12819535 12819536
5222162 12819537
5208656 12424122
5228745 12819538
5226351 12424123
5205206 12424124
5223026 12819539
3976315 12819540
5209847 12424125
5208601 12819541
5232466 12424126
12819542 12424127
5196121 12424128
5196123 12819543
12819544 12424129
12819545 12819546
5198998 10037816
5210927 12424130
12819547 12819548
5204468 12424131
12819549 12819550
5214773 9582980
12819551 12819552
12819553 12424132
12819554 12819555
5214725 12819556
5203599 12424133
12819557 12424134
12819558 12819559
12819560 12819561
5209968 12819562
5212379 12819563
12819564 12819565
5208488 12424135
5210265 12819566
5201926 12424136
5205654 12424137
12819567 12819568
12819569 12819570
12819571 12424138
5203491 12819572
5208486 12819573
5233622 12819574
5205656 12424140
12819575 12424141
5205660 12424142
5198660 12819576
5233045 12424144
12819577 12424145
5205662 12819578
12819579 9582996
12819580 12424146
5205065 12424147
5198656 9582998
5205664 12424148
5205666 12819581
12819582 12424149
12819583 12424150
5205668 12424151
12819584 12819585
5196635 9583001
12819586 12424152
12819587 12819588
12819589 10037818
5208420 10037819
5210873 12819590
5198662 9583005
12819591 12424153
12819592 12819593
12819594 10542650
12819595 12819596
12819597 12819598
5199698 12819599
5203154 12424154
5208152 12424155
12819600 12819601
5206870 12424156
12819602 12424157
5208524 12424158
12819603 10542652
12819604 12424159
5199130 12819605
5199952 12424160
5195581 12424161
12819606 12424162
12819607 12819608
12819609 12424163
12819610 12424164
12819611 12424165
12819612 12424166
12819613 10542653
12819614 12819615
12819616 12424167
12819617 12424168
12819618 10037820
12819619 12424169
12819620 12424170
5213758 12424171
12819621 12424172
12819622 12424173
12819623 12819624
5198668 12819625
5199288 12424175
5211826 12819626
5219935 12424176
5205676 9583018
5202702 12424177
5205680 12819627
5205682 12424178
5205684 12424179
12819628 9583019
5205686 12424180
12819629 12424181
12819630 10542656
5205071 12521146
5212403 12819631
5205650 12819632
12819633 12819634
5205633 12424185
12819635 12819636
5205688 12424186
12819637 9583023
12819638 12424187
12819639 12424188
5212393 12819640
5205690 12819641
5212401 12819642
5212511 12819643
5204098 12521147
5205726 12424189
12819644 10542658
5208526 12424190
5212625 12819645
12819646 12424191
5208565 12819647
12819648 12819649
5203497 12424192
5227339 12819650
5203443 12424193
12819651 12424194
5196637 12819652
12819653 10542659
5208372 12424195
5208787 9583027
12819654 12424196
5227341 12819655
5208115 12819656
5227345 12819657
5229067 12424197
5227347 12184146
5196975 12184147
5203573 12819658
12819659 12424198
12819660 12424199
5227349 12424200
5227325 9583032
12819661 12819662
12819663 12424201
5227327 10037821
12819664 12819665
5227329 9583034
12819666 12819667
12819668 12424202
5227331 12819669
5217238 12424203
5227333 12424204
5208334 12819670
5227335 12424205
5227343 9583037
12819671 12424206
12819672 12424207
12819673 12424208
5201288 12819674
12819675 12819676
12819677 9583040
12819678 12424209
12819679 12819680
12819681 9583044
5196639 12424212
12819682 12424213
12819683 12819684
12819685 12424214
5221401 12424215
12819686 9583049
5223448 9583050
5199124 12819687
12819688 12424216
5203121 12184149
12819689 12424217
5200328 12424218
12819690 12424219
12819691 10542666
5211598 12819692
5211566 12819693
5208785 12424220
5203845 12424221
5211054 12424223
5211034 12819694
12819695 12819696
12819697 12424225
12819698 9583057
5204129 12424226
5208498 12424227
12819699 12424228
5208563 12424229
12819700 12424230
12819701 12424231
12819702 12424232
5223298 12424233
5203473 12424234
12819703 12819704
12819705 12424235
5208354 12424236
5204346 12819706
5212066 12424237
12819707 12819708
5223346 12424239
5210895 12819709
12819710 10542672
12819711 12424240
5218885 12819712
5205619 12424241
5196007 9583063
12819713 12424242
5208368 12424243
5211530 12424244
12819714 12424245
5233737 12424246
5197996 12424247
12819715 10542674
12819716 12819717
12819718 12819719
12819720 12424248
12819721 12424249
5219352 12424250
12819722 12424251
12819723 12424252
12819724 12819725
12819726 12819727
12819728 12424253
12819729 12819730
12819731 12424254
5203493 12521148
5204863 12819732
12819733 12424255
12819734 12819735
12819736 12424256
12819737 12424257
5210951 12424258
12819738 10542676
12819739 12819740
12819741 12819742
5208941 12819743
5208442 12424259
12819744 12424260
12819745 12819746
5211582 12819747
12819748 12424261
12819749 12424262
5203735 12819750
12819751 9583070
12819752 12819753
12819754 12819755
5205623 9583074
5207201 12424270
12819756 12819757
5223340 10037823
5210787 12424271
5207941 12424272
12819758 12819759
12819760 12424273
5208370 9982619
5216240 9583078
5212174 12424274
5225885 12424275
5207606 12424276
12819761 12424277
3920706 9583080
2694718 12424278
12819762 12424279
12819763 12424280
12819764 12424281
12819765 9583081
12819766 9583082
12819767 12424282
12819768 12424283
5216204 12184151
12819769 12424284
12819770 12819771
12819772 10037824
12819773 12424285
12819774 12819775
12819776 12819777
12819778 12819779
12819780 12819781
12819782 12819783
12819784 12819785
12819786 12424286
12819787 12819788
5216202 12424287
12819789 12819790
5209052 12819791
12819792 12424288
12819793 12819794
12819795 12424289
12819796 12424290
12819797 12424291
12819798 12819799
12819800 12184152
12819801 9583089
5223438 12424292
12819802 12819803
12819804 12819805
12819806 9583090
12819807 12819808
12819809 12819810
12819811 12424294
12819812 9583091
12819813 12424295
12819814 12424302
12819815 12819816
12819817 12819818
12819819 9583121
12819820 10542693
11349371 12819821
12819822 12819821
12819823 12819824
12819825 12424343
12819826 12819827
12819828 12819827
12819829 9583149
12819830 9583158
12819831 12819832
12819833 12424372
12819834 9583164
12819835 12424396
12819836 12819837
12819838 10037834
12819839 12819840
12819841 12819842
12819843 12819844
12819845 9583207
12819846 12424429
12819847 12819848
5207401 12424430
12819849 12424431
12819850 12819851
12819852 12819853
3943019 12819854
12819855 12424432
12819856 12819857
5205850 12424433
12819858 12424434
5205852 12424435
12819859 12819860
12819861 12424436
12819862 12819863
12819864 12819865
12819866 12424437
12819867 12819868
12819869 12819870
12819871 12819872
12819873 12819874
12819875 12424438
5217740 12424439
12819876 12819877
12819878 12819879
12819880 9583211
12819881 12819882
12819883 9583213
12819884 12819885
12819886 12819887
12819888 12819889
12819890 12424441
12819891 12819892
12819893 12424442
12819894 12819895
12819896 12424457
12819897 12819898
12819899 12424458
5208695 12424462
5210955 10037845
5210949 12819900
12819901 12819902
12819903 12424463
12819904 12424464
12819905 10037846
5217198 12819906
12819907 10542725
12819908 12819909
12819910 12819911
5195833 12424472
5195837 12424473
5195835 12819912
12819913 12424474
12819914 12819915
12819916 12819917
12819918 10542729
12819919 9583283
12819920 10542730
12819921 10542731
12819922 12819923
12819924 10542732
12819925 10542734
12819926 12819927
12819928 12819929
12819930 12424518
12819931 9583306
5204896 12819932
12819933 10542736
12819934 10542737
12819935 10542739
12819936 10542740
12819937 10542743
12819938 10542745
12819939 10542746
12819940 10542747
12819941 12424574
12819942 10542751
12819943 12424585
12819944 12819945
12819946 12819947
12819948 12424586
12819949 9583382
12819950 12819951
12819952 12424587
12819953 10542753
12819954 10542755
12819955 10542756
12819956 12424603
12819957 12819958
12819959 12819960
12819961 12819962
12819963 10542758
12819964 10542760
12819965 12424621
12819966 12819967
12819968 10542767
12819969 10542768
12819970 10542769
12819971 10542773
12819972 10542774
12819973 12819974
12819975 12424683
12819976 12424705
12819977 10542787
12819978 12819979
12819980 12819981
12819982 12424747
12819983 12424759
12819984 12424760
5206280 12424761
12819985 12424786
3930800 12424814
12819986 10542829
5206724 12424882
12819987 12424896
12819988 12819989
12819990 12424897
12819991 12819992
12819993 12424905
12819994 12819995
12819996 12424916
12819997 12819998
12819999 12820000
12820001 12820002
12820003 12424917
12820004 12820005
12820006 12424919
12820007 12820008
12820009 12424922
12820010 12820011
12820012 12820013
12820014 12820015
12820016 12820017
12820018 12820017
12820019 12820020
12820021 9583857
12820022 12425011
12820023 12820024
12820025 9983304
12820026 9983306
12820027 12820028
12820029 12820030
12820031 12820032
12820033 12820034
12820035 12425022
12820036 12820037
12820038 12820039
12820040 10542878
12820041 12425030
12820042 12425037
12820043 12425037
12820044 12820045
11346177 12425058
11352752 9583931
11352749 12820046
11352751 9583933
12820047 12820048
12820049 12820050
12820051 12425079
12820052 12425088
12820053 12184274
12820054 12820055
12820056 12425130
12820057 12820058
12820059 10542911
12820060 12425137
12820061 12425142
12820062 12521172
12820063 12425145
12820064 12521173
12820065 9983318
12820066 12521210
12820067 10542925
12820068 10542926
12820069 12521240
12820070 12425219
12820071 12425220
12820072 12425221
12820073 12425222
12820074 12425223
12820075 12521241
12820076 12521242
12820077 12521243
12820078 12425225
12820079 12521244
12820080 12425226
12820081 9584103
12820082 12521245
12820083 12425227
12820084 12820085
12820086 9584107
12820087 12425248
12820088 12521276
12820089 12521277
12820090 12425254
12820091 12425256
12820092 12425257
12820093 12521282
12820094 12425258
12820095 12521283
12820096 12521284
12820097 12820098
12820099 12184288
12820100 12425259
12820101 12425260
12820102 12820103
12820104 12820105
12820106 12820107
12820108 12425263
3984615 12425264
12820109 10542940
12820110 12820111
12820112 10542943
12820113 12521291
12820114 12425324
12820115 10542950
12820116 10542953
11349492 12820117
12820118 12820119
12820120 12425364
12820121 12820122
12820123 12820124
12820125 12820126
12820127 12425373
12820128 12820129
12820130 12820131
12820132 12820133
12820134 12425374
12820135 10542962
12820136 12425390
12820137 10542971
12820138 12425429
12820139 12425440
12820140 12425448
12820141 12425449
12820142 12820143
12820144 12425451
12820145 12425466
12820146 12425467
12820147 12820148
12820149 12425468
12820150 12820151
12820152 12820153
12820154 12820155
12820156 9983340
12820157 12820158
12820159 12425518
12820160 12820161
12820162 12820163
12820164 12425519
12820165 10542995
12820166 12820167
12820168 12820169
5216916 12425527
12820170 12425528
12820171 12425529
12820172 12425530
12820173 12820174
12820175 10542998
12820176 12425573
12820177 10543006
12820178 10037931
12820179 10543010
12820180 12425613
5208156 12425635
12820181 12425646
12820182 10543017
12820183 12425662
12820184 12425663
12820185 12820186
12820187 12425669
12820188 12425673
12820189 12425674
11346552 10543026
12820190 12425703
12820191 10543029
12820192 12425716
12820193 12820194
12820195 12820196
5194680 12425768
12820197 10543045
12820198 12820199
12820200 12820201
12820202 12820203
12820204 12820205
12820206 12820207
12820208 12820209
12820210 12820211
12820212 12820213
12820214 12820215
12820216 10543051
5194344 12820217
12820218 10037946
3894298 12820219
12820220 12425808
12820221 10543055
12820222 12425823
12820223 12820224
12820225 12820226
12820227 12820228
12820229 12820230
12820231 12820232
12820233 12820234
12820235 12425858
12820236 10543069
12820237 12820238
12820239 12820238
12820240 12820238
12820241 10543071
3942501 10543072
12820242 12820243
12820244 12425886
12820245 12425894
3898086 10543079
12820246 12820247
12820248 10543081
12820249 12425912
12820250 10543083
12820251 10543084
12820252 12425925
12820253 10543092
12820254 10037961
12820255 10543095
12820256 10543096
12820257 9983390
12820258 10852009
12820259 10543099
12820260 9983408
12820261 10543115
12820262 10543117
12820263 10543123
12820264 10543126
11347021 10543128
12820265 12820266
12820267 9983426
12820268 10852187
12820269 9983428
12820270 10852188
12820271 12517369
12820272 10852196
5207280 10852197
12820273 10852198
12820274 12820275
12820276 10852234
12820277 10039618
12820278 12820279
12820280 10852311
12820281 10543157
12820282 12820283
12820284 9983481
12820285 12820286
12820287 10543184
12820288 12820289
12820290 12820291
12820292 10543195
12820293 10543202
12820294 10543203
12820295 10543207
5208107 10852423
12820296 12820297
12820298 12820299
12820300 10852486
12820301 10543234
12820302 10543235
12820303 10852523
12820304 10852524
12820305 10852525
12820306 10852526
12820307 12517470
12820308 10543238
12820309 10543240
5205605 10852551
12820310 10543244
1860447 10852589
12820311 10543246
12820312 10543247
12820313 10543250
12820314 10543252
12820315 10543255
5195571 12820316
12820317 12820318
12820319 12820320
12820321 12820322
12820323 12820324
12820325 12820326
12820327 10041661
12820328 10041663
12820329 12820330
12820331 12820332
12820333 9983667
12820334 10543273
12820335 12820336
12820337 12820338
12820339 12517496
1744675 12820340
5204900 12820341
12820342 12820343
12820344 10543305
12820345 10543309
12819968 9584363
12820346 12820347
12820348 10852739
12820349 10852762
12820350 12820351
12820352 10852844
12820353 10852855
12820354 10852997
12820355 10852998
12820356 10853016
12820357 9984097
12820358 10543390
12820359 12820360
12820361 10543410
12820362 12820363
12820364 12820365
12820366 10543414
12820367 10041701
12820368 10543419
12820369 10853337
12820370 10853412
12820371 10853474
11347222 9584490
12820372 10853479
12820373 10543445
3989099 10853494
12820374 10853529
11347534 10853624
12820375 10543486
12820376 12820377
12820378 10543488
12820379 10543493
12820380 10543495
12820381 10543496
12820382 10543499
12820383 10543500
12820384 10543513
12820385 10853959
12820386 10543516
12820387 10543519
12820388 10041730
12820389 10854024
12820390 10543524
12820391 10543530
12820392 10543533
12820393 10543537
12820394 12820395
12819830 10854257
12820396 10854298
12820397 10543600
11350694 10854505
12820398 10854514
12820399 10543605
12820400 10543608
12820401 10543617
12820402 10543621
12820403 10854707
12820404 10854716
11346929 10855075
12820405 10855108
12820406 10855186
12820407 9584747
12820408 10543738
12820409 10543801
12820410 10543809
12820411 10543814
12820412 10855676
12817134 10855684
12820413 12820414
12820415 12820416
12820417 12820418
12820419 12820420
12820421 12820422
12820423 12820424
12820425 12820426
12820427 12820428
12820429 12820430
12820431 9584940
12820432 12820433
12820434 12820435
12820436 12820437
12820438 12820439
12820440 12820441
12820442 12820443
12820444 9584944
12820445 12820446
12820447 12820448
12820449 9584945
12820450 12820451
12820452 12426114
12820453 12820454
12820455 12820456
12820457 12820458
12820459 12820460
12820461 12820462
12820463 12820464
12820465 12820466
12820467 12820468
12820469 12820470
12820471 12820472
12820473 10041860
5207881 12820474
12820475 12820476
12820477 10543964
12820478 12820479
12820480 12820481
12820482 12820483
12820484 12820485
12820486 12820487
5195529 12820488
12820489 12820490
12820491 12820492
12820493 9584966
12820494 12820495
12820496 12820497
12820498 10544134
11350611 10544165
12820499 10544195
12820500 10544240
12820501 10544251
12820502 10544252
12820503 9585384
12820504 10544307
12817254 10045170
12817255 10461176
12817256 10544329
12820505 10544339
12817257 10544340
12820506 10544346
12817258 10461185
12820507 10544351
12820508 10544361
12820509 10544366
12817262 10544369
12820510 10544371
12820511 10544374
12820512 10544378
12820513 10544380
12820514 10544385
12820515 10544390
12817267 10544392
12820516 10544394
3934474 10544413
12820517 10544414
12820518 10544417
12820519 10544422
12817269 10461215
12820520 10544423
12820521 10544426
12817270 10544434
12820522 10544435
12820523 10461216
11349477 10544445
3937759 10544456
12820524 10544465
12817271 10544467
12820525 9585598
12820526 10544474
12820527 10544478
12820528 10544481
12820529 10544485
12820530 10544487
12820531 10544488
12820532 10544492
12820533 10544495
12820534 10544499
12820535 10544502
12820536 10544503
12820537 10544507
12820538 10544509
12817273 10544512
12820539 10544518
12820540 10544522
12817274 10544523
12820541 10544527
12820542 10544529
12820543 10544532
12820544 10544539
12820545 10544542
12817276 10544545
12820546 10544546
12820547 10544549
12820548 10544550
12820549 10544555
12817277 10544557
12820550 10544561
12820551 10544565
12820552 10544566
12820553 10544567
12820554 9585664
12820555 10544568
12820556 10544570
12820557 9987835
12820558 10544572
12820559 10544573
12820560 10544577
12820561 9987856
12820562 10544582
12820563 9585688
12820564 10857616
12820565 10857618
12820566 10591026
12820567 10591028
12820568 12242694
12820569 10857623
12820570 10591031
12820571 12188739
12820572 10591060
12820573 9988695
5206339 10544609
12817279 10544610
12820574 9586026
12820575 10858244
12820576 10591135
12820577 12188750
12820578 10591136
12820579 10544611
12820580 12188751
12820581 12820582
12820583 10591137
12820584 12184621
12820585 10591138
12817282 10544612
12820586 10858249
12820587 10858250
12820588 9988787
12820589 12242765
12820590 10858252
12820591 10858253
12820592 10858254
12820593 12184628
12820594 10858255
12820595 10591142
12820596 10858259
12820597 10591143
12820598 10591144
12820599 10858262
12820600 10858263
12820601 10591146
12820602 10591150
12820603 10591154
12820604 10591158
12820605 10858268
5204707 10858271
12820606 10858274
12820607 12184632
12820608 10858276
12820609 12184633
12820610 10858280
12820611 12521395
12820612 12184634
12820613 12184636
12820614 12184637
12820615 10858284
12820616 10858285
12820617 12184638
12820618 10858286
12820619 10858288
12820620 12820621
12820622 10858290
12820623 10591165
12820624 10858291
12820625 12188758
12820626 10858293
12820627 12188759
12820628 10858295
12820629 12184644
12820630 10591172
12820631 12188762
12820632 10544628
12820633 10544630
12820634 10544632
5201716 10544636
12820635 10544647
12820636 10544650
12820637 10544652
12820638 10544654
5207417 10544659
12820639 10544667
12820640 10544669
12820641 10544670
12820642 10544673
12820643 10544677
12820644 10544679
12820645 10544683
12820646 10544696
12820647 10544707
12820648 10544723
12820649 9989390
5235980 10544731
12820650 10544732
5203107 10544734
5221745 10544736
5204668 10544739
5218300 10544741
5206809 10544743
5218306 10544744
12820651 10544745
5208287 9989468
12820652 9586294
12820653 10544749
5208801 10544750
12820654 10544752
12820655 10045452
12820656 9989515
12820657 9989519
5228032 10544760
12820658 9989545
12820659 10544763
12820660 9989557
5228034 10544767
12820661 10045463
12820662 10544768
5208975 9989565
5208977 10544769
5235543 9989589
5235381 10544773
5235541 10544774
3983205 10544775
5209688 9989607
12820663 10544782
12820664 10544800
11346499 10544801
12820665 10544808
12820666 10544810
11346493 10544817
12820667 10544831
12820668 10544838
12820669 10544840
12820670 10544859
12820671 10544862
12820672 10544865
12820673 10544870
12820674 10544871
12820675 10544872
12820676 10544876
12820677 10544881
12820678 9586429
12820679 10544888
12820680 10544894
12820681 10544930
12820682 10544941
12820683 10544945
11347176 10544986
12820684 10544986
12820685 10048285
12820686 10544995
11348599 10544999
12820687 9989996
12820688 10545000
12820689 9990036
11343115 10545007
12820690 10545008
12820691 10545014
11346433 10545055
12820692 10545087
3974470 10545088
12820693 10545091
12820694 10545094
12820695 10545094
12820696 10545094
12820697 10545098
12820698 10545098
12820699 10545101
12820700 10545103
12820701 10545110
12820702 10545114
11350503 10545124
12820703 10545127
12820704 10545133
12820705 9990606
12820706 9990639
12820707 9990661
12820708 10545161
12820709 9990699
12820710 9586675
12820711 10545185
12820712 10545190
12820713 10461474
12820714 10545214
12820715 10545217
12820716 10545226
12820717 10048363
12820718 10461503
12820719 10545248
11342765 10545260
12820720 10545270
12820721 10545275
1021023 10545276
12820722 10545277
3920417 10545278
12820723 10545300
12820724 10545303
11346545 10545310
12820725 10461556
11346544 10545315
11353243 10545320
12820726 10545322
12820727 10545328
12820728 10545336
12820729 10545339
12820730 10545340
12820731 10545343
12820732 10545346
12820733 10545348
12820734 10545352
11342102 10545355
12820735 10545356
12820736 10545357
12820737 9991050
12820738 10545359
12820739 10048392
12820740 10545362
12820741 9586830
12820742 9991064
12820743 9586834
12820744 9586837
12820745 10545369
12820746 10545372
12820747 10545377
12820748 9586853
12820749 9991110
12820750 9991112
5205696 10545381
5203148 10545382
3973478 10545383
5208963 10545385
12820751 10545392
5205652 10545394
12820752 10545395
12820753 10545396
12820754 10545398
12820755 10545399
5203105 10545400
12820756 10545402
12820757 10545404
12820758 10545405
12820759 10545408
5202015 10545410
12820760 10545411
12820761 9586906
12820762 10545413
12820763 10545414
12820764 10545418
12820765 10545419
12820766 10545420
5218941 9586915
12820767 10545423
12820768 10545424
11349447 10545425
12820769 10545426
12820770 10545427
12820771 10545429
12820772 9586931
5217084 10545431
5206813 10545434
5194563 10545435
12820773 10545437
5208089 10545444
12820774 10545447
12820775 10545448
12820776 10545450
12820777 10545453
12820778 10545454
12820779 10545455
12820780 10545459
12820781 10545463
5202268 9586960
12820782 10545466
12820783 10545471
12820784 10545474
5213897 10545475
12820785 10545477
12820786 10545486
11343114 10048440
12820787 10545492
12820788 10545495
12820789 10545496
12820790 10545498
12820791 10048457
5233525 10545499
12820792 10545503
5203403 10545505
12820793 10545508
12820794 10545510
12820795 10545512
12820796 10545518
12820797 10545519
12820798 10545520
5203495 10545522
11350457 10545528
12820799 10545529
12820800 10545530
12820801 9991321
12820802 9991331
12820803 10545533
12820804 10545534
12820805 10545538
12820806 10545540
12820807 10545544
12820808 10545545
12820809 10545546
12820810 10545547
12820811 10545550
12820812 9991413
12820813 10545564
12820814 10545574
12820815 10545587
12820816 10545588
12820817 9991502
12820818 10545591
12820819 10545594
12820820 10545595
12820821 10545597
12820822 10545602
11346546 10545603
12820823 10545605
12820824 10545608
12820825 10048477
12820826 10545617
12820827 10545618
12820828 10545625
12820829 10545626
12820830 10545628
12820831 10545632
12820832 10545634
12820833 10545635
12820834 10545637
12820835 10545638
12820836 10545639
12820837 10545640
12820838 10545642
12820839 10545643
12820840 10545645
12820841 10048485
12820842 10545647
12820843 10545651
12820844 10545656
12820845 10545659
12820846 10545661
3957091 9991695
12820847 9991697
12820848 10545663
12820849 10545664
12820850 9991699
12820851 10545667
12820852 9991703
12820853 10545668
12820854 10545669
12820855 10545670
12820856 10545671
12820857 10545672
12820858 10545673
12820859 10545674
12820860 9991753
12820861 9991767
12820862 9991767
12820863 10545677
12820864 10048505
12820865 10545679
12820866 10545680
3983995 10545684
12820867 10545686
12820868 10048514
12820869 10545687
12820870 10545688
12820871 10545689
12820872 10545690
12820873 10545691
12820874 10545692
12820875 10545699
12820876 10545701
12820877 10545702
12820878 10545705
11344314 10545709
12820879 10545710
12820880 10545713
12820881 10545717
12820882 9587202
12820883 10545721
12820884 10545725
12820885 10545725
12820886 9991798
12820887 9991800
12820888 10545732
11342764 10545750
12820889 10545754
11346543 10545769
11350559 10545797
12820890 10545850
3943125 10545860
11347161 9991893
12820891 10545868
12820892 9991936
12820893 9991957
12820894 9992001
12820895 9992042
11352092 10545916
12820896 9992062
12820897 9992076
12820898 9992082
12820899 10461645
12820900 10545965
3936009 9992097
12820901 9992140
12820902 9992158
12820903 10546010
12820904 10546021
12820905 9992256
12818708 10461695
12820906 10461701
5217114 9992416
12820907 10546088
12820908 9992418
3936202 9992439
12820909 10051518
12820910 9992527
12820911 10546215
12820912 10546246
12820913 10546252
11345051 10546260
12820914 10546269
12820915 10546282
12820916 10546330
3964469 10546334
11343221 10546434
12820917 10546530
12820918 10546559
12820919 10546571
12820920 10546607
12820921 10546612
12820922 10546648
12820923 10546657
12820924 10546663
11343197 10546664
12820925 10051789
12820926 10546754
12820927 10546794
12820928 10546812
12820929 10051803
12820930 10546814
12820931 10546825
12820932 10546905
11352093 10546905
11351692 10546982
11351993 10546993
12820933 10547031
12820934 10054441
12820935 10547072
12820936 10547099
12820937 10547147
11352090 10547178
12820938 10547185
12820939 10547215
12820940 10547234
12820941 10547243
12820942 10547283
3917123 10547285
12820943 10547392
12820944 10547417
12820945 10547430
12820946 10054475
11351691 10547508
12820947 10547537
12820948 10547546
12820949 10547551
11342780 10547557
12820950 10547568
12820951 10547570
11342781 10547579
12820952 10547582
12820953 10547583
12820954 10547586
12820955 10547592
12820956 10547595
12820957 10547604
11342782 10547617
12820958 10547647
12820959 10547648
12820960 10547673
12820961 10461921
12820962 10547695
12820963 10547707
12820964 10547717
12820965 10547737
12820966 10547746
12820967 10547761
12820968 10547766
12820969 10547769
12820970 10858314
12820971 10547772
12820972 10461925
12820973 10547853
12820974 10547881
12820975 10547923
12820976 10547928
12820977 10547928
12820978 10858315
12820979 10548057
12820980 10462037
12820981 10548115
12820982 10548120
5206143 10548123
12820983 10548124
12820984 10548125
12820985 10548128
5195026 10548131
5231131 10548137
5231121 10548139
12820986 10548142
12820987 10548144
12820988 10548146
12820989 10548148
5217561 10548152
12820990 10858319
12820991 10548156
12820992 10548158
5227296 9588926
12820993 10548159
5194171 10591480
3985046 10548167
3985121 10548170
12820994 10548171
12820995 10548173
5205722 10548174
3975214 9588945
5217908 10548176
12820996 10548178
12820997 10462072
5216332 10548179
5194167 10057035
12820998 10548180
5205694 10548182
3927318 10548183
12820999 10548185
12821000 10548186
12821001 9588960
3943077 10548188
5198250 10548189
5210546 10548191
12821002 10548193
5217617 10548194
12821003 10057036
12821004 10548195
12821005 10548197
5194163 10548199
12821006 10548200
12821007 9588971
12821008 10548202
5203375 10548204
12821009 10548207
12821010 10057037
12821011 10548209
12821012 10548211
12821013 10548213
12821014 10548214
12821015 10548216
12821016 10548219
12821017 10548220
12821018 10548222
12821019 10548224
12821020 10548225
12821021 10548227
12821022 10591486
12821023 10548231
12821024 10548232
12821025 10548234
12821026 10548235
5212975 10548239
12821027 10548240
12821028 10548241
12821029 10548242
12821030 10548243
12821031 10548244
12821032 10548246
5223716 10548247
5209257 10548250
12821033 10548251
12821034 10548252
5203401 10858320
12821035 10548257
12821036 10548259
5202550 10548261
12821037 10548263
12821038 10548265
5207939 10548266
12821039 12185005
12821040 10548267
12821041 10548269
12821042 10057040
12821043 10548272
12821044 10548274
12821045 10548275
12821046 10548277
12821047 10548278
12821048 10462085
12821049 10548280
12821050 10548282
12821051 10548283
12821052 10057041
12821053 10548284
12821054 10591492
12821055 10548287
12821056 10858321
12821057 10548289
12821058 10548291
12821059 10057043
12821060 10858322
12821061 10548297
12821062 10548299
11343796 10591493
12821063 10548303
12821064 10548304
12821065 10548305
12821066 10057044
12821067 10548306
12821068 10548307
12821069 10548309
12821070 10057045
12821071 10548310
12821072 10548311
12821073 10548312
12821074 10548313
12821075 10548314
12821076 10858323
12821077 10548315
12821078 10548316
12821079 10548317
12821080 10548318
12821081 10548320
12821082 9995559
12821083 9995563
12821084 9995565
12821085 9995567
12821086 9995569
5214513 10858324
12821087 9995575
12821088 10548323
12821089 9995593
12821090 10548325
12821091 9995597
12821092 9995605
12821093 10548328
12821094 9995611
12821095 10548329
12821096 9995613
5209066 9995619
12821097 10548330
12821098 10548331
3893771 10548335
12821099 10548342
12821100 10548344
12821101 10548345
12821102 10548346
12821103 10548349
12821104 10548350
12821105 10548351
5207853 10548354
12821106 10057046
12821107 10548357
12821108 10548358
12821109 10548359
12821110 10548360
12821111 10548363
12821112 9995689
12821113 10548366
12821114 10548368
12821115 10548371
12821116 10548372
12821117 10548374
12821118 10548376
3891090 10548378
12821119 10548379
12821120 10057047
12821121 9995817
12821122 10548382
12821123 10548384
12821124 10548386
12821125 10548387
12821126 10548391
12821127 10548395
12821128 10548396
12821129 10548397
12821130 9995821
12821131 10057048
12821132 10548400
12821133 10548403
12821134 10858328
12821135 10548405
12821136 10548407
12821137 10548410
12821138 10548412
12821139 10548414
12821140 9995880
12821141 10548416
12821142 10548417
12821143 10548418
12821144 10548419
12821145 10548420
12821146 10548423
12821147 10548426
12821148 10548428
12821149 10548429
12821150 10548430
12821151 10548431
12821152 10548433
12821153 10057049
12821154 10548434
12821155 10548437
12821156 10548439
5200888 9995977
12821157 9995979
12821158 10548440
12821159 10548441
12821160 10548447
5195667 10548448
12821161 10548450
12821162 10548457
5199572 10548459
12821163 9996050
12821164 9996054
12821165 10548468
12821166 10548470
12821167 9589239
12821168 10548477
12821169 10548479
12821170 10548484
12821171 10548485
12821172 10548486
12821173 10548489
12821174 10858329
12821175 10057051
12821176 10548490
12821177 10548492
12821178 10548493
12821179 9589258
12821180 10548495
12821181 10548498
12821182 10548499
12821183 10548500
12821184 10548501
12821185 10548502
12821186 10548503
12821187 10548504
12817910 10548505
12821188 10548506
12821189 10548507
12821190 10548508
12821191 10548511
12821192 10548512
12821193 10548513
12821194 10548514
12821195 10548517
12821196 10548519
12821197 9996228
12821198 9996236
12821199 10548527
12821200 10548529
12821201 10548531
12821202 10548536
12821203 10548540
12821204 10548541
12821205 10548546
12821206 10548548
12821207 10548552
12821208 10548559
12821209 10057054
12821210 10548567
12821211 10548572
12821212 10548573
12821213 10548575
12821214 9996262
12821215 10548579
12821216 10548581
12821217 10548588
12821218 10548590
12821219 10057057
12821220 9996282
12821221 9996290
12821222 10548591
12821223 10548592
12821224 10548593
12821225 10591527
12821226 10548594
12821227 10548595
3928761 10548597
5207801 10548599
12821228 10548602
12821229 10548604
12821230 10548605
12821231 10548606
12821232 10548609
12821233 10548612
12821234 10548613
12821235 10548614
12821236 10548615
12821237 10548619
12821238 9996321
12821239 10548622
4326353 10548623
12821240 10548624
12821241 10548625
3912738 10548626
5226069 10548627
3979988 10548628
4227695 10548629
5207312 10548630
12821242 10548632
12821243 10548633
12821244 10548634
12821245 10548635
12821246 10548636
12821247 10548637
5198404 10548638
12821248 10548639
5219205 10548641
12821249 10548642
12821250 10548643
5204695 10548645
5204705 10548646
12821251 10548647
12821252 10548648
12821253 10548649
12821254 10548650
12821255 10858331
12821256 10548651
12821257 9996333
12821258 9996335
12821259 9996337
12821260 9996339
12821261 10548652
12821262 9996343
12821263 10548653
12821264 9996345
12821265 9996347
5203158 9996349
12821266 10548655
12821267 9996353
5231935 9996355
12821268 10548656
12821269 9996357
5202907 10548657
12821270 10548658
12821271 10548664
3983309 10057061
4241986 10548665
12821272 10548667
12821273 10057062
12821274 10548668
5204545 9996361
12821275 10591533
5208166 10548670
12821276 10548671
5204384 10548672
5206815 10548673
5232038 10548675
5231947 10548676
12821277 10548677
12821278 10548678
12821279 10548679
5196105 10548680
12821280 10548682
12821281 10548683
3898607 10548685
12821282 10548688
12821283 10548689
5196073 10548690
5196067 10548691
12821284 10548692
12821285 10548693
12821286 10548694
12821287 10548695
12821288 10548696
12821289 10548697
12821290 10548698
5206817 10548699
12821291 10548701
5204758 10548704
12821292 10548705
12821293 9996364
12821294 9996366
12821295 10548710
12821296 9996370
5207489 10548711
5208127 9996374
12821297 9996376
12821298 10548714
12821299 10548715
12821300 9996380
12821301 9996382
12821302 9996384
12821303 9996386
12821304 9996388
12821305 9996390
5203898 9996392
12821306 9996394
5217515 10548718
12821307 10548719
12821308 10548720
12821309 10548721
12821310 10548723
12821311 10548724
12821312 10548725
12821313 10548728
12821314 10548731
12821315 10548738
12821316 10548741
5204828 9589563
5205609 10548742
12821317 10548743
12821318 10548745
12821319 10548747
12821320 12188780
12821321 10548749
12821322 10548750
5210136 10548751
12821323 10548752
12821324 10548755
12821325 10057064
5195555 10548757
12821326 10548758
12821327 10591544
12821328 10548759
5195931 10548761
12821329 10548762
3979121 10548763
12821330 10548764
12821331 10548765
12821332 10548766
12821333 10548768
12821334 10548769
12821335 10548770
12821336 10858334
12821337 10548771
12821338 10591547
12821339 10548775
12821340 10548776
12821341 10548778
12821342 10548780
12821343 10548782
12821344 10548784
12821345 9996396
12821346 9996398
12821347 9996400
12821348 9996404
12821349 9996406
12821350 9996408
12821351 9996410
12821352 9996414
12821353 9996416
12821354 9996418
12821355 9996420
12821356 9996422
12821357 9996424
12821358 9996428
12821359 10548788
12821360 9996430
12821361 10548789
3910690 10548791
12821362 9996436
12821363 10548792
12821364 10548793
12821365 10548794
12821366 10548795
12821367 10548798
12821368 10548801
12821369 10548802
12821370 10548804
12821371 10548805
12821372 10548806
12821373 10548809
12821374 10548811
12821375 10548812
12821376 10548813
12821377 10548815
12821378 12247741
12821379 10548816
12821380 10548817
12821381 10548818
12821382 10858336
12821383 10057065
12821384 10548820
12821385 10548822
12821386 10548823
12821387 10548824
12821388 10548826
12821389 10548827
5218624 10548829
12821390 10548830
12821391 10548831
12821392 10548832
12821393 10548833
12821394 10548834
12821395 10548835
12821396 10548836
12821397 10548838
12821398 10548839
12821399 10548840
12821400 12188781
12821401 10548842
4489065 10057066
12821402 10548843
12821403 10548844
12821404 10548845
12821405 10548847
12821406 10548849
12821407 10858337
12821408 10548855
12821409 10548857
12821410 10548858
12821411 10548859
12821412 10548860
5207740 10548864
12821413 10548865
12821414 10548867
12821415 10548868
12821416 12821417
5205702 10548869
12821418 10548870
3917108 10548871
4249438 9996473
12821419 10548874
12821420 9589721
12821421 9996482
12821422 9996486
12821423 9996490
12821424 9589731
5207730 9996495
12821425 9996497
12821426 9589736
12821427 9996500
5202825 10548876
12821428 10548877
12821429 9996502
12821430 9996506
12821431 9589745
12821432 10548879
12821433 12188783
12821434 9996509
12821435 9996511
12821436 10548880
12821437 10548882
12821438 10591580
12821439 10591582
12821440 10591583
12821441 10548884
5206282 10548886
12821442 10081784
5202991 10082492
3966306 10548953
12821443 10549004
12821444 10549041
12821445 10549051
12821446 10107640
12821447 10549054
12821448 10549076
12821449 9590111
12821450 10549127
12821451 10549221
12821452 10549232
12821453 10462238
12821454 10462243
12821455 10549264
3987084 10549267
12821456 10549273
12821457 10462284
12821458 10549310
12821459 10549343
12821460 10858353
3971070 9997656
12821461 9997701
12821462 9997707
12821463 10549453
3979932 10549455
12821464 10549504
5200446 10549514
12821465 10549523
5207931 10549529
12821466 10112437
5204542 10549535
5233920 10549540
5203423 9997846
5204547 10549543
5196075 10549550
12821467 9997856
12821468 9997860
5194302 10549555
12821469 10549557
12821470 10549560
12821471 10549563
12821472 10549567
12821473 10549630
12821474 10549638
