13800055 13800056
13800057 13800058
6605031 13800059
13800060 13800061
13800062 13800063
13800064 13800065
13800066 13800067
13800068 13800069
13800070 13800071
13800072 13800073
13800074 13800075
13800076 13800077
13800078 13800079
13800080 13800081
13800082 13800083
13800084 13800085
13800086 13800087
13800088 13800089
13800090 13800091
13800092 13800093
13800094 13800095
13800096 13800097
13800098 13800099
13800100 13800101
13800102 13800103
13800104 13800105
6577789 13800106
13800107 13800108
13800109 13800110
13800111 13800112
13800113 13800114
13800115 13800116
13800117 13800118
13800119 13800120
13800121 13800122
13800123 13800124
13800125 13800126
13800127 13800128
13800129 13800130
13800131 13800132
13800133 13800134
13800135 13800136
13800137 13800138
13800139 13800140
13800141 13800142
13800143 13800144
13800082 13800145
13800080 13800146
13800074 13800147
13800064 13800148
13800076 13800149
13800092 13800150
13800082 13800151
13800062 13800152
13800064 13800153
13800066 13800154
13800068 13800155
13800070 13800156
13800074 13800157
13800072 13800158
13800076 13800159
13800078 13800160
13800080 13800161
13800084 13800162
13800086 13800163
13800088 13800164
13800090 13800165
13800060 13800166
13800092 13800167
13800119 13800168
13800096 13800169
13800094 13800170
13800098 13800171
6588855 13800172
13800173 13800174
13800175 13800176
13800175 13800177
13800175 13800178
13800175 13800179
13800175 13800180
13800175 13800181
13800175 13800182
13800183 13800184
13800185 13800186
13800187 13800188
13800189 13800190
13800191 13800192
13800193 13800194
13800195 13800196
13800197 13800198
13800199 13800200
13800201 13800202
13800203 13800204
13800205 13800206
13800207 13800208
13800209 13800210
13800209 13800210
13800211 13800212
13800207 13800213
13800193 13800214
13800215 13800216
13800215 13800217
13800215 13800218
13800215 13800219
13800209 13800220
13800221 13800222
13800223 13800224
13800225 13800226
13800227 13800228
13800229 13800230
13800231 13800232
13800233 13800234
13800235 13800236
13800237 13800238
13800239 13800240
3967090 13800241
13800242 13800243
13800244 13800245
13800246 13800247
13800248 13800249
13800248 13800250
13800251 13800252
13800253 13800254
13800255 13800256
13800257 13800258
13800259 13800260
13800261 13800262
13800263 13800264
13800265 13800266
13800267 13800268
13800269 13800270
13800271 13800272
13800273 13800274
13800275 13800276
13800277 13800278
13800279 13800280
13800281 13800282
13800283 13800284
13800285 13800286
13800287 13800288
13800289 13800290
13800291 13800292
13800293 13800294
13800295 13800296
13800297 13800298
13800299 13800300
13800301 13800302
13800303 13800304
13800305 13800306
13800303 13800307
13800246 13800308
13800309 13800310
13800311 13800312
13800313 13800314
13800315 13800316
13800317 13800318
13800319 13800320
13800321 13800322
13800323 13800324
13800325 13800326
13800327 13800328
13800329 13800330
13800329 13800331
13800332 13800333
13800332 13800334
13800332 13800335
13800332 13800336
13800337 13800338
13800242 13800339
13800340 13800341
13800342 13800343
13800340 13800344
13800345 13800346
13800347 13800348
13800349 13800350
13800351 13800352
13800353 13800354
13800355 13800356
13800342 13800357
13800358 13800359
13800360 13800361
13800362 13800363
13800364 13800365
13800366 13800367
13800340 13800368
13800369 13800370
13800371 13800372
13800373 13800374
13800375 13800376
13800377 13800378
13800377 13800379
13800380 13800381
13800382 13800383
13800384 13800385
13800386 13800387
13800388 13800389
13800390 13800391
13800392 13800393
13800394 13800395
13800396 13800397
13800398 13800399
13800400 13800401
13800402 13800403
13800404 13800405
13800406 13800407
13800408 13800409
13800410 13800411
13800412 13800413
6771117 13800414
13800415 13800416
13800417 13800418
13800419 13800420
13800421 13800422
13800423 13800424
13800425 13800426
13800427 13800428
13800429 13800430
13800431 13800432
13800433 13800434
13800435 13800436
13800421 13800437
13800438 13800439
13800440 13800441
13800442 13800443
13800444 13800445
13800446 13800447
13800448 13800449
13800450 13800451
13800444 13800452
13800453 13800454
13800455 13800456
13800457 13800458
13800459 13800460
13800461 13800462
13800463 13800464
13800465 13800466
13800467 13800468
13800469 13800470
13800471 13800472
13800473 13800474
13800475 13800476
13800477 13800478
13800479 13800480
13800481 13800482
13800483 13800484
13800485 13800486
13800487 13800488
13800487 13800489
13800490 13800491
13800492 13800493
13800494 13800495
13800496 13800497
13800498 13800499
13800500 13800501
13800502 13800503
13800504 13800505
13800506 13800507
13800508 13800509
13800510 13800511
13800512 13800513
13800514 13800515
13800516 13800517
13800518 13800519
13800327 13800520
13800521 13800522
13800523 13800524
13800525 13800526
13800527 13800528
13800529 13800530
13800531 13800532
13800533 13800534
13800535 13800536
13800537 13800538
13800539 13800540
13800541 13800542
13800543 13800544
13800545 13800546
13800547 13800548
13800549 13800550
13800551 13800552
13800553 13800554
13800555 13800556
13800557 13800558
13800191 13800559
13800191 13800560
13800539 13800561
13800562 13800563
13800564 13800565
13800566 13800567
13800400 13800568
13800569 13800570
13800571 13800572
13800297 13800573
13800574 13800575
13800576 13800577
13800578 13800579
13800580 13800581
13800582 13800583
13800584 13800585
13800295 13800586
13800587 13800588
13800589 13800590
13800239 13800591
13800239 13800592
13800239 13800593
13800239 13800594
13800239 13800595
13800237 13800596
13800237 13800597
13800598 13800599
13800600 13800601
13800602 13800603
13800604 13800605
13800606 13800607
13800608 13800609
13800610 13800611
13800612 13800613
13800614 13800615
13800616 13800617
13800618 13800619
13800620 13800621
13800622 13800623
13800624 13800625
13800626 13800627
13800628 13800629
13800630 13800631
13800632 13800633
13800634 13800635
13800634 13800636
13800637 13800638
13800639 13800640
10525735 13800641
13800183 13800642
13800574 13800643
13800576 13800644
13800580 13800645
13800584 13800646
13800295 13800647
13800587 13800648
13800589 13800649
13800571 13800650
13800297 13800651
13800578 13800652
13800299 13800653
13800582 13800654
13800655 13800656
13800239 13800657
13800658 13800659
13800299 13800660
6729263 13800661
13800662 13800663
13800664 13800665
13800666 13800667
13800668 13800669
13800670 13800671
13800672 13800673
13800674 13800675
13800676 13800677
13800678 13800679
13800680 13800681
13800682 13800683
6557488 13800684
6584247 13800685
6570013 13800686
6579707 13800687
6583127 13800688
6571929 13800689
6579590 13800690
6566290 13800691
6592420 13800692
13800693 13800694
13800695 13800696
3999071 13800697
4006147 13800698
13800699 13800700
13800701 13800702
3992435 13800703
13800704 13800705
13800706 13800707
13800708 13800709
13800710 13800711
13800712 13800713
13800714 13800715
13800716 13800717
13800718 13800719
13800720 13800721
13800722 13800723
13800724 13800725
6433785 13800726
4007508 13800727
4006624 13800728
4006043 13800729
13800227 13800730
13800183 13800731
13800183 13800732
13800183 13800733
13800183 13800734
13800735 13800736
13800737 13800738
13800739 13800740
13800741 13800742
13800743 13800744
13800743 13800745
13800746 13800747
13800746 13800748
13800749 13800750
13800746 13800751
13800749 13800752
13800746 13800753
13800183 13800754
13800183 13800755
13800756 13800757
13800758 13800759
13800760 13800761
13800762 13800763
13800756 13800764
13800758 13800765
13800766 13800767
13800760 13800768
13800762 13800769
13800766 13800770
13800771 13800772
13800773 13800774
13800775 13800776
13800658 13800777
13800778 13800779
13800780 13800781
13800782 13800783
13800784 13800785
13800786 13800787
13800788 13800789
13800790 13800791
13800792 13800793
13800794 13800795
13800796 13800797
6561157 13800798
13800183 13800799
4001867 13800800
4005804 13800801
4001863 13800802
4005802 13800803
13800804 13800805
4001861 13800806
4005800 13800807
4001865 13800808
13800809 13800810
13800438 13800811
13800440 13800812
13800442 13800813
13800444 13800814
13800446 13800815
13800448 13800816
13800450 13800817
13800183 13800818
13800758 13800819
13800820 13800821
13800756 13800822
13800758 13800823
13800766 13800824
13800760 13800825
13800762 13800826
13800827 13800828
6596848 13800829
4006101 13800830
13800831 13800832
13800833 13800834
13800741 13800835
13800836 13800837
13800533 13800838
13800547 13800839
13800562 13800840
13800543 13800841
13800215 13800842
13800843 13800844
13800845 13800846
13800847 13800848
13800849 13800850
13800444 13800851
13800852 13800853
13800854 13800855
13800259 13800856
13800857 13800858
13800859 13800860
13800861 13800862
13800863 13800864
13800400 13800865
13800406 13800866
13800408 13800867
13800410 13800868
13800551 13800869
13800557 13800870
13800191 13800871
13800539 13800872
13800545 13800873
13800537 13800874
13800535 13800875
13800541 13800876
13800549 13800877
6771117 13800878
13800402 13800879
13800880 13800881
13800412 13800882
13800553 13800883
13800555 13800884
13800404 13800885
13800244 13800886
13800382 13800887
13800386 13800888
13800388 13800889
13800390 13800890
13800392 13800891
13800394 13800892
13800396 13800893
13800894 13800895
13800896 13800897
13800898 13800899
13800900 13800901
13800902 13800903
13800904 13800905
13800906 13800907
13800908 13800909
13800910 13800911
13800912 13800913
13800914 13800915
13800916 13800917
13800918 13800919
13800916 13800920
13800921 13800922
13800923 13800924
13800402 13800925
13800412 13800926
13800400 13800927
13800404 13800928
13800929 13800930
13800931 13800932
13800933 13800934
13800935 13800936
13800937 13800938
13800939 13800940
13800941 13800942
13800943 13800944
13800945 13800946
13800947 13800948
13800949 13800950
13800951 13800952
13800953 13800954
13800955 13800956
13800957 13800958
13800959 13800960
13800961 13800962
13800963 13800964
13800965 13800966
13800967 13800968
13800969 13800970
13800971 13800972
13800973 13800974
13800975 13800976
13800977 13800978
13800979 13800980
13800981 13800982
13800983 13800984
13800985 13800986
13800987 13800988
13800989 13800990
13800991 13800992
13800993 13800994
13800995 13800996
13800997 13800998
13800999 13801000
13801001 13801002
13801003 13801004
13801005 13801006
13801007 13801008
13801009 13801010
13801011 13801012
13801013 13801014
13801015 13801016
13801017 13801018
13801019 13801020
13801021 13801022
13801023 13801024
13801025 13801026
13801027 13801028
13801029 13801030
13801031 13801032
13801033 13801034
13801035 13801036
13801037 13801038
13801039 13801040
13801041 13801042
13801043 13801044
13801045 13801046
13801047 13801048
13801049 13801050
13801051 13801052
13801053 13801054
13801055 13801056
13801057 13801058
13801059 13801060
13801061 13801062
13801063 13801064
13801065 13801066
13801067 13801068
13801069 13801070
13801071 13801072
13801073 13801074
13801075 13801076
13801077 13801078
13801079 13801080
13801081 13801082
13801083 13801084
13801085 13801086
13801087 13801088
13801089 13801090
13801091 13801092
13801093 13801094
13801095 13801096
13801097 13801098
13801099 13801100
13801101 13801102
13801103 13801104
13801105 13801106
13801107 13801108
13801109 13801110
13801111 13801112
13801113 13801114
13801115 13801116
13801117 13801118
13801119 13801120
13801121 13801122
13801123 13801124
13801125 13801126
13801127 13801128
13801129 13801130
13801131 13801132
13801133 13801134
13801135 13801136
13801137 13801138
13801139 13801140
13801141 13801142
13801143 13801144
13801145 13801146
13801147 13801148
13801149 13801150
13801151 13801152
13801153 13801154
13801155 13801156
13801157 13801158
13801159 13801160
13801161 13801162
13801163 13801164
13801165 13801166
13801167 13801168
13801169 13801170
13801171 13801172
13801173 13801174
13801175 13801176
13801177 13801178
13801179 13801180
13801181 13801182
13801183 13801184
13801185 13801186
13801187 13801188
13801189 13801190
13801191 13801192
13801193 13801194
13801195 13801196
13801197 13801198
13801199 13801200
13801201 13801202
13801203 13801204
13801205 13801206
13801207 13801208
13801209 13801210
13801211 13801212
13801213 13801214
13801215 13801216
13801217 13801218
13801219 13801220
13801221 13801222
13801223 13801224
13801225 13801226
13801227 13801228
13801229 13801230
13801231 13801232
13801233 13801234
13801235 13801236
13801237 13801238
13801239 13801240
13801241 13801242
13801243 13801244
13801245 13801246
13801247 13801248
13801249 13801250
13801251 13801252
13801253 13801254
13801255 13801256
13801257 13801258
13801259 13801260
13801261 13801262
13801263 13801264
13801265 13801266
13801267 13801268
13801269 13801270
13801271 13801272
13801273 13801274
13801275 13801276
13801277 13801278
13801279 13801280
13801281 13801282
13801283 13801284
13801285 13801286
13801287 13801288
13801289 13801290
13801291 13801292
13801293 13801294
13801295 13801296
13801297 13801298
13801299 13801300
13801301 13801302
13801303 13801304
13801305 13801306
13801307 13801308
13801309 13801310
13801311 13801312
13801313 13801314
13801315 13801316
13801317 13801318
13801319 13801320
13801321 13801322
13801323 13801324
13801325 13801326
13801327 13801328
13801329 13801330
13801331 13801332
13801333 13801334
13801335 13801336
13801337 13801338
13801339 13801340
13801341 13801342
13801343 13801344
13801345 13801346
13801347 13801348
13801349 13801350
13801351 13801352
13801353 13801354
13801355 13801356
13801357 13801358
13801359 13801360
13801361 13801362
13801363 13801364
13801365 13801366
13801367 13801368
13801369 13801370
13801371 13801372
13801373 13801374
13801375 13801376
13801377 13801378
13801379 13801380
13801381 13801382
13801383 13801384
13801385 13801386
13801387 13801388
13801389 13801390
13801391 13801392
13801393 13801394
13801395 13801396
13801397 13801398
13801399 13801400
13801401 13801402
13801403 13801404
13801405 13801406
13801407 13801408
13801409 13801410
13801411 13801412
13801413 13801414
13801415 13801416
13801417 13801418
13801419 13801420
13801421 13801422
13801423 13801424
13801425 13801426
13801427 13801428
13801429 13801430
13801431 13801432
13801433 13801434
13801435 13801436
13801437 13801438
13801439 13801440
13801441 13801442
13801443 13801444
13801445 13801446
13801447 13801448
13801449 13801450
13801451 13801452
13801453 13801454
13801455 13801456
13801457 13801458
13801459 13801460
13801461 13801462
13801463 13801464
13801465 13801466
13801467 13801468
13801469 13801470
13801471 13801472
13801473 13801474
13801475 13801476
13801477 13801478
13801479 13801480
13801481 13801482
13801483 13801484
13801485 13801486
13801487 13801488
13801489 13801490
13801491 13801492
13801493 13801494
13801495 13801496
13801497 13801498
13801499 13801500
13801501 13801502
13801503 13801504
13801505 13801506
13801507 13801508
13801509 13801510
13801511 13801512
13801513 13801514
13801515 13801516
13801517 13801518
13801519 13801520
13801521 13801522
13801523 13801524
13801525 13801526
13801527 13801528
13801529 13801530
13801531 13801532
13801533 13801534
13801535 13801536
13801537 13801538
13801539 13801540
13801541 13801542
13801543 13801544
13801545 13801546
13801547 13801548
13801549 13801550
13801551 13801552
13801553 13801554
13801555 13801556
13801557 13801558
13801559 13801560
13801561 13801562
13801563 13801564
13801565 13801566
13801567 13801568
13801569 13801570
13801571 13801572
13801573 13801574
13801575 13801576
13801577 13801578
13801579 13801580
13801581 13801582
13801583 13801584
13801585 13801586
13801587 13801588
13801589 13801590
13801591 13801592
13801593 13801594
13801595 13801596
13801597 13801598
13801599 13801600
13801601 13801602
13801603 13801604
13801605 13801606
13801607 13801608
13801609 13801610
13801611 13801612
13801613 13801614
13801615 13801616
13801617 13801618
13801619 13801620
13801621 13801622
13801623 13801624
13801625 13801626
13801627 13801628
13801629 13801630
13801631 13801632
13801633 13801634
13801635 13801636
13801637 13801638
13801639 13801640
13801641 13801642
13801643 13801644
13801645 13801646
13801647 13801648
13801649 13801650
13801651 13801652
13801653 13801654
13801655 13801656
13801657 13801658
13801659 13801660
13801661 13801662
13801663 13801664
13801665 13801666
13801667 13801668
13801669 13801670
13801671 13801672
13801673 13801674
13801675 13801676
13801677 13801678
13801679 13801680
13801681 13801682
13801683 13801684
13801685 13801686
13801687 13801688
13801689 13801690
13801691 13801692
13801693 13801694
13801695 13801696
13801697 13801698
13801699 13801700
13801701 13801702
13801703 13801704
13801705 13801706
13801707 13801708
13801709 13801710
13801711 13801712
13801713 13801714
13801715 13801716
13801717 13801718
13801719 13801720
13801721 13801722
13801723 13801724
13801725 13801726
13801727 13801728
13801729 13801730
13801731 13801732
13801733 13801734
13801735 13801736
13801737 13801738
13801739 13801740
13801741 13801742
13801743 13801744
13801745 13801746
13801747 13801748
13801749 13801750
13801751 13801752
13801753 13801754
13801755 13801756
13801757 13801758
13801759 13801760
13801761 13801762
13801763 13801764
13801765 13801766
13801767 13801768
13801769 13801770
13801771 13801772
13801773 13801774
13801775 13801776
13801777 13801778
13801779 13801780
13801781 13801782
13801783 13801784
13801785 13801786
13801787 13801788
13801789 13801790
13801791 13801792
13801793 13801794
13801795 13801796
13801797 13801798
13801799 13801800
13801801 13801802
13801803 13801804
13801805 13801806
13801807 13801808
13801809 13801810
13801811 13801812
13801813 13801814
13801815 13801816
13801817 13801818
13801819 13801820
13801821 13801822
13801823 13801824
13801825 13801826
13801827 13801828
13801829 13801830
13801831 13801832
13801833 13801834
13801835 13801836
13801837 13801838
13801839 13801840
13801841 13801842
13801843 13801844
13801845 13801846
13801847 13801848
13801849 13801850
13801851 13801852
13801853 13801854
13801855 13801856
13801857 13801858
13801859 13801860
13801861 13801862
13801863 13801864
13801865 13801866
13801867 13801868
13801869 13801870
13801871 13801872
13801873 13801874
13801875 13801876
13801877 13801878
13801879 13801880
13801881 13801882
13801883 13801884
13801885 13801886
13801887 13801888
13801889 13801890
13801891 13801892
13801893 13801894
13801895 13801896
13801897 13801898
13801899 13801900
13801901 13801902
13801903 13801904
13801905 13801906
13801907 13801908
13801909 13801910
13801911 13801912
13801913 13801914
13801915 13801916
13801917 13801918
13801919 13801920
13801921 13801922
13801923 13801924
13801925 13801926
13801927 13801928
13801929 13801930
13801931 13801932
13801933 13801934
13801935 13801936
13801937 13801938
13801939 13801940
13801941 13801942
13801943 13801944
13801945 13801946
13801947 13801948
13801949 13801950
13801951 13801952
13801953 13801954
13801955 13801956
13801957 13801958
13801959 13801960
13801961 13801962
13801963 13801964
13801965 13801966
13801967 13801968
13801969 13801970
13801971 13801972
13801973 13801974
13801975 13801976
13801977 13801978
13801979 13801980
13801981 13801982
13801983 13801984
13801985 13801986
13801987 13801988
13801989 13801990
13801991 13801992
13801993 13801994
13801995 13801996
13801997 13801998
13801999 13802000
13802001 13802002
13802003 13802004
13802005 13802006
13802007 13802008
13802009 13802010
13802011 13802012
13802013 13802014
13802015 13802016
13802017 13802018
13802019 13802020
13802021 13802022
13802023 13802024
13802025 13802026
13802027 13802028
13802029 13802030
13802031 13802032
13802033 13802034
13802035 13802036
13802037 13802038
13802039 13802040
13802041 13802042
13802043 13802044
13802045 13802046
13802047 13802048
13802049 13802050
13802051 13802052
13802053 13802054
13802055 13802056
13802057 13802058
13802059 13802060
13802061 13802062
13802063 13802064
13802065 13802066
13802067 13802068
13802069 13802070
13802071 13802072
13802073 13802074
13802075 13802076
13802077 13802078
13802079 13802080
13802081 13802082
13802083 13802084
13802085 13802086
13802087 13802088
13802089 13802090
13802091 13802092
13802093 13802094
13802095 13802096
13802097 13802098
13802099 13802100
13802101 13802100
13802102 13802103
13802104 13802105
13802106 13802107
13802108 13802109
13802110 13802111
13802112 13802113
13802114 13802115
13802116 13802117
13802118 13802119
13802120 13802121
13802122 13802123
13802124 13802125
13802126 13802127
13802128 13802129
13802130 13802131
13802132 13802133
13802134 13802135
13802136 13802137
13802138 13802139
13802140 13802141
13802142 13802143
13802144 13802145
13802146 13802147
13802148 13802149
13802150 13802151
13802152 13802153
13802154 13802155
13802156 13802157
13802158 13802159
13802160 13802161
13802162 13802163
13802164 13802165
13802166 13802167
13802168 13802169
13802170 13802171
13802172 13802173
13802174 13802175
13802176 13802177
13802178 13802179
13802180 13802181
13802182 13802183
13802184 13802185
13802186 13802187
13802188 13802189
13802190 13802191
13802192 13802193
13802194 13802195
13802196 13802197
13802198 13802199
13802200 13802201
13802202 13802203
13802204 13802205
13802206 13802207
13802208 13802209
13802210 13802211
13802212 13802213
13802214 13802215
13802216 13802217
13802218 13802219
13802220 13802221
13802222 13802223
13802224 13802225
13802226 13802227
13802228 13802229
13802230 13802231
13802232 13802233
13802234 13802235
13802236 13802237
13802238 13802239
13802240 13802241
13802242 13802243
13802244 13802245
13802246 13802247
13802248 13802249
13802250 13802251
13802252 13802253
13802254 13802255
13802256 13802257
13802258 13802259
13802260 13802261
13802262 13802263
13802264 13802265
13802266 13802267
13802268 13802269
13802270 13802271
13802272 13802273
13802274 13802275
13802276 13802277
13802278 13802279
13802280 13802281
13802282 13802283
13802284 13802285
13802286 13802287
13802288 13802289
13802290 13802291
13802292 13802293
13802294 13802295
13802296 13802297
13802298 13802299
13802300 13802301
13802302 13802303
13802304 13802305
13802306 13802307
13802308 13802309
13802310 13802311
13802312 13802313
13802314 13802315
13802316 13802317
13802318 13802319
13802320 13802321
13802322 13802323
13802324 13802325
13802326 13802327
13802328 13802329
13802330 13802331
13802332 13802333
13802334 13802335
13802336 13802337
13802338 13802339
13802340 13802341
13802342 13802343
13802344 13802345
13802346 13802347
13802348 13802349
13802350 13802351
13802352 13802353
13802354 13802355
13802356 13802357
13802358 13802359
13802360 13802361
13802362 13802363
13802364 13802365
13802366 13802367
13802368 13802369
13802370 13802371
13802372 13802373
13802374 13802375
13802376 13802377
13802378 13802379
13802380 13802381
13802382 13802383
13802384 13802385
13802386 13802387
13802388 13802389
13802390 13802391
13802392 13802393
13802394 13802395
13802396 13802397
13802398 13802399
13802400 13802401
13802402 13802403
13802404 13802405
13802406 13802407
13802408 13802409
13802410 13802411
13802412 13802413
13802414 13802415
13802416 13802417
13802418 13802419
13802420 13802421
13802422 13802423
13802424 13802425
13802426 13802427
13802428 13802429
13802430 13802431
13802432 13802433
13802434 13802435
13802436 13802437
13802438 13802439
13802440 13802441
13802442 13802443
13802444 13802445
13802446 13802447
13802448 13802449
13802450 13802451
13802452 13802453
13802454 13802455
13802456 13802457
13802458 13802459
13802460 13802461
13802462 13802463
13802464 13802465
13802466 13802467
13802468 13802469
13802470 13802471
13802472 13802473
13802474 13802475
13802476 13802477
13802478 13802479
13802480 13802481
13802482 13802483
13802484 13802485
13802486 13802487
13802488 13802489
13802490 13802491
13802492 13802493
13802494 13802495
13802496 13802497
13802498 13802499
13802500 13802501
13802502 13802503
13802504 13802505
13802506 13802507
13802508 13802509
13802510 13802511
13802512 13802513
13802514 13802515
13802516 13802517
13802518 13802519
13802520 13802521
13802522 13802523
13802524 13802525
13802526 13802527
13802528 13802529
13802530 13802531
13802532 13802533
13802534 13802535
13802536 13802537
13802538 13802539
13802540 13802541
13802542 13802543
13802544 13802545
13802546 13802547
13802548 13802549
13802550 13802551
13802552 13802553
13802554 13802555
13802556 13802557
13802558 13802559
13802560 13802561
13802562 13802563
13802564 13802565
13802566 13802567
13802568 13802569
13802570 13802571
13802572 13802573
13802574 13802575
13802576 13802577
13802578 13802579
13802580 13802581
13802582 13802583
13802584 13802585
13802586 13802587
13802588 13802589
13802590 13802591
13802592 13802593
13802594 13802595
13802596 13802597
13802598 13802599
13802600 13802601
13802602 13802603
13802604 13802605
13802606 13802607
13802608 13802609
13802610 13802611
13802612 13802613
13802614 13802615
13802616 13802617
13802618 13802619
13802620 13802621
13802622 13802623
13802624 13802625
13802626 13802627
13802628 13802629
13802630 13802631
13802632 13802633
13802634 13802635
13802636 13802637
13802638 13802639
13802640 13802641
13802642 13802643
13802644 13802645
13802646 13802647
13802648 13802649
13802650 13802651
13802652 13802653
13802654 13802655
13802656 13802657
13802658 13802659
13802660 13802661
13802662 13802663
13802664 13802665
13802666 13802667
13802668 13802669
13802670 13802671
13802672 13802673
13802674 13802675
13802676 13802677
13802678 13802679
13802680 13802681
13802682 13802683
13802684 13802685
13802686 13802687
13802688 13802689
13802690 13802691
13802692 13802693
13802694 13802695
13802696 13802697
13802698 13802699
13802700 13802701
13802702 13802703
13802704 13802705
13802706 13802707
13802708 13802709
13802710 13802711
13802712 13802713
13802714 13802715
13802716 13802717
13802718 13802719
13800773 13802720
6747680 13802721
13802722 13802723
13802724 13802725
13802726 13802727
13802728 13802729
13802730 13802731
13802728 13802732
13802730 13802733
13802726 13802734
13800849 13802735
13802736 13802737
13800849 13802738
13802739 13802740
13802741 13802742
13802743 13802744
13802745 13802746
13802747 13802748
13802749 13802750
13802751 13802752
13802753 13802754
13802755 13802756
13802757 13802758
13802759 13802760
13802761 13802762
13802763 13802764
13800246 13802765
13800487 13802766
13800487 13802767
