153749 14839762
347121 14839763
160271 14839764
197434 14839765
174534 14839766
225349 14839767
338534 14839768
118775 14839769
514696 14839770
3301403 14839771
497019 14839772
91538 14839773
260503 14839774
3261955 14839775
191888 14839776
366665 14839777
118881 14839778
131488 14839779
1929529 14839780
248136 14839781
86050 14839782
149805 14839783
125586 14839784
410948 14839785
448655 14839786
1304267 14839787
3211589 14839788
144903 14839789
300860 14839790
186110 14839791
382016 14839792
176130 14839793
250752 14839794
1329098 14839795
314834 14839796
86000 14839797
1640559 14839798
366549 14839799
973394 14839800
485167 14839801
271110 14839802
453682 14839803
1755303 14839804
399885 14839805
120118 14839806
115627 14839807
147445 14839808
364204 14839809
14839810 14839811
667517 14839812
84176 14839813
1452774 14839814
3228989 14839815
411204 14839816
270826 14839817
380470 14839818
438747 14839819
1937657 14839820
168088 14839821
393733 14839822
14839823 14839824
502747 14839825
3471503 14839826
276348 14839827
386586 14839828
1769639 14839829
120210 14839830
185236 14839831
167321 14839832
278119 14839833
90642 14839834
776911 14839835
548857 14839836
616836 14839837
818007 14839838
93482 14839839
491505 14839840
600768 14839841
948330 14839842
306664 14839843
169941 14839844
247955 14839845
326159 14839846
3385132 14839847
142555 14839848
141422 14839849
285775 14839850
277406 14839851
207044 14839852
306610 14839853
349097 14839854
169044 14839855
96814 14839856
265806 14839857
404504 14839858
166233 14839859
129079 14839860
130598 14839861
1108543 14839862
1313608 14839863
426784 14839864
159927 14839865
562133 14839866
1352325 14839867
101947 14839868
152864 14839869
234017 14839870
692495 14839871
569988 14839872
441286 14839873
166327 14839874
512130 14839875
290078 14839876
128525 14839877
142939 14839878
167821 14839879
153367 14839880
955846 14839881
151515 14839882
182685 14839883
133789 14839884
126517 14839885
209566 14839886
264027 14839887
96232 14839888
246689 14839889
203422 14839890
405830 14839891
573787 14839892
263451 14839893
131144 14839894
129895 14839895
162697 14839896
286111 14839897
462998 14839898
210750 14839899
696394 14839900
507445 14839901
758848 14839902
123180 14839903
2397606 14839904
129399 14839905
180257 14839906
775114 14839907
172441 14839908
184399 14839909
173430 14839910
491515 14839911
187392 14839912
698513 14839913
250796 14839914
1312346 14839915
1554910 14839916
120008 14839917
155010 14839918
534365 14839919
1027085 14839920
241494 14839921
146048 14839922
1464999 14839923
139783 14839924
569888 14839925
382459 14839926
214167 14839927
177833 14839928
14839929 14839930
433555 14839931
158789 14839932
578971 14839933
214069 14839934
131532 14839935
210666 14839936
1576621 14839937
1443842 14839938
930938 14839939
551391 14839940
473410 14839941
119547 14839942
356781 14839943
125832 14839944
366457 14839945
1366825 14839946
387522 14839947
232992 14839948
4293384 14839949
419741 14839950
323684 14839951
184375 14839952
365322 14839953
217332 14839954
161938 14839955
113227 14839956
153261 14839957
500698 14839958
430390 14839959
368208 14839960
367358 14839961
1824857 14839962
186905 14839963
383169 14839964
416866 14839965
398065 14839966
177891 14839967
958875 14839968
370406 14839969
152642 14839970
1427697 14839971
208424 14839972
382046 14839973
255653 14839974
598403 14839975
1349575 14839976
1499809 14839977
239031 14839978
399092 14839979
361301 14839980
1563625 14839981
517984 14839982
479487 14839983
218175 14839984
243391 14839985
362541 14839986
364644 14839987
163458 14839988
452221 14839989
379526 14839990
102231 14839991
406292 14839992
674450 14839993
385523 14839994
4964718 14839995
170971 14839996
188378 14839997
1427718 14839998
1449579 14839999
420038 14840000
1630846 14840001
464041 14840002
635390 14840003
946318 14840004
125832 14840005
195591 14840006
704712 14840007
3183236 14840008
364985 14840009
129565 14840010
139017 14840011
410428 14840012
402741 14840013
161072 14840014
364913 14840015
414349 14840016
417814 14840017
145488 14840018
155793 14840019
438317 14840020
669585 14840021
337359 14840022
428796 14840023
422018 14840024
374161 14840025
126937 14840026
487327 14840027
2503641 14840028
224274 14840029
395481 14840030
391174 14840031
417638 14840032
432942 14840033
216470 14840034
391803 14840035
99492 14840036
160950 14840037
209332 14840038
3121581 14840039
270886 14840040
137941 14840041
164762 14840042
199250 14840043
553904 14840044
135050 14840045
131216 14840046
326261 14840047
602997 14840048
404825 14840049
498916 14840050
1438952 14840051
303575 14840052
356415 14840053
4721345 14840054
113831 14840055
133334 14840056
556578 14840057
124237 14840058
393355 14840059
161924 14840060
719815 14840061
240981 14840062
395587 14840063
133861 14840064
136230 14840065
114477 14840066
450184 14840067
385381 14840068
93480 14840069
3260293 14840070
133929 14840071
1429040 14840072
384129 14840073
147381 14840074
119031 14840075
477838 14840076
434329 14840077
229239 14840078
947245 14840079
426586 14840080
398958 14840081
1442478 14840082
128897 14840083
181183 14840084
97464 14840085
295170 14840086
300274 14840087
490084 14840088
137841 14840089
100465 14840090
499375 14840091
120394 14840092
459978 14840093
326225 14840094
359901 14840095
134662 14840096
202263 14840097
127800 14840098
157873 14840099
95870 14840100
129649 14840101
3751763 14840102
287886 14840103
1633939 14840104
3220892 14840105
570603 14840106
1444068 14840107
141128 14840108
111741 14840109
2293931 14840110
425531 14840111
10525426 14840112
711630 14840113
677183 14840114
141222 14840115
139785 14840116
294131 14840117
134133 14840118
1159404 14840119
3308941 14840120
137013 14840121
355573 14840122
184169 14840123
227025 14840124
157069 14840125
154492 14840126
3703383 14840127
225617 14840128
406300 14840129
134257 14840130
812015 14840131
90356 14840132
443917 14840133
159474 14840134
4785836 14840135
359785 14840136
581360 14840137
176022 14840138
362509 14840139
950865 14840140
440167 14840141
155276 14840142
611411 14840143
159923 14840144
373089 14840145
394045 14840146
548803 14840147
160169 14840148
3388939 14840149
156689 14840150
402840 14840151
402961 14840152
541653 14840153
385049 14840154
370815 14840155
2548698 14840156
1435089 14840157
409339 14840158
1335150 14840159
170109 14840160
658523 14840161
393951 14840162
98942 14840163
584233 14840164
90826 14840165
4293522 14840166
136983 14840167
290048 14840168
138339 14840169
387514 14840170
98432 14840171
559170 14840172
151949 14840173
426391 14840174
378195 14840175
286513 14840176
143907 14840177
2338999 14840178
132468 14840179
398643 14840180
367936 14840181
144195 14840182
151671 14840183
665975 14840184
444144 14840185
1918831 14840186
141202 14840187
429255 14840188
1298033 14840189
4909270 14840190
969645 14840191
137229 14840192
539258 14840193
142543 14840194
1766440 14840195
3504306 14840196
391628 14840197
396599 14840198
169564 14840199
670636 14840200
4120588 14840201
229235 14840202
425417 14840203
98496 14840204
125576 14840205
415272 14840206
164314 14840207
138269 14840208
236796 14840209
1815642 14840210
124183 14840211
3225665 14840212
713826 14840213
401995 14840214
152023 14840215
138485 14840216
139145 14840217
150339 14840218
408654 14840219
366233 14840220
361269 14840221
3519831 14840222
459538 14840223
195505 14840224
157569 14840225
222807 14840226
596769 14840227
153777 14840228
431149 14840229
602225 14840230
377268 14840231
402003 14840232
677339 14840233
243078 14840234
155711 14840235
382511 14840236
153329 14840237
577154 14840238
134628 14840239
146558 14840240
365919 14840241
121158 14840242
129817 14840243
876835 14840244
579280 14840245
288241 14840246
152824 14840247
1511363 14840248
562773 14840249
164470 14840250
280558 14840251
417344 14840252
1429491 14840253
365170 14840254
139277 14840255
85486 14840256
115367 14840257
119551 14840258
178925 14840259
177387 14840260
256964 14840261
645244 14840262
255950 14840263
356152 14840264
1320995 14840265
1836359 14840266
173945 14840267
407076 14840268
1343574 14840269
138513 14840270
14840271 14840272
137871 14840273
128276 14840274
187456 14840275
171063 14840276
98144 14840277
502606 14840278
128901 14840279
124541 14840280
154193 14840281
302354 14840282
257590 14840283
187847 14840284
298174 14840285
234033 14840286
220397 14840287
417202 14840288
448543 14840289
14840290 14840291
400680 14840292
232085 14840293
2376349 14840294
345520 14840295
538854 14840296
176438 14840297
681236 14840298
4037042 14840299
619338 14840300
147905 14840301
294163 14840302
441674 14840303
418644 14840304
496108 14840305
93710 14840306
355125 14840307
176220 14840308
212785 14840309
366501 14840310
127908 14840311
14840312 14840313
100637 14840314
680076 14840315
255221 14840316
446127 14840317
287282 14840318
491305 14840319
498212 14840320
140484 14840321
225199 14840322
126955 14840323
122325 14840324
152380 14840325
2535362 14840326
566903 14840327
329833 14840328
132896 14840329
370589 14840330
467179 14840331
391877 14840332
441152 14840333
152752 14840334
129091 14840335
334852 14840336
194691 14840337
1429006 14840338
297792 14840339
614771 14840340
156953 14840341
294141 14840342
116663 14840343
155226 14840344
235404 14840345
553483 14840346
484915 14840347
333478 14840348
121347 14840349
397269 14840350
193101 14840351
417268 14840352
267469 14840353
634869 14840354
413307 14840355
3381815 14840356
277188 14840357
123620 14840358
287094 14840359
199478 14840360
3723050 14840361
189238 14840362
1784345 14840363
678169 14840364
391903 14840365
550135 14840366
152133 14840367
123768 14840368
354147 14840369
1958549 14840370
679536 14840371
151865 14840372
648736 14840373
405928 14840374
543297 14840375
1936052 14840376
1540531 14840377
365841 14840378
404408 14840379
3733992 14840380
152680 14840381
122139 14840382
506500 14840383
188896 14840384
120724 14840385
406722 14840386
633498 14840387
421126 14840388
233432 14840389
507919 14840390
263430 14840391
123452 14840392
147879 14840393
374193 14840394
398822 14840395
184515 14840396
130475 14840397
378739 14840398
128322 14840399
141802 14840400
386002 14840401
1327636 14840402
425870 14840403
298892 14840404
234505 14840405
466925 14840406
364320 14840407
356158 14840408
137733 14840409
135974 14840410
370024 14840411
89390 14840412
451150 14840413
761772 14840414
186254 14840415
293202 14840416
340780 14840417
370633 14840418
87690 14840419
347339 14840420
400974 14840421
415202 14840422
397025 14840423
232765 14840424
3505925 14840425
444744 14840426
596819 14840427
398401 14840428
448539 14840429
609920 14840430
163952 14840431
355665 14840432
198936 14840433
185468 14840434
128312 14840435
139509 14840436
396167 14840437
254811 14840438
451613 14840439
433273 14840440
358589 14840441
102671 14840442
247269 14840443
558207 14840444
354139 14840445
704392 14840446
416084 14840447
417124 14840448
576303 14840449
534077 14840450
2573556 14840451
2403575 14840452
403663 14840453
3075326 14840454
370440 14840455
462528 14840456
366345 14840457
457717 14840458
432356 14840459
465691 14840460
165605 14840461
342363 14840462
674920 14840463
133486 14840464
400858 14840465
141182 14840466
387333 14840467
260523 14840468
84392 14840469
159356 14840470
183710 14840471
206702 14840472
98402 14840473
139925 14840474
257592 14840475
206052 14840476
371629 14840477
676203 14840478
818716 14840479
618465 14840480
163590 14840481
196146 14840482
142027 14840483
159158 14840484
428704 14840485
367324 14840486
1769543 14840487
361611 14840488
1838065 14840489
173280 14840490
131980 14840491
671275 14840492
247265 14840493
233701 14840494
151553 14840495
134990 14840496
432856 14840497
129107 14840498
1052261 14840499
621267 14840500
203539 14840501
1839822 14840502
1670398 14840503
438006 14840504
448701 14840505
3735606 14840506
145247 14840507
300358 14840508
101853 14840509
220883 14840510
478749 14840511
318670 14840512
127620 14840513
2437385 14840514
371103 14840515
185168 14840516
242276 14840517
2583742 14840518
128693 14840519
143637 14840520
2533524 14840521
314215 14840522
364314 14840523
174680 14840524
1446158 14840525
126398 14840526
658411 14840527
417682 14840528
1438642 14840529
398223 14840530
150671 14840531
827224 14840532
1502270 14840533
1337248 14840534
1602690 14840535
285414 14840536
431889 14840537
326443 14840538
628478 14840539
177140 14840540
342560 14840541
396725 14840542
245105 14840543
140350 14840544
148507 14840545
363441 14840546
127340 14840547
14840548 14840549
92200 14840550
177181 14840551
144291 14840552
362467 14840553
1844289 14840554
184599 14840555
142023 14840556
398055 14840557
164068 14840558
2012035 14840559
377425 14840560
429263 14840561
744992 14840562
600306 14840563
346347 14840564
984215 14840565
431147 14840566
140282 14840567
134988 14840568
169110 14840569
247693 14840570
275694 14840571
191262 14840572
399179 14840573
474004 14840574
527025 14840575
605478 14840576
1929325 14840577
292818 14840578
384783 14840579
125818 14840580
412575 14840581
375967 14840582
356479 14840583
392908 14840584
143773 14840585
170601 14840586
197700 14840587
152386 14840588
229297 14840589
281546 14840590
669301 14840591
123576 14840592
823454 14840593
269591 14840594
1165951 14840595
295965 14840596
170949 14840597
342736 14840598
134165 14840599
129569 14840600
191534 14840601
461643 14840602
575184 14840603
983560 14840604
344392 14840605
124473 14840606
287898 14840607
100553 14840608
444342 14840609
136725 14840610
136460 14840611
441658 14840612
142129 14840613
120284 14840614
624993 14840615
121933 14840616
492273 14840617
161884 14840618
128194 14840619
460907 14840620
153020 14840621
426752 14840622
235239 14840623
328688 14840624
161247 14840625
133072 14840626
3273065 14840627
426774 14840628
180571 14840629
1441867 14840630
137003 14840631
129459 14840632
362981 14840633
1918879 14840634
528534 14840635
159995 14840636
151713 14840637
1747902 14840638
2538432 14840639
3363813 14840640
14840641 14840642
354225 14840643
233050 14840644
181413 14840645
359589 14840646
137287 14840647
583483 14840648
157739 14840649
403027 14840650
1438552 14840651
365585 14840652
760156 14840653
350225 14840654
149395 14840655
409543 14840656
392990 14840657
680470 14840658
701931 14840659
397193 14840660
292291 14840661
658688 14840662
443820 14840663
126172 14840664
1112475 14840665
411627 14840666
648169 14840667
506109 14840668
139285 14840669
193069 14840670
299135 14840671
644484 14840672
3408558 14840673
2377096 14840674
425143 14840675
194347 14840676
730878 14840677
3357417 14840678
1519629 14840679
340742 14840680
394195 14840681
264797 14840682
810122 14840683
426846 14840684
224034 14840685
163514 14840686
660638 14840687
3757365 14840688
419327 14840689
405988 14840690
1450688 14840691
659459 14840692
426215 14840693
276496 14840694
352973 14840695
405972 14840696
130485 14840697
227828 14840698
222919 14840699
144731 14840700
3271669 14840701
130984 14840702
147091 14840703
162467 14840704
128997 14840705
137063 14840706
159794 14840707
227486 14840708
820031 14840709
472667 14840710
433413 14840711
130824 14840712
3235549 14840713
205476 14840714
1122818 14840715
157983 14840716
305833 14840717
153527 14840718
343888 14840719
276068 14840720
3727189 14840721
1453123 14840722
130936 14840723
115397 14840724
149437 14840725
106635 14840726
396783 14840727
135758 14840728
133408 14840729
135756 14840730
421168 14840731
198662 14840732
163492 14840733
120830 14840734
3381822 14840735
124405 14840736
575415 14840737
182777 14840738
357478 14840739
458626 14840740
255237 14840741
245199 14840742
396951 14840743
581204 14840744
164502 14840745
123977 14840746
419827 14840747
205954 14840748
476514 14840749
137559 14840750
170629 14840751
137035 14840752
444678 14840753
206806 14840754
270810 14840755
93700 14840756
570701 14840757
271208 14840758
245633 14840759
140007 14840760
165089 14840761
625576 14840762
201823 14840763
131660 14840764
138503 14840765
3717605 14840766
180417 14840767
419883 14840768
461799 14840769
3382681 14840770
434906 14840771
242878 14840772
164114 14840773
132886 14840774
123898 14840775
306837 14840776
1544185 14840777
559928 14840778
346989 14840779
662618 14840780
287758 14840781
1364183 14840782
152610 14840783
548577 14840784
229760 14840785
300240 14840786
244895 14840787
130347 14840788
1511910 14840789
467399 14840790
157971 14840791
133150 14840792
412523 14840793
280912 14840794
136394 14840795
410408 14840796
179480 14840797
130097 14840798
356497 14840799
174308 14840800
483618 14840801
133366 14840802
653894 14840803
3759155 14840804
152910 14840805
102025 14840806
364941 14840807
200654 14840808
14840809 14840810
368490 14840811
121479 14840812
359857 14840813
911976 14840814
138437 14840815
1448213 14840816
215270 14840817
160628 14840818
139311 14840819
138185 14840820
310946 14840821
281500 14840822
421820 14840823
464501 14840824
130311 14840825
130812 14840826
1588199 14840827
215496 14840828
115423 14840829
131056 14840830
136320 14840831
3198906 14840832
606673 14840833
763866 14840834
938282 14840835
387916 14840836
483406 14840837
137829 14840838
390828 14840839
400812 14840840
204945 14840841
130862 14840842
14840843 14840844
752524 14840845
500069 14840846
3305421 14840847
443350 14840848
678675 14840849
123016 14840850
577172 14840851
125974 14840852
262798 14840853
207257 14840854
549233 14840855
297279 14840856
680488 14840857
184113 14840858
3699609 14840859
135988 14840860
1442228 14840861
86286 14840862
150403 14840863
125213 14840864
198206 14840865
229598 14840866
293228 14840867
2014428 14840868
131300 14840869
260077 14840870
505446 14840871
150667 14840872
185576 14840873
132460 14840874
337739 14840875
370971 14840876
967058 14840877
1289304 14840878
137233 14840879
1487992 14840880
154263 14840881
343818 14840882
133354 14840883
121739 14840884
378773 14840885
160874 14840886
433495 14840887
181723 14840888
740524 14840889
183279 14840890
374187 14840891
134223 14840892
485300 14840893
293881 14840894
154580 14840895
556572 14840896
174566 14840897
118139 14840898
3718613 14840899
460562 14840900
14840901 14840902
965855 14840903
1367264 14840904
464994 14840905
14840906 14840907
282758 14840908
460719 14840909
314317 14840910
427490 14840911
591232 14840912
14840913 14840914
195043 14840915
243455 14840916
423641 14840917
158919 14840918
118397 14840919
129493 14840920
545404 14840921
267591 14840922
116981 14840923
246153 14840924
123332 14840925
95348 14840926
109553 14840927
648171 14840928
379576 14840929
380878 14840930
170437 14840931
154446 14840932
464279 14840933
104005 14840934
137073 14840935
700522 14840936
122702 14840937
1655064 14840938
1439612 14840939
489936 14840940
194082 14840941
357564 14840942
548557 14840943
386746 14840944
409347 14840945
1527427 14840946
389602 14840947
361745 14840948
148831 14840949
239485 14840950
188051 14840951
173332 14840952
195493 14840953
136186 14840954
183873 14840955
3369321 14840956
126677 14840957
102267 14840958
429766 14840959
132978 14840960
177479 14840961
2468354 14840962
272569 14840963
3738469 14840964
143363 14840965
161355 14840966
271326 14840967
243363 14840968
131560 14840969
410784 14840970
348863 14840971
90696 14840972
106445 14840973
486108 14840974
88610 14840975
130331 14840976
371696 14840977
150073 14840978
139381 14840979
167243 14840980
364915 14840981
435619 14840982
225943 14840983
3329224 14840984
273670 14840985
124503 14840986
765352 14840987
219817 14840988
94424 14840989
132174 14840990
361957 14840991
143521 14840992
138345 14840993
136194 14840994
528732 14840995
3735513 14840996
499246 14840997
3287544 14840998
444486 14840999
472599 14841000
428658 14841001
3086950 14841002
230379 14841003
460693 14841004
437801 14841005
365360 14841006
1363770 14841007
338776 14841008
1499465 14841009
248188 14841010
470376 14841011
600704 14841012
344352 14841013
147643 14841014
641875 14841015
624763 14841016
274156 14841017
286411 14841018
92442 14841019
188468 14841020
164544 14841021
1538835 14841022
654277 14841023
103235 14841024
154069 14841025
158843 14841026
165627 14841027
3735610 14841028
3382757 14841029
269433 14841030
807676 14841031
358195 14841032
968845 14841033
484487 14841034
195489 14841035
389524 14841036
417082 14841037
196216 14841038
14841039 14841040
428868 14841041
516344 14841042
177795 14841043
304882 14841044
266950 14841045
930744 14841046
129435 14841047
137421 14841048
265403 14841049
143649 14841050
146130 14841051
161496 14841052
215094 14841053
235143 14841054
293194 14841055
442211 14841056
776774 14841057
120030 14841058
650728 14841059
730324 14841060
384977 14841061
462398 14841062
300536 14841063
142375 14841064
451709 14841065
321993 14841066
144147 14841067
593825 14841068
332576 14841069
665368 14841070
604928 14841071
374163 14841072
362013 14841073
712444 14841074
300350 14841075
407070 14841076
1451387 14841077
226547 14841078
320184 14841079
729185 14841080
433387 14841081
1524499 14841082
654689 14841083
14841084 14841085
130151 14841086
351857 14841087
360541 14841088
141220 14841089
132914 14841090
352563 14841091
137293 14841092
132924 14841093
144025 14841094
1438585 14841095
416212 14841096
453400 14841097
379051 14841098
127958 14841099
170221 14841100
1439569 14841101
163828 14841102
263685 14841103
124597 14841104
128983 14841105
130183 14841106
258526 14841107
1553878 14841108
150923 14841109
3523936 14841110
164540 14841111
161209 14841112
120506 14841113
138243 14841114
164446 14841115
292956 14841116
379337 14841117
500525 14841118
132902 14841119
3507035 14841120
163240 14841121
163888 14841122
320931 14841123
447119 14841124
204175 14841125
213549 14841126
292850 14841127
227370 14841128
157015 14841129
189738 14841130
84386 14841131
443614 14841132
428674 14841133
130299 14841134
398507 14841135
493193 14841136
122449 14841137
122233 14841138
454622 14841139
206028 14841140
3743551 14841141
119241 14841142
673882 14841143
1335088 14841144
294914 14841145
182183 14841146
162477 14841147
617470 14841148
287188 14841149
134900 14841150
452281 14841151
166589 14841152
206516 14841153
148881 14841154
221769 14841155
280812 14841156
827730 14841157
1278938 14841158
124349 14841159
187514 14841160
103989 14841161
208022 14841162
162463 14841163
168244 14841164
129979 14841165
137047 14841166
670529 14841167
418864 14841168
145167 14841169
232265 14841170
393022 14841171
3259033 14841172
1315933 14841173
445152 14841174
3382352 14841175
1281103 14841176
942214 14841177
492341 14841178
14841179 14841180
168616 14841181
369801 14841182
250215 14841183
955492 14841184
758537 14841185
138287 14841186
14841187 14841188
141812 14841189
274096 14841190
488714 14841191
140107 14841192
102327 14841193
365492 14841194
162925 14841195
145870 14841196
225577 14841197
944787 14841198
131954 14841199
147049 14841200
3535093 14841201
123384 14841202
1865200 14841203
356176 14841204
573165 14841205
237158 14841206
134868 14841207
385918 14841208
128296 14841209
194283 14841210
676613 14841211
432178 14841212
280280 14841213
181393 14841214
362391 14841215
416944 14841216
579015 14841217
359343 14841218
135588 14841219
577016 14841220
957321 14841221
410890 14841222
481904 14841223
249475 14841224
166565 14841225
1413905 14841226
164038 14841227
163362 14841228
2007628 14841229
128931 14841230
160079 14841231
219845 14841232
354381 14841233
127974 14841234
93286 14841235
134482 14841236
699051 14841237
130253 14841238
3417856 14841239
155246 14841240
230787 14841241
127077 14841242
200338 14841243
166645 14841244
161319 14841245
348647 14841246
325164 14841247
484747 14841248
175140 14841249
232133 14841250
243629 14841251
191168 14841252
821653 14841253
449624 14841254
946449 14841255
128643 14841256
561132 14841257
647572 14841258
169781 14841259
1849929 14841260
3238991 14841261
152035 14841262
147237 14841263
138959 14841264
183650 14841265
416400 14841266
354163 14841267
132328 14841268
125215 14841269
145121 14841270
679017 14841271
399644 14841272
3436076 14841273
1438516 14841274
151899 14841275
2316322 14841276
128140 14841277
140844 14841278
156437 14841279
362769 14841280
306108 14841281
817620 14841282
437049 14841283
395358 14841284
157543 14841285
399524 14841286
462861 14841287
411731 14841288
445620 14841289
394233 14841290
239921 14841291
145398 14841292
236432 14841293
603823 14841294
457048 14841295
164226 14841296
155907 14841297
151111 14841298
393267 14841299
169500 14841300
417500 14841301
139735 14841302
468914 14841303
265942 14841304
135330 14841305
1443652 14841306
479970 14841307
369845 14841308
274828 14841309
135582 14841310
159216 14841311
133985 14841312
237104 14841313
589619 14841314
130533 14841315
254979 14841316
138641 14841317
119409 14841318
106951 14841319
289518 14841320
170249 14841321
688848 14841322
161550 14841323
132466 14841324
482638 14841325
381597 14841326
354846 14841327
129367 14841328
114845 14841329
113491 14841330
156747 14841331
295761 14841332
156757 14841333
428810 14841334
1918730 14841335
453159 14841336
674498 14841337
129213 14841338
139025 14841339
189022 14841340
174330 14841341
279006 14841342
451643 14841343
137835 14841344
136072 14841345
130918 14841346
756597 14841347
147565 14841348
186815 14841349
85232 14841350
107155 14841351
892098 14841352
137883 14841353
225113 14841354
222673 14841355
290108 14841356
14841357 14841358
404883 14841359
195109 14841360
148487 14841361
138961 14841362
137863 14841363
144459 14841364
161193 14841365
230951 14841366
168372 14841367
272669 14841368
266835 14841369
135922 14841370
168648 14841371
443692 14841372
203056 14841373
136234 14841374
133372 14841375
225995 14841376
129245 14841377
222803 14841378
1479200 14841379
189280 14841380
132832 14841381
155014 14841382
143253 14841383
626309 14841384
155691 14841385
145930 14841386
178743 14841387
126991 14841388
160478 14841389
127402 14841390
167994 14841391
180281 14841392
554230 14841393
135432 14841394
151183 14841395
129515 14841396
133907 14841397
167269 14841398
273448 14841399
171219 14841400
152842 14841401
137133 14841402
165324 14841403
133622 14841404
133841 14841405
1429783 14841406
137685 14841407
155409 14841408
180429 14841409
3307281 14841410
137893 14841411
127600 14841412
134884 14841413
324964 14841414
125976 14841415
232131 14841416
251108 14841417
1743476 14841418
169416 14841419
286851 14841420
176478 14841421
119591 14841422
145952 14841423
133296 14841424
353867 14841425
510844 14841426
209033 14841427
246843 14841428
1440395 14841429
97322 14841430
328730 14841431
179482 14841432
393137 14841433
137049 14841434
328024 14841435
233068 14841436
229918 14841437
208428 14841438
189044 14841439
400257 14841440
410703 14841441
139065 14841442
155611 14841443
153150 14841444
108237 14841445
127644 14841446
364022 14841447
176892 14841448
294177 14841449
136056 14841450
137441 14841451
90298 14841452
109353 14841453
419785 14841454
128094 14841455
3152988 14841456
136290 14841457
160806 14841458
148723 14841459
106685 14841460
590163 14841461
211560 14841462
170205 14841463
150285 14841464
367940 14841465
612810 14841466
95700 14841467
223263 14841468
149375 14841469
184219 14841470
270806 14841471
334207 14841472
379025 14841473
141038 14841474
164746 14841475
179333 14841476
168492 14841477
552283 14841478
170653 14841479
164060 14841480
263176 14841481
126983 14841482
926590 14841483
153180 14841484
135868 14841485
306600 14841486
137193 14841487
145468 14841488
552183 14841489
289404 14841490
653563 14841491
677263 14841492
404394 14841493
155531 14841494
299896 14841495
574275 14841496
133626 14841497
213603 14841498
363836 14841499
352439 14841500
169392 14841501
627352 14841502
128763 14841503
264289 14841504
139373 14841505
198924 14841506
197374 14841507
248880 14841508
170831 14841509
1664550 14841510
141234 14841511
244409 14841512
304168 14841513
174646 14841514
549903 14841515
1883161 14841516
601072 14841517
152502 14841518
167929 14841519
642980 14841520
433179 14841521
131568 14841522
136769 14841523
384889 14841524
444936 14841525
430404 14841526
390740 14841527
2578027 14841528
183656 14841529
140228 14841530
342588 14841531
499900 14841532
164062 14841533
131776 14841534
624078 14841535
3919044 14841536
138527 14841537
386960 14841538
386928 14841539
239227 14841540
153819 14841541
178807 14841542
396046 14841543
1439908 14841544
120912 14841545
198430 14841546
148357 14841547
408780 14841548
130371 14841549
109917 14841550
150005 14841551
112787 14841552
14841553 14841554
180527 14841555
395238 14841556
204105 14841557
130872 14841558
1494533 14841559
374387 14841560
154654 14841561
2019330 14841562
370274 14841563
385129 14841564
279368 14841565
294273 14841566
505498 14841567
163910 14841568
165941 14841569
185382 14841570
218553 14841571
162917 14841572
618737 14841573
194765 14841574
126482 14841575
1882399 14841576
476973 14841577
154718 14841578
646016 14841579
358127 14841580
586001 14841581
546318 14841582
261573 14841583
287156 14841584
605827 14841585
492525 14841586
403297 14841587
125916 14841588
400748 14841589
136811 14841590
637131 14841591
179219 14841592
96378 14841593
657342 14841594
1754798 14841595
146548 14841596
275588 14841597
361983 14841598
445674 14841599
244305 14841600
435016 14841601
372127 14841602
182247 14841603
137813 14841604
136396 14841605
586897 14841606
176430 14841607
328279 14841608
187648 14841609
140650 14841610
134776 14841611
133556 14841612
129637 14841613
127163 14841614
165695 14841615
3584261 14841616
486362 14841617
3727477 14841618
159314 14841619
193796 14841620
136947 14841621
103285 14841622
291216 14841623
212301 14841624
129827 14841625
145478 14841626
2583751 14841627
707167 14841628
149405 14841629
363343 14841630
357099 14841631
682803 14841632
1516810 14841633
501147 14841634
396711 14841635
336825 14841636
135412 14841637
136240 14841638
110167 14841639
542518 14841640
699652 14841641
282541 14841642
166357 14841643
208112 14841644
417526 14841645
84198 14841646
188784 14841647
747054 14841648
150863 14841649
431677 14841650
439549 14841651
281034 14841652
726259 14841653
157045 14841654
351247 14841655
703199 14841656
695457 14841657
956968 14841658
3749161 14841659
217204 14841660
467957 14841661
663902 14841662
1817498 14841663
14841664 14841665
403279 14841666
291789 14841667
152341 14841668
2423348 14841669
570935 14841670
975120 14841671
1442734 14841672
1428397 14841673
1671332 14841674
131602 14841675
138121 14841676
136134 14841677
912676 14841678
182057 14841679
441816 14841680
471735 14841681
392430 14841682
122766 14841683
410617 14841684
1438619 14841685
288021 14841686
219477 14841687
198428 14841688
131368 14841689
231013 14841690
664112 14841691
559860 14841692
156909 14841693
137449 14841694
368148 14841695
3515407 14841696
109457 14841697
200748 14841698
549977 14841699
153927 14841700
3457791 14841701
403933 14841702
236470 14841703
708227 14841704
135894 14841705
108493 14841706
373400 14841707
411591 14841708
209723 14841709
734407 14841710
287606 14841711
364032 14841712
1720743 14841713
187134 14841714
137525 14841715
363159 14841716
3392306 14841717
373129 14841718
451995 14841719
671628 14841720
728129 14841721
1817483 14841722
149815 14841723
143955 14841724
1976252 14841725
3108704 14841726
1427729 14841727
205323 14841728
485214 14841729
710197 14841730
251740 14841731
243171 14841732
312444 14841733
428003 14841734
1124342 14841735
725887 14841736
133618 14841737
226147 14841738
165517 14841739
331009 14841740
360359 14841741
168384 14841742
2264728 14841743
130888 14841744
179596 14841745
196800 14841746
133264 14841747
1927569 14841748
167851 14841749
368717 14841750
200364 14841751
256575 14841752
1293456 14841753
776682 14841754
157809 14841755
335117 14841756
175270 14841757
419950 14841758
161199 14841759
142307 14841760
249038 14841761
174162 14841762
269969 14841763
341150 14841764
3374202 14841765
148607 14841766
130479 14841767
294159 14841768
565879 14841769
664591 14841770
445770 14841771
319801 14841772
622182 14841773
84706 14841774
86374 14841775
564247 14841776
145568 14841777
205866 14841778
609798 14841779
319096 14841780
166721 14841781
353339 14841782
142379 14841783
152784 14841784
891147 14841785
3276350 14841786
126579 14841787
130269 14841788
379415 14841789
1497558 14841790
575119 14841791
125960 14841792
173132 14841793
1640891 14841794
339068 14841795
159368 14841796
236946 14841797
252441 14841798
103465 14841799
129635 14841800
138709 14841801
155244 14841802
1429589 14841803
1560673 14841803
369511 14841804
647019 14841805
155244 14841806
296641 14841807
1729948 14841808
552201 14841809
3287454 14841810
14841811 14841812
332514 14841813
254618 14841814
147085 14841815
2523236 14841816
1123099 14841817
3704517 14841818
130698 14841819
338443 14841820
638300 14841821
2573671 14841822
123142 14841823
128425 14841824
281070 14841825
1438518 14841826
492385 14841827
102333 14841828
203200 14841829
871793 14841830
715723 14841831
14841832 14841833
14841834 14841835
1452579 14841836
128687 14841837
147221 14841838
202327 14841839
687716 14841840
161832 14841841
1338181 14841842
159914 14841843
204809 14841844
145211 14841845
102485 14841846
361285 14841847
320519 14841848
484278 14841849
10205037 14841850
196005 14841851
258772 14841852
1438524 14841853
144165 14841854
131876 14841855
961481 14841856
393999 14841857
167085 14841858
3727531 14841859
210896 14841860
144029 14841861
1354412 14841862
1536407 14841863
436033 14841864
711258 14841865
448663 14841866
1441003 14841867
337833 14841868
189312 14841869
163674 14841870
485109 14841871
343389 14841872
189732 14841873
395386 14841874
376493 14841875
882313 14841876
195737 14841877
136216 14841878
362731 14841879
14841880 14841881
554077 14841882
146793 14841883
154848 14841884
243419 14841885
468118 14841886
622017 14841887
154572 14841888
402371 14841889
392928 14841890
416346 14841891
294243 14841892
133620 14841893
183899 14841894
329927 14841895
704031 14841896
571694 14841897
228216 14841898
365118 14841899
149963 14841900
251118 14841901
181727 14841902
551643 14841903
365595 14841904
256764 14841905
1749110 14841906
556558 14841907
402407 14841908
2376325 14841909
147907 14841910
433281 14841911
581801 14841912
380679 14841913
372871 14841914
2503093 14841915
374171 14841916
393371 14841917
225197 14841918
161974 14841919
450598 14841920
164104 14841921
288097 14841922
124753 14841923
435394 14841924
404412 14841925
681931 14841926
140572 14841927
145420 14841928
688380 14841929
389732 14841930
734481 14841931
170197 14841932
745132 14841933
293471 14841934
265087 14841935
1428101 14841936
595524 14841937
595526 14841938
168498 14841939
382361 14841940
148377 14841941
161960 14841942
1428813 14841943
97426 14841944
233757 14841945
653476 14841946
1452566 14841947
631874 14841948
562795 14841949
400081 14841950
318152 14841951
498618 14841952
3518883 14841953
683759 14841954
136755 14841955
239379 14841956
171115 14841957
194907 14841958
217564 14841959
586349 14841960
492565 14841961
479779 14841962
1976683 14841963
167531 14841964
404418 14841965
329893 14841966
134592 14841967
3510005 14841968
637695 14841969
408572 14841970
3560130 14841971
523145 14841972
416412 14841973
1439898 14841974
400978 14841975
718434 14841976
446205 14841977
182701 14841978
97714 14841979
357724 14841980
684245 14841981
135390 14841982
168272 14841983
168270 14841984
158907 14841985
2348864 14841986
386812 14841987
266827 14841988
136949 14841989
916761 14841990
164600 14841991
318876 14841992
227292 14841993
213427 14841994
406166 14841995
329873 14841996
144851 14841997
168674 14841998
241534 14841999
257774 14842000
221359 14842001
628780 14842002
156723 14842003
124925 14842004
284322 14842005
265477 14842006
302520 14842007
169669 14842008
143201 14842009
1449541 14842010
240313 14842011
541647 14842012
1450716 14842013
134464 14842014
629617 14842015
14842016 14842017
147105 14842018
410808 14842019
106775 14842020
343952 14842021
572291 14842022
282786 14842023
160790 14842024
1379740 14842025
427320 14842026
728773 14842027
727549 14842028
804270 14842029
150193 14842030
720621 14842031
2535907 14842032
201791 14842033
123890 14842034
167335 14842035
193546 14842036
388610 14842037
671162 14842038
644530 14842039
200094 14842040
167917 14842041
179726 14842042
133020 14842043
136344 14842044
134406 14842045
426690 14842046
959599 14842047
383910 14842048
647935 14842049
136619 14842050
789000 14842051
142157 14842052
3092251 14842053
436597 14842054
913943 14842055
225899 14842056
176226 14842057
170119 14842058
802523 14842059
574825 14842060
185288 14842061
138089 14842062
362705 14842063
314836 14842064
367252 14842065
147903 14842066
526367 14842067
93232 14842068
315752 14842069
3264381 14842070
771845 14842071
229708 14842072
113811 14842073
176662 14842074
441736 14842075
351329 14842076
306692 14842077
391474 14842078
223523 14842079
160930 14842080
120326 14842081
147893 14842082
299890 14842083
158085 14842084
328199 14842085
138823 14842086
141620 14842087
283580 14842088
636757 14842089
3738467 14842090
3244789 14842091
409237 14842092
1704527 14842093
394111 14842094
525417 14842095
139559 14842096
135908 14842097
162501 14842098
557945 14842099
390108 14842100
113709 14842101
252559 14842102
240951 14842103
308292 14842104
210312 14842105
335799 14842106
170377 14842107
261655 14842108
12609442 14842109
1487833 14842110
1626143 14842111
132828 14842112
216290 14842113
147069 14842114
962274 14842115
14842116 14842117
186552 14842118
405832 14842119
165242 14842120
169897 14842121
133586 14842122
229049 14842123
1758350 14842124
149993 14842125
367104 14842126
128947 14842127
257770 14842128
120226 14842129
136727 14842130
493926 14842131
145818 14842132
152956 14842133
123044 14842134
172581 14842135
221621 14842136
137383 14842137
3069850 14842138
140428 14842139
685672 14842140
442813 14842141
158645 14842142
177026 14842143
214914 14842144
157485 14842145
135858 14842146
363479 14842147
337555 14842148
327537 14842149
264754 14842150
493752 14842151
3100556 14842152
175604 14842153
296135 14842154
270241 14842155
519206 14842156
134598 14842157
14842158 14842159
207485 14842160
505384 14842161
94372 14842162
143519 14842163
335137 14842164
350529 14842165
1661868 14842166
446745 14842167
824886 14842168
1322057 14842169
279154 14842170
1438659 14842171
320681 14842172
138675 14842173
276742 14842174
3762836 14842175
427670 14842176
3981470 14842177
189986 14842178
729678 14842179
574455 14842180
2434235 14842181
200700 14842182
652267 14842183
168970 14842184
666918 14842185
192841 14842186
101979 14842187
660492 14842188
262605 14842189
444104 14842190
3701584 14842191
185170 14842192
725981 14842193
244137 14842194
149911 14842195
614252 14842196
638079 14842197
143789 14842198
143967 14842199
309048 14842200
535348 14842201
1455650 14842202
623613 14842203
652909 14842204
511854 14842205
3282238 14842206
173847 14842207
1320165 14842208
753501 14842209
351669 14842210
3423818 14842211
287236 14842212
1740005 14842213
393471 14842214
459128 14842215
437920 14842216
1754861 14842217
160908 14842218
176786 14842219
149323 14842220
1775024 14842221
413107 14842222
318878 14842223
98582 14842224
156017 14842225
1436186 14842226
258416 14842227
753656 14842228
3763083 14842229
373917 14842230
336551 14842231
962961 14842232
709582 14842233
631410 14842234
636941 14842235
588096 14842236
229099 14842237
119093 14842238
399285 14842239
556594 14842240
136382 14842241
359093 14842242
147607 14842243
136184 14842244
134944 14842245
3642127 14842246
146164 14842247
196616 14842248
131966 14842249
187454 14842250
255587 14842251
141154 14842252
315044 14842253
244115 14842254
682045 14842255
265005 14842256
718939 14842257
535544 14842258
250161 14842259
3476206 14842260
298538 14842261
158441 14842262
143053 14842263
2475177 14842264
200768 14842265
479777 14842266
505022 14842267
14842268 14842269
219213 14842270
185318 14842271
135626 14842272
815385 14842273
1534158 14842274
146212 14842275
433751 14842276
1435105 14842277
98566 14842278
2483588 14842279
339836 14842280
226957 14842281
158011 14842282
907276 14842283
151369 14842284
393657 14842285
129681 14842286
283224 14842287
14842288 14842289
130157 14842290
185434 14842291
1537129 14842292
322646 14842293
288235 14842294
1997901 14842295
293679 14842296
2567857 14842297
490136 14842298
121317 14842299
123056 14842300
726477 14842301
134400 14842302
134574 14842303
1988208 14842304
1377790 14842305
1742626 14842306
796017 14842307
181853 14842308
361331 14842309
475470 14842310
14842311 14842312
170233 14842313
14842314 14842315
14842316 14842317
270083 14842318
338403 14842319
286523 14842320
299864 14842321
1743487 14842322
473594 14842323
240641 14842324
2349965 14842325
129695 14842326
485222 14842327
217154 14842328
196838 14842329
200934 14842330
135394 14842331
212193 14842332
271677 14842333
183083 14842334
100679 14842335
86316 14842336
183744 14842337
566332 14842338
14842339 14842340
295815 14842341
183367 14842342
277360 14842343
601312 14842344
139591 14842345
586183 14842346
146256 14842347
271651 14842348
1970552 14842349
757091 14842350
315578 14842351
992123 14842352
928936 14842353
1958648 14842354
767789 14842355
444003 14842356
264511 14842357
782981 14842358
554109 14842359
641929 14842360
14842361 14842362
332298 14842363
161141 14842364
773604 14842365
170999 14842366
963438 14842367
613692 14842368
121721 14842369
3590187 14842370
576350 14842371
144157 14842372
158573 14842373
193856 14842374
1355103 14842375
691898 14842376
278672 14842377
336425 14842378
183177 14842379
3081403 14842380
752042 14842381
243653 14842382
4128541 14842383
209464 14842384
559984 14842385
126002 14842386
421566 14842387
708974 14842388
250107 14842389
200366 14842390
300516 14842391
502650 14842392
268602 14842393
100481 14842394
239443 14842395
747683 14842396
406288 14842397
120760 14842398
153160 14842399
232467 14842400
230943 14842401
391859 14842402
14842403 14842404
94112 14842405
208872 14842406
607858 14842407
571174 14842408
136735 14842409
256507 14842410
566542 14842411
1441843 14842412
170387 14842413
10218701 14842414
290510 14842415
190676 14842416
233711 14842417
494420 14842418
1125852 14842419
137699 14842420
260541 14842421
127658 14842422
136489 14842423
423631 14842424
564967 14842425
133819 14842426
279876 14842427
96048 14842428
384981 14842429
132028 14842430
161990 14842431
614737 14842432
590766 14842433
608534 14842434
387494 14842435
301674 14842436
133839 14842437
170327 14842438
2546266 14842439
252613 14842440
1804622 14842441
369405 14842442
259861 14842443
135156 14842444
178075 14842445
518847 14842446
147531 14842447
1951888 14842448
154690 14842449
1129557 14842450
376861 14842451
206872 14842452
189608 14842453
133755 14842454
475350 14842455
14842456 14842457
164520 14842458
138433 14842459
357955 14842460
130313 14842461
661196 14842462
130912 14842463
163124 14842464
158861 14842465
477566 14842466
405894 14842467
238716 14842468
361323 14842469
303723 14842470
94458 14842471
1918713 14842472
627012 14842473
291921 14842474
360191 14842475
435424 14842476
139093 14842477
191764 14842478
14842479 14842480
471260 14842481
175300 14842482
103531 14842483
181253 14842484
677695 14842485
273346 14842486
610540 14842487
597274 14842488
492788 14842489
191104 14842490
160153 14842491
162793 14842492
210782 14842493
142839 14842494
489804 14842495
683586 14842496
3573557 14842497
3630181 14842498
14842499 14842500
93732 14842501
2000448 14842502
2007369 14842503
14842504 14842505
14842506 14842507
146945 14842508
14842509 14842510
1353296 14842511
572825 14842512
428516 14842513
434297 14842514
424855 14842515
1339151 14842516
14842517 14842518
750889 14842519
672645 14842520
1845228 14842521
488408 14842522
2339608 14842523
415420 14842524
132946 14842525
3538221 14842526
152506 14842527
335123 14842528
671279 14842529
543480 14842530
596444 14842531
1576680 14842532
730148 14842533
144797 14842534
1493120 14842535
126603 14842536
640201 14842537
750486 14842538
146192 14842539
187717 14842540
280146 14842541
4725974 14842542
929937 14842543
159718 14842544
497211 14842545
178803 14842546
283964 14842547
280692 14842548
148779 14842549
158421 14842550
153707 14842551
316152 14842552
142245 14842553
122754 14842554
142475 14842555
201481 14842556
3582611 14842557
1456689 14842558
244591 14842559
128491 14842560
2142473 14842561
1589489 14842562
1545310 14842563
228048 14842564
1620732 14842565
1278243 14842566
164434 14842567
1513931 14842568
1548630 14842569
1445986 14842570
1481367 14842571
267855 14842572
505714 14842573
611123 14842574
133498 14842575
200764 14842576
148735 14842577
1787166 14842578
150731 14842579
153405 14842580
764031 14842581
191372 14842582
782945 14842583
155627 14842584
2005644 14842585
128451 14842586
216280 14842587
142807 14842588
14842589 14842590
149601 14842591
3573559 14842592
3574598 14842593
14842594 14842595
14842596 14842597
3565599 14842598
14842599 14842600
761768 14842601
14842602 14842603
3543163 14842604
3087195 14842605
3086935 14842606
14842607 14842608
3763397 14842609
4310071 14842610
372837 14842611
3077793 14842612
14842613 14842614
14842615 14842616
3086953 14842617
14842618 14842619
3562661 14842620
3562752 14842621
14842622 14842623
684619 14842624
14842625 14842626
1582282 14842627
3117411 14842628
14842629 14842630
3543157 14842631
273176 14842632
3566893 14842633
818631 14842634
220047 14842635
14842636 14842637
14842638 14842639
14842640 14842641
198646 14842642
14842643 14842644
14842645 14842646
762022 14842647
703449 14842648
3548531 14842649
179335 14842650
14842651 14842652
950848 14842653
6429594 14842654
143261 14842655
155705 14842656
14842657 14842658
14842659 14842660
3675384 14842661
14842662 14842663
14842664 14842665
14842666 14842667
14842668 14842669
1574481 14842670
14842671 14842672
14842673 14842674
14842675 14842676
3565235 14842677
165308 14842678
137793 14842679
127776 14842680
108029 14842681
3567060 14842682
285117 14842683
14842684 14842685
3242389 14842686
14842687 14842688
14842689 14842690
14842691 14842692
14842693 14842694
552102 14842695
3738095 14842696
14393042 14842697
455783 14842698
14842699 14842700
3573430 14842701
14842702 14842703
180401 14842704
14842705 14842706
446105 14842707
1500771 14842708
2478361 14842709
392778 14842710
14842711 14842712
3516446 14842713
465473 14842714
283116 14842715
86464 14842716
221473 14842717
148911 14842718
268121 14842719
247369 14842720
121907 14842721
98064 14842722
180075 14842723
281638 14842724
129377 14842725
550556 14842726
129217 14842727
378893 14842728
184960 14842729
698323 14842730
204770 14842731
4097811 14842732
4180508 14842733
3192640 14842734
136685 14842735
639387 14842736
633122 14842737
693349 14842738
120532 14842739
944516 14842740
153401 14842741
194225 14842742
219283 14842743
236084 14842744
113519 14842745
4322081 14842746
125437 14842747
180199 14842748
131410 14842749
482780 14842750
617159 14842751
341244 14842752
143975 14842753
434619 14842754
213325 14842755
408885 14842756
3511716 14842757
283750 14842758
375707 14842759
332630 14842760
485847 14842761
474310 14842762
386614 14842763
775623 14842764
355259 14842765
431607 14842766
326403 14842767
378491 14842768
253232 14842769
141658 14842770
652209 14842771
288685 14842772
119593 14842773
652355 14842774
169693 14842775
240959 14842776
129129 14842777
186973 14842778
184173 14842779
135446 14842780
500497 14842781
121483 14842782
3736262 14842783
169793 14842784
127592 14842785
579009 14842786
423355 14842787
167609 14842788
555152 14842789
294884 14842790
111659 14842791
408740 14842792
273634 14842793
613505 14842794
419049 14842795
187286 14842796
152059 14842797
369298 14842798
14842799 14842800
3575001 14842801
14842802 14842803
214658 14842804
3573817 14842805
3581999 14842806
14388540 14842807
14842808 14842809
400327 14842810
135794 14842811
251933 14842812
101337 14842813
99246 14842814
86758 14842815
675756 14842816
488716 14842817
331983 14842818
705501 14842819
260333 14842820
189834 14842821
331871 14842822
138337 14842823
240853 14842824
284714 14842825
246073 14842826
443568 14842827
695874 14842828
129009 14842829
210040 14842830
130564 14842831
780111 14842832
183614 14842833
555150 14842834
395940 14842835
14842836 14842837
119669 14842838
129705 14842839
558788 14842840
164412 14842841
216232 14842842
552433 14842843
657454 14842844
136256 14842845
175028 14842846
185444 14842847
174101 14842848
265986 14842849
130435 14842850
373138 14842851
192847 14842852
576744 14842853
147503 14842854
728134 14842855
129457 14842856
219233 14842857
315558 14842858
235087 14842859
140226 14842860
341987 14842861
156819 14842862
243243 14842863
164410 14842864
694349 14842865
787682 14842866
156095 14842867
137493 14842868
343582 14842869
194040 14842870
986833 14842871
14842872 14842873
130716 14842874
1918768 14842875
823039 14842876
143207 14842877
449144 14842878
154368 14842879
339622 14842880
238244 14842881
164376 14842882
299215 14842883
181045 14842884
147195 14842885
144941 14842886
295627 14842887
351043 14842888
686207 14842889
136781 14842890
180365 14842891
372795 14842892
375981 14842893
666625 14842894
4288330 14842895
169937 14842896
1141435 14842897
417084 14842898
323455 14842899
926145 14842900
127344 14842901
140011 14842902
136575 14842903
170761 14842904
872584 14842905
1548123 14842906
487337 14842907
313342 14842908
171900 14842909
493337 14842910
283098 14842911
167165 14842912
3740385 14842913
124243 14842914
199640 14842915
301363 14842916
396517 14842917
188364 14842918
220737 14842919
346965 14842920
341575 14842921
170269 14842922
128971 14842923
279415 14842924
276995 14842925
462246 14842926
300102 14842927
231443 14842928
183708 14842929
496120 14842930
260199 14842931
294491 14842932
365330 14842933
163450 14842934
95936 14842935
137539 14842936
614819 14842937
454466 14842938
113485 14842939
423197 14842940
173601 14842941
132966 14842942
143991 14842943
480338 14842944
135980 14842945
148441 14842946
188870 14842947
172377 14842948
118841 14842949
377348 14842950
313356 14842951
88296 14842952
297734 14842953
186526 14842954
399185 14842955
432440 14842956
228274 14842957
109041 14842958
368786 14842959
199808 14842960
163426 14842961
366615 14842962
429874 14842963
174712 14842964
327958 14842965
115295 14842966
653738 14842967
149825 14842968
126571 14842969
387677 14842970
429119 14842971
176624 14842972
203959 14842973
161952 14842974
628788 14842975
14842976 14842977
187266 14842978
728719 14842979
256820 14842980
800985 14842981
414983 14842982
166355 14842983
150255 14842984
762555 14842985
619624 14842986
3563208 14842987
356597 14842988
783751 14842989
3112592 14842990
470055 14842991
130758 14842992
134406 14842993
644369 14842994
371702 14842995
169633 14842996
4338799 14842997
432994 14842998
177915 14842999
341535 14843000
297185 14843001
422613 14843002
128929 14843003
813578 14843004
563872 14843005
298780 14843006
112003 14843007
311350 14843008
718178 14843009
173954 14843010
802394 14843011
257812 14843012
258370 14843013
725807 14843014
234429 14843015
148421 14843016
217266 14843017
103597 14843018
190558 14843019
85964 14843020
150357 14843021
194981 14843022
120412 14843023
145173 14843024
280020 14843025
185746 14843026
14843027 14843028
247963 14843029
493279 14843030
726147 14843031
254150 14843032
886363 14843033
146648 14843034
793328 14843035
185682 14843036
879236 14843037
139369 14843038
143419 14843039
164094 14843040
145155 14843041
136116 14843042
136116 14843043
138265 14843044
248290 14843045
147565 14843046
121861 14843047
214167 14843048
152584 14843049
599478 14843050
156849 14843051
139033 14843052
324630 14843053
141374 14843054
121010 14843055
222061 14843056
219795 14843057
156531 14843058
129943 14843059
413817 14843060
427500 14843061
146534 14843062
503141 14843063
162331 14843064
145193 14843065
121429 14843066
504412 14843067
174127 14843068
4326395 14843069
624818 14843070
803059 14843071
155252 14843072
1524794 14843073
328040 14843074
14843075 14843076
160081 14843077
1841282 14843078
1429589 14843079
121198 14843080
307973 14843081
413105 14843082
239499 14843083
284294 14843084
443108 14843085
345036 14843086
428163 14843087
14843088 14843089
148643 14843090
660678 14843091
1140025 14843092
106481 14843093
3111061 14843094
385511 14843095
178827 14843096
14843097 14843098
409667 14843099
14843100 14843101
371293 14843102
168976 14843103
14843104 14843105
14843106 14843107
497411 14843108
129229 14843109
152353 14843110
152111 14843111
4218924 14843112
14843113 14843114
141226 14843115
319230 14843116
173986 14843117
128921 14843118
181691 14843119
119599 14843120
188540 14843121
127023 14843122
136649 14843123
174556 14843124
1314862 14843125
141358 14843126
151091 14843127
513664 14843128
260990 14843129
320092 14843130
224402 14843131
183857 14843132
291170 14843133
140564 14843134
102625 14843135
170481 14843136
115733 14843137
140960 14843138
236906 14843139
324502 14843140
184117 14843141
208120 14843142
258252 14843143
218727 14843144
499906 14843145
134201 14843146
136330 14843147
153329 14843148
140746 14843149
492710 14843150
377459 14843151
468480 14843152
185364 14843153
3592385 14843154
162267 14843155
140418 14843156
166059 14843157
95834 14843158
169170 14843159
627408 14843160
125554 14843161
264391 14843162
757280 14843163
581320 14843164
178329 14843165
181687 14843166
213913 14843167
622098 14843168
143501 14843169
131590 14843170
14843171 14843172
417386 14843173
434621 14843174
777200 14843175
627388 14843176
1443491 14843177
136765 14843178
194671 14843179
590518 14843180
404039 14843181
316510 14843182
3688805 14843183
623697 14843184
405816 14843185
564843 14843186
733955 14843187
265089 14843188
166045 14843189
737061 14843190
247225 14843191
299223 14843192
220797 14843193
469479 14843194
496851 14843195
430810 14843196
639074 14843197
964714 14843198
603083 14843199
159816 14843200
361329 14843201
172011 14843202
359601 14843203
89826 14843204
85188 14843205
443038 14843206
649570 14843207
578174 14843208
150579 14843209
687459 14843210
494196 14843211
395545 14843212
228617 14843213
130694 14843214
1460948 14843215
235179 14843216
577653 14843217
140806 14843218
663485 14843219
140344 14843220
271697 14843221
670648 14843222
169607 14843223
227336 14843224
711822 14843225
654745 14843226
203859 14843227
791770 14843228
359143 14843229
472499 14843230
14843231 14843232
140103 14843233
651253 14843234
673912 14843235
726131 14843236
693327 14843237
588239 14843238
436755 14843239
324721 14843240
236248 14843241
189596 14843242
171999 14843243
14843244 14843245
419659 14843246
1554010 14843247
549089 14843248
415688 14843249
182755 14843250
423055 14843251
696704 14843252
174878 14843253
95366 14843254
264335 14843255
172603 14843256
224420 14843257
212203 14843258
640205 14843259
93454 14843260
180731 14843261
289334 14843262
253068 14843263
278123 14843264
3750494 14843265
632884 14843266
300964 14843267
614567 14843268
90916 14843269
194605 14843270
1153364 14843271
546934 14843272
572613 14843273
221919 14843274
367791 14843275
478115 14843276
416196 14843277
3417401 14843278
212893 14843279
564133 14843280
155364 14843281
271551 14843282
466967 14843283
638789 14843284
1586946 14843285
767775 14843286
160295 14843287
110951 14843288
623959 14843289
336139 14843290
652367 14843291
3634720 14843292
319424 14843293
14843294 14843295
124239 14843296
670068 14843297
705331 14843298
307358 14843299
123296 14843300
199186 14843301
164232 14843302
128593 14843303
551381 14843304
2177121 14843305
394916 14843306
85976 14843307
139383 14843308
3077187 14843309
214630 14843310
189014 14843311
295229 14843312
174898 14843313
673976 14843314
420705 14843315
118119 14843316
182313 14843317
397939 14843318
342576 14843319
354422 14843320
113507 14843321
99604 14843322
242844 14843323
978854 14843324
219501 14843325
395657 14843326
3641609 14843327
276913 14843328
140280 14843329
3646637 14843330
287422 14843331
3074864 14843332
250996 14843333
150153 14843334
124015 14843335
233592 14843336
811624 14843337
776690 14843338
154958 14843339
308566 14843340
1365715 14843341
719211 14843342
358703 14843343
130738 14843344
316650 14843345
255509 14843346
390306 14843347
640147 14843348
350203 14843349
146662 14843350
111337 14843351
231829 14843352
905658 14843353
1555360 14843354
3107217 14843355
118617 14843356
464020 14843357
259465 14843358
413281 14843359
454762 14843360
445596 14843361
1668761 14843362
3098994 14843363
160690 14843364
535410 14843365
224696 14843366
495090 14843367
382054 14843368
244753 14843369
94538 14843370
624395 14843371
478237 14843372
681894 14843373
309755 14843374
1363601 14843375
352505 14843376
246665 14843377
193694 14843378
1614222 14843379
761246 14843380
1283827 14843381
162121 14843382
387192 14843383
614801 14843384
271913 14843385
624605 14843386
138351 14843387
750266 14843388
638238 14843389
289536 14843390
754026 14843391
157093 14843392
133985 14843393
268788 14843394
171151 14843395
194505 14843396
169520 14843397
