4208058 10456997
15323752 15323753
2728331 15323754
327661 15323755
2056635 15323756
128200 15323757
289606 15323758
228222 15323759
1904720 15323760
1981317 15323761
181847 15323762
2253215 15323763
2568902 15323764
2232217 15323765
296501 15323766
1605154 15323767
15323768 15323769
229373 15323770
565949 15323771
1896321 15323772
722580 15323773
2366004 15323774
2346040 15323775
1903825 15323776
282491 15323777
1713282 15323778
128381 15323779
499242 15323780
2408775 15323781
540163 15323782
505270 15323783
2456967 15323784
2473006 15323785
2350759 15323786
205590 15323787
715204 15323788
1995780 15323789
718366 15323790
1992276 15323791
828517 15323792
555662 15323793
260495 15323794
595956 15323795
202724 15323796
962335 15323797
15323798 15323799
870278 15323800
2003189 15323801
1808116 15323802
2045466 15323803
1892872 15323804
1894746 15323805
2344107 15323806
236358 15323807
2008484 15323808
15323809 15323810
554476 15323811
15323812 15323813
1607674 15323814
1908093 15323815
2001444 15323816
2354844 15323817
1898897 15323818
1539995 15323819
1905776 15323820
334493 15323821
508642 15323822
336840 15323823
555698 15323824
2231599 15323825
324484 15323826
1123258 15323827
15323828 15323829
2041225 15323830
2171330 15323831
443364 15323832
2243568 15323833
2081172 15323834
695679 15323835
581462 15323836
86688 15323837
2050838 15323838
2060843 15323839
1969047 15323840
1362898 15323841
2361529 15323842
1015916 15323843
1421534 15323844
1996971 15323845
2207917 15323846
244087 15323847
224242 15323848
379255 15323849
2082200 15323850
2361389 15323851
1990208 15323852
493990 15323853
506704 15323854
2382596 15323855
236302 15323856
2275952 15323857
15323858 15323859
1172413 15323860
1945725 15323860
10200103 15323861
2360131 15323862
1889906 15323863
15323864 15323865
15323866 15323867
464633 15323868
1969470 15323869
1908792 15323870
1706092 15323871
12155284 15323872
2588800 15323873
15323874 15323875
4524243 15323876
1896243 15323877
1343225 15323878
1969690 15323879
2295304 15323880
2326953 15323881
404773 15323882
1774586 15323883
1899738 15323884
10175418 15323885
1753767 15323886
15323887 15323888
434145 15323889
1583939 15323890
539884 15323891
4055597 15323892
597248 15323893
1977812 15323894
1903486 15323895
15323896 15323897
15323898 15323899
1951430 15323900
88166 15323901
1755985 15323902
1819303 15323903
2587693 15323904
305126 15323905
1584951 15323906
129203 15323907
129213 15323908
1969086 15323909
1895321 15323910
15323911 15323912
1975390 15323913
2393538 15323914
2396342 15323915
2529854 15323916
380529 15323917
2379510 15323918
378589 15323919
2062167 15323920
1740434 15323921
351021 15323922
2380095 15323923
12157107 15323924
653510 15323925
15323926 15323927
15323928 15323929
2587943 15323930
1842140 15323931
15323932 15323933
633226 15323934
2589553 15323935
15323936 15323937
2737929 15323938
15323939 15323940
15323941 15323942
380300 15323943
1557835 15323944
1969314 15323945
15323946 15323947
10471963 15323948
1749341 15323949
15323950 15323951
2205545 15323952
1522403 15323953
1899259 15323954
2204455 15323955
88974 15323956
152021 15323957
2383821 15323958
2011064 15323959
15323960 15323961
15323962 15323963
261234 15323964
4347835 15323965
2009565 15323966
1951025 15323967
15323968 15323969
15323970 15323971
243855 15323972
129489 15323973
15323974 15323975
2300540 15323976
415908 15323977
498036 15323978
1585376 15323979
340770 15323980
1970364 15323981
2296049 15323982
1993565 15323983
2365378 15323984
1708088 15323985
1591827 15323986
438485 15323987
1852851 15323988
1583554 15323989
2396457 15323990
735543 15323991
2407913 15323992
1146430 15323993
1983461 15323994
698111 15323995
357981 15323996
684231 15323997
2394750 15323998
15323999 15324000
212209 15324001
343788 15324002
10175548 15324003
207253 15324004
398541 15324005
719522 15324006
1891743 15324007
1981257 15324008
199734 15324009
480050 15324010
661340 15324011
2341998 15324012
1946356 15324013
15324014 15324015
3323094 15324016
11877686 15324017
15324018 15324019
547805 15324020
2426172 15324021
15324022 15324023
15095505 15324024
1997672 15324025
181261 15324026
425319 15324027
633226 15324028
1906471 15324029
180183 15324030
180061 15324031
1965896 15324032
15324033 15324034
2493246 15324035
2231743 15324036
1730193 15324037
2003862 15324038
1974109 15324039
190614 15324040
268289 15324041
15324042 15324043
2751384 15324044
547108 15324045
15324046 15324047
2579177 15324048
189344 15324049
475048 15324050
15324051 15324052
2588556 15324053
15324054 15324055
130033 15324056
123662 15324057
786510 15324058
673710 15324059
504984 15324060
786703 15324061
641397 15324062
2353868 15324063
1983799 15324064
429209 15324065
2355306 15324066
617758 15324067
526951 15324068
1960875 15324069
15324070 15324071
567496 15324072
1933547 15324073
1954264 15324074
246313 15324075
238576 15324076
560887 15324077
2428566 15324078
1989723 15324079
1765977 15324080
336823 15324081
267344 15324082
142231 15324083
1997211 15324084
1506609 15324085
1944976 15324086
1732826 15324087
1835880 15324088
2354327 15324089
1956915 15324090
390002 15324091
233769 15324092
2344999 15324093
1872090 15324094
1811790 15324095
2383504 15324096
1968466 15324097
2079959 15324098
2485188 15324099
2079517 15324100
398860 15324101
2030243 15324102
2165256 15324103
1899062 15324104
198672 15324105
1835085 15324106
15324107 15324108
1846141 15324109
1664351 15324110
1755510 15324111
262748 15324112
2067755 15324113
510710 15324114
2123459 15324115
300612 15324116
2049932 15324117
1725948 15324118
1985254 15324119
2263573 15324120
2307505 15324121
1900954 15324122
1819469 15324123
248970 15324124
130580 15324125
140192 15324126
1471173 15324127
2099271 15324128
2031686 15324129
92784 15324130
214558 15324131
2051952 15324132
409243 15324133
308408 15324134
1835877 15324135
1304619 15324136
2046590 15324137
2447633 15324138
2031798 15324139
2009486 15324140
699764 15324141
2602897 15324142
1698527 15324143
1896459 15324144
1979441 15324145
1992257 15324146
2383080 15324147
1897580 15324148
1762360 15324149
15324150 15324151
2637460 15324152
1732568 15324153
1890812 15324154
2339944 15324155
124903 15324156
2271453 15324157
314864 15324158
15324159 15324160
612450 15324161
346979 15324162
793929 15324163
2172339 15324164
2382696 15324165
465807 15324166
1923565 15324167
15324168 15324169
1912261 15324170
2284078 15324171
426564 15324172
4350577 15324173
307110 15324174
196598 15324175
353091 15324176
536160 15324177
253918 15324178
2238600 15324179
409363 15324180
256257 15324181
148857 15324182
1514243 15324183
4310912 15324184
1415883 15324185
383421 15324186
131068 15324187
399413 15324188
1926654 15324189
1685023 15324190
1607744 15324191
1830954 15324192
258656 15324193
2206683 15324194
2060910 15324195
490493 15324196
2141322 15324197
2384868 15324198
84462 15324199
1907521 15324200
1830990 15324201
2387394 15324202
1901198 15324203
15324204 15324205
2083015 15324206
2069616 15324207
144459 15324208
2052471 15324209
1797816 15324210
2029635 15324211
1965824 15324212
1980951 15324213
307514 15324214
153953 15324215
2071646 15324216
2187243 15324217
2462347 15324218
2382442 15324219
2562536 15324220
1735095 15324221
2697871 15324222
1808623 15324223
15324224 15324225
493249 15324226
4109335 15324227
1960308 15324228
456960 15324229
2028708 15324230
1896574 15324231
187422 15324232
2297428 15324233
131482 15324234
1998731 15324235
2353326 15324236
274344 15324237
1996067 15324238
888349 15324239
2305913 15324240
2507347 15324241
1603649 15324242
2187442 15324243
131786 15324244
131822 15324245
15324246 15324247
96248 15324248
96316 15324249
518436 15324250
465365 15324251
1884951 15324252
1584218 15324253
1491843 15324254
199270 15324255
131866 15324256
346437 15324257
1835043 15324258
1835165 15324259
2436965 15324260
1348769 15324261
1898040 15324262
2325126 15324263
2229800 15324264
2344020 15324265
247285 15324266
2515107 15324267
508629 15324268
2353311 15324269
149055 15324270
3192954 15324271
2381825 15324272
2573160 15324273
1896463 15324274
160944 15324275
2584658 15324276
444530 15324277
476049 15324278
554091 15324279
621855 15324280
10471964 15324281
2173497 15324282
96866 15324283
2579682 15324284
1900156 15324285
1584336 15324286
2251837 15324287
216032 15324288
2047574 15324289
245935 15324290
916363 15324291
481178 15324292
1799792 15324293
15324294 15324295
563396 15324296
161074 15324297
825349 15324298
2460111 15324299
1403530 15324300
467885 15324301
2073503 15324302
399355 15324303
2001180 15324304
1578525 15324305
309333 15324306
188612 15324307
108139 15324308
612384 15324309
360621 15324310
97736 15324311
2205572 15324312
2468961 15324313
1979468 15324314
309815 15324315
2379550 15324316
400792 15324317
2098195 15324318
2366047 15324319
1878384 15324320
2047058 15324321
258594 15324322
2177553 15324323
1905661 15324324
2194721 15324325
467589 15324326
562761 15324327
499090 15324328
1903502 15324329
401687 15324330
373312 15324331
1363981 15324332
403233 15324333
277684 15324334
520930 15324335
97868 15324336
1887493 15324337
874820 15324338
775717 15324339
2310224 15324340
370504 15324341
15324342 15324343
382279 15324344
240505 15324345
15324346 15324347
562979 15324348
325728 15324349
348839 15324350
2365779 15324351
2446137 15324352
729434 15324353
673253 15324354
1995186 15324355
132292 15324356
2016054 15324357
2353246 15324358
1942160 15324359
370374 15324360
15324361 15324362
1606224 15324363
1901569 15324364
1907913 15324365
2079085 15324366
1559987 15324367
2408392 15324368
15324369 15324370
15324371 15324372
1889534 15324373
2361483 15324374
183011 15324375
1307964 15324376
1969964 15324377
1485447 15324378
473762 15324379
2034093 15324380
461527 15324381
455210 15324382
1908618 15324383
2256748 15324384
132584 15324385
2341152 15324386
429113 15324387
243821 15324388
472473 15324389
265754 15324390
311282 15324391
1949752 15324392
2402140 15324393
2124646 15324394
2346722 15324395
1900152 15324396
2440618 15324397
1968160 15324398
1973510 15324399
624104 15324400
2015554 15324401
1824277 15324402
1995915 15324403
356821 15324404
301052 15324405
1840763 15324406
2310157 15324407
126941 15324408
288189 15324409
318630 15324410
2358395 15324411
99809 15324412
1525728 15324413
2123372 15324414
1982709 15324415
368830 15324416
1807611 15324417
133076 15324418
328648 15324419
1719755 15324420
2079609 15324421
2174508 15324422
2281300 15324423
2083496 15324424
15324425 15324426
1898425 15324427
482912 15324428
1990233 15324429
2594585 15324430
1691548 15324431
2267472 15324432
266189 15324433
1835447 15324434
2480734 15324435
15324436 15324437
1737292 15324438
133222 15324439
1521704 15324440
259377 15324441
371535 15324442
724606 15324443
465819 15324444
1829259 15324445
712748 15324446
421020 15324447
1905692 15324448
1946320 15324449
2344217 15324450
366045 15324451
900562 15324452
2274648 15324453
15324454 15324455
1951446 15324456
2343564 15324457
1976201 15324458
1323357 15324459
2010212 15324460
15324461 15324462
529453 15324463
15324464 15324465
133542 15324466
2467146 15324467
658383 15324468
2313079 15324469
372639 15324470
786037 15324471
257756 15324472
1936254 15324473
692487 15324474
268411 15324475
1595125 15324476
1734259 15324477
15324478 15324479
1331640 15324480
2243437 15324481
715427 15324482
1348682 15324483
632341 15324484
125976 15324485
14683735 15324486
371447 15324487
1913220 15324488
1152205 15324489
15324490 15324491
2241788 15324492
1898576 15324493
1905283 15324494
180273 15324495
1902489 15324496
1795871 15324497
901972 15324498
1979024 15324499
2071424 15324500
728807 15324501
1282692 15324502
415550 15324503
2177708 15324504
3109792 15324505
148703 15324506
162054 15324507
212905 15324508
220499 15324509
270233 15324510
2224343 15324511
338095 15324512
250039 15324513
1996513 15324514
2390833 15324515
329937 15324516
540181 15324517
175382 15324518
2252988 15324519
15324520 15324521
2027831 15324522
1884730 15324523
289512 15324524
806622 15324525
14396258 15324526
761084 15324527
353045 15324528
134676 15324529
2242021 15324530
1542170 15324531
2390825 15324532
472851 15324533
1804591 15324534
1927840 15324535
1942162 15324536
205528 15324537
723664 15324538
258668 15324539
193246 15324540
2291217 15324541
476069 15324542
865197 15324543
1972857 15324544
2247378 15324545
411739 15324546
2015466 15324547
1905716 15324548
1950070 15324549
602106 15324550
908684 15324551
1888684 15324552
15324553 15324554
307170 15324555
598096 15324556
346129 15324557
2367221 15324558
1535230 15324559
1997593 15324560
2212762 15324561
15324562 15324563
296987 15324564
2079422 15324565
2588225 15324566
231152 15324567
2392994 15324568
2536687 15324569
659775 15324570
1851724 15324571
1981596 15324572
2245031 15324573
15324574 15324575
10175542 15324576
2403265 15324577
402800 15324578
1902869 15324579
365835 15324580
1905481 15324581
413881 15324582
2446763 15324583
15324584 15324585
1950643 15324586
154560 15324587
1951362 15324588
10463352 15324589
15324590 15324591
2582826 15324592
2113831 15324593
401845 15324594
2491979 15324595
1904982 15324596
2118205 15324597
2589120 15324598
1777073 15324599
2058786 15324600
1736860 15324601
578533 15324602
244783 15324603
2705924 15324604
1497268 15324605
105663 15324606
397319 15324607
1392475 15324608
147383 15324609
159392 15324610
2382817 15324611
1705153 15324612
15324613 15324614
1986794 15324615
15324616 15324617
4308223 15324618
1895339 15324619
2346726 15324620
1610467 15324621
1975161 15324622
1726205 15324623
2160900 15324624
352055 15324625
3661597 15324626
2346370 15324627
10167385 15324628
2403402 15324629
1973151 15324630
902821 15324631
2237312 15324632
686923 15324633
1781496 15324634
1748608 15324635
329398 15324636
1997834 15324637
240727 15324638
602807 15324639
2073748 15324640
2406049 15324641
1981689 15324642
358083 15324643
531140 15324644
1959965 15324645
472050 15324646
456470 15324647
503978 15324648
376207 15324649
1996637 15324650
1985743 15324651
2007402 15324652
657374 15324653
732446 15324654
372799 15324655
15324656 15324657
2322447 15324658
1695483 15324659
15324660 15324661
398467 15324662
805380 15324663
2293370 15324664
507100 15324665
143495 15324666
2384992 15324667
422925 15324668
15324669 15324670
1973484 15324671
380541 15324672
164852 15324673
805197 15324674
2395030 15324675
2510609 15324676
2314996 15324677
358981 15324678
1901788 15324679
1626484 15324680
2382932 15324681
286855 15324682
2076408 15324683
1830992 15324684
1942144 15324685
2114507 15324686
2308064 15324687
2044951 15324688
1889738 15324689
2070850 15324690
385623 15324691
126286 15324692
595294 15324693
366335 15324694
2631701 15324695
164278 15324696
298016 15324697
1992119 15324698
1151122 15324699
565678 15324700
1743219 15324701
810623 15324702
2507928 15324703
1839930 15324704
2493507 15324705
1902105 15324706
2400970 15324707
260549 15324708
623535 15324709
239963 15324710
2240209 15324711
352075 15324712
2302869 15324713
1984473 15324714
2354851 15324715
1780540 15324716
2124560 15324717
2027833 15324718
2389136 15324719
2207347 15324720
505442 15324721
240391 15324722
289786 15324723
243945 15324724
198904 15324725
2571786 15324726
2066831 15324727
146967 15324728
329440 15324729
1831637 15324730
780215 15324731
1299755 15324732
2350365 15324733
125636 15324734
1942156 15324735
2250366 15324736
2353300 15324737
124257 15324738
1743352 15324739
2353340 15324740
1938068 15324741
2277839 15324742
1911053 15324743
2364487 15324744
15324745 15324746
183317 15324747
2001586 15324748
527169 15324749
1827648 15324750
1894719 15324751
421816 15324752
2028855 15324753
1899597 15324754
2008922 15324755
652897 15324756
1985729 15324757
579548 15324758
149407 15324759
1426758 15324760
459972 15324761
15324762 15324763
1905208 15324764
2227044 15324765
2616617 15324766
15324767 15324768
2587082 15324769
751556 15324770
15324771 15324772
80244 15324773
6458002 15324774
2587744 15324775
1906518 15324776
15324777 15324778
15324779 15324780
257330 15324781
1377951 15324782
665051 15324783
2580361 15324784
403957 15324785
388300 15324786
1617140 15324787
209041 15324788
877791 15324789
1937622 15324790
2151168 15324791
2076929 15324792
2494237 15324793
2354319 15324794
903965 15324795
15324796 15324797
15324798 15324799
1894818 15324800
973197 15324801
897004 15324802
15324803 15324804
2719009 15324805
2595858 15324806
15324807 15324808
462765 15324809
1731595 15324810
110143 15324811
2642093 15324812
2631420 15324812
277662 15324813
748355 15324814
308484 15324815
571852 15324816
466231 15324817
15324818 15324819
15324820 15324821
136553 15324822
958323 15324823
1305695 15324824
2053580 15324825
110333 15324826
114601 15324827
1970104 15324828
2308234 15324829
2069486 15324830
1394716 15324831
110653 15324832
265238 15324833
2010819 15324834
15324835 15324836
1909115 15324837
2376488 15324838
552085 15324839
2042142 15324840
586387 15324841
632920 15324842
155583 15324843
1402864 15324844
321428 15324845
1382566 15324846
1557162 15324847
2054973 15324848
3706373 15324849
472823 15324850
2167841 15324851
2426051 15324852
2366468 15324853
2494226 15324854
1714691 15324855
2384653 15324856
1734017 15324857
1997206 15324858
2378183 15324859
15324860 15324861
403625 15324862
962311 15324863
1902954 15324864
900356 15324865
1889690 15324866
2181756 15324867
1911093 15324868
1862166 15324869
1897041 15324870
2353270 15324871
1904973 15324872
289758 15324873
469004 15324874
354586 15324875
212471 15324876
1829520 15324877
492686 15324878
2072273 15324879
2294171 15324880
448709 15324881
152538 15324882
2474561 15324883
15324884 15324885
1901246 15324886
136879 15324887
1968442 15324888
1583490 15324889
334985 15324890
698784 15324891
2564990 15324892
15324893 15324894
1900436 15324895
1543129 15324896
1543131 15324896
11913205 15324897
562763 15324898
2061203 15324899
473246 15324900
2242757 15324901
1689772 15324902
2731911 15324903
15324904 15324905
2005655 15324906
915015 15324907
476077 15324908
2719233 15324909
191306 15324910
473238 15324911
378145 15324912
1927476 15324913
2079206 15324914
2579978 15324915
801918 15324916
15324917 15324918
868652 15324919
15324920 15324921
769080 15324922
1998663 15324923
230308 15324924
1872511 15324925
428359 15324926
1831682 15324927
269445 15324928
1898451 15324929
1905927 15324930
350115 15324931
15324932 15324933
14846600 15324934
12155283 15324935
735434 15324936
655490 15324937
223854 15324938
2060521 15324939
474082 15324940
356595 15324941
137383 15324942
2579059 15324943
15324944 15324945
378100 15324946
242034 15324947
1813525 15324948
2159291 15324949
1829908 15324950
286617 15324951
793739 15324952
2382024 15324953
162565 15324954
1893918 15324955
2274474 15324956
159366 15324957
803090 15324958
2509467 15324959
1942154 15324960
1825923 15324961
2507615 15324962
467713 15324963
2241053 15324964
2138721 15324965
2408769 15324966
137657 15324967
146292 15324968
1641428 15324969
122595 15324970
1539014 15324971
694767 15324972
1905621 15324973
2495197 15324974
1394247 15324975
78733 15324976
15324977 15324978
2349945 15324979
1736862 15324980
1965354 15324981
279274 15324982
2345003 15324983
292644 15324984
247307 15324985
1995492 15324986
148615 15324987
211615 15324988
2329427 15324989
1419271 15324990
142355 15324991
669519 15324992
282918 15324993
2219431 15324994
1995894 15324995
2338280 15324996
1323038 15324997
254911 15324998
1843609 15324999
1973503 15325000
2071478 15325001
5176525 15325002
1892243 15325003
619540 15325004
114485 15325005
470283 15325006
338081 15325007
1787471 15325008
1141650 15325009
15325010 15325011
1017411 15325012
1017411 15325013
1688611 15325014
2111438 15325015
1725520 15325016
10175846 15325017
2587080 15325018
3323094 15325019
2177486 15325020
2632609 15325021
348159 15325022
1737078 15325023
161936 15325024
2572636 15325025
2265116 15325026
1383355 15325027
2246840 15325028
15325029 15325030
207365 15325031
1746268 15325032
1900517 15325033
573193 15325034
1584582 15325035
288145 15325036
2024151 15325037
1903761 15325038
515471 15325039
603289 15325040
276360 15325041
259591 15325042
1478830 15325043
470259 15325044
15325045 15325046
1943933 15325047
1593933 15325048
283712 15325049
2751726 15325050
15325051 15325052
885659 15325053
2734442 15325054
15325055 15325056
2732111 15325057
15325058 15325059
15325060 15325059
15325061 15325059
2587030 15325062
2300859 15325063
1890447 15325064
1749714 15325065
740482 15325066
2364279 15325067
1720718 15325068
2014704 15325069
1949075 15325070
2534647 15325071
1759911 15325072
1790444 15325073
1910076 15325074
15325075 15325076
2705825 15325077
15325078 15325079
346609 15325080
1549501 15325081
1996511 15325082
2448018 15325083
1995072 15325084
609754 15325085
2509443 15325086
1966422 15325087
422649 15325088
2491505 15325089
2187305 15325090
15325091 15325092
15325093 15325094
15325095 15325096
2709099 15325097
2694081 15325098
2746316 15325099
2692381 15325100
2719233 15325101
728741 15325102
1978072 15325103
15095536 15325104
1778517 15325105
1803924 15325106
15325107 15325108
2589001 15325109
1938375 15325110
2588412 15325111
15325112 15325113
1718597 15325114
15325115 15325116
15325117 15325118
15325119 15325120
15325121 15325122
15325123 15325124
2591327 15325125
1728250 15325126
1774586 15325127
15325128 15325129
1950979 15325130
15325131 15325132
15325133 15325134
15325135 15325136
15325137 15325138
2644891 15325139
1938323 15325140
1951893 15325141
1859595 15325142
1938357 15325143
1952801 15325144
2705785 15325145
1960846 15325146
256814 15325147
2272549 15325148
744922 15325149
243525 15325150
2359350 15325151
344834 15325152
285463 15325153
176200 15325154
266693 15325155
1584088 15325156
15325157 15325158
1950590 15325159
2734819 15325160
2596754 15325161
10175546 15325162
15325163 15325164
15325165 15325166
15325167 15325168
12162177 15325169
15325170 15325171
15095526 15325172
2673819 15325173
15325174 15325175
15325176 15325177
15325178 15325179
15325180 15325181
15325182 15325183
15325184 15325185
10175777 15325186
15325187 15325188
15325189 15325190
15325191 15325192
15325193 15325194
15325195 15325196
2729527 15325197
1365687 15325198
1905264 15325199
546876 15325200
532565 15325201
2236970 15325202
272435 15325203
2102766 15325204
563428 15325205
2491873 15325206
15325207 15325208
1941016 15325209
1960321 15325210
537501 15325211
15325212 15325213
2232894 15325214
867321 15325215
372997 15325216
15325217 15325218
736953 15325219
474848 15325220
15325221 15325222
1906310 15325223
2243790 15325224
335579 15325225
2098227 15325226
234065 15325227
15325228 15325229
2004279 15325230
4040598 15325231
2731469 15325232
2344809 15325233
1967675 15325234
2138016 15325235
2317604 15325236
158515 15325237
1908749 15325238
1890681 15325239
324682 15325240
496128 15325241
700254 15325242
1903327 15325243
1965421 15325244
2229010 15325245
2385440 15325246
159484 15325247
107761 15325248
2177332 15325249
2429353 15325250
1585223 15325251
229237 15325252
2070554 15325253
1903192 15325254
265298 15325255
1448588 15325256
2073889 15325257
2046416 15325258
1348517 15325259
2044568 15325260
15101892 15325261
2310149 15325262
622106 15325263
1946392 15325264
116643 15325265
2205609 15325266
2117680 15325267
2535415 15325268
457074 15325269
15325270 15325271
586559 15325272
1890355 15325273
1832231 15325274
2250837 15325275
2233928 15325276
15325277 15325278
349861 15325279
2559586 15325280
1967314 15325281
2350343 15325282
1741451 15325283
2353290 15325284
1723136 15325285
294411 15325286
121236 15325287
2072121 15325288
802899 15325289
1338929 15325290
296657 15325291
2281019 15325292
2129715 15325293
162070 15325294
338031 15325295
454594 15325296
2056973 15325297
899500 15325298
2603758 15325299
1686338 15325300
15325301 15325302
917891 15325303
1536377 15325304
15325305 15325306
315140 15325307
519222 15325308
192525 15325309
15325310 15325311
467923 15325312
196254 15325313
455456 15325314
1963041 15325315
706727 15325316
1770005 15325317
1895177 15325318
329240 15325319
474238 15325320
1992252 15325321
413599 15325322
15325323 15325324
142189 15325325
183511 15325326
374493 15325327
1943193 15325328
557078 15325329
463697 15325330
2344233 15325331
1942152 15325332
15325333 15325334
466911 15325335
1909282 15325336
1733329 15325337
1894693 15325338
15325339 15325340
1486417 15325341
2343454 15325342
139189 15325343
251306 15325344
2166699 15325345
581769 15325346
2009531 15325347
2077001 15325348
2286875 15325349
2265219 15325350
539848 15325351
2048296 15325352
2031833 15325353
11912011 15325354
1998601 15325355
1998655 15325356
1603355 15325357
313664 15325358
183871 15325359
2396690 15325360
572517 15325361
15325362 15325363
15325364 15325365
2351825 15325366
2273624 15325367
1672527 15325368
15325369 15325370
