761644 17015143
15798161 17015144
12451264 17015145
12452820 17015145
1638531 17015146
6337151 17015147
4000651 17015148
16810782 17015149
1393031 17015150
17015151 17015150
17015152 17015153
10883159 17015153
11348407 17015153
12641850 17015154
11890597 17015155
83961 17015156
12605928 17015157
11706566 17015158
12685366 17003467
552093 17015159
14286682 17015160
3679152 17015161
10589453 17015162
11446506 17015163
12452741 17015164
12455730 17015164
12446110 17015164
12456750 17015164
12446107 17015164
4233926 12458010
17015165 17015166
481600 17015167
481600 10457241
10496578 17015168
961617 17015169
17015170 17015171
17015172 17015173
7441985 17015174
1522463 17015175
3602397 17003633
15299867 17015176
232507 17015176
12631557 17015177
14820420 17015178
17015179 17015180
17015181 17015180
15195869 17015180
3310577 17015180
15195898 17015180
17015182 17015180
17015183 17015180
17015184 17015180
17015185 17015180
17015186 17015180
11896390 17015180
11896390 17015180
15216953 17015180
10333516 17015180
443452 17015180
17015187 17015180
12620055 17015180
1386031 17003673
15242493 17015188
16829842 17015188
15221168 17015188
15254556 17015188
15333947 17015188
283036 17015188
15196326 17015188
17015189 17015190
2568405 17015190
672739 17015191
15100371 17015192
2617781 17003841
12641850 17015193
11869061 17015194
11446561 17015195
17015196 17015195
5019449 17015197
11877607 17015198
11840914 17015198
709222 17015198
17015199 17015198
15010855 17015198
12231277 17015198
17015200 17015198
17015201 17015198
15196380 17015198
14309885 17015198
15229264 17015198
3586463 17015198
15105825 17015198
11444267 17015198
15178629 17015202
16824001 17015203
17015204 17015205
10468275 17015205
15128223 17015206
16844537 17003947
521202 17015207
1166290 17015208
1432215 17015209
1432215 17015209
12452442 17015210
12453649 17015211
14978953 17015212
14978861 17015212
1550617 17015213
14926083 17015214
17015215 17015216
17015217 17015218
14999967 17015219
17015220 17015219
17015221 17015222
14977164 17015223
418934 17015224
6337151 17015225
17015226 17015227
10210356 17015228
17015229 17015230
2618677 17015231
4477430 17015232
17015233 17015234
16338879 17015235
713252 17015236
17015237 17015238
17015239 17015240
17015241 10457281
11348349 17015242
15038872 17004405
17015243 17015244
12451260 17015245
17015246 17015247
12217453 17015248
17015249 17015250
1454534 17015250
4003029 17015251
274388 17015252
306088 17015253
10497084 17015254
15113678 17004434
17015249 17015255
15297465 17004434
12446542 17015256
169833 17015257
12538266 17015258
17015259 17015260
15989579 17015261
274388 17015262
2414917 17015263
17015264 17015265
1625221 17015266
728134 17015267
15186818 17015268
6526347 17015269
15951668 17015270
481600 17015271
3500554 17015272
10310258 17015272
1368664 17015272
1443861 17015273
11443910 17015274
11843702 17015275
1090643 17015276
10336865 17015277
12451264 17015278
12453545 17015279
12452392 17015279
1155337 17015280
17015281 17015280
17015282 17015280
203274 17015280
9565064 17015283
12452363 17015284
12453935 17015285
12455834 17015285
12452507 17015285
14853045 17015286
16842546 17015287
12450170 17015288
1090745 17004644
15196262 17015289
11898421 17015289
1136501 17015289
17015290 17015291
3625980 17015291
17015292 17015293
1090769 17015294
17015295 10457291
10465930 17015296
15179870 17015297
11829460 17015298
17015299 17004692
15837714 17015300
10463199 17015301
1601405 17015301
12550067 17015301
11833179 17015301
14850311 17015301
10349899 17015301
15145125 17015301
15310023 17015301
10349926 17015301
12455990 17015302
11858971 17015303
15289005 17004692
725156 17015304
17015305 17015306
1159181 17015306
828157 17015306
828157 17015306
3631238 17015306
12605062 17015306
15179779 17015307
15214530 17015307
17015308 17015309
15178623 17015310
15216995 17015310
15240867 17015310
3323904 17015311
625659 17015312
15216996 17015312
15207695 17015312
291170 17015313
1589340 17015314
10487081 17004754
10863031 17004754
17015315 17004754
15270443 17015316
17015317 17004754
17015318 17004754
10468723 17015319
2618425 17004754
12599955 17004754
17015320 17004756
17015321 17004756
15113678 17004754
12454935 17004754
15146965 17004754
17015322 17004754
17015323 17004754
1643829 17004754
15113678 17004754
462304 17004754
3583727 17004754
1323647 17004754
12455594 17004754
10870028 17004754
11832693 17004754
15270443 17015316
17015324 17004754
15219047 10457298
13629794 10457298
15178634 17004773
17015325 17004773
267971 17004773
15196013 17004773
3838959 17004773
15127313 17004773
17015326 17004773
15208195 17004773
10308291 17004773
15007022 17004773
16327624 17004773
15105812 17004773
14827974 17004773
1857518 17004773
17015327 17004773
10329728 17004773
17015328 17004773
17015329 17004773
560556 17004773
14296085 17004773
16824000 17004773
15123728 17004773
14426116 17004773
15007024 17004773
17015330 17004773
15951526 17004773
15011873 17004773
15195985 17004773
10469776 17004773
15193236 17004773
15228908 17004773
17015331 17004773
15198662 17004773
15223491 17004773
434339 17004773
17015332 17004773
3367111 17004773
14835684 17004773
17015333 17004773
15011689 17004773
455781 17004773
12614805 17004773
12222044 17004773
3462820 17004773
15195791 17004773
4371118 17004773
12673768 17004773
15105546 17004773
17015334 17004773
17015335 17004773
15226639 17004773
17015336 17004773
15011690 17004773
16341030 17004773
10446021 17004773
1400416 17004773
1344990 17004773
239273 17004773
15006718 17004773
15229307 17004773
17015337 17004773
15105547 17004773
10350063 17004773
17015338 17004773
10350064 17004773
14853036 17004773
17015339 17004773
12670839 17004773
17015340 17004773
15195813 17004773
10336868 17004773
15108576 17004773
1288853 17004773
15011011 17004773
17015341 17004773
14849928 17004773
17015342 17004773
17015343 17004773
11903411 17004773
17015344 17004773
15196227 17004773
2386810 17004773
265535 17004773
15199277 17004773
12452609 17015345
15117130 17015346
1550617 17015346
17015347 17015346
1524614 17015346
15195795 17015346
17015331 17015346
3495779 17015346
17015348 17015346
17015337 17015346
17015349 17015346
15011011 17015346
15011012 17015346
15006698 17015346
17015350 17015346
15006754 17015346
17015351 17015346
17015352 17015346
17015353 17015346
11842621 17015354
17015355 17015354
15112091 17015356
10590140 17015357
273804 17015358
12527513 17004797
12456244 17004797
12452498 17004797
15178608 17015359
12452775 10457302
14558068 10457302
12457045 17015360
2742224 17015361
15294375 10457302
10871385 10457302
16205750 17015362
17007973 17015363
284382 17015364
17015365 17015366
1155329 10457302
12452651 10457302
1439783 10457302
12674346 10457302
17007967 10457302
17015367 10457302
15965548 17015368
1395977 17015369
12452294 17015370
17015371 17015372
17015373 17015374
16336334 17004844
12546077 17004844
12449866 17004844
12446127 17004844
13613755 17004844
1090641 17015375
12452406 17004844
1090622 17004844
12456685 17004844
12452789 17015376
17015377 17004844
17015378 17004844
12455530 17004844
17015379 17004844
12543470 17015380
10864081 17004844
17015381 17015382
16328336 17015383
1468554 17004868
15219718 17015384
17015385 17015384
15985114 17015384
15196221 17015384
4348089 17015384
17015386 17015384
17015387 17015384
2385140 17015384
15214858 17004868
6432293 17004868
12452731 17015388
12456589 17015388
12457107 17015388
17015389 17015390
15219718 17004869
15195811 17004869
1134657 17004869
15272326 17004869
17015391 17004869
17015392 17004869
17015393 17004869
17015394 17004869
16421973 17004869
368520 17004869
17015395 17004869
1513465 17004869
16429513 17004869
542013 17004869
17015385 17004869
17015396 17004869
15214909 17004869
15196185 17004869
1153891 17004869
15195929 17004869
17015397 17004869
15229309 17004869
15105548 17004869
16428862 17004869
17015398 17004869
4255495 17004869
17015399 17004869
15207699 17004869
15209497 17004869
17015400 17004869
17015401 17004869
3208600 17004869
17015402 17004869
17015403 17004869
17015404 17004869
12604593 17004869
17015405 17004869
17015406 17004869
17015407 17004869
15986140 17004869
15990180 17004869
15993996 17004869
425575 17004869
15011962 17004869
10340614 17004869
10356239 17004869
15105841 17004869
824658 17004869
223990 17004869
244999 17015408
11866698 17015408
15300063 17015409
17015410 17015411
14853045 17015411
17015412 14271765
143789 17015413
12455276 17015414
502861 17015415
16347170 17015416
12450563 17015417
17015418 17015419
3565032 17015420
3640114 17015420
17015421 17015420
17015422 17015420
12620055 17015420
14978860 17015423
17015424 17015425
14864789 17015426
12455995 17015427
17015428 17015429
6451778 17015430
17015431 17015432
1529891 17015433
10471808 17015434
10471807 17015435
11732542 17015436
14988063 17015437
14310101 17015438
14310101 17015439
16362522 17015440
17015441 17015442
3653081 17015443
14853045 17015444
1384410 17015445
3998248 17015446
15247034 17015447
17015448 17015447
15178702 17015447
15196174 17015447
15178652 17015447
17015449 17015450
12455999 17015451
12452845 17015451
3358990 12458117
17015452 17015453
3358990 17015454
2625237 17015455
3952437 17015456
12617147 17015457
17015458 17015459
1316891 17015460
1316891 17015461
167149 17005026
15951597 17015462
17015463 17015464
12456930 17015465
12454929 17015465
12446067 17015465
12452097 17015466
3165402 17005051
11439196 17015467
16209701 17015468
17015469 17015468
15196089 17015470
12452782 17015471
12444872 17015471
10590007 17015472
1376046 17015473
1371973 17015474
17015475 17015474
11933965 17015476
11935459 17015476
12549096 17015477
12452521 17015477
466165 17015478
12610008 17015478
17015479 17015478
17015480 17015478
16838718 17015478
17015481 17015478
14853546 17015478
457320 17015478
12456843 17015482
445604 17015483
15108570 17015484
6390366 17015485
17015486 17015487
3629761 17015487
2016897 17015483
15263072 17015483
12452738 17015488
17015489 17005091
6398974 17015490
17015491 17015492
12454330 17015493
12455811 17015493
10231481 17015493
12455790 17015493
12446095 17015493
12452608 17015493
12455366 17015493
12450863 17015493
12453030 17015493
12451404 17015493
12454831 17015493
761644 17015494
17015495 17015496
15030546 17015497
12452090 17015498
12456902 17015498
17015499 17015500
15986424 17015501
6452600 17015502
11876890 17015503
12677059 17015503
3653081 17015504
1482805 17015505
11914964 17015506
2650985 17015507
1495961 17015508
17015509 17015508
1400300 17015508
17015510 17015511
17015332 17015512
555602 17015513
2640908 17015514
12612229 17015515
2321215 17015516
17015517 17015518
3898979 17015519
15196319 17015520
17015521 17015520
3108788 17015520
16222728 17015522
11905936 17015523
14283846 17015524
17015525 17015526
1195998 17015527
481600 17005246
485354 17005246
12455309 17015528
12455309 17015528
12455371 17015529
12454634 17015529
12444652 17015529
11350361 17015530
17015531 17015532
15196367 17015533
3848689 17015533
15253384 17015534
12455962 17015535
12455773 17015535
10589494 17015536
15195957 17015537
10205264 17015538
15128286 17015538
15223777 17015538
14977411 17015538
1153301 17015539
12450270 17015540
1609154 17015541
12450258 17015542
14310101 17015543
16432287 17015544
15302291 17015545
6545397 17015546
17015547 17015548
10871129 17015549
9475339 17015550
11348355 17015551
14283160 17015552
12453814 17015553
2016006 17015554
17015555 17005474
10343539 17015556
17015557 17015556
17015558 17015556
15952698 17015556
12614227 17015556
17015559 17015556
17015560 17015556
407348 17015556
17015561 17015556
4919367 17015556
15105550 17015556
17015562 17015556
17015563 17015556
17015564 17015556
15011700 17015556
17015565 17015556
15105551 17015556
15108575 17015556
11343225 17005474
787571 17015566
16343382 17015567
11349802 17015568
17015569 17015570
6336430 17015571
17015572 17015573
10240174 17005494
1612285 17015574
986481 17015575
1112638 17015575
17015576 17015577
16350748 17015578
1609262 17015579
17015580 17015581
1090643 10457337
17015317 17015582
17015317 17015583
17015584 17015585
17015586 17015587
15105821 17015588
2350539 17015589
12455374 17015590
17015591 17015592
312408 17015593
17015594 17015595
17015596 17015597
17015598 17015597
17015599 17015597
688834 17015597
15196378 17015597
12236925 17015597
17015600 17015597
15190363 17015597
17015601 17015597
6411714 17015597
17015602 17015597
17015603 17015597
15011959 17015597
17015604 17015597
17015605 17015597
15244319 17015597
15197645 17015597
17015606 17015597
15257884 17015597
15109690 17015597
16338976 17015607
2290531 17005564
16258056 17015608
772836 17015608
16398406 17015609
2200727 17015610
17015611 17015612
1163994 17015613
16835681 17015613
15299814 17015613
1568494 17015613
17015614 17015613
1482610 17015613
17015615 17015616
17015617 17005582
1610506 17015618
15195865 17015619
1540010 17015620
9464947 12458239
1091349 12458239
1081637 12458239
9518333 12458239
1089832 12458239
17015621 17015622
17015621 17015623
12614263 17015624
15196234 17015625
12605108 17015626
17015627 17015628
828865 17015629
16836545 17015630
1532141 17015631
12685313 17015632
15178523 17015633
17015634 17015635
17015636 17005727
1478508 17015637
17015385 17015638
12456585 17015639
12452092 17015639
12452618 17015640
12538952 17015640
10323278 17015641
12455403 17015642
7441985 17015643
1607819 17015644
16342123 17015645
1092385 17015646
10310291 17015647
15195803 17015648
16301044 17015648
11441185 17015649
4006598 17015650
17015651 17015652
17015290 17015653
3609632 17015654
1386247 10457386
15302291 17015655
12455829 17015656
1090693 17015657
17015658 17015659
12456953 17015660
12456636 17015660
12452317 17015660
12453032 17015660
12446109 17015660
12454260 17015660
1738674 17015661
593607 17015662
4868238 17015663
12452502 17015664
12452162 17015664
12453674 17015664
1091311 17015665
3652547 17015666
12449601 17015667
2617781 17015668
1579441 17015669
1514367 17015670
3592066 17015671
3592066 17015672
2625237 17015673
1090643 17015674
12454922 17015675
12452697 17005934
15178735 17015676
10867213 17015677
4455163 17015678
708062 17015679
11443078 17015680
11840976 17015681
12453917 17015682
12452212 17015682
17015683 17015684
17015685 17015686
12662240 17005983
16335009 17015687
17015688 17015689
17015690 17015691
12450223 17015692
17015693 17015694
12157089 17015695
17015696 17015697
1730035 17006056
15207207 17006062
1983099 17006062
14922653 17006062
11926455 17006062
17015698 17006062
17015699 17006062
15257937 17006062
14828699 17015700
15175924 17015700
1141008 17006061
1368556 17015701
11898135 17015701
10295112 17015701
15185520 17015701
3857623 17015702
1432215 17015703
16844537 17015703
15030546 17015704
15196394 17015705
17015706 17015705
3495286 17015705
12612864 17015705
254436 17015705
10335172 17015705
15226765 17015705
17015707 17015705
15010984 17015705
15196179 17015705
6349975 17015705
6366231 17015705
17015708 17015705
15006722 17015705
15268367 17015705
8422656 17015709
15949113 17015710
15949113 17006108
15949113 17015711
14290012 17015712
17015713 17015712
17015714 17015715
5024767 17015716
12158483 17015717
1456991 17015717
1119245 17015718
15128338 17015718
10589799 17015719
3112106 17015719
3112106 17015719
15237678 17015720
3169898 17015721
3169898 17015721
11348300 17015722
3648154 17015723
17015724 17015725
1999440 17015726
15215310 17015727
5024767 17015728
905384 17015729
593607 17015730
17015731 17015730
12450298 17015732
17015733 17015734
593607 17006179
17015735 17015736
245095 17006194
10415723 17015737
17015738 17015739
12453910 17015740
4006260 17015741
11867909 17015742
10484903 17015743
10589462 17006214
9470378 17006214
15105826 17015744
10484937 17006224
17015745 17015746
17015747 17015746
677407 17015746
15168336 17015746
17015748 17015746
17015749 17015746
15214443 17015746
3533283 17015746
10881605 17015746
1124742 17015746
17015750 17015746
15205230 17015746
12615636 17015746
11925416 17015746
15006744 17015746
405102 17015746
137441 17015746
17015751 17006224
14820655 17015752
3533283 17015753
6352852 17006224
137441 17006224
1629215 17006224
12630559 17006224
82568 17015754
15010926 17015755
17015756 17015757
1565193 17015758
12599955 17015759
10317533 17015760
1294706 17015761
17015762 17015763
10870731 17006294
17015764 17015765
965517 17006304
17015766 17015767
3780210 17015767
4265302 17015768
17015769 17015770
3653326 17015771
17015772 17015773
12613295 17015773
17015774 17015773
17015775 17015773
16347019 17015773
10464655 17015776
17015777 17015778
3294945 17006347
1510706 17006347
17015355 17015779
3648229 17015780
12609523 17015781
10331533 17015781
91192 17015781
1126314 17015781
905991 17015781
12607761 17015781
15215320 17015781
10310352 17015782
15010855 17015783
17015784 17015785
3952423 17015786
12456825 17015787
16395743 17015788
3433786 17006362
11711516 17015789
17015790 17015791
3677699 17015792
10205445 17015793
17015794 17006400
15196085 17015795
17015796 17015795
3110962 17015795
11839253 17015795
1125208 17015795
15151219 17015795
17015797 17015795
12663287 17015798
17015794 17015799
16333379 17015800
12452843 17006405
17015801 17015802
3782866 17015803
15014082 17006411
1565832 17006411
15004560 17006411
15465811 17006411
1509800 17015804
1288037 17006411
6862125 17006411
782167 17015805
10589494 17015806
11348300 17015807
5024767 17015808
3447660 17015809
12446098 17015810
4154282 17015811
10870853 17015812
17015813 17006456
17015410 17015814
12455728 17015814
12454493 17015814
17015815 17015816
17015817 17015818
17015819 17015818
1447933 12458382
17015820 17015821
10348326 17006488
12452072 17015822
12454239 17015822
12452336 17015822
12453026 17015822
12457092 17015822
12453875 17015822
12455992 17015822
12455825 17015822
12454364 17015822
12452729 17015822
10870853 17015823
17015824 17015825
10589462 12458388
12615768 17006508
15272339 17015826
15287436 17015826
296963 17015826
10310325 17015826
11854198 17015826
15240855 17015826
12604802 17015827
17015828 17015829
1137642 17015830
14289870 17015831
15109727 17015831
15283045 17015831
1909425 17015831
17015832 17015831
10351530 17015831
14839620 17015831
17015833 17015831
15105556 17015831
15105557 17015831
17015834 17015831
1360301 17015831
807612 17015831
2479202 17015835
466165 17015836
14295396 17006580
719540 17006580
14295396 17006580
4227431 17015837
719540 17006580
1540277 17015838
1540277 17015838
17015839 17006580
7819157 17015840
15115608 17015841
16309836 17006580
14287955 17015842
1550550 17006630
3640735 17015843
15196125 17015844
15197661 17015844
17015845 17015844
15240216 17015846
15112124 17015847
296199 17015848
1504435 17006580
17015849 17015850
10466208 17015851
668797 17015851
1290536 17006651
668797 17015852
17015853 17015854
3544324 17015855
16838768 17015856
6413077 17006746
1125281 17015857
11446591 17015858
17015859 17015860
17015861 17015862
17015863 17015864
17015861 17015865
17006825 17015866
17015863 17015867
15856457 17015868
12456822 17015869
3699484 17006888
10310337 17015870
10589494 10457466
1439783 10457466
12452683 17015871
12456593 17015871
15219718 17015872
12601259 17015873
15176884 17015874
14289870 10452330
173519 17006934
368788 17015875
11906167 17006934
11906167 17006934
217564 17015875
217564 17015875
14928385 17015876
349343 17015877
17015878 17015879
1431195 17015880
17015881 10457471
17015882 17015883
17015884 17015885
2531788 17015886
16836858 17015887
17015861 17015888
12454645 17015889
12452370 17015889
11348300 17015889
12449725 17015889
12457060 17015889
15801966 17015889
17015890 17007017
17015891 17015892
2650902 10457475
17015893 17015894
442359 10457475
2688656 10457475
16828751 17015895
16205964 17015896
17015897 17015898
12451243 17015899
10342746 17015900
3310577 17015901
3643104 17015901
17015902 17015903
17015904 17015905
17015906 17015907
17015908 17015909
12456946 17015910
14996615 17015911
14996615 17015912
1593451 17015913
17015914 17015915
17015916 17015917
1144680 17015918
3593705 17015919
15032028 17015919
17015920 17015919
15108578 17015919
17015921 17015919
1153628 17015919
17015922 17015919
17015923 17015919
17015924 17015919
4383323 17007182
15175926 17015925
10266153 17007182
12679409 17015926
17015927 17015926
17015928 17015926
17015929 17015926
15117417 17015926
17015930 17015931
17015932 17015931
15198524 17015931
15203670 17015931
15010935 17015931
15117417 17015931
15179781 17015931
318282 17007219
3581574 17007219
17015933 17015934
10467031 17015934
591482 10457487
12452100 17015935
15011746 17015936
810925 17015937
15006679 17015938
13881823 17015939
1581523 17015940
2419247 17015941
17015942 17007301
16824001 17007301
1091311 17015943
1161588 17015944
7783534 17015945
17015184 17015945
1355440 17015945
1601800 17015946
15178576 17015947
10472080 17015948
12454340 17015949
12455378 17015949
775912 17015950
12455812 17015951
12444823 17015951
2675181 17015952
11880878 17015953
10494231 17015954
16844537 17015955
3916617 17015956
12456896 17015957
9482123 17015958
1090631 17015958
1157266 17015959
17015960 17015959
17015961 17015959
1446044 10457495
17015962 17015963
15110919 17015964
15196020 17015964
12673397 17015965
1403565 17015966
14306530 17015967
17015968 17015969
15929992 17015970
17015971 17015972
12447701 17015973
17015974 17015975
15253879 17015976
16341812 17015977
1166116 17015978
1439783 17015979
16324950 17015980
11446118 17015981
15196061 17015981
6530656 17015981
17015982 17015981
15097889 17015983
11348346 17015984
2728147 17015985
10470515 17015986
12642468 17015987
481600 17015988
17015989 17015990
11877324 17015991
15445778 17015992
203274 17007549
17007975 17015993
12453827 17007549
12452036 17007549
12455263 17007549
12452980 17007549
12445226 17007549
374101 17007549
12457079 17007549
12454839 17007549
12452210 17007549
12456001 17007549
10589462 17007549
17015994 17015995
17015996 17015995
12606686 17015997
11877325 17007553
17015998 17015999
17015998 17016000
17016001 17016002
17016003 17016004
1090685 17016005
15188119 17016006
17016007 17016008
15310703 17016009
1139546 17016010
12452960 17016011
1586061 17016012
1160727 17016013
3644545 17016013
353855 17016014
17016015 17016016
3165402 17016017
12456079 10457512
1574989 17016018
281244 12458551
3931826 12458551
12452889 12458551
15281631 17016019
15196104 17016019
15196089 17016019
15196334 17016019
12616448 17016019
15178756 17016019
17016020 17016019
907661 17016021
12455996 17016022
4574951 17016023
1636573 17016024
2685561 17016025
11350362 17016026
17016027 17016028
3596653 17016029
16232187 17016030
17016031 17007724
17016032 17016033
17016034 17016033
17016035 17016036
17016037 17016038
17016039 17016038
13620061 17016038
16007572 17016038
3651258 17016040
16559352 17016041
10310348 17016042
12633305 17016043
15175924 17016044
10862552 17016045
17016046 17016047
1522463 17016048
12233445 17016049
17016050 17016051
670555 17016052
17016053 17016054
17016055 17007837
17016056 17007837
16337787 17016057
17016058 17007842
17016059 17016060
15585340 17016061
15124671 17016062
15270610 17016063
1110718 17016064
17016065 17016064
15201381 17016064
11441268 17016064
12627810 17016064
15195817 17016064
608462 17016064
15006728 17016064
17016066 17016067
12644108 17016067
16327021 17016068
12452992 17016069
15928644 17016070
6541461 17016071
15899095 17016072
12452583 17016073
12452626 17016074
12455524 17016074
12453832 17016074
12454345 17016074
12685313 17016075
1089469 17016076
3310577 17016077
11903264 17016078
15144274 17016079
1163196 17016079
15126583 17016079
17015559 17016079
11876889 17016080
17016081 12458576
15175922 17016082
12172799 17016083
756411 17016084
17016085 17016086
12453563 17016087
12452856 17016087
12456895 17016087
15856453 10457527
2326299 17016088
15474073 17016089
89426 17016090
481600 17008057
3094209 17008057
9554670 17008060
17016091 17016092
17016093 17016094
17016095 17016096
12452587 17016097
2618677 17016098
17016099 17008131
17016100 17016101
1481188 17016101
1148269 17016102
17016103 17016104
17016105 17016104
3653205 17016106
12452191 17016107
1191444 17016108
12452837 17016109
12452694 17016110
12455404 17016110
16326782 17016111
15998920 17016111
17016112 17016113
16836856 17008165
16334703 17016114
17016115 17016116
1985494 17016117
17016118 17016119
1323647 17016120
12455372 17016121
11348443 17016122
15296278 17016123
2656600 17016124
17016125 17016126
10872293 17016127
12239411 17016128
15989579 10457548
12449756 17016129
11854194 17016130
12456205 17016130
12457685 17016130
12447297 17016130
12452730 17016130
1166032 17016131
17016132 17016133
14306530 17016134
14306530 17016135
1135869 17016136
14306530 17016136
889096 17008287
17016137 17016138
16432080 17016139
17016140 17016141
17016142 17016141
17016143 17016141
802649 17016144
15175919 17016145
11443405 17016146
11343309 17016146
17016147 17016148
17016149 17016150
10470821 17016150
17016151 17016152
1532818 10457576
1139002 10457576
17016153 17016154
234717 17008562
643911 17016155
17016156 17016157
17016158 17016159
12450554 17016160
17016161 17016162
16344686 17016163
17016164 17016165
1146604 17016166
15207950 17016166
15211333 17016166
10329170 17016166
17016167 17016166
15216424 17016166
17016168 17016166
1591067 17016166
17016169 17016166
16838757 17016166
16842804 17016166
15176882 17016166
14303677 17016166
17016170 17016166
15206940 17016166
17016171 17016166
12631561 17016166
371692 17016166
3159558 17016166
15203745 17016166
17016172 17016166
17016173 17016166
17016174 17016166
17016175 17016166
17016176 17016166
15206956 17016166
17016177 17016166
10397082 17016166
15006732 17016166
17016178 17016166
15006735 17016166
11899516 17016166
17016179 17016166
17016180 17016166
17016181 17016166
17016182 17016166
15213147 17016166
14994596 17008635
1413411 17016183
16833887 17016183
15006732 17016183
488193 17016183
17016180 17016183
15213147 17016183
11914041 17016184
12601548 17016185
14992249 17008635
15297021 17008636
12453637 17016186
1536095 17008635
14740030 17016187
11882034 17016187
12454354 17016188
12455478 17016188
12606878 17016189
15255071 17016190
17016191 17016190
12172931 17016192
12646266 17016193
17016194 17016195
17016196 17016197
15127867 17016198
15220895 17016198
3098679 17016199
10470300 17016200
17016201 17016202
12157762 17016203
15147228 17016204
10466512 17016205
12449652 17016206
11439221 17016207
1136441 17016208
17016209 17016210
15108168 17016210
15175920 17016210
790052 17016211
17015410 17016212
10348326 17016213
1513465 17016214
17016215 17016216
12630179 17016216
161048 17016216
272011 17016216
12229306 17016216
15196019 17016216
10337736 17016216
10353373 17016216
15178622 17016216
2008904 17016216
17016217 17016218
15112283 17016219
17016220 17016221
1129482 17016222
12244149 17016222
15196139 17016222
17016223 17016222
1129952 17016222
15196157 17016224
17016225 17016224
1362900 17016226
12669924 17016226
17016227 17016228
2674993 17016229
15233719 17016230
15117865 17016231
15256141 17016231
1126076 17016231
15255830 17016231
1290536 17008725
3999572 17016232
12615481 17016233
10165230 17016234
11840976 12458687
12676229 17016235
16432289 17016236
15219923 17016237
1140209 17016238
12615481 17016238
17016239 17016240
17016241 17016240
17016242 17016240
10329124 17016240
15010973 17016240
15211569 17016240
813326 17016240
10330843 17016240
1166855 17016240
10468663 17016240
16323146 17016240
17016243 17016240
15011685 17016240
14833688 17016240
1322001 17016240
1467703 17016240
14854001 17016240
819697 17016240
15227010 17016240
15006729 17016240
433521 17016240
17016244 17016240
17016245 17016240
17016246 17016240
15105827 17016240
15010997 17016240
11851440 17016240
15006679 17016240
15096791 17016240
15105562 17016240
12170980 17016240
17016247 17016240
769589 17016240
10470182 17016240
12615481 17008736
16326647 17016248
6544073 17016248
17016249 17016248
15111048 17016248
12631489 17016248
459885 17016248
17016250 17016248
15011656 17016248
15011682 17016248
14826312 17016248
11446575 17016248
17016251 17016248
15006729 17016248
10451287 17016248
17016252 17016248
15010996 17016248
17016253 17016248
15195850 17016248
17016254 17016248
11883825 17016248
3642596 17016248
15096792 17016248
15105828 17016248
12668776 17016248
17016255 17016248
15011199 17016248
15010998 17016248
15105563 17016248
3628731 17016248
17016256 17016248
17016257 17016248
617193 17016248
15195937 17016248
15259994 17008736
12615481 17008736
14828712 17008736
1574486 17008736
10511235 17016258
16345051 12458687
4518045 17016259
17016260 17016261
16810782 17016262
6353035 17016263
791790 12458691
791790 17016264
3976231 17016265
503332 17016266
15096053 17016267
17016268 17016267
15235848 17016269
15115616 17016270
12631770 17016271
1504741 17016272
15108568 17016272
15918262 17016272
17016273 17016272
10392033 17016272
16838748 17016272
15953763 17016272
17016274 17016272
15255113 17016272
15128259 17016272
17016275 17016272
16866967 17016272
613734 17016272
15191723 17016272
15193569 17016272
17016276 17016272
15195941 17016272
15287060 17016271
12625758 17016277
1971481 17016277
15117049 17016277
15248247 17016277
10469407 17016271
1294110 17016278
15177718 17016278
16007581 17016278
1376389 17016279
17016280 17016281
15006730 17016282
15006711 17016283
594368 17016284
17015897 17016284
17016285 17016284
15006733 17016284
17016286 17016284
11897104 17016284
15194333 17016284
17016287 17016284
17016288 17016289
885294 17016290
17016291 17016292
12685313 17016293
383543 17016294
17016295 17016296
1111213 17016296
15196323 17016296
17016297 17016296
15178778 17016296
15237924 17016296
14578264 17016298
17016299 17016300
15249856 17016301
17015794 12458710
248041 17016302
15109683 17016303
17016304 17016303
17016305 17016303
17016306 17016303
15178603 17016303
16838765 17016307
17016308 17016309
15632593 17016310
10386329 12458687
1376389 17008801
1317815 17016311
15196140 17016312
1109251 17016312
15219316 17016312
15195951 17016313
3901845 17016314
3653205 17016315
3961930 17016316
17016317 17016318
10862951 17008812
466165 17008816
17016319 17016320
3577559 17008817
17016321 17016322
17016323 17016324
11446591 17016325
12444971 17016326
12446089 17016326
17016327 17016328
6346281 17016329
203274 17016330
7803451 17008926
7803451 17008925
1630317 17008925
12247505 17008925
17016331 17016332
17016333 17016334
15196064 17016334
17016335 17016334
15237960 17016334
15234516 17016334
17016336 17016334
1143350 17016337
3586711 17016337
1111852 17016337
12611808 17016338
15111195 17016338
4000262 17016339
642424 17016339
3425085 17016340
17016341 17016342
12676106 17016343
17016344 17016345
17016346 17008985
15176880 17008985
394834 17008985
15234524 17008985
15007035 17008985
17016347 17008985
15011006 17008985
15128208 17008985
17016348 17016349
4006823 17016349
10870120 17016350
1090749 17016351
17016352 17016353
16844537 17016354
1922520 17016355
3601009 17016356
17016357 17016358
15858723 17016359
1156305 17009063
11918463 17009063
16479328 17009063
15117396 17009063
12613435 17009063
15109578 17009063
15178617 17009063
17016360 17009063
15231756 17009063
15109578 17016361
17016362 17009064
16324466 17016363
648762 10457588
17016364 17016365
17016366 10457588
16465191 17016367
17016368 10457588
2395018 10457588
17016369 10457588
11446501 17016370
817773 17016371
16830194 17009100
688527 17009100
1462682 17009100
12601985 17009100
1523554 17009100
17016372 17016373
12456054 17016374
12456892 17016374
17016375 17016376
311770 17016377
6322766 17016378
2693207 17016379
17016380 17016381
16395696 17016382
17016383 17016384
1533698 17009196
15178599 17016385
11857599 17016386
4233926 17016387
17016388 17016389
15550664 17016390
10173158 17016391
17016392 17016393
10495335 17016394
15308710 17016395
1316891 17009258
12168752 17016396
16255676 17009281
12453541 17009281
12454456 17009281
12456660 17009281
12452078 17009281
12452845 17009281
12456080 17009281
12453030 17009281
12456578 17009281
12455499 17009281
321861 17009281
12455884 17009281
12455379 17009281
12455989 17009281
17016397 17016398
12456981 17009281
12452817 17009281
12454345 17009281
12452961 17009281
12457077 17016399
12453506 17009281
12452939 17009281
1594208 17009281
12454691 17009281
12449857 17009281
12456931 17009281
982112 17009281
12456670 17009281
12457075 17009281
12453866 17009281
11917335 17009281
12449956 17009281
12456775 17009281
12446103 17009281
12457081 17009281
12453696 17009281
12456789 17009281
12453630 17009281
12451387 17009281
12452971 17009281
12451175 17009281
12451175 17009281
11606341 17016400
15911109 17009294
12453977 17016401
12551180 17016401
1090685 10457590
1090715 10457590
1090633 10457590
981602 10457590
3914958 10457590
2618522 10457590
17016402 17009258
264770 17016403
3931826 17016404
1544378 17016405
17016406 17016407
17016408 17016409
10328732 17016409
17016410 17016409
10471400 17016409
17016411 17016409
6545033 17016409
311770 17009352
646499 17009352
16336335 17009352
14820567 17016412
16011138 17009374
17016413 17016414
10174267 17016415
1149847 17016416
561286 17016417
12457060 17016418
17016419 17009392
17016420 17016421
16344686 17016422
707796 17016423
17016424 17016425
420697 17016425
10589476 17016426
15109649 17016427
15856426 17009430
10863911 17009430
3625980 17016428
12454812 17016429
17016430 17016431
12157645 17016432
1108161 17016433
1116666 17009471
15203804 17016434
1439341 17016435
17016436 17016437
14976870 17009502
16411046 17016438
11843860 17009506
12454955 17016439
12446291 17016439
12453570 17016439
12456931 17016439
17016440 17016441
3819205 17009509
15231779 17009509
17016442 17009518
10468479 17016443
17016444 17009518
12602805 17009518
10871578 17009518
17016445 17009518
1522463 17009518
16844537 17009518
15179787 17009518
592432 17016446
17016447 17016448
592432 17016449
11913635 17016450
15240865 17016451
12227114 17016451
10589494 17016452
15254440 17016453
3640735 17016454
760398 17016455
15858706 17016456
12456752 17016457
14283846 17016458
3648229 17009551
12675557 17009551
17016459 17009552
3648229 17016460
17016461 17016462
11348443 17009557
1429192 10457611
10245028 10457611
2733248 17016463
12450147 17016464
3093803 10457611
17016465 17016466
17016467 17016468
12453649 17016469
793980 17009568
16431279 17009568
15175923 17016470
15108569 17016471
15951651 17016471
5183990 17016472
10278898 17016473
15288544 17016474
3647606 17016475
17016476 17016475
15195793 17016477
11870250 17016478
12457016 17016479
16844537 17016480
15270443 17016481
15811224 17016482
14995790 17016483
15856446 17016484
15220927 17009676
15196124 17009676
15196141 17016485
12613125 17016486
16842551 17016486
15151431 17016487
11905180 17016488
12613235 17016489
10872182 17016490
17016491 17016492
15151431 17016493
1132924 17016493
17015777 17016493
15248384 17016494
15006716 17016495
82362 17016496
80879 17016496
80112 17016496
10467662 17016493
16840392 17016493
14992249 17016493
17016497 17016498
17016499 17016500
12659689 17016501
4336922 17016502
238678 17016502
15014992 17016502
16300170 17009724
466165 17016503
11875139 17016504
717385 17016505
11834528 17016506
6475307 17016507
812961 17016508
16338811 17016509
17016510 17016511
14288358 17016512
15110975 17016513
1577738 17016514
15115615 17016515
1561542 17016516
449493 17016516
17016517 17016518
15175925 17016519
11852648 17016520
1345044 17016521
14602080 17016522
16838768 17016523
1150645 17009933
12445021 17016524
12455349 17016525
15189005 17016526
1133887 17016526
15238786 17016526
1153436 17016526
15128257 17016526
3119243 17016526
1142267 17016526
17016527 17016526
17016528 17016526
3633718 17016526
17016529 17016526
17016530 17016526
3092571 17016526
11927123 17016526
17016531 17016526
15111411 17016526
12608543 17016526
15106032 17016526
12231453 17009957
11446513 17016532
10862576 17016533
12449923 17016534
12447409 17016534
16840392 17016535
15302291 17016535
1377912 17016535
15179814 17016535
10449166 17016536
17015290 17016537
15113678 17016538
6502900 17016539
3625980 17016540
17016541 17016542
17016543 17016542
12456901 17016544
1164779 17016545
2648793 12458804
17015355 10457630
17016546 17016547
15178752 17016548
15245817 17016548
15112163 17016548
15111083 17016548
17016549 17016550
14925743 17016551
17016552 17016553
17007977 17016554
3514099 17016555
17016556 17016557
17016558 17016559
3618735 17016560
11840977 17010145
15006738 17016561
17016562 17016561
2587015 17016563
15207817 17016564
1600227 17016564
245041 17016565
15180392 17016566
16833868 17016567
12452099 17016568
11348427 17016569
3952405 17016569
1142710 17016569
17016570 17016569
243655 17016569
15794559 17016569
15110900 17016571
264754 17016571
15127488 17016571
11858386 17016571
17016572 17016571
10326221 17016571
15011869 17016571
17016573 17016571
11904964 17016571
15201293 17016571
15196224 17016571
15196314 17016571
17016574 17016571
1424527 17016571
15030544 17016571
17016575 17016571
15011874 17016571
17016576 17016571
15297323 17016571
17016577 17016571
15011877 17016571
15237143 17016571
17016578 17016571
17016579 17016571
238684 17016571
481600 17016571
17016580 17016571
15251643 17016571
15196090 17016571
3839407 17016571
17016581 17016571
445826 17016571
15224116 17016571
15196053 17016571
14602355 17016571
13662861 17016571
15111423 17016571
10245552 17016571
17016582 17016571
17016583 17016571
17016584 17016571
14277430 17016571
15105567 17016571
15128207 17016571
1153507 17016571
1129829 17016571
17016585 17016571
15285029 17016586
3101448 17016587
17016588 17016589
17016590 17016591
15271497 17010190
10238315 17016592
1458914 17010192
15271497 17016593
15010855 17016593
16846287 17016594
15284287 17016595
12240868 17016596
2625237 17016597
16342957 17016598
12452916 17016599
17016257 17016600
3218443 17010213
17016601 17016602
11877459 17016603
1532818 17016604
17016605 17016606
17016607 17010227
16339728 17016608
2569229 17016609
1481149 17016610
17016611 17016610
17016612 17016610
1141661 17016613
10472414 17016614
1529891 17010246
14922253 17016615
17016616 17016615
15196092 17016615
481600 17016617
17016618 17016619
668797 17016620
17015853 17016621
12446100 17016622
1290671 17016623
12446100 17016624
17016625 17016626
17016627 17016628
14288710 17016628
12066924 17016629
16828377 17016630
504696 17016631
16574331 17016632
16411056 17016633
481600 17016634
11443554 17016635
15215652 17016636
14289870 17016637
15215652 17016637
16171959 17016638
3165402 17016639
17016640 10456082
16325522 17016641
10471751 17016642
17016643 17016644
15204123 17016645
775912 17016646
10205445 17016647
1090791 17016646
281570 17016648
14287955 17016649
12642467 17010372
12451262 17016650
12453701 17016650
12454834 17016650
12456330 17010373
1091313 17010373
10495098 17016651
8392775 17016652
1148374 17016653
17015355 17016653
15949656 17016653
352911 17010386
17016654 17016653
17015611 17016653
14287955 17016653
17015547 17016653
481600 17016653
17015794 17016653
481600 17016653
7784926 17016653
1125672 17016653
17015321 17016653
17016543 17016653
17016655 17016653
15014082 17016653
17016656 17010386
1376389 17016653
1156400 17016653
12641850 17010386
2378544 17016653
12167227 17016657
2387898 17016653
4299571 17016653
1984141 17016653
311770 17016653
1148374 17016653
14279094 17016653
633630 17016658
6452432 17016659
17015942 17016660
15987307 17016661
1550617 17016662
1550617 17016663
17016664 17016665
15856461 17010404
4006297 17016666
3101448 17016666
17016667 17016668
11530890 12458862
12452657 17016669
12457649 17016670
12455515 17016670
310694 17016671
10484927 17016672
322121 17016673
10468723 17016674
15472897 17016675
17016676 17016677
823153 17016678
17016679 17016680
11933970 17016681
15195955 17016682
387406 17016683
1123561 17016683
6398599 17016684
1167790 17016685
17016686 17016687
2617781 17016688
16842802 17016689
17016690 17016691
17016692 17016693
10495056 17016694
1592778 17016695
1461291 17016695
15006724 17016695
15258533 17016695
1293760 17016695
17015685 17016696
17016697 17010572
2629849 17010580
17016698 17016699
15856435 10457663
15856459 10457663
10465225 17016700
1130996 10457663
17016701 17016702
4798270 17016703
15125889 17016703
15242468 17016703
15106090 17016703
15257162 17016703
15973935 17016703
15202196 17016703
15124066 17016703
1608090 17016704
17016705 17016706
17016707 17016708
12235893 17016708
17016709 17016708
15241401 17016708
17016003 17016710
594700 17016711
1610506 17016712
17016713 17016714
1565193 17016715
16844537 17016716
15251452 17016717
15108955 17016718
17016719 17016720
17016721 17016722
11904960 17016723
12456703 17016724
1106837 12458930
14575802 17016725
15191655 17016726
2290920 17016727
14976686 17016728
17016729 12458947
17016730 17010829
17016731 17016732
1827400 17016733
6446810 17016734
17016735 17016736
14977867 17016737
17016738 17016739
17016740 17016741
17016742 17010904
15949113 12458960
1090791 12458960
586581 12458960
2650902 17016743
1628239 12458960
586581 12458960
3880936 12458960
1165570 12458960
3882985 12458960
1628239 12458960
1090679 12458960
10871905 12458960
17016465 12458960
10231794 12458960
777578 12458960
17016744 17010923
11445777 17016745
12475119 17016745
12475119 17016745
12449273 17011015
77511 17016746
3952425 17016747
10589462 17011037
234717 17016748
12456898 17016749
15144146 17011092
2165744 17011093
17016750 17016751
1386031 17016752
12454699 17016753
12456876 17016753
12450306 17016753
12453508 17016753
712576 17016754
744339 17016755
17016756 17016757
1158816 17016758
1287763 17016759
17016760 17016759
1150285 17016759
10310478 17016759
17016761 17016759
16838723 17016759
17016762 17016763
12456801 17016764
15196150 17016765
12622149 17016766
1091311 17016767
12457918 17016768
12446077 17016768
12455462 17016768
12456888 17016768
12453667 17016768
12454830 17016768
12450718 17016768
1064803 17011193
14988791 17016769
15245419 17016770
1550106 17016770
1323647 17016770
17016771 17016770
15213103 17016770
15209969 17016770
15234722 17016770
1623500 17016772
910080 17016773
12455775 17016774
15219981 17016775
15224153 17016775
10471251 17016769
14816125 17016776
15179786 17016777
10207617 17016778
17016288 17016779
374101 17016780
1090739 10457706
15222133 17016781
17016782 17016783
17016784 17016785
17016786 17016787
2620798 10457707
17016788 17016789
15251485 17016790
17016791 17016792
14833488 17016790
15207013 17016793
10165365 17016794
12639435 17011285
1090643 17011288
12452321 17016795
10355765 17016796
633630 17016797
17016798 17016799
15195794 17016800
12659684 17016800
17016801 17016800
17016802 17016803
17016804 17016803
15189734 17016803
911201 17016805
16326226 17016806
17016807 17016806
17016808 17016806
3628163 17016809
11446583 17016810
8392775 17016811
2669528 17016812
2669528 17016813
15178684 17016814
15179824 17016814
1091349 17016815
12446125 17011373
12452095 17011373
17016816 17016817
904962 17016818
17015784 17016819
17015784 17016819
15272339 17016820
11905936 17016821
17016822 17016823
548723 17016824
12452640 17016825
13836597 17016826
10495389 17016827
3256610 17011411
12446064 17016828
17016829 17016830
12457020 17016831
12457080 17016831
11906005 17016832
1144503 17016832
16332992 17016833
16347890 17016834
10310474 17016834
1133866 17016835
17016836 17016837
17016838 17016839
17016840 17016841
1113337 17016842
1113337 17016842
17016843 17016844
11441446 17016845
3763180 17016846
368294 17016847
10338259 17016848
15196073 17016849
11905180 17016850
17016851 17016852
6537184 17016853
10332948 17016854
12685313 17016855
10589481 17016856
1630248 17016856
11877323 17016857
10870747 17016858
10876871 17016859
10870790 17016860
17016861 17016862
17016863 17016864
11875139 17016865
1136663 17016866
1090633 17016867
17016868 17016869
14356140 17011564
12454261 17011568
17016870 17011575
17016871 17011575
17016872 17011580
10484602 17016873
12454904 17016874
15011790 17016875
15263680 17016876
13762384 12459091
15133111 17016877
593607 17016878
15175919 17016879
10867646 17016880
269745 17016881
17016882 17016883
12450140 17016884
12453675 17016884
17016885 17016886
16331321 17016887
11914633 17016888
15632593 17016889
12455722 17016890
1290536 10457747
2650902 10457747
16844537 17011686
555602 10457747
889096 10457747
276626 10457747
11442998 10457747
11446513 17016891
437219 17016892
17016241 17016893
14287955 17016893
12452515 17016894
16836857 17016895
3371778 17011722
1636565 10457751
1108207 17016896
15308820 17016897
12445630 17016898
12452752 17016898
12456561 17011732
12454671 17016899
10480988 17016900
14372003 17016901
12450821 17016902
12456595 17016902
12456071 17016902
12455480 17016902
8399673 17016903
17016904 17016903
717900 17016905
12456668 17016906
1284325 17016907
15195783 17016908
12606482 17016908
15205956 17016908
17015282 17016908
12449858 17016909
12448324 17016910
3534696 17011804
15856435 17011804
15856414 17011804
12455986 17016911
2730538 17011804
17016912 17011804
450704 17016913
655194 17016913
17016914 17016913
17016915 17016913
17016916 17016913
16838752 17016913
10493114 17016913
519943 17016913
17016917 17016913
3104375 17016913
12446323 17011804
17016918 17011804
12446092 17011804
12446140 17016919
12457937 17016919
12456220 17016919
17016920 17016919
3961788 17011804
12447611 17011804
3150959 17016921
555602 17011804
12452728 17011804
15205551 17016922
15010904 17016922
1134849 17016923
17016924 17016925
15856455 17016926
12451782 17016927
4378731 17016928
15178582 17016929
15191888 17016930
16827641 17016931
17016257 17016932
17016933 17016934
1143004 17016935
17015927 17016936
15196307 17016936
15186770 17016936
15196223 17016936
15227406 17016936
17016937 17016938
17016939 17016940
17011884 17016941
15113268 17016942
12446869 10457775
17016943 17016944
1629215 12459137
3943161 17016945
12452732 17016946
12454365 17016946
1538720 17016947
17016948 17016949
17016950 17016949
6520099 17016949
16348693 17016949
15190696 17016949
2548417 17016951
15242455 17016952
697365 17016952
15196329 17016952
15179787 17016952
15258631 17016952
17016953 17016952
745278 17011978
10470666 17016954
10332948 17016955
2648793 17016956
10469406 17011989
12456148 17016957
15307279 17016958
16214831 17012000
17016959 17012000
12627810 12459168
2415894 17016960
17016961 17016962
593607 17016963
828865 17016964
16344502 17016965
10470666 17016966
15129935 17016967
11903264 17016968
1418155 17016969
299037 17016969
17016970 17016969
17016971 17016969
15221633 17016969
15231914 17016969
17016972 17016969
6536180 17016969
3161464 17016969
14291509 17016969
15215750 17016969
15173126 17016969
17016970 17016973
579793 17016974
10589494 17016975
4274063 17016976
15175923 17016977
17016978 17016979
3934373 17016980
3962429 17016980
3617931 17016981
16346892 17016982
15213164 17016983
17016984 17016985
12640903 17016985
13612482 17016986
96846 17016987
16428478 17016988
16838721 17016988
12455781 17016989
14978860 17016990
17016991 17016992
11845328 17016993
14978862 17016994
3706113 17016995
2617781 17016996
12445568 17016997
12445018 17016997
12545216 17016997
17016998 17016999
17017000 17017001
15143968 17017001
12456083 17017002
4005407 17017003
3648732 17012190
15195810 17012190
1613447 17012190
17017004 17012190
1498472 17012190
12238745 17012190
15129845 17012190
15178613 17012190
14864541 17012190
17017005 17012190
12614511 17012190
12171287 17012190
16002363 17012190
11838256 17012190
3416789 17012190
15112473 17012190
17017006 17017007
699284 17017007
1527814 17012192
1136470 17017008
15196340 17012210
738963 17012210
17017009 17012210
17017010 17012210
15128283 17012210
10884131 17012210
15221644 17012210
12621504 17012212
17017011 17012224
17017012 17017013
15196326 17017014
3388814 17017015
10216336 17017016
17015321 17017017
12455232 17017018
17017019 17017020
1428286 17017021
285473 17017021
17017022 17017023
2589039 17017024
15243368 17017025
3508471 17017026
10870716 17017027
12456286 17017028
12456852 17017028
148061 17012376
12456584 17017029
1530127 17012390
17016058 17012390
16841506 17017030
15173126 17017031
889096 17017032
3405769 17017033
12445326 17017034
3973102 17017035
2409014 17017036
17017037 17017038
10470101 17017039
10362346 17017040
17017041 17017042
10495114 17017043
17017044 17012577
17016368 17017045
16336329 17012607
6517114 17017046
17017047 17017048
12452619 17017049
17017050 17017051
17016640 17017052
17017053 17017054
15277584 17017055
17017056 17017057
1504435 17017058
7837948 17017059
1090695 10457831
15311341 17017060
11873110 17017061
17017062 17017063
10309360 17017064
17017065 17017066
14821622 17017067
15196352 17017068
1504435 17012786
16846284 17017069
15134783 17017070
3573024 17017071
10301555 17017071
15110919 17017072
16205961 17017072
11446861 17017073
17016786 17012850
17017074 17012850
12456823 17017075
17017074 17012845
1613257 17017076
14384128 17012845
12625316 17017077
668797 17017078
3435322 17017079
17017080 17017081
10863001 17017082
15191606 17017083
322013 17017084
17017085 17017086
730190 17017086
12605664 17017086
17017087 17017088
17017089 17017090
257384 17017091
17017092 17017091
1628239 17017093
1831881 17017094
12606424 17017095
17017096 17017097
3999601 17017098
17017099 17017100
15301527 17017101
17017102 17017103
17017104 17017105
428758 10457841
17017106 17017107
3541153 17017108
16205628 17017109
15195899 17017109
11881387 17017110
1474449 17017111
14356511 17017112
12455213 17017113
1090743 17017114
12615481 10457843
2620871 10457845
15805020 17017115
17017116 17017117
796183 17017118
12453491 17017119
12449851 17017119
12457501 17017119
12453648 17017119
12454667 17017119
1119974 10457846
3100384 17017120
17017121 17017122
17017123 17017124
15137167 17017124
17017125 17017126
10472046 17017127
12456038 17017128
305657 17013034
10871707 17017129
1287763 17017130
1152920 17017131
17017132 17017133
17017134 17017135
3511600 17017136
910357 17017137
17015794 17017138
17017139 17017140
12457039 17017141
15273245 17017142
10589596 17017143
12605804 17017143
1427361 17017144
2625002 17013101
11636801 17013101
7368783 17017145
2618522 17013101
1427361 17017146
14289870 17017147
12453787 17017148
13613757 17017149
15175925 17017150
1156887 17017151
15196220 17017151
17017152 17017151
15229048 17017151
15111185 17017151
17017153 17017151
15992745 17017151
15196309 17017151
15196171 17017151
1411550 17017151
15231948 17017151
15229849 17017151
1542952 17017151
15196109 17017151
16324466 17017154
17017155 17017156
16265263 12459248
16271621 12459248
17017157 17017158
10878490 17013197
17015321 17017159
11904960 17017159
16271850 12459248
11566730 17017160
17017161 17017162
15203711 17017163
14837931 17017163
17017164 17017165
17017166 17017167
14278346 17017168
419283 17017169
16362008 17017170
10497327 17017171
3623412 17017172
15196129 17017172
15244423 17017172
15229852 17017172
15221662 17017172
17017173 17017174
12453521 10457865
3442832 10457865
17016585 10457865
11505590 17017175
15231952 17017176
274388 17017177
14563596 17017178
12456692 17013341
12451191 17017179
16340911 17017180
17017181 17013372
15856451 17013372
481600 17017182
3962429 17013372
15196122 17017183
15196192 17017183
15207099 17017183
15196192 17017184
1620695 17017184
15233963 17017185
15224222 17017186
15246563 17017187
15246563 17017188
11835446 17017189
12449892 17017190
10591445 17017191
15796329 17013442
11349819 17013442
17015317 17013442
17017192 17017193
17017194 17017195
12454327 17017196
15200150 17017197
12823817 17017198
12119507 17017199
17017200 17017201
16822211 17017202
17017203 17017204
14978779 17017205
17017206 17017207
12452574 17013559
1286529 17017208
13747838 17017209
11852468 17017210
9475339 17017211
1529891 17017212
17017213 17017214
14286682 17017215
17015355 17017215
17016254 17017216
367621 17017217
17017218 17017219
17017220 17017219
15112493 17017219
3117444 17017221
17017218 17017221
597471 17017221
17017222 17017221
3602009 17017221
16171568 17017221
15251452 17017223
3992986 17017224
15287106 17017225
12449927 17017226
12449927 17017227
12453692 17017228
12452584 17017228
12452319 17017228
1108483 17013690
15221671 17013690
17017229 17013690
17017230 17013690
15112228 17017231
1403677 17017232
17017233 17017234
6529132 17017235
17017236 17017237
4292620 12459290
1090755 12459290
12068471 12459290
11811160 12459290
15113775 12459290
3961788 12459290
1509800 12459290
15280309 12459290
835976 12459290
17017238 12459290
812659 17013786
11908347 12459290
17017239 12459290
6341358 12459290
15140078 12459290
1090681 12459290
15193052 12459290
3244658 12459290
15270443 17017240
17015853 12459290
555602 12459290
17016037 12459290
15306674 12459290
11447495 17013786
2264655 12459290
1294706 12459290
17017241 12459290
270023 17013786
12247210 12459290
2618677 12459290
11343266 12459290
424704 12459290
12018455 12459290
1607496 12459290
16836748 12459290
555602 12459290
3117923 12459290
16236792 12459290
481600 12459290
12615169 12459290
10467803 12459290
3534696 12459290
1422311 12459290
89426 12459290
14577133 12459290
3934373 12459290
11859412 12459290
3410746 12459290
12449107 12459290
17017242 12459290
3165402 12459290
12641850 12459290
17017243 12459290
17017244 12459290
3952429 12459290
15196454 12459290
14853001 12459290
17017245 12459290
11804203 12459290
17017246 12459290
17017247 12459290
1290992 12459290
17017248 12459290
17017249 12459290
17017250 12459290
333788 12459290
11876884 12459290
17015332 12459290
89426 12459290
1544378 12459290
14288358 12459290
15306113 12459290
3896454 12459290
2737334 12459290
15113766 12459290
14569420 12459290
1090604 12459290
17017251 12459290
14306289 12459290
16851581 17013786
1290451 12459290
2609683 12459290
1090823 12459290
2656271 12459290
9462423 12459290
3948787 12459290
17017252 17013786
17016640 12459290
1113893 12459290
3941017 12459290
17017253 12459290
289850 17013786
1090606 12459290
10310609 12459290
3893241 12459290
1631383 17013786
15297465 12459290
17017254 12459290
12447266 12459290
17017255 12459290
14296600 12459290
3952431 12459290
2718961 12459290
2153027 12459290
125660 12459290
812472 12459290
1090622 12459290
16338451 12459290
12449475 12459290
1532818 12459290
376683 12459290
1427361 12459290
12445025 12459290
1522463 12459290
17017181 12459290
2650985 12459290
273866 12459290
781781 12459290
1610915 12459290
1443861 12459290
10487254 12459290
165387 12459290
3425557 12459290
16234952 12459290
3169898 12459290
11443947 17013786
1090793 12459290
10173728 12459290
16844537 12459290
12450237 12459290
885294 12459290
3520951 12459290
3118481 12459290
11348300 12459290
586581 12459290
15811510 12459290
1090622 12459290
3952446 12459290
1118795 12459290
15278481 12459290
15191655 12459290
16339124 12459290
1152450 12459290
17017256 12459290
17017257 12459290
15113770 12459290
2601624 12459290
11861791 12459290
1090639 12459290
17017258 12459290
591482 12459290
10170751 12459290
1291038 12459290
9462423 12459290
10485269 12459290
15125031 12459290
17016273 12459290
258346 12459290
17017259 12459290
17017260 12459290
1586061 12459290
12447265 12459290
1532141 12459290
668797 12459290
15181399 12459290
17017261 12459290
1090602 12459290
17017262 12459290
14283846 12459290
1090480 12459290
17017263 12459290
17017264 12459290
1090711 12459290
17017265 12459290
17017266 12459290
1442136 12459290
11443947 12459290
184167 12459290
12075156 12459290
17017263 12459290
777160 12459290
311770 12459290
3943856 12459290
1090771 12459290
1306163 17017267
3496134 12459290
17017268 12459290
89426 12459290
15113776 12459290
1090637 12459290
11858642 12459290
7883575 12459290
311770 12459290
15278500 12459290
10484200 12459290
3967505 12459290
1090635 12459290
10469916 12459290
11443081 12459290
11908347 12459290
1565193 12459290
3581574 12459290
17015611 12459290
15146816 12459290
15237696 12459290
17017269 12459290
10494340 12459290
83931 12459290
3959520 17013786
3959520 17013786
9533045 12459290
11803632 12459290
3650080 12459290
3952433 12459290
1692993 12459290
1451832 17013786
15113761 12459290
177977 17013786
17017270 12459290
367621 12459290
368294 12459290
15278617 12459290
17017271 12459290
17017272 12459290
15965548 12459290
10469982 12459290
885294 12459290
10862511 12459290
16506061 12459290
16853440 17013786
2601624 12459290
1090478 12459290
3947633 12459290
14992649 12459290
14577133 12459290
17017273 12459290
3159973 17013786
1564484 12459290
11489342 12459290
11803632 12459290
239671 12459290
12449477 12459290
1141710 12459290
1294706 12459290
13613431 12459290
1090767 12459290
487674 12459290
12448462 12459290
184167 12459290
17017274 12459290
15305307 12459290
17017275 12459290
15113764 12459290
466165 12459290
466165 12459290
1153481 12459290
16844765 12459290
89426 12459290
3952405 12459290
1574989 17017240
12599955 12459290
17017276 12459290
889577 12459290
17017277 12459290
11342938 12459290
17017278 12459290
11343494 12459290
15125030 12459290
1004173 12459290
12611808 12459290
17017279 12459290
17017280 12459290
11443051 12459290
17017281 17013786
1090755 12459290
17017282 12459290
1361154 12459290
9485030 12459290
1091570 12459290
17017283 12459290
1106837 12459290
1133252 12459290
362685 17017284
17017285 12459290
16431279 12459290
11442942 12459290
15812789 12459290
11443176 12459290
17017286 12459290
17017287 12459290
3952425 12459290
17016147 12459290
1090753 12459290
17016872 12459290
17016872 12459290
715676 17013786
1700428 12459290
17016872 12459290
1601800 12459290
1090677 12459290
798634 12459290
12457568 12459290
3914800 12459290
1142708 12459290
10589592 12459290
1123353 12459290
1532818 12459290
14991653 17013786
3101448 12459290
1376389 12459290
11446591 12459290
10167520 17013786
17017288 12459290
17017289 12459290
1851837 12459290
1720960 12459290
13624030 12459290
12610487 12459290
17017290 12459290
14577133 12459290
15794481 12459290
1294706 12459290
1377140 12459290
15296588 12459290
13613019 12459290
3941017 12459290
10467734 12459290
11914211 12459290
11443181 12459290
1018696 12459290
2629849 12459290
1468288 12459290
17017265 12459290
15254277 12459290
3934373 12459290
17017291 12459290
17017292 12459290
17017293 12459290
11886225 12459290
14992743 17013786
12545460 12459290
3967505 12459290
15302291 12459290
11342238 12459290
11349275 12459290
12450702 12459290
3491372 12459290
11443554 12459290
11711651 12459290
3587988 17013786
14824315 17013786
12457568 12459290
17017294 12459290
3952417 12459290
17017295 12459290
1139393 12459290
17017296 12459290
15140077 12459290
14992134 17013786
16431279 12459290
3954115 12459290
12454345 12459290
3923538 12459290
17017263 12459290
1090689 12459290
17017263 12459290
17017297 17013786
1119011 12459290
16428544 17013786
1090622 12459290
17017206 12459290
10683470 12459290
10484979 12459290
12455603 12459290
12646576 12459290
17017298 12459290
11443083 12459290
17017299 12459290
17016058 12459290
843621 12459290
367621 12459290
9560485 12459290
3880936 12459290
15272339 12459290
17015321 12459290
15305825 12459290
17017300 12459290
14278346 12459290
297998 12459290
2618522 12459290
1090639 12459290
1090755 12459290
16338879 12459290
3941017 12459290
17017265 12459290
15939747 12459290
2338782 12459290
12457568 12459290
14286682 12459290
17017301 12459290
2153027 12459290
17017302 12459290
15128225 12459290
17017303 12459290
15113762 12459290
11861790 12459290
11443891 12459290
15328627 12459290
2659851 12459290
11348300 12459290
1291485 17013786
16853440 17013786
17017304 12459290
3934375 12459290
17017305 12459290
16338879 12459290
1125672 12459290
3941017 12459290
11858642 12459290
3909917 12459290
16204198 17013786
80879 12459290
3923642 12459290
3952429 12459290
17017306 12459290
3961788 12459290
258310 12459290
17017307 12459290
11446514 12459290
17017308 12459290
15302016 12459290
15113778 12459290
15113763 12459290
1090639 12459290
15128220 12459290
3964907 12459290
679394 12459290
17017309 12459290
17017310 12459290
15251452 12459290
2290531 12459290
16205719 12459290
12451168 12459290
12450205 12459290
555602 12459290
10466565 12459290
17017311 12459290
17017312 12459290
17017313 12459290
17017314 17013786
17017315 12459290
383543 12459290
1089469 12459290
13613756 12459290
16835997 17017316
17017317 17017318
794485 17017319
17017320 17013803
910836 17017321
367621 17017322
17017323 17017324
12452606 17017325
12452537 17017326
17017327 17017326
11850141 17017328
17017329 17013833
15207427 17013833
15308707 17013833
17017330 17013833
15007024 17013833
12452222 17017331
12454471 17017331
10231689 17017331
12452056 17017331
12456790 17017331
12455160 17017331
11903438 17017331
12453028 17017331
12450610 17017331
1126951 17017332
17017333 17017332
15128295 17017332
1462829 17017332
10240123 17017332
4136721 17017332
746575 17017332
10341686 17017332
753588 17017334
1462829 17017335
11446264 17013851
16425910 17017336
15006763 17017336
17015784 17017337
17015784 17017338
15292278 17017339
17017340 17017341
17017342 17017343
12452534 17017344
12448908 17017344
10870273 17017345
11903577 12459272
12520876 17017346
17017347 17017348
17017349 17017350
17017351 17017352
1387865 17017353
15105539 17017353
15205943 17017353
3472933 17017353
15105540 17017353
15916415 17017353
15106451 17017353
783080 17017353
10331849 17017353
388666 17017353
3084757 17017353
15121120 17017353
16339766 17017353
15191694 17017353
15178797 17017353
17017354 17017353
15178782 17017353
15006747 17017353
15234905 17017353
16428479 17017353
15006748 17017353
15006749 17017353
15224239 17017353
15105586 17017353
1360684 17017353
3532414 17017353
15011009 17017353
10341797 17017353
11897499 17017353
115429 17017353
12631115 17017353
17017355 17017353
10357310 17017353
15007037 17017353
17017356 17017353
17017357 17017353
15178598 17017353
15178596 17017353
12537535 17017358
14273981 17017358
17017359 17017358
17017360 17017358
17017361 17017358
245097 17017358
17017362 17017358
15125891 17017358
15185488 17013905
15112120 17013903
16828079 17017363
15224243 17017363
15898820 17017364
15211264 17017364
15916861 17017364
15011871 17017364
1163750 17017364
17017365 17017364
3495458 17017364
12166891 17017364
3646336 17017364
15219213 17017364
14862957 17017364
17017366 17017364
11834612 17017364
482466 17017364
15224244 17017364
17017367 17017364
17017368 17017364
10317081 17017364
17017369 17017364
15010916 17017364
15011223 17017364
15011010 17017364
17017370 17017364
17017371 17017372
17017373 17017374
9485258 17017375
12454541 17017376
11443927 17017377
730448 17017378
3952405 17017379
17017380 17017381
12614222 17013977
12614222 10457904
466165 17017382
15989579 17017383
16836859 17017384
15121891 17017385
17017386 17017385
17017387 17017388
12457072 17017389
719059 17017390
16414405 17017391
15178649 17017392
16830149 17017393
10306350 17017394
12450156 17017395
12446059 17017395
12446061 17017395
17017396 17017397
1403565 17014059
12611340 17017398
14604317 17017399
921842 17017400
15201293 17017401
10468428 17017401
3150959 17017402
9475339 17017403
15841065 17017404
17017405 17017406
16240558 17017407
15192213 17017408
17017409 17017410
17017411 17017412
3446531 17017413
3446531 17017414
339722 17017415
339722 17017416
339722 17017417
339722 17017418
11861931 17017419
4227431 17017420
1571062 17017421
17017422 17017423
877011 17017424
322013 17017425
1111605 17017425
15949113 17017425
158441 17017425
11854582 17017425
4497984 17017425
14302925 17017426
3935241 12459351
3923642 17017427
1371087 17017428
10470157 17017429
562145 17017430
12454656 17017431
15175921 17017432
17017433 17017434
17017435 17017436
3498362 17017437
12454772 17017438
12456920 17017439
10863269 17017440
17017441 17017442
17015332 17017442
365188 17017443
6433053 17017444
17017445 17017446
15054374 17017447
10484927 17017448
17017449 17017450
17017451 17017452
10469995 17017453
15245101 17017454
17017455 17014523
2742224 17017456
12451270 17017457
12455816 17017457
15251513 17017458
11351065 17017459
1305370 17017460
283144 17017460
10589462 17017461
10363929 17017462
17016872 17017463
15296595 17017464
1498520 17017465
15195948 17017465
15195818 17017465
17017466 17017465
15221713 17017465
15195935 17017465
17017467 17017468
17017469 17017470
16324466 17017471
2669528 17014720
16844537 17017472
12453517 17017473
17017474 17014798
12453554 17017475
17017476 17017477
16833890 17017478
354251 17017479
16843363 17017480
3165402 17017481
17017482 17017483
10471776 17017483
17017301 17014887
17017484 17017485
3597271 17014887
17017486 17014887
1620743 17017487
17017488 17017489
15105820 17014923
12456749 17017490
12455501 17017490
12545280 17017490
12450568 17017490
12454641 17017490
12452858 17017490
12455244 17017490
12455502 17017490
12449850 17017490
12455401 17017490
802649 17017491
17017010 17017492
911838 17017492
17017493 17017492
15033114 17017492
12622581 17014927
17017494 17017495
17017494 17017495
17017494 17017495
17017494 17017495
15105808 17017496
15179783 17017496
4086825 17017496
10589491 17017496
15006753 17017496
15207121 17017496
10411218 17017497
15226979 17017497
4521930 17017495
11887401 17017498
1294706 17017499
17017500 17017501
17017502 17017503
635083 17017504
2719318 17017505
17017506 17017507
12456002 17017508
12454924 17017507
12456889 17017509
12450152 17017509
15296620 17017510
549411 17014976
3577559 17017511
16336306 17017512
1529891 17017513
593607 17017514
17015933 17017515
273804 17017516
796644 17017517
17017518 17015045
12446169 17015045
3992986 17017519
484941 17017520
17017521 17017522
3992986 17017523
15195964 17017524
744339 17017525
11890847 17017526
89426 12459400
17017527 17017528
6432293 12459400
17015863 17017529
15151210 17017530
2402967 17017531
17017532 17017533
17017534 17017535
17017536 17017537
10471528 17017537
17017538 17017539
3611231 17017540
12454486 17017541
10471944 17017542
17017543 17017544
785149 17017545
