17868619 10590231
2652554 9571061
2673455 17868620
7955382 16020617
17868621 10884366
7955384 16414980
832906 16020629
8048232 16414983
17868622 10017743
2641300 13615842
2676678 10884371
7955380 9571085
8075061 10884373
8063155 13615844
859868 16414994
2660077 16020652
2636115 17868623
7955347 12836532
7986879 10532691
7943065 10884375
7955386 17868624
8048678 12836885
8048457 12836920
7914212 12836959
6820254 12837258
8068288 16020671
8080518 12837367
7611296 12837447
8048710 12837618
7913475 12837881
7955185 14312276
2638613 17868625
8032993 12838670
7955788 12839002
7624959 17868626
7911720 13615876
6821500 13615882
2677928 17868627
2651299 16415021
7612770 12840317
859565 10532706
17868628 17868629
2644925 17868630
7927658 17868631
7921564 17868632
859921 14353544
7913896 13656291
8051610 17868633
7958454 17868634
7614516 14353554
8048088 17868635
7912135 17868636
7909677 10532709
7916538 17868637
6850680 12843851
7920410 13615914
7927305 13615916
7956441 12845065
7929556 17412396
8048686 13615917
5139909 17868638
7691418 16415084
8098397 17412410
2669566 16415089
7699051 16415097
860402 17868639
6826191 17868640
8079410 9571167
845562 13818134
7615457 17868641
7702530 17868642
7920440 9571182
6852560 17868643
8027654 9571183
7699697 14353646
7946349 17868644
6839464 16172032
7673012 16415194
7693070 17868645
7621285 16811271
7673642 14353662
7670038 14353664
833963 16415203
7689443 9571196
7648371 16020907
7679554 14520459
7965395 17868646
8081025 14353692
7696212 14353700
2635290 17868647
17868648 12520537
17868649 14353701
2655003 17868650
7646753 16415226
7692993 17868651
6852587 17868652
2662187 16415252
7687035 9571256
7616380 13616000
7921176 17868653
6838913 10884464
7683533 17868654
8039070 12860426
7646784 17868655
7627461 17868656
7932008 17868657
2624768 17868658
7926199 14353773
6847128 9964132
7703022 17868659
2635236 17868660
7702306 17868661
7680804 17868662
8083799 14353815
2700224 14353826
7921242 17868663
7965129 10532779
7916427 10884520
2713262 13616080
7610778 17868664
2670880 9571333
7666820 17868665
863856 17868666
8183496 9964202
834323 14353917
2634949 17868667
2634554 17868668
7610005 17868669
7610265 14353955
8080035 12883201
6856153 10884564
2601653 17868670
6864361 16415491
7676184 14354002
7940525 13818149
8074941 16415546
8063146 9964350
2657570 14354041
7622530 16021812
8048266 9964396
8082199 10532946
2663189 12905095
7672916 12905544
7616138 12905603
8084634 12905613
7620650 12906109
7679599 12906350
8097959 12906744
8077904 12908044
7954191 12908206
6863657 12908457
7910258 12908803
7920384 12908816
7654870 12908878
7919984 12909182
8035451 12910140
8122352 12910146
6838942 12910178
7631837 12911760
6848646 12911780
6853410 12911984
7701892 12914494
6823167 12914506
7955325 12916692
8048820 14354474
6847835 14354493
8079599 12922244
2646459 10533029
7685607 12924490
7960747 10533040
8112811 12925917
7616782 14354710
7959775 10533064
7974872 12934018
7699348 12934060
7914333 16203597
7918794 14354868
17868671 12949891
8048597 12949907
7955605 12951109
8047585 12951700
17868672 12955034
7613586 12957118
7949433 10533186
8037556 12958619
8048623 12958670
8048162 10020909
7912859 10533198
7612322 16023916
8066658 10533211
7917542 16024344
7916513 10533284
7909683 10533311
7912951 12984877
7955473 17868673
8097640 10533332
7610175 10533339
7946224 14355520
6842105 14312773
6851135 10533371
2636583 10533374
857017 13007400
2668212 13616833
2637318 10533444
7953230 13016269
2642113 10533470
6851026 13026257
6851113 13034689
7927855 10533542
6840503 13038839
861402 10533548
2635842 10533554
8045659 10533562
8063159 13066022
8063161 13066024
7915287 13066866
7929084 13067504
7946978 13067760
12468778 13067850
832566 10533690
8031573 13069810
7956367 13070296
7950093 13070422
7689027 13070636
6840718 13070848
7651728 13070850
7693786 13072262
8064454 13072416
7920813 13073368
7920392 13075237
7956369 13075253
6840941 13076481
7616321 13076483
7952765 13077744
8052954 10458075
8042534 10533817
8068534 10024036
7916912 9965023
7912941 13111355
8036649 17868674
7947901 13111733
8048002 13111944
7979198 13112797
833475 9965031
2669914 14314561
7909733 13117565
8067139 13118090
7921458 10458076
8048491 13118450
7699618 13118782
8048649 13121950
8039735 13121952
8047015 10533978
860059 10534019
7918552 13150144
2614495 10458078
8048168 10534120
7955209 10534146
7916577 10534160
860079 17868675
7927016 17868676
2644603 17868677
7929988 10590374
863549 10534253
7923822 13617419
8052369 10534347
7916550 10534501
7953105 13239844
7650205 13249651
7672968 13249798
7908364 13249952
860269 17868678
7693776 13251786
7959528 17868679
8082292 13253300
7640620 13253971
7696774 13256319
7688031 13256708
6845818 13257927
6849586 13258489
7622879 13260467
8075669 13265039
7651692 13265426
7686693 13265627
7672295 13265676
8048090 17868680
843788 17868681
3894248 14315548
7922519 16030900
7636529 17868682
7628718 16030904
8048092 17868683
6846375 13271957
7660432 10848717
7652063 10848760
7915289 10848770
8074730 10848794
7936804 9573856
7920484 17868684
6820905 10848837
6842407 13278076
2664043 10534752
2636571 13657764
6850548 13296854
7955189 13298998
8063132 13299294
8047909 13299807
8085591 13300271
7929074 13300588
17868685 13301180
17868686 9573961
7989076 13302526
8103557 10849821
7643476 17868687
8043055 13305951
7642180 17868688
7623619 10534998
2636523 10535078
7936309 13337941
8065339 13344007
2631432 10535162
8065337 13345002
7650439 10026047
6839554 13349931
7946019 10535247
7677414 10535294
8267741 13375124
17868689 13376102
3773225 10535447
7645305 10535477
8102066 10535500
2630003 10026347
7947911 14317260
7909760 12214335
834393 10535516
2685339 13658227
8031106 14317279
7611828 14317282
2641059 10535526
8048220 12214442
2636137 14317298
8048272 12214483
6843821 14317327
7927514 12214524
8079202 12214528
2680940 12214534
2644808 16034019
7924514 13424113
6838798 16034049
7624290 10885019
8039544 16034121
7919347 16034142
8146341 9574625
8014090 14358353
7678176 14317419
7959765 14358376
8048096 14358387
7696275 13658266
17868690 14317454
7959745 14317463
2645114 10535565
8063073 17868691
7646755 14317488
7953079 14317512
7974204 12214567
7696323 13658289
6864505 13434314
6821504 13658296
8047581 14358433
7679295 10535594
7690454 17868692
7686542 13658303
7958977 16034504
8029105 14317577
2675120 10535614
7672343 17868693
7682164 9574761
6824031 10028173
6822461 13446789
8077427 13447145
8066432 13447819
8094927 13448183
8048164 13448283
7914505 13448654
7612776 13450326
7616344 13450656
7697389 13452952
7616620 13453295
6840626 13456655
7686376 10028176
8097370 13459156
7916468 13466858
6842363 13467388
7929962 13658501
6837595 13477784
7948129 13485506
7960751 10535889
861396 13493201
8051516 13496595
8031062 13497039
8048546 13497598
7955656 13497602
17868694 13498008
8048676 13498010
8063943 13498933
8029930 13503542
7922088 13503544
6840017 12215883
7928359 10536141
6823261 10536155
2652753 10536172
8063079 9966545
2612200 9966571
857165 9966595
7927510 9966597
7661022 9966613
845598 9966623
8068458 10536227
2686776 10536231
7927847 10590600
6850197 10536279
833613 10590606
2638817 10536360
7937520 10536373
832920 10536392
17868695 13591585
17868696 12217294
7952229 17868697
8099546 17868698
7617289 17868699
7959381 10536613
8048340 17868700
7614487 10536649
7663576 17868701
7913987 17868702
8093631 13604794
8077178 10536708
7943230 13605349
7916569 9966932
17868703 14320148
7955265 17868704
17868705 17868706
17868707 14320152
7917946 14320153
7915084 14689696
7924549 17868708
8067048 9575971
8066942 14359864
8079461 14359894
6848663 9576012
6851184 14320255
8074393 17868709
7921247 14320263
2639294 10536791
8063111 16037739
8096973 17868710
8063050 17868711
832572 17868712
8077677 17868713
7955363 13607201
7917568 17868714
17868715 17868716
7698533 17868717
7661915 17868718
7695124 14320333
2638928 10536828
7691236 14320349
8031210 17868719
7637560 14360043
7920024 17868720
7908610 13658880
8047706 17868721
8048780 14320367
8050976 17868722
8048766 9576106
8073552 14320425
8076323 14360079
6843518 17868723
7947246 17868724
6823235 14320462
7954100 17868725
6836744 14320480
7996580 13608170
7644731 17868726
7702420 14320551
7620573 17868727
2664297 17868728
7665839 17868729
7688255 17868730
7611719 17868731
7945115 17868732
2655434 14320643
6851089 17868733
2671016 17868734
7681569 17868735
7699634 17868736
7955299 14320769
7684397 17868737
7623897 17868738
8082387 17868739
7960718 10537021
7698436 17868740
7955277 17868741
832940 10537068
7921593 17868742
6850686 17868743
7614580 17868744
17868745 17868746
7953897 17868747
6844161 17868748
7488464 9967313
864257 10537144
859706 17868749
2677926 10458099
6848466 17868750
8048334 10537189
8101692 10537238
6827078 9967381
864259 10537281
17868751 10537311
834350 10537366
834386 10537388
8084896 17868752
6852063 17868753
7940482 17868754
7691412 17868755
8031212 17868756
7947152 10537557
15029148 14321784
8074390 10030935
7631195 17868757
8041230 17868758
8090700 17868759
8048621 14855269
8047945 17868760
8035710 17868761
8048485 17868762
8031305 17868763
8084937 17868764
7954362 17868765
7955371 17868766
6857916 17868767
7921404 10031147
6842390 10537723
8051935 10537726
7973902 10537728
7489019 10537730
859401 10537731
7929845 10537733
6844343 10850291
17868768 10537737
8048286 10537739
8052133 17868769
7611813 10537744
8275760 10031372
2680942 10537844
6864979 17868770
861184 10537913
7913378 10537930
7955229 10538010
7616040 10538012
17868771 9577254
7955467 10538018
8063126 10538023
8101897 10538028
860348 10538031
17868772 9577282
7957999 17868773
8098097 10538039
8080099 17868774
7944297 10538042
7954379 10538045
17868775 10538047
8085725 10538049
7486515 10538052
7684001 17868776
8102082 10538055
7944483 10538056
8101937 10538064
7944487 10538065
7610336 17868777
7945793 17868778
2747763 17868779
8074707 17868780
8074745 17868781
7913578 17868782
7628697 10538116
7616156 17868783
6822441 10538209
7949633 10538277
17868784 17868785
6823080 9968080
7959797 10538370
859931 10538427
7941877 10538465
7674335 17148592
8075473 17868786
17868787 17868788
832551 10538535
8036327 17868789
8071095 17868790
8048576 17868791
7916484 10538578
7955271 17868792
6844073 17868793
7923975 10538615
2625360 10538625
832932 10538649
6846809 17868794
2656565 10538698
17868795 17868796
2635835 10538742
7913081 17868797
7643386 17868798
7986969 10538906
7930511 9968472
8102011 9968478
8102077 9968488
7974146 10538917
8102079 10538920
8102046 10538921
2645130 10538922
8101841 9968496
832501 9968500
7930509 10538933
8074505 17868799
6822177 17868800
6837749 17868801
860811 10538963
7635346 17868802
8103661 17868803
7664184 17868804
8048372 17868805
2668165 10539030
7912855 10539108
2640961 10539135
2606979 10539136
7957541 10539136
860008 10539138
7937091 10539140
8096618 17868806
2641740 10539148
854993 10539156
7908246 17868807
832489 10539165
2642079 10539173
846154 10539175
2642692 10539178
2632007 10539189
860023 10539193
832469 10539197
8084808 17868808
2635479 10539222
860352 10539236
854254 9578899
2636826 9968730
2637350 9968742
2637172 10539242
2637979 9968754
2639124 9578910
17868809 10539250
860778 10539253
2643446 10032947
832471 10539266
2644933 10539267
2613270 10539269
2644806 10539271
7957981 10539272
2644824 10539273
832499 10539278
832497 10539281
2646137 10539283
2615190 10539284
8068482 10539285
860221 10539286
6852471 10539286
832503 10539287
8048826 12516180
7914035 14362661
7916433 17868810
7958070 17868811
8078251 17868812
7918151 16041737
7922978 17413148
2709544 13678929
7918693 9968884
8084589 17868813
7959030 9968904
8048188 9968906
7967319 9968928
2690812 17868814
7913975 10539400
8039429 10539402
7914587 16041777
2645128 16174025
7994343 16041781
7930573 16174062
2631396 17868815
8081648 13659953
7955279 16174182
7677572 16174185
8099195 9579105
8101870 16174203
8048258 17868816
7936966 17868817
6842937 17868818
8094428 17868819
6822319 17868820
8048101 17868821
7932217 14362776
7678511 9968959
6837327 17868822
7635265 16041837
8080948 9579143
6823343 17868823
7920672 17868824
2672461 10539505
6851054 17150189
7609842 10539521
7956331 9969037
7692885 17868825
8039753 17868826
17868827 17868828
6852539 17868829
8048580 17868830
6844414 17868831
7611349 13660006
7611569 17868832
5142150 17868833
8093467 17868834
2636636 17868835
6852519 17868836
8017247 17868837
7931735 17868838
7919904 10539613
7616558 17868839
7917143 10539626
7626146 10539638
6843828 17868840
834281 17868841
6861236 10539651
2637733 10539666
7648695 16174330
7951635 17868842
2636368 10539692
7631986 17868843
7953518 17868844
7688699 17868845
834356 10539796
7918848 17868846
7929956 9969304
7651041 17868847
8082882 9969320
6851124 17868848
7917563 13660167
2665540 10539910
7960738 10539935
7625560 17868849
7929900 13660212
2669613 10539966
6826654 17868850
2630229 14322486
7909671 14322522
7666215 10540128
2642810 10540137
7982532 17868851
7987190 17868852
6844588 17868853
2636092 10540225
7692056 14323098
7651082 17868854
7645335 17868855
7944479 10540309
8031650 17868856
2629617 10540396
7700753 17868857
8038752 17868858
8099670 16174835
7985270 17868859
8063046 17868860
7682102 17868861
17868862 17868863
7929960 10540567
6823269 17868864
11817302 9580211
3950528 10540576
6826934 17868865
8082182 9970168
7640225 10540634
2644847 10540644
5141911 10540646
7997551 17868866
8101681 10850589
7914522 10540675
7672208 17868867
7926806 10850591
2670114 12220162
8084603 17868868
7623422 17868869
8073268 17868870
7924463 17868871
7954189 17868872
8048376 17868873
8048370 17868874
7930842 17868875
7611547 17868876
7672425 17868877
8014025 17868878
7625692 10540774
8073577 17868879
8047784 17868880
8075636 17868881
8083017 17868882
7690302 17868883
8048728 17868884
7663578 10540840
2635823 10540863
8085977 17868885
8178212 17868886
7959723 10540942
7616395 10540956
7672355 10540976
7609603 17868887
7613603 17868888
2638421 10541021
6823502 10541052
7620549 17868889
7637486 10541083
2646285 9580542
860063 10541122
7949887 17868890
7909721 10033011
8101688 10541151
17868891 17868892
2642701 10541159
8081940 17868893
7927800 17868894
8042802 17868895
8044793 17868896
7698728 17868897
7960716 10541238
8066586 17868898
7645076 17868899
8085727 10541251
7614663 17868900
2666939 10541277
2628456 10541298
17868901 10541304
6838825 10541305
6820969 10541314
8019127 10033021
8066551 9580670
8052379 17868902
8048076 13820483
8063089 14364860
8048230 14364874
8081849 17868903
7614783 17868904
7911058 10541380
2645102 9970993
7683380 17868905
8043377 17868906
7912920 17868907
2649966 14326841
7932918 14364921
8063024 12516307
17868908 14364947
8103178 10541420
7629301 17868909
7959070 17868910
833947 17152421
2683271 14326928
7911599 14326935
8038379 17868911
8039876 9580736
8068487 17868912
2692200 17868913
8080843 17868914
7930807 17868915
7671460 12221864
7912853 12221882
2715867 9580741
8031175 14326994
3889015 17868916
7686620 14364969
7611088 14327016
7611528 14327030
2675682 12520970
7615825 17868917
7911430 17868918
7489159 10541465
6823023 10541473
7997295 10541475
2612109 17868919
7661925 17868920
6843817 17868921
7624466 10541487
7615632 10541488
7958827 10541489
8048822 14327511
8030810 17868922
7687861 17868923
2667867 10541496
7617399 17868924
17868925 17868926
7611817 10541509
7697472 14328095
7955367 10541511
7955177 10541516
3948583 10541517
860961 10541524
2699064 14328551
845578 10541563
6821072 17868927
7691238 10541660
7984061 14365636
7612212 10541682
8064622 17868928
2635652 17868929
860308 10541757
7922119 17868930
7691465 17868931
7983993 17868932
8090618 17868933
7679503 14523102
7955465 13661392
8029616 10541867
7697088 17868934
17868935 9972120
7917308 10541932
7915198 10541954
7913627 10541979
8084792 17868936
8048799 17868937
7927253 17868938
7921235 10458163
7952222 17868939
7926356 17868940
8036141 17868941
7654883 17868942
17868943 17868944
7979911 14330590
843185 10542029
7965451 10542037
860119 10542040
7956493 17868945
7673160 10542041
8078238 17868946
6848686 17868947
7679441 17868948
8031488 17868949
7949850 10590747
845664 10542045
2617182 17868950
7929854 14331211
8052921 16048115
7955183 17868951
8039852 17868952
8101770 10542051
7930136 14331275
8145100 10542052
7965225 14331303
8145098 10542053
2663342 10886411
7665345 14979126
7929080 10542054
7914612 17868953
7950046 14979138
7686499 14979140
7928355 10542055
7932602 17868954
8078406 14979148
7672820 14331410
7701663 14331473
7634734 14366707
6854469 16048290
2655043 17154168
5133541 14366741
8064589 14331609
7916028 17868955
2644843 10542063
2663097 10542064
6821405 10542072
8048117 10542075
7490900 10851358
7913660 10542080
7997500 17868956
8048406 9973260
7965520 10542083
7932185 10542085
6824608 10851404
7927442 17868957
7963647 17868958
7955336 17868959
7669989 17868960
7955301 17868961
17868962 10542093
7927804 10542094
6824435 10542095
12469572 17868963
17868964 9581322
7959393 10542098
7953512 17868965
3780156 10851475
17868966 10542107
17868967 10542108
7699818 10035132
7684388 17868968
7494595 14332594
17868969 17868970
7648926 17868971
7689762 17868972
7922877 17868973
7959803 10542130
7950598 17868974
7609608 17868975
8031602 17868976
8047731 10851703
855006 10542150
860324 10542155
8063020 10542162
8052356 10542163
8047975 17868977
8072933 17868978
8080343 17868979
2634219 10542176
852405 10542177
832934 10542179
7952399 17868980
7950720 14368014
7611815 10542194
6821486 12422411
2670228 10542195
2634223 10542198
17868981 10542201
8066016 17868982
860199 17868983
7652086 17868984
8043037 17868985
860410 9975638
7921642 10542213
832936 17868986
7960679 10542215
7616949 17868987
8039474 17868988
7964526 9975771
2635831 10542220
7944525 12422499
7678398 14691810
7650962 10542233
5141413 10542234
7955261 13662673
7955227 14335776
7943218 9976084
8073495 14335788
8082481 17868989
8052207 14335823
7955455 17868990
8084655 17868991
7644555 17868992
17868993 17868994
8096697 14335870
7666985 17414190
7959293 17868995
7646621 17868996
8075577 13662696
7698209 13662698
8048818 17414212
7617723 14335936
7616046 17868997
7909725 17868998
859955 10542241
6823029 14335961
6851699 17868999
3782465 17869000
6837932 17869001
2649602 17869002
7642310 9976276
8072909 17869003
7613659 17869004
8066075 14336063
7676444 10542247
2641077 14336084
7670099 17869005
7670121 17869006
8052300 17869007
7702008 17869008
7665133 17869009
7670900 14336193
6849009 14336225
2599403 16051271
6820848 17869010
6850255 9581713
2680253 9976476
6827264 17869011
6850694 9976503
6850666 14860655
8105564 17869012
860659 12516565
6850676 14368765
6823090 12128186
6822971 9976811
8075687 10037696
859532 10542272
6842129 17869013
7957407 12516592
8063136 17869014
3880908 10851980
8065471 17869015
7632563 10542295
7949826 10542296
8042326 14369066
6826756 14337472
7955514 17869016
861339 17869017
860271 15408739
6823817 10542304
7920418 10542305
6827134 17869018
7703251 17869019
8063984 17869020
7931210 10542310
2636675 10542312
7652314 17869021
7932535 17869022
8048274 10542318
7678302 10542321
6850684 17869023
7676471 10542339
8027732 17869024
7674711 17869025
7631596 17869026
7973978 10542361
7958836 10542362
7993625 10542363
2635076 10542365
7915291 10542368
7615529 17869027
7956435 17869028
860273 12423036
17869029 17869030
2636297 17869031
6841356 17869032
8039110 17869033
7955586 17869034
7955601 9980376
8090408 17869035
7950377 17869036
8048390 9980757
8063103 17869037
8084873 17869038
7690201 17869039
8062846 17869040
8039577 10542461
7646563 17869041
843666 12423364
6820858 10542468
7918496 12231116
7665025 17869042
7916523 17869043
7635449 14340762
8048761 17869044
8084587 17869045
7654938 16054904
7930169 10542472
7985522 14370807
7654682 17869046
7929831 17869047
7954968 9582310
7997498 17869048
2675140 12423395
7958625 10542473
8084593 17869049
7956209 14340812
7911676 14370828
8066524 17869050
8280791 14340834
8048400 17869051
8048396 17869052
7910040 17869053
8074562 17869054
8045862 17869055
8048216 17869056
7690151 17869057
2672769 10542476
8048398 17869058
7910034 17869059
8073196 17869060
7934313 16054985
8091668 14340890
8099401 17869061
6838306 17869062
8063052 17869063
8084771 17869064
7647660 17869065
6826394 14370889
7927479 14340912
7697890 10542482
7611155 10886867
7913050 14370906
8067198 14340938
8029600 12231298
834374 12231300
8036460 17869066
6847892 14340947
7920670 10886912
5135988 10886931
7945302 17869067
7682463 14370927
2669758 13663724
7945321 17869068
7612182 10542486
8073881 10886962
8043956 14370940
7955323 14341002
7643601 17869069
7609617 17869070
7698527 9582357
7654366 17869071
6838775 10542488
7943977 17869072
7653968 17869073
7624047 17869074
6820872 17869075
7644415 17869076
8048990 14341083
1287879 17869077
7699214 17869078
6848093 17869079
8039311 12231511
6851624 17869080
7666593 14341139
8001406 12231591
7690446 17869081
6856550 17869082
7955512 17869083
7923537 17869084
7923535 17869085
7920737 17869086
8073584 14698305
7974177 10542518
7636369 10542522
7648921 17869087
7615187 10542529
2634813 10542530
7637662 10542531
8069442 17869088
6822515 10542533
2668787 10542536
834358 10542537
8063896 17869089
8030686 14371432
8082084 10542548
8072233 10542550
7925658 17869090
17869091 12423750
7955219 10542554
7955100 17869092
8100970 12423762
7663790 14701137
6865018 17869093
8096729 14701228
7937114 15411584
7986106 14371628
7687833 12423784
7625667 10542563
7927868 10542565
8274242 9981530
7916592 12423808
7973951 12184137
5142607 12233142
17869094 14701851
2632244 12423834
7955257 10542575
8073689 10542577
7923705 17869095
8066399 17869096
7984303 17869097
8081467 10542582
7701894 12819332
7916486 10542584
8036585 12423851
7921382 10542585
2663722 14702630
8103618 9981633
833477 15411930
7965868 17869098
2670890 13664011
6823031 17869099
7944481 17869100
7489562 15412059
7913699 10542602
7957953 12423927
7921485 12423932
7702254 12423935
7909758 15412101
6839750 10542605
7919553 12819338
6823308 14372056
7612224 12423954
7909719 12423964
17869101 15412162
8073217 17869102
7612269 17156132
7612073 9982034
7921919 15412274
8082062 17869103
7997607 17869104
7650988 10542621
6840360 12424042
2676964 12819383
7911281 10542623
8052914 10542624
7955477 10542626
7994349 12424056
7921365 10542627
7911302 17869105
2658814 12424066
2645579 15412425
8063142 14704255
7617204 12424083
8063085 10459637
2641057 10542636
8090539 10542637
2646559 9582959
7683493 12424123
17869106 10542644
7927899 10542645
7914493 12819559
6837101 12819572
7962463 12424145
6820937 12819578
7917102 10542648
7611819 12819590
7955369 9583005
6823025 12819593
2705463 12424154
8035635 12424155
834388 12819601
7947947 17869107
7926468 12424171
5183282 13617895
6864723 10542656
7620224 12819636
833931 12819642
6822021 12424195
2656248 12819667
844858 12424202
7673900 10542665
7930759 10542674
8048226 12424250
8031099 12424251
7952694 10542675
7955207 10542676
6857587 12819747
2698900 9583068
6822031 15412897
7921545 9982619
7917245 12424278
7629949 12819805
8095802 17869108
7964564 12424297
2636380 16059060
7955305 12424300
6822822 12424303
8118765 12424304
2690974 9583098
7617051 17869109
7921084 9583102
7923005 17869110
8082666 14372848
7611821 12424320
7637538 9982773
7921344 14372861
7936712 12424324
7930138 15413024
7490545 14372874
7488762 15413031
2694636 12424334
7934821 16059183
8078343 9982818
7959809 10542693
8046409 17869111
8046407 17869112
7917340 10542696
8062819 10887202
8063095 17869113
17869114 17869115
8081441 12424364
8100707 17869116
7979909 17869117
2644099 9982952
2635419 17869118
7702792 17869119
2662663 17869120
7617078 17869121
17869122 17869123
8081077 9982966
8037976 14372993
2679518 17869124
7652168 17869125
2661922 9583172
7672254 17869126
5139911 12424382
8292215 17869127
6820724 9983002
7673535 17869128
6856979 12235575
6821496 17869129
2637135 14373035
7642355 9583179
7652066 17869130
7670692 13679361
6850678 17869131
7676084 17869132
2667623 17869133
7965326 12424410
2669246 16059458
6821096 17415135
7630571 10542713
6821209 12235694
7974028 12819840
8075791 14373156
2683369 12819854
6840813 12235753
6838231 17869134
6839710 17869135
8066355 17869136
845584 10037840
7930321 13664375
834376 13818613
7614601 9583238
7908115 13664379
7956423 17869137
7678634 17869138
7917223 16059835
17869139 17869140
8062906 12819915
8097759 12424476
7637739 10542728
6852599 17869141
8039546 12184170
2637304 12424494
8072281 12424502
7612492 14524261
7915257 12424516
7921361 9983213
2669472 12424546
2635424 10542742
7944112 17869142
7974671 13664425
7932750 12424564
6850641 12424572
8039681 12424578
7973751 9583369
7929833 10542749
8048386 12424587
7648947 12424594
2635954 15413807
2638976 12424601
7914343 17869143
6849639 17869144
8063087 10542761
2659632 12424622
7930282 14343714
2645349 10037856
7974712 16417130
7672474 12819967
7614812 13664476
834099 14704425
7952261 10542767
6847450 14373685
17869145 12424639
7916305 12424645
17869146 12424649
2662802 10542772
7915619 14373728
7615185 12424658
7683562 12424660
8014773 12424662
2663214 12424664
7673061 14343732
7616830 12424673
2670746 14343736
7916521 14343739
7959616 10037865
8030353 17869147
859439 10542784
7961170 17869148
7636341 12184199
7701369 12424702
6823798 10542785
7616848 12424705
6864607 16417158
17869149 12424707
8067575 12424708
5190707 14373943
2638980 12424720
7675638 10542789
8048394 16176689
8046698 12424729
6837807 17869150
6851622 13664532
8013766 13818633
8079186 17869151
7955303 13818635
7647263 10542796
6837191 16417169
7916607 10542799
7652652 13818641
7962791 16061287
17869152 13664553
7924918 13818650
7650677 12424786
7671515 12184215
6827222 17869153
7974224 12237272
2642451 10037876
860883 13664562
7673936 9583685
7965623 12424818
17869154 12424819
7615065 12424825
17869155 14343801
7676495 13818679
7926292 13818688
2639311 16061667
6843561 9983279
2641049 10542820
7687945 9583718
2698810 10542821
5142104 10542822
6823293 10542823
7918951 12424843
8084726 10542824
8080264 9583727
7628027 9583731
860241 16061838
2692113 14373990
7674360 14343822
7626851 12184233
8097539 14979177
8063921 17869156
6820672 10542834
3777315 10542835
7699126 13818725
8078115 17869157
2643818 10542846
7681379 12424930
7637458 12820011
7963521 10542850
8103605 10542851
7677231 17869158
8099345 17869159
8051937 9583833
2679466 12424966
2645202 16062939
7955267 17869160
7676784 14374031
7909756 17869161
8048384 10542872
7916399 17869162
860300 13664658
8079014 16063057
2683309 17869163
17869164 17869165
7920867 17869166
17869167 16063087
8052319 17869168
17869169 17869170
17869171 17869172
2666618 17869173
7642693 10542874
7646724 12820034
7663749 17869174
7697330 17869175
7616014 17157235
2681261 10542882
7965541 10542883
7648460 17869176
8078904 17869177
7698858 17869178
3888072 17869179
7678270 17869180
8052916 10542887
7691060 16063394
6848990 13679470
7673323 17869181
7611479 17869182
7628593 10542891
8035427 16063446
2638427 17869183
8187198 17869184
7683684 17869185
7691602 16063459
3885676 12238379
7914412 10542892
7702557 17869186
7690680 17869187
832922 10542893
8042806 17869188
7911552 17869189
2634912 10542895
7633774 17869190
7675659 17869191
7926488 12425075
7654510 17869192
7938204 10542899
17869193 9583969
7677046 12130366
8075078 16063717
7617306 10542904
7702707 12425102
7947663 10542905
17869194 12238664
7647392 17869195
6864883 12517179
3913032 17869196
6826081 17869197
8099674 12425156
6837289 17869198
7611580 17869199
7699536 17869200
2642307 17869201
7920395 12425165
6843573 17869202
7624365 10542922
7689860 9584090
6851216 17869203
6845683 17869204
7921359 9983322
6824946 12238942
6849835 16064571
8068598 9983324
2663089 10542937
6823994 12521286
2653474 12184290
7911068 10542943
7666437 10542958
8097087 16065587
7611666 12820133
2656258 14705696
859866 9983330
12468114 14344047
7955530 17869205
7911056 10542976
7689109 9983334
7915534 9983336
7677732 14344071
6850070 16066348
7955275 16066456
8048111 10542985
7672762 10542987
7652926 10542988
2645307 10542990
7955373 10542993
6823102 10542997
7952347 12425551
2641961 17869206
7671930 10037931
8048109 10543014
7959813 10543016
6822949 10037936
7616614 10543019
7698019 10543026
3775455 10543029
8048125 16068268
6837972 17869207
7964501 10543040
2635417 10037942
7673648 14705918
2656161 10543051
7696201 10543055
2667121 10543061
5133671 10543066
17869208 14344315
8068620 17869209
7911853 17869210
7617114 10543071
7955291 10543074
6847709 17869211
8048254 10543087
7687135 10543088
6820630 14374241
834399 10543090
7610667 10543098
8082683 10590838
8247208 10543105
6854952 10852141
860029 9983418
7700612 10543131
7672044 10543135
8063175 10543137
8261769 10543144
6860571 10852261
7955285 16072328
7920563 12241340
7617510 17869212
8063122 17869213
7616515 10543152
7951033 14980225
7956437 17869214
7649644 14980314
7955500 17869215
7690350 17869216
7617313 17869217
8098593 16072529
6864363 12241405
7955599 16072622
7956097 17869218
7634808 17869219
2641659 17869220
7959066 10460890
7955283 12820283
6851958 17869221
8029490 17869222
7955469 10543176
8069964 10543184
7690266 10543201
7663294 17869223
5141783 10543205
6820415 14374395
7613793 10852414
6863887 10543215
5137317 10543219
7921285 10543245
7909909 17869224
6822106 16077113
8047247 10543262
8150278 17869225
860720 9584321
6835613 17869226
7638731 17869227
2645907 10543321
6825164 9584369
2636247 10543327
7942908 17869228
17869229 17869230
8048113 12242215
7912566 17869231
7921150 17869232
7930299 16081080
7920664 16081094
7955199 17869233
7920770 16081197
7974622 16081211
7984472 17869234
8048278 17869235
7955201 17869236
8063040 17869237
7665098 17869238
8063101 17869239
7997490 17869240
7932752 16081299
8084933 9584388
6845841 17869241
7985473 17869242
7960760 17869243
8097235 17869244
8062559 17869245
8056064 17869246
8097755 17869247
7988588 17869248
8035952 16081413
8047512 17869249
7964251 16081415
8084900 17160630
8048797 17869250
7955441 17869251
7954200 17869252
7955223 17869253
7909715 17869254
7909717 17869255
17869256 17869257
7911830 9983837
8084781 17869258
7955329 17869259
8079118 17869260
8039410 16081723
17869261 17869262
7911410 16081792
7978872 17869263
7956433 17869264
8048388 16081858
7952159 17869265
7912893 16081880
7677562 14860700
8064312 17869266
8101723 17869267
8048692 16081928
7929447 17417046
8085690 16081938
7955702 17869268
8038937 17869269
8047587 16081985
7988019 17869270
8047843 17869271
2640910 16082053
3775613 17160657
7996890 17869272
8048445 17869273
8048453 16082170
7703074 16082191
8004367 17869274
8063048 17869275
7683427 10852895
8084779 17869276
8084777 16082239
8084775 16082243
8084773 16082245
7914345 16082261
7926714 16082263
17869277 17869278
8038613 16082312
8063109 9983915
7955319 9983917
7955313 16082356
7946341 16082497
17869279 16082525
8198373 16082535
7909681 17869280
8051496 17869281
8014675 17869282
7993961 17869283
8048439 16082590
8048443 16082592
8076579 17869284
8048786 16082658
7911400 16082735
8013996 17417132
7955516 17869285
7955518 9984043
7955315 17160689
7930234 16082774
8062904 17869286
8039392 17869287
8048682 17869288
8048684 16082861
7997431 17869289
8048680 17869290
8048712 17869291
2638982 10543365
7930814 17869292
6823337 17869293
7979913 17869294
8039673 17869295
7956439 17869296
2634565 17869297
8029067 17869298
8067124 16083066
8047835 17869299
8029481 16083106
8101931 17869300
7646786 16083216
8063061 17869301
8048568 17869302
8048578 17869303
8039755 17869304
8063169 17869305
7939410 17869306
7974108 17869307
8048590 16083350
7940045 16083404
8047939 16083406
7955394 16083411
7955307 16083468
7914055 17869308
8093817 17869309
8083142 17869310
8048364 16083578
7943361 17869311
6864643 17869312
2643424 10543380
7927486 16083619
8047716 17869313
8048152 17869314
8048150 17869315
8048558 17869316
8048566 17869317
8047949 17869318
8003987 17869319
8098863 17869320
8029546 16083718
8029731 16083748
8014040 17869321
8084854 17869322
7997297 17869323
7697802 9984113
8039102 17869324
8048154 17869325
8048156 17869326
8013973 17869327
8048552 17869328
8048625 17869329
8030542 17869330
7925177 17869331
8030896 17869332
8048803 16083823
8029644 17869333
17869334 16083888
7923496 16083904
7997734 17869335
8047993 16083906
7922030 17869336
7955471 16083936
8030161 17869337
8048653 16084058
8035796 17869338
8003740 17869339
2646280 17869340
8065005 17869341
8097782 10543387
8072836 17869342
7928153 17869343
7996565 9584443
8048801 17869344
8038784 17869345
7955654 17869346
8063876 17869347
8048655 17869348
8048666 17869349
8047788 16084333
8043579 17869350
8047555 17869351
7914780 17869352
7689581 17869353
8030552 17869354
8047955 17869355
8022875 17869356
7625185 10543394
7911859 10853186
8048538 17869357
8048475 17869358
8048495 17869359
8038563 16084525
8047860 16084535
6853027 17869360
8029505 17869361
8029479 17869362
8047849 17417198
7946347 16084733
7946345 17417217
8083438 17869363
8048732 17869364
8030982 10543403
8048374 17869365
7683557 9584449
7631875 10543406
7912922 16084882
8031069 17869366
7980454 17869367
8159318 10543413
8067619 10543414
8063967 17869368
7626897 10543415
7955351 10041701
7964157 16085216
8048528 17869369
8048521 16085218
7914078 16085236
7690818 17869370
7908390 16085363
6823203 10543420
7997188 17869371
8014707 17869372
8038801 17869373
8047857 16085725
7682725 16085745
2649150 10543427
2635422 10041705
7953953 16085938
2650060 10543433
7961083 10543434
8013782 17869374
2641807 10543436
8094393 17869375
7700874 10543438
6846666 10543441
3881000 17869376
8029820 17869377
7922140 16086433
7922195 16086505
857187 10543447
2644849 10543448
8013358 17869378
7654540 16086727
7609906 12184332
8075601 17869379
2642415 17869380
8080119 10543466
8091731 17869381
7909661 17869382
6848644 16087488
8093531 10543473
8052526 12517642
17869383 17869384
7927981 17869385
2637558 10543485
832545 10853823
3884736 16088693
6823281 10543500
8119871 10543506
7937673 10853926
17869386 10543510
7948521 17869387
8068062 10543516
8065321 16089702
2676163 16089710
7926893 16089770
8055110 10543521
2643426 10041730
2640522 17869388
6839378 17869389
7978739 17869390
7944299 16090926
8048828 17869391
7644576 10854112
860113 17869392
8047889 17869393
8048793 17869394
8039677 17869395
833517 9584588
8048734 17869396
8027447 17869397
8099779 10543571
5134156 10543581
8074834 10543588
860718 16418191
7955359 12517713
8127466 10543594
7664528 10543605
7699392 10543610
7948023 17869398
5141892 10543617
8051892 10543618
7612314 16093941
17869399 16093944
7908258 17869400
3881187 10854644
7923505 10543629
6860356 10854693
7933715 10543639
7616105 10543641
7921678 10543644
7641945 10543656
8274269 17869401
7649448 16177939
8048806 17869402
2636979 10543681
8064668 17869403
2695569 10543712
8063099 16098378
7921409 16098889
7945927 17869404
6845325 17869405
8062939 17869406
7955213 17869407
6822715 17869408
7997435 16099254
8039704 17869409
8037619 17869410
8047855 16099294
7681321 16099296
7685659 16099298
7666987 17869411
7610028 17869412
7920401 16099479
7609838 16099602
8064129 16099646
6821868 10855411
8048672 16099682
7644047 16099684
8048674 16099686
8062902 10855413
7926508 16099791
7629542 16099833
8048427 17869413
8048431 17869414
7690896 17869415
7668873 17869416
8048584 9984534
7978096 17869417
8039720 16100143
8065224 17869418
5137329 17869419
7486648 17869420
8074536 17869421
7701973 16100217
8048633 17869422
8048651 16100310
7626066 17869423
8052748 17869424
7946351 17869425
7974874 17869426
7661942 17869427
8048493 16100438
8048481 17869428
8048842 10543772
6836725 17869429
7955790 16100788
8082082 10543779
6821102 17869430
7697497 17869431
6844944 16101008
7611678 9584793
7959060 10543788
7654121 10543789
7673912 16101232
7638861 10543798
5141909 10543804
8077650 10543810
2672556 17869432
8080392 10543819
7959761 12184489
8051149 10855805
2632265 10543859
8048736 16104693
7927187 13618441
8048738 17869433
7692587 14707368
8080123 10543891
7624229 10543900
17869434 10543902
6822774 10543910
7692479 10543917
8048720 17869435
8082060 10543926
2672335 14374873
7973953 16418805
7614606 17869436
7654074 10543956
2635658 10543957
7677250 13618632
2643999 10543970
7939539 10543974
7951888 17869437
8048743 17869438
6822912 10543991
860850 10543993
8029702 16110424
7964136 17869439
8048714 16110489
8013592 17869440
832570 14375014
17869441 17869442
8046919 10544043
7945044 9585072
7636933 10544047
7922997 10544050
2634595 9985333
2649062 10544058
7955221 16419244
7946260 16419246
7926546 10544089
8051918 10544111
8063097 17869443
7956211 16113682
3923188 16113852
2667136 16114008
8036740 17869444
7670010 14375274
7997369 17869445
7646129 17869446
7914314 10544123
7694908 17869447
7965194 10544128
2638410 17869448
6839075 17869449
6851937 17869450
8031206 10544129
7662669 17869451
7950814 10544130
7942926 9985639
8101676 10856187
7911465 10856188
7915208 10856196
8101836 10856199
8048348 10544186
6822296 17869452
7613554 9985812
6822826 10544204
7955269 16116155
8134662 13679946
8048840 17869453
8039757 16116164
2642542 10856389
2635106 9585296
7921487 16116238
2637812 10856405
8048280 16116331
7955181 16116343
8045766 9985826
7924536 17869454
8067181 17869455
7920488 16116392
7636587 16116519
6841930 17869456
7913977 10856488
8126398 17869457
8039701 14376163
7699178 17869458
8046462 17869459
7617718 10544224
7665657 17869460
7928773 11812365
7670427 17869461
2628131 17869462
7928083 17869463
6837800 17869464
8063884 17869465
7909533 16117064
8031807 14376215
7943600 17869466
860941 14376217
8064152 17869467
7690991 17869468
7629951 17869469
7651014 17869470
8042991 12517976
7618652 17869471
8064000 17869472
8105004 17869473
7620380 17869474
7692881 17869475
6822727 17869476
7624116 17869477
7942749 17869478
7921438 10544266
2635616 17869479
8069847 10890778
6838126 10544282
8074724 16119116
7973786 10857106
6841179 14377096
8062809 10544329
11814425 9585481
8051957 10857245
11817026 10857246
8051955 9987249
7914179 9987291
7672038 10544356
8047921 17869480
2643374 10544373
833487 10544380
8063173 10544392
7488458 10544394
8063171 10544404
7675745 16818840
7993745 10544412
855789 10544414
6824366 10544430
8069857 10544432
7985365 10544468
17869481 17869482
7955247 17869483
6822205 17869484
7690948 16123114
17869485 17869486
7609754 17869487
6843084 17869488
7671394 17869489
6843752 10544520
6852546 17869490
8039858 17869491
7909653 10544540
8143517 10544566
7925319 17869492
7688175 10544570
7611396 9987835
7936046 14380180
8073273 10544584
833489 10544591
7949357 10857819
8081415 9988122
834352 10544595
7942738 17418628
8048135 9988176
2644476 10544597
6822920 10858201
7492165 17869493
8063128 10544599
7694149 10591079
7636305 10591083
17869494 17869495
7700804 17869496
6852550 16129423
8048770 17869497
6850301 17869498
7930358 14381672
6850303 17869499
7673427 17869500
8066967 14347122
8082855 10544602
6852240 14708456
17869501 10461241
7955365 10544606
7964573 17869502
7997321 17869503
2644592 17869504
7946547 17869505
7702713 16131303
6826434 17869506
8048463 17869507
8013744 17869508
6856121 17869509
17869510 17869511
7673340 17869512
7652072 17869513
8048542 16131583
7953381 16131595
7921421 17869514
8082795 17869515
7702060 17869516
7697996 17869517
7924952 17869518
17869519 17869520
7974677 10544615
6821536 17869521
7686835 17869522
8068424 14383469
17869523 17869524
7673676 16420232
17869525 17869526
8048202 10461250
7936042 17869527
3913016 17869528
2639228 10544620
8125723 10544622
7940621 13621011
7940598 17869529
8104119 17869530
7950561 17869531
7673807 17869532
7623720 17869533
6820780 10544653
8277439 10544678
832914 17869534
8134534 17869535
860149 17869536
8048360 17869537
7974971 17869538
8080401 13621401
7664129 17869539
8073590 17869540
3886758 10544688
8079449 17869541
8037507 14384735
7921521 17869542
8062896 17869543
6844447 17869544
7617185 17869545
6838650 17869546
7993735 17869547
8051000 17869548
17869549 17869550
8067591 17869551
7654799 17869552
6850744 10544699
8048392 17869553
7671468 17869554
8096522 14384923
6825002 16137735
8048133 13621617
8067570 14348292
17869555 10045438
7916509 16179742
6844225 13621651
7915143 13621657
7922012 16179756
8063077 16179758
8048240 16186937
7958024 17869556
17869557 10544729
8067935 16179793
7911710 14385102
7957989 9989428
7914427 16179805
6857943 10544738
7920528 13621803
7955211 14348365
17869558 10544747
6858449 17869559
7686460 9989503
8004304 9989509
7978080 17869560
7955122 16421177
2669611 13621913
7928606 17869561
2668168 17869562
2661455 14348395
2642806 13818858
2681288 14385358
6821854 14385418
7921483 16421292
7687182 14385449
2638419 16179900
2665163 17869563
8073588 16179904
7996591 14348448
7935651 14348452
2666150 16179937
7610608 14385578
7615021 15790400
2665890 14385615
7914608 16421390
6838390 14385642
8063105 13622313
6822362 14348489
6847756 14348496
17869564 9989624
7622295 14348505
2638006 14348512
6838253 9586354
7955361 14348519
8042923 9586362
2641047 13622478
2637940 14385781
7639929 9586363
8048435 16179992
7611356 14385802
7665229 14385821
7913372 15790450
7617349 16421457
8066136 17869565
7652269 17869566
8048670 17869567
864249 13622547
17869568 10544814
6845843 9586375
8080002 16421478
7926313 12518251
6823118 12242928
6847315 13622643
8048425 14527523
6864704 14348585
7626982 16421574
8096621 13622645
8290432 10045988
6864580 14386121
6821898 14348595
8149151 14348602
2641827 9989744
7671874 14386314
8051871 17869569
7955287 17869570
7909669 17869571
8079443 17869572
7919295 17869573
2663750 14525377
8047075 9586429
8052948 17869574
7687095 17869575
7671298 14527629
6822058 14527633
3780953 14386652
8048098 17869576
7940114 10544894
7963448 13622921
8048196 10544905
7670653 14348804
6864677 9989812
7613678 14527707
859435 10544916
6840452 17869577
6839472 13623021
2636438 17869578
7699850 14348849
17869579 14527757
7701528 14348887
6820545 14527799
7701760 14348891
7673194 17869580
7624743 14387320
2613294 14387356
7648354 9586478
7911530 17869581
2653185 14527859
6845812 16142877
7974548 17869582
6841122 14527875
5140092 14527887
7644994 14527923
7923072 14349019
2701731 14527946
7925100 14527957
6847481 14528001
7681273 10545015
7951488 17869583
6849610 14528365
7665727 10545124
2660041 10545127
7958904 17869584
17869585 17869586
7958061 14389324
8084885 17869587
7613348 17869588
8084902 17869589
17869590 14389353
7611912 17869591
6822069 17869592
8030238 17869593
8048005 16146864
7649974 17869594
8064420 14389414
8048429 17869595
8048586 17869596
8048068 13822411
8048562 17869597
7955273 17869598
8102543 17869599
5141503 13623457
8004080 17869600
8046645 17869601
8052905 9990699
7917913 16147257
8038722 9586675
7924508 14349580
7952665 16147396
8063937 17869602
8065343 17869603
6851014 17869604
7916571 10461474
6841862 17869605
2603269 10545258
8031167 17869606
8069102 17869607
7638410 10545275
6825725 14528902
2601587 14391030
6843086 17869608
7912140 13822490
8078998 17869609
8052131 17869610
8048082 14391816
8048836 17869611
8039743 17869612
8048834 17869613
8048262 13822497
8063165 17869614
8048832 17869615
8048158 17869616
7933203 17869617
8066072 17869618
8084835 17869619
6821480 17869620
8048830 17869621
7946549 17869622
8047897 17869623
7994156 17869624
7916449 10545415
7699568 17869625
7624258 16150179
8032745 16150187
6844232 17869626
8029432 17869627
7953415 17869628
7632300 17869629
5137258 17869630
7653964 16150720
7649605 17869631
6840980 17869632
6860045 14392571
8098243 17869633
7613430 17869634
7960244 10545526
6843799 10545549
7956324 17869635
2640835 9991490
6854918 14529645
7645421 10545589
6849061 17869636
7649036 17869637
8048074 10545690
7656586 14710245
2635006 14529974
7644516 17869638
2641294 10858306
8099807 14351534
2635080 10545821
8048182 10461640
6837264 17869639
7914782 17869640
8054703 17869641
863586 17869642
7691202 17869643
7670401 17869644
8075216 17869645
7644021 17869646
7690306 14710691
7945714 17869647
7633600 17869648
6823240 17869649
7649661 17869650
7973704 17869651
7952130 17869652
7626326 17869653
7945642 17869654
7670178 17869655
6857961 17869656
8075492 17869657
6840871 17869658
7620242 14394645
7995738 17869659
7933270 17869660
7931787 17869661
7929059 17869662
7643096 17869663
7929425 17869664
7677149 17869665
7951395 17869666
7700973 17869667
8048532 17869668
7610069 17869669
8031283 17869670
6843567 17869671
7665359 17869672
7923527 17869673
6842909 17869674
8047933 17869675
7652486 17869676
7940647 9991957
7672789 17869677
7671211 17869678
6820547 17869679
8098213 17869680
7697782 9992158
8101868 14530731
6847303 17869681
8062888 17869682
8062886 17869683
8071244 16424668
7936681 17869684
1666223 10546205
7908612 17869685
7664133 14711592
2640869 10546222
7688942 17869686
7644246 14396448
7695540 17869687
6820737 17869688
8003685 9992892
7955231 17869689
8198443 17869690
8048759 17869691
7942688 17869692
7920412 17869693
8103978 9992932
7679777 17869694
2679609 17869695
7679229 17869696
7640551 17869697
7483374 17869698
7673761 17869699
7943232 10051637
8029398 14531653
7937675 16425522
8048242 10546475
8049030 10546476
8063157 17869700
7672002 17869701
7616385 17869702
7630848 17869703
7673803 14712325
5133677 17869704
8034647 17869705
7640714 17869706
8045161 17869707
2643822 10546548
8063140 10546559
8047981 17869708
2636509 17869709
17869710 10461837
8048338 14712582
6823207 10546643
7956207 17869711
7927472 17869712
8063038 17869713
8101760 17869714
8048264 17869715
8048782 17869716
8108951 17869717
8064332 17869718
7654918 17869719
8043327 17869720
2671421 17869721
8072773 17869722
6848014 17869723
7617076 17869724
6822048 17869725
7951368 17869726
7693957 10546665
859510 10461839
7702089 14398456
7974720 17869727
6850668 17869728
7691007 14532503
7622197 14398551
7686918 9587879
7672423 13624907
7687829 16426311
857088 12246262
7929849 10546718
7963459 17869729
8067030 10546728
7945681 10546729
17869730 12246555
7955205 14532629
17869731 12246591
860388 14398826
832908 12246610
6859358 17869732
8048252 12246616
7973895 10051789
8101765 10546756
8103540 10546757
7984294 10546759
7993548 10546760
8101674 10546762
8068623 10546763
832477 10546764
8096543 10546766
7974272 10546767
8098650 10546768
8077167 10051792
2672049 14532682
8048404 10546773
8101831 10546775
859494 10546776
7996760 10546777
8048768 16209045
6837159 13625065
2678679 10546791
7955311 13625079
7647672 16183388
8144060 14532761
7614512 14532780
2690213 14532784
17869733 13625115
6851031 14398998
6848127 9587929
2642417 14399012
7617739 16426655
7699789 13625128
8047925 14399025
2665273 16183450
7615538 14399100
7689373 17869734
8122899 14532930
8084898 17869735
7923900 17869736
8066910 17869737
7645036 17869738
17869739 17869740
7688775 17869741
7943282 17869742
6837385 16820859
8051748 17869743
2662218 14399720
6848624 17869744
7921245 9588112
7653099 17869745
7943042 17869746
8048178 17869747
7695950 10547119
7683364 17869748
7923503 17869749
7945558 17869750
8115295 17869751
8048574 17869752
7958923 17869753
7691604 17869754
7667193 17869755
860057 17869756
7690785 14714263
7666406 17869757
7615693 17869758
7617093 17869759
7911066 10547158
6821111 17869760
6840399 17869761
8093050 17869762
8084832 17869763
7914290 10461889
17869764 17869765
8098327 17869766
8048119 17869767
7915267 17869768
6820778 17869769
8048690 17869770
8048449 17869771
7934378 17869772
6821946 17869773
7611642 17869774
8035658 17869775
8048659 17869776
8097237 17869777
8064460 17869778
7616055 17869779
2636124 10547446
17869780 16187363
6848574 17869781
8048234 10547491
7955607 14401266
7932807 10054477
7617023 14401299
8080362 14401483
7913969 10547579
7914813 10547581
7914503 10547584
7915206 10054479
8013369 10547588
8104130 10547604
8051951 17165161
8063152 10461921
7648422 10547707
2644478 10547717
8039675 17869782
7676456 17869783
7956135 17869784
6824102 17869785
7615585 17869786
6820664 17869787
8057086 17869788
6849013 17869789
8048639 13823588
6864434 17869790
2657998 17869791
7659162 17869792
2634556 10461925
6822261 10547790
5142498 17869793
6841613 17869794
6847645 17869795
8046860 10461942
7916445 10461949
2693900 10547821
7920871 10547840
834345 10461959
854266 10461961
2599732 10547885
8048218 10461966
6821747 10547888
8074388 17869796
7689390 17869797
2638715 17869798
6823920 14866314
7611057 17869799
8078227 17869800
17869801 17869802
8098106 10462005
7939575 14402510
7947846 10054500
8048214 10547984
7922188 14867913
6851665 17869803
2663076 10548124
8048072 17869804
8098600 14868557
8048613 17869805
7946353 17869806
7955295 17869807
7955293 17869808
8048131 17869809
17869810 14534309
8048838 9995224
8063119 13627880
8089765 17869811
1290273 17869812
15943280 17869813
7986023 14402998
864229 9995276
7617229 14403006
7963525 17094758
8051881 17094760
2667625 17094777
8075021 9995303
2629431 14403030
12472042 16157331
7965380 14403034
7615019 13665497
8039874 14403058
8083708 16157521
8103699 14534376
7695930 14403077
7943879 14534391
5141857 9995346
2633661 9588962
834380 14403095
7912851 16157895
8196887 14403100
7700997 14534404
16007589 17869814
8083373 13627942
2636375 14534417
8076793 14534421
2697855 13627947
7670343 13627956
7942931 14534425
8082681 14403162
8039766 17869815
7955349 14534444
17869816 13627974
7679758 14403169
7920791 14403174
2637776 10057038
7622455 14403181
7616391 14403183
6821597 10548219
7646619 16210036
2678590 14403194
2672593 14403196
6841781 14403208
7673298 14403209
7973716 9588989
2670684 17095532
7993642 13627997
7611943 14534481
7921612 10548237
8050671 13665520
8048433 14534488
17869817 9589001
7611727 17869818
17869819 14403244
7922327 9995462
7627358 17095652
7955233 17095671
7616362 13628017
15009707 17095707
6842982 17095760
7688205 13628032
6844453 14403270
2676158 17869820
7622894 14534543
5135318 13628066
6849474 13628067
7615394 17869821
1399514 10548273
6851827 9589034
7953938 10548274
2635483 10548275
6823154 10548278
8030837 17096115
7609834 14684335
6823695 13628099
6824081 9589043
7687139 9995518
860021 14534588
860019 14534589
7645874 17096290
7665205 17096342
7687566 17096352
6845367 17096413
3776936 17096415
7652176 17096417
833483 17096446
7695787 9589067
2635048 17096458
7686701 17096504
6847929 17096525
7701942 17869822
8052497 17869823
2638404 13628175
7492776 14403429
7492751 17869824
7664563 14403445
7620163 17869825
7637400 14870511
7955297 13628218
2735753 10462090
7616924 17869826
7488445 10548356
2683619 9995680
2642803 13628336
7914188 10591509
7914621 10591510
7942721 14871143
832916 17869827
855720 17869828
2644596 17869829
7701804 14403643
7653248 17869830
7692697 17869831
8030485 17869832
6847317 17869833
2701598 10548437
7917253 10548445
2642699 10548464
17869834 17098059
7937148 10548470
7909752 10548471
2675646 17869835
8103555 14403811
7687510 17098731
7997349 14534917
2663724 10462113
7929958 17869836
6841063 14872263
7911576 17869837
7693011 17869838
7689909 17869839
6850710 17869840
7932766 9589364
7700895 14352932
8081872 14872950
8062824 17869841
7929070 17869842
7955255 17869843
8250480 14872987
8150561 17099813
7615356 17869844
7920397 17869845
7702580 17869846
6852566 17869847
7964849 17869848
7617674 17869849
7697870 17100103
7633712 17869850
6849018 17869851
8045697 10548707
5141688 14404232
7923695 17869852
832495 10057064
2640061 10548761
8281122 14873935
6845579 17869853
3883224 10548785
6822190 17869854
2634561 10548825
2702580 10548843
6825224 17869855
6825369 17869856
7987894 17869857
7699467 17869858
7701110 10548902
7923080 17869859
11813415 9589811
17869860 17869861
8087984 14875617
7958028 17869862
6856103 17869863
7960954 17869864
7642351 12520142
6856557 17869865
6840762 17869866
7965533 17869867
8047069 17869868
859593 10548988
8079069 17869869
2671388 10548997
8065205 17869870
6820749 17869871
6822315 10549105
7613373 9996908
7664972 10549111
854268 10549123
7985499 10549155
7955986 17869872
7959807 17869873
863736 17869874
8047953 17869875
6852541 14877624
7965460 17869876
7956317 10549179
17869877 10549204
2629020 10462223
7917565 16186484
7960235 9590320
8235130 10462284
7936689 17869878
8073617 13630140
8062754 14879406
7952439 17869879
6822013 17869880
7672223 17869881
7914005 10858353
7694593 17869882
2636521 10549432
7647759 17869883
7918740 17869884
7916926 17869885
7673873 14880385
6821228 17869886
8049933 17869887
7611920 17869888
7615366 17869889
6861072 10549442
7950702 9590557
859617 9590594
2643376 13630397
860215 10549483
7923820 16430629
7693939 17869890
2643435 10112439
7639515 17869891
7956137 17869892
7698248 17869893
7645329 17869894
8052247 17869895
2681333 17869896
7664135 10549562
833485 10549592
17869897 10549603
