17231526 17904782
17200960 17904783
17904784 17904785
17218735 17904786
14767503 17904787
14806516 17904788
17904789 17904790
17904791 17904792
17904793 17904794
17200055 17904795
17904796 17904797
17904798 17904799
17904800 17904801
17218775 17904802
17904803 17904804
17232086 17904805
17231380 17904806
17904807 17904808
14788854 17904809
17904810 17904811
17904812 17904813
17904814 17904815
17904816 17904817
14789075 17904818
17230604 17904819
17200948 17904820
17904821 17904822
17904823 17904824
17904825 17904826
17904827 17904828
17215458 17904829
17904830 17904831
17904832 17904833
17232314 17904834
17904835 17904836
17216775 17904837
17904838 17904839
14767808 17904840
17904841 17904842
17904843 17904844
17904845 17904846
14790360 17904847
17904848 17904849
17904850 17904851
17233769 17904852
17218859 17904853
17904854 17904855
17904856 17904857
17904858 17904859
17904860 17904861
14806311 17904862
17904863 17904864
17904865 17904866
17904867 17904868
17904869 17904870
17231780 17904871
17904872 17904873
17904874 17904875
17904876 17904877
17904878 17904879
17904880 17904881
17904882 17904883
17904884 17904885
17904886 17904887
17904888 17904889
17194433 17904890
17904891 17904892
14782272 17904893
17904894 17904895
17904896 17904897
17218513 17904898
17904899 17904900
17904901 17904902
17215442 17904903
17231462 17904904
17215912 17904905
17904906 17904907
17904908 17904909
17904910 17904911
17215450 17904912
14806087 17904913
17231808 17904914
17233404 17904915
17904916 17904917
17904918 17904919
17904920 17904921
17904922 17904923
17231643 17904924
17218618 17904925
17904926 17904927
17904928 17904929
17904930 17904931
17231382 17904932
17222970 17904933
17904934 17904935
17904936 17904937
17904938 17904939
17904940 17904941
17904942 17904943
14790033 17904944
17216538 17904945
17904946 17904947
17904948 17904949
17904950 17904951
17904952 17904953
14764312 17904954
17904955 17904956
17210484 17904957
17231520 17904958
3701231 17904959
17904960 17904961
17904962 17904963
17904964 17904965
17904966 17904967
17904968 17904969
17904970 17904971
17215918 17904972
17904973 17904974
17219089 17904975
14767783 17904976
17904977 17904978
17904979 17904980
17904981 17904982
17202955 17904983
17904984 17904985
17904986 17904987
17904988 17904989
17231807 17904990
17201016 17904991
17218462 17904992
14782359 17904993
14789841 17904994
17904995 17904996
17904997 17904998
17904999 17905000
17905001 17905002
17905003 17905004
14806706 17905005
17215883 17905006
17201977 17905007
17214694 17905008
17905009 17905010
17905011 17905012
17905013 17905014
17905015 17905016
17905017 17905018
17905019 17905020
17232547 17905021
17905022 17905023
17905024 17905025
17905026 17905027
17905028 17905029
17905030 17905031
17905032 17905033
14790063 17905034
17905035 17905036
17905037 17905038
17905039 17905040
17905041 17905042
17905043 17905044
17231417 17905045
17202953 17905046
17216807 17905047
17905048 17905049
17905050 17905051
17905052 17905053
17905054 17905055
17231529 17905056
17215447 17905057
17905058 17905059
17905060 17905061
17905062 17905063
17214712 17905064
17215080 17905065
17218776 17905066
17215626 17905067
17214714 17905068
17218741 17905069
17905070 17905071
17905072 17905073
17206549 17905074
17905075 17905076
17231806 17905077
17905078 17905079
17194653 17905080
17905081 17905082
17905083 17905084
17201228 17905085
17905086 17905087
17905088 17905089
17905090 17905091
17905092 17905093
17231383 17905094
17202671 17905095
17215445 17905096
17214729 17905097
17905098 17905099
17905100 17905101
17232437 17905102
17905103 17905104
17905105 17905106
17231720 17905107
2709746 17905108
13813064 17905109
17905110 17905111
17905112 17905113
17905114 17905115
17214724 17905116
17215907 17905117
17905118 17905119
17905120 17905121
17905122 17905123
17905124 17905125
17905126 17905127
17905128 17905129
17905130 17905131
17233406 17905132
17905133 17905134
17905135 17905136
17210481 17905137
17231527 17905138
17231377 17905139
17231531 17905140
17218737 17905141
17214713 17905142
17905143 17905144
17905145 17905146
17194441 17905147
17216445 17905148
17201223 17905149
17206385 17905150
17905151 17905152
17905153 17905154
17905155 17905156
17232923 17905157
17905158 17905159
17232947 17905160
16216644 17905161
17200133 17905162
17194566 17905163
17905164 17905165
17210597 17905166
17905167 17905168
17905169 17905170
17905171 17905172
17232551 17905173
17905174 17905175
17231860 17905176
17905177 17905178
17202956 17905179
9522589 17905180
17201358 17905181
17213083 17905182
17905183 17905184
17905185 17905186
17905187 17905188
17905189 17905190
17214723 17905191
17905192 17905193
17218774 17905194
17233398 17905195
17233407 17905196
14801477 17905197
17905198 17905199
17905200 17905201
17233399 17905202
17215464 17905203
17214727 17905204
17905205 17905206
17228498 17905207
17905208 17905209
17905210 17905211
17905212 17905213
17905214 17905215
17905216 17905217
17231384 17905218
17215884 17905219
17905220 17905221
17905222 17905223
17905224 17905225
17905226 17905227
17905228 17905229
17905230 17905231
17905232 17905233
17214725 17905234
17905235 17905236
17905237 17905238
17905239 17905240
17905241 17905242
14793390 17905243
17905244 17905245
17231641 17905246
17905247 17905248
17905249 17905250
17905251 17905252
14790039 17905253
17194458 17905254
17905255 17905256
17905257 17905258
17905259 17905260
17905261 17905262
17232482 17905263
17905264 17905265
17905266 17905267
17905268 17905269
17905270 17905271
17905272 17905273
17220220 17905274
17905275 17905276
17218923 17905277
13813363 17905278
16012944 17905279
14782352 17905280
14786087 17905281
17905282 17905283
17905284 17905285
17905286 17905287
17905288 17905289
17905290 17905291
17905292 17905293
17200945 17905294
17215453 17905295
17905296 17905297
17905298 17905299
14780894 17905300
17199060 17905301
17905302 17905303
17905304 17905305
17905306 17905307
17905308 17905309
17201388 17905310
17201359 17905311
17905312 17905313
17905314 17905315
17905316 17905317
17905318 17905319
14770997 17905320
17215466 17905321
17905322 17905323
17905324 17905325
17215625 17905326
17215454 17905327
17905328 17905329
17905330 17905331
17905332 17905333
17905334 17905335
17215627 17905336
17218773 17905337
17231450 17905338
17905339 17905340
17218734 17905341
17905342 17905343
17231445 17905344
17905345 17905346
17231682 17905347
17905348 17905349
17905350 17905351
17233400 17905352
17233401 17905353
17905354 17905355
17905356 17905357
17905358 17905359
17905360 17905361
17905362 17905363
17231461 17905364
17201222 17905365
17232993 17905366
17905367 17905368
17905369 17905370
17201019 17905371
17905372 17905373
17905374 17905375
17905376 17905377
17905378 17905379
17231974 17905380
17905381 17905382
17905383 17905384
17905385 17905386
17905387 17905388
17215857 17905389
13813241 17905390
17905391 17905392
17905393 17905394
17218959 17905395
17215465 17905396
17905397 17905398
17200130 17905399
17200961 17905400
17905401 17905402
17215457 17905403
17905404 17905405
17905406 17905407
17905408 17905409
17905410 17905411
17232983 17905412
17905413 17905414
17905415 17905416
17905417 17905418
17905419 17905420
17905421 17905422
17201411 17905423
17228552 17905424
17218742 17905425
17905426 17905427
1178381 17905428
17231660 17905429
17905430 17905431
17214710 17905432
17214777 17905433
17218463 17905434
17905435 17905436
17232313 17905437
17905438 17905439
17905440 17905441
17905442 17905443
17905444 17905445
17905446 17905447
17218965 17905448
17905449 17905450
17200941 17905451
17905452 17905453
17231532 17905454
17905455 17905456
17905457 17905458
17218605 17905459
17905460 17905461
17215641 17905462
17233408 17905463
17231538 17905464
17905465 17905466
17905467 17905468
17905469 17905470
17905471 17905472
17905473 17905474
17905475 17905476
17905477 17905478
17905479 17905480
17905481 17905482
17905483 17905484
17224324 17905484
17905485 17905486
17905487 17905488
17215624 17905489
17215720 17905490
17905491 17905492
17905493 17905494
17905495 17905496
17905497 17905498
14768153 17905499
1169898 17905500
17905501 17905502
17905503 17905504
17905505 17905506
17905507 17905508
17905509 17905510
17905511 17905512
17215444 17905513
17905514 17905515
14767841 17905516
17905517 17905518
17905519 17905520
17905521 17905522
17905523 17905524
17905525 17905526
17905527 17905528
17905529 17905530
17233152 17905531
17233194 17905532
2712279 17905533
17202670 17905534
17905535 17905536
17905537 17905538
17905539 17905540
17905541 17905542
17905543 17905544
17905545 17905546
17905547 17905548
17215461 17905549
17233767 17905550
17231721 17905551
17905552 17905553
17232131 17905554
17200310 17905555
17231387 17905556
17215517 17905557
17195107 17905558
17215446 17905559
17905560 17905561
17905562 17905563
17905564 17905565
17905566 17905567
17233773 17905568
17231376 17905569
17905570 17905571
17905572 17905573
17194442 17905574
14790802 17905575
17905576 17905577
17194455 17905578
17905579 17905580
17905581 17905582
17905583 17905584
17905585 17905586
17905587 17905588
17206208 17905589
17207084 17905590
17905591 17905592
17233385 17905593
17905594 17905595
17214735 17905596
14791591 17905597
14772398 17905598
17905599 17905600
17195128 17905601
17905602 17905603
17905604 17905605
17905606 17905607
17905608 17905609
17201066 17905610
17216452 17905611
17200131 17905612
17905613 17905614
17202899 17905615
17905616 17905617
17905618 17905619
17905620 17905621
14806878 17905622
17905623 17905624
17218620 17905625
17905626 17905627
17233700 17905628
17231647 17905629
17905630 17905631
17905632 17905633
17905634 17905635
17231448 17905636
17905637 17905638
17231446 17905639
17202672 17905640
17905641 17905642
17905643 17905644
17231792 17905645
17905646 17905647
17231447 17905648
17231983 17905649
17232982 17905650
17905651 17905652
17905653 17905654
17216005 17905655
17905656 17905657
17201983 17905658
17905659 17905660
17905661 17905662
17905663 17905664
17905665 17905666
17231537 17905667
17200756 17905668
17905669 17905670
17905671 17905672
17905673 17905674
17201046 17905675
17905676 17905677
17905678 17905679
17905680 17905681
17215791 17905682
17231358 17905683
17232012 17905684
17218778 17905685
17905686 17905687
17905688 17905689
14806400 17905690
17218887 17905691
17905692 17905693
17207218 17905694
17905695 17905696
17905697 17905698
17905699 17905700
17202960 17905701
17232101 17905702
17232893 17905703
17215443 17905704
17232100 17905705
17218903 17905706
17905707 17905708
17905709 17905710
17905711 17905712
17905713 17905714
17905715 17905716
17905717 17905718
17232308 17905719
17233386 17905720
14595277 17905721
17905722 17905723
17905724 17905725
17905726 17905727
14806933 17905728
14806929 17905729
17905730 17905731
14806935 17905732
14806931 17905733
17905734 17905735
17905736 17905737
17905738 17905739
17905740 17905741
17215436 17905742
17905743 17905744
14572868 17905745
17905746 17905747
17905748 17905749
17905750 17905749
17905751 17905752
17905753 17905754
17905755 17905756
17905757 17905758
17218690 17905759
17905760 17905761
17905762 17905763
17905764 17905765
17905766 17905767
17905768 17905769
17905770 17905771
17905772 17905773
17905774 17905775
17905776 17905777
17232451 17905778
17905779 17905780
17905781 17905782
17905783 17905784
17905785 17905786
17233772 17905787
17905788 17905789
17233771 17905790
17233774 17905791
17233387 17905792
17905793 17905794
17905795 17905796
17206560 17905797
17905798 17905799
17231919 17905800
17905801 17905802
17216599 17905803
17905804 17905805
17905806 17905807
17905808 17905809
17905810 17905811
17905812 17905813
13814029 17905814
17194941 17905815
17200947 17905816
17905817 17905818
17232450 17905819
17232452 17905820
17905821 17905822
17905823 17905824
17905825 17905826
17905827 17905828
17216620 17905829
17201008 17905830
17231443 17905831
17905832 17905833
17905834 17905835
17905836 17905837
17905838 17905839
17905840 17905841
17233410 17905842
17231798 17905843
17231684 17905844
17231799 17905845
17215531 17905846
17233411 17905847
17905848 17905849
17905850 17905851
17231982 17905852
17232222 17905853
17206622 17905854
17201398 17905855
17202957 17905856
17905857 17905858
17905859 17905860
17905861 17905862
17905863 17905864
17905865 17905866
17905867 17905868
17905869 17905870
17214695 17905871
17905872 17905873
17196147 17905874
17905875 17905876
17905877 17905878
17905879 17905880
17905881 17905882
17231645 17905883
17231722 17905884
17905885 17905886
17905887 17905888
17905889 17905890
17225356 17905891
17232492 17905892
17905893 17905894
17905895 17905896
17218459 17905897
17233389 17905898
17216043 17905899
17215452 17905900
14794648 17905901
1171497 17905902
17202986 17905903
14767359 17905904
17231642 17905905
17905906 17905907
17905908 17905909
17215468 17905910
17231535 17905911
17201044 17905912
17201445 17905913
17231493 17905914
17207216 17905915
17231648 17905916
17231637 17905917
17233390 17905918
14758452 17905919
17905920 17905921
17214720 17905922
17905923 17905924
17215879 17905925
17216060 17905926
17218877 17905927
14791555 17905928
17905929 17905930
17905931 17905932
17231533 17905933
17202958 17905934
17194567 17905935
17214888 17905936
17905937 17905938
17905939 17905940
17905941 17905942
17905943 17905944
17905945 17905946
17905947 17905948
17905949 17905950
17905951 17905952
17905953 17905954
17231444 17905955
14786575 17905956
17233759 17905957
17905958 17905959
17905960 17905961
17905962 17905963
17194444 17905964
17206579 17905965
17201214 17905966
17231880 17905967
17905968 17905969
17905970 17905971
4746795 17905972
17905973 17905974
17905975 17905976
17200944 17905977
17905978 17905979
17905980 17905981
17201386 17905982
17905983 17905984
17905985 17905986
17905987 17905988
2544200 17905989
17905990 17905991
17905992 17905993
17218770 17905994
17215456 17905995
17905996 17905997
17905998 17905999
17231635 17906000
17200053 17906001
17906002 17906003
17906004 17906005
17200946 17906006
17906007 17906008
17906009 17906010
17231644 17906011
17231639 17906012
17214772 17906013
17195052 17906014
17216596 17906015
17200951 17906016
17202666 17906017
17232472 17906018
17194534 17906019
17201048 17906020
17906021 17906022
17231692 17906023
17200149 17906024
17231536 17906025
17906026 17906027
17198873 17906028
17906029 17906030
17906031 17906032
17201032 17906033
17906034 17906035
17200129 17906036
17231517 17906037
17200725 17906038
17231534 17906039
17201049 17906040
17906041 17906042
17207096 17906043
17231896 17906044
17906045 17906046
14801785 17906047
17215762 17906048
17209607 17906049
14767539 17906050
17209755 17906051
14789903 17906052
16216604 17906053
17228034 17906054
17222974 17906055
17201408 17906056
17200668 17906057
14808781 17906058
17214703 17906059
17202990 17906060
17216817 17906061
16215872 17906062
14767200 17906063
14763166 17906064
14769202 17906065
14764966 17906066
17218509 17906067
14771645 17906068
17200123 17906069
17233630 17906070
1177896 17906071
17218825 17906072
17219139 17906073
17231219 17906074
17906075 17906076
17202768 17906077
17206386 17906078
17906079 17906080
17906081 17906082
14716862 17906083
17202936 17906084
17906085 17906086
14795087 17906087
17906088 17906089
17906090 17906091
17233417 17906092
17233412 17906093
17233416 17906094
16271858 17906095
17233413 17906096
17232473 17906097
17233414 17906098
17233415 17906099
17231705 17906100
17906101 17906102
17213225 17906103
17233777 17906104
17206388 17906105
17223349 17906106
17906107 17906108
17906109 17906110
15868180 17906111
15874343 17906112
17214779 17906113
17216872 17906114
17198992 17906115
17198881 17906116
17199157 17906117
17202697 17906118
17223350 17906119
17194796 17906120
17233343 17906121
14785496 17906122
17194757 17906123
4073875 17906124
17195067 17906125
17201356 17906126
17194758 17906127
2541474 17906128
17046437 17906129
17906130 17906131
17211157 17906132
17906133 17906134
15921470 17906135
17211328 17906136
17906137 17906138
3432570 17906139
17906140 17906141
17230624 17906142
13813075 17906143
17201374 17906144
17219119 17906145
17200150 17906146
17213161 17906147
17195136 17906148
17194628 17906149
17906150 17906151
17906152 17906153
17196140 17906154
17218973 17906155
17195137 17906156
16215869 17906157
17211366 17906158
17209612 17906159
13817901 17906160
17209606 17906161
17906162 17906163
17200085 17906164
17906165 17906166
17906167 17906168
17906169 17906170
17906171 17906172
1178461 17906173
17906174 17906175
17906176 17906177
17906178 17906179
16272192 17906180
17906181 17906182
17906183 17906184
17906185 17906186
17906187 17906188
17906189 17906190
17906191 17906192
17906193 17906194
17906195 17906196
14790353 17906197
17906198 17906199
17232689 17906200
1178385 17906201
1171493 17906202
17906203 17906204
17906205 17906206
17906207 17906208
14790194 17906209
17906210 17906211
15830495 17906212
17906213 17906214
17906215 17906216
17906217 17906218
17906219 17906220
1178443 17906221
17218771 17906222
17906223 17906224
17906225 17906226
17906227 17906228
17906229 17906230
1174150 17906231
1062279 17906232
17906233 17906234
16264133 17906235
17906236 17906237
17906238 17906239
17906240 17906241
17906242 17906243
17906244 17906245
17906246 17906247
17906248 17906249
17906250 17906251
17906252 17906253
17906254 17906255
1178391 17906256
1174156 17906257
15587415 17906258
17906259 17906260
14578939 17906261
17906262 17906263
17906264 17906265
17906266 17906267
14803830 17906268
17906269 17906270
17906271 17906272
17906273 17906274
17906275 17906276
17906277 17906278
17906279 17906280
12655115 17906281
17906282 17906283
17906284 17906285
17906286 17906287
17906288 17906289
17906290 17906291
17906292 17906293
17206232 17906294
17906295 17906296
17906297 17906298
17906299 17906300
1178463 17906301
17906302 17906303
1175289 17906304
17906305 17906306
14790331 17906307
1177908 17906308
17198911 17906309
17906310 17906311
3185056 17906312
2662010 17906313
17906314 17906315
17213861 17906316
17201477 17906317
14789782 17906318
1174152 17906319
17232941 17906320
17194523 17906321
14768115 17906322
17202810 17906323
17906324 17906325
3057161 17906326
14776707 17906327
17906328 17906329
2676718 17906330
17906331 17906332
17218872 17906333
17201029 17906334
17206358 17906335
12672037 17906336
17906337 17906338
17201452 17906339
14784641 17906340
17201364 17906341
17906342 17906343
17233392 17906344
17228616 17906345
11925060 17906346
17218733 17906347
14795057 17906348
14758365 17906349
17906350 17906351
17216537 17906351
14790221 17906352
17906353 17906354
17906355 17906356
17906357 17906358
17906359 17906360
17215434 17906361
17220219 17906362
17200126 17906363
17231577 17906364
14789883 17906365
17906366 17906367
17218832 17906368
17207083 17906369
17201541 17906370
17218763 17906371
17195127 17906372
17906373 17906374
17906375 17906376
17194484 17906377
17215081 17906378
2729951 17906379
17906380 17906381
17194432 17906382
17233203 17906383
77337 17906384
12158293 17906385
14565461 17906386
17194722 17906387
14776692 17906388
17906389 17906390
16217831 17906391
17194514 17906392
971506 17906393
17214715 17906394
17208344 17906395
17906396 17906397
14805863 17906398
17906399 17906400
17206751 17906401
17216159 17906402
17202244 17906403
2698240 17906404
17202952 17906405
17229514 17906406
17906407 17906408
17205126 17906409
17195080 17906410
17906411 17906412
17906413 17906414
14806290 17906415
4811283 17906416
14806313 17906417
14587545 17906418
17906419 17906420
17195118 17906421
17906422 17906423
17202945 17906424
17195116 17906425
15948971 17906426
14775603 17906427
14808840 17906428
1808593 17906429
17218754 17906430
17906431 17906432
11348232 17906433
17211115 17906434
17219163 17906435
17218935 17906436
17201017 17906437
17906438 17906439
17906440 17906441
12166341 17906442
3931616 17906443
16265390 17906444
17229303 17906445
17906446 17906447
17206364 17906448
17906449 17906450
17232132 17906451
17230605 17906452
17228637 17906453
17195021 17906454
17195112 17906455
17233420 17906456
17233421 17906457
17230606 17906458
17232135 17906459
17222949 17906460
17233422 17906461
17906462 17906463
17906464 17906465
17216061 17906466
17906467 17906468
17906469 17906470
17906471 17906472
17195089 17906473
17906474 17906475
17906476 17906477
17906478 17906479
17202043 17906480
17906481 17906482
17906483 17906484
17215782 17906485
17906486 17906487
17906488 17906489
17232246 17906490
14769885 17906491
17201038 17906492
17906493 17906494
17196451 17906495
17906496 17906497
17906498 17906499
17906500 17906501
17906502 17906503
17906504 17906505
17906506 17906507
17906508 17906509
17906510 17906511
17906512 17906513
17229276 17906514
17906515 17906516
17906517 17906518
17906519 17906520
17231714 17906521
17906522 17906523
17906524 17906525
17201396 17906526
17906527 17906528
17230786 17906529
17230791 17906530
17906531 17906532
17906533 17906534
17906535 17906536
17906537 17906538
17906539 17906540
17906541 17906542
17906543 17906544
17231466 17906545
17906546 17906547
17906548 17906549
17906550 17906551
17906552 17906553
17906554 17906555
9564995 17906556
1171547 17906557
17216539 17906558
17906559 17906560
1914949 17906561
17218767 17906562
17906563 17906564
17906565 17906566
17906567 17906568
17233409 17906569
17906570 17906571
17906572 17906573
17906574 17906575
17229135 17906576
17906577 17906578
17906579 17906580
17218739 17906581
17231427 17906582
17906583 17906582
17906584 17906585
17906586 17906587
17906588 17906589
17202749 17906590
17906591 17906592
17906593 17906594
17906595 17906596
17906597 17906598
17906599 17906600
17906601 17906602
17906603 17906604
17906605 17906606
17906607 17906608
17906609 17906610
17906611 17906612
17906613 17906614
17906615 17906616
17906617 17906618
17215553 17906619
17906620 17906621
17906622 17906623
17906624 17906625
14792931 17906626
17906627 17906628
17906629 17906630
17906631 17906632
17906633 17906634
17906635 17906636
17906637 17906638
17906639 17906640
17906641 17906642
17906643 17906644
17906645 17906646
17906647 17906648
17906649 17906650
17906651 17906652
17906653 17906654
17906655 17906656
17906657 17906658
17906659 17906660
14771297 17906661
17906662 17906663
17906664 17906665
17906666 17906667
17906668 17906669
17231355 17906670
17906671 17906672
17906673 17906674
17906675 17906676
17195134 17906677
17906678 17906679
17906680 17906681
17906682 17906683
17201850 17906684
14516904 17906685
17906686 17906687
17906688 17906689
17232061 17906690
17906691 17906692
17906693 17906694
17906695 17906696
17906697 17906698
17906699 17906700
17906701 17906702
17906703 17906704
17194428 17906705
17906706 17906707
17231460 17906708
17906709 17906710
17906711 17906712
17231401 17906713
17906714 17906715
17202795 17906716
17906717 17906718
17906719 17906720
1729967 17906721
16260625 17906722
17209092 17906723
12167083 17906724
1737749 17906725
17222951 17906726
17906286 17906727
2726931 17906728
17200953 17906729
17226800 17906730
17906731 17906732
17906733 17906734
17195066 17906735
17231510 17906736
17906737 17906738
17906739 17906740
11912223 17906741
17906742 17906743
17906744 17906745
17906746 17906747
17202056 17906748
11845014 17906749
17906750 17906751
17228774 17906752
17906753 17906754
17906755 17906756
17201360 17906757
17906758 17906759
13817739 17906760
17906761 17906762
17906763 17906764
17906765 17906766
17214702 17906767
17906768 17906769
1178379 17906770
17202032 17906771
17906772 17906773
17906774 17906775
14807033 17906776
13813092 17906777
14786005 17906778
4246185 17906779
17906780 17906781
17906782 17906783
17215448 17906784
17906785 17906786
17231661 17906787
14770252 17906788
17906789 17906790
17201221 17906791
17210596 17906792
14782270 17906793
17231800 17906794
17231782 17906795
17231787 17906796
14805422 17906797
17200940 17906798
17206548 17906799
17233402 17906800
17219614 17906801
17906802 17906803
17231788 17906804
17232401 17906805
17231795 17906806
17206628 17906807
14784864 17906808
17906809 17906810
8471303 17906811
17201917 17906812
17231638 17906813
17906814 17906815
17215881 17906816
17906817 17906818
17214721 17906819
17215518 17906820
17906821 17906822
14587539 17906823
17906824 17906825
17906826 17906827
17906828 17906829
17200125 17906830
17906831 17906832
17906833 17906834
17906835 17906836
17906837 17906838
17215435 17906839
17906840 17906841
17906842 17906843
17231522 17906844
2739051 17906845
2675780 17906846
17906847 17906848
17233393 17906849
17906850 17906851
17906852 17906853
17215437 17906854
17194525 17906855
14787078 17906856
17906857 17906858
17216774 17906859
17906860 17906861
17214775 17906862
17906863 17906864
17906865 17906866
17906867 17906868
17218460 17906869
17231521 17906870
17906871 17906872
17906873 17906874
17906875 17906876
17906877 17906878
17233394 17906879
17214711 17906880
17214731 17906881
17215433 17906882
17206564 17906883
17906884 17906885
17906886 17906887
17906888 17906889
17906890 17906891
17906892 17906893
3890103 17906894
17218738 17906895
17210506 17906896
17231785 17906897
14805609 17906898
17906899 17906900
17906901 17906902
13817401 17906903
2618754 17906904
17906905 17906906
17906907 17906908
17906909 17906910
17906911 17906912
17906913 17906914
14782264 17906915
17214719 17906916
17200942 17906917
17231790 17906918
17231804 17906919
4678376 17906920
17200128 17906921
17906922 17906923
17200949 17906924
17231388 17906925
17906926 17906927
17906928 17906929
17906930 17906931
17201220 17906932
17195084 17906933
17906934 17906935
17232301 17906936
17906937 17906938
17215911 17906939
17906940 17906941
14800911 17906942
17233768 17906943
17194429 17906944
17906945 17906946
17906947 17906948
14790135 17906949
17195083 17906950
17906951 17906952
17906953 17906954
17231783 17906955
17232890 17906956
17194655 17906957
17906958 17906959
17906960 17906961
17906962 17906963
17906964 17906965
14767764 17906966
17906967 17906968
14793097 17906969
2649871 17906970
17906971 17906972
17232119 17906973
17906974 17906975
17233147 17906976
14775503 17906977
17215441 17906978
17906979 17906980
17906981 17906982
2591510 17906983
17218757 17906984
17906985 17906986
17906987 17906988
17906989 17906990
17906991 17906992
17906993 17906994
14805804 17906995
17906996 17906997
2734701 17906998
17906999 17907000
17907001 17907002
17907003 17907004
14805813 17907005
17907006 17907007
17907008 17907009
17210529 17907010
17907011 17907012
83314 17907013
17907014 17907015
17907016 17907017
17907018 17907019
17194466 17907020
17907021 17907022
17215807 17907023
17215805 17907024
17215806 17907025
17907026 17907027
17195141 17907028
17907029 17907030
17907031 17907032
17907033 17907034
14807512 17907035
17907036 17907037
17907038 17907039
17907040 17907041
17907042 17907043
17907044 17907045
17907046 17907047
17217667 17907048
17907049 17907050
17907051 17907052
17907053 17907054
17907055 17907056
17907057 17907058
17907059 17907060
17907061 17907062
14805861 17907063
17215155 17907064
17907065 17907066
17907067 17907068
17907069 17907070
17907071 17907072
17202668 17907073
17907074 17907075
17202634 17907076
17907077 17907078
17907079 17907080
17907081 17907082
17907083 17907084
17907085 17907086
17907087 17907088
17232130 17907089
17907090 17907091
17206747 17907092
17214730 17907093
14787287 17907094
17214716 17907095
17907096 17907097
17907098 17907099
17907100 17907101
17215858 17907102
17202092 17907103
17196149 17907104
17907105 17907106
17907107 17907108
17232549 17907109
17232550 17907110
17215910 17907111
17907112 17907113
14805957 17907114
17907115 17907116
17214699 17907117
17907118 17907119
17907120 17907121
17231528 17907122
14805979 17907123
17907124 17907125
17907126 17907127
17907128 17907129
14806328 17907130
17907131 17907132
17231856 17907133
1169942 17907134
17907135 17907136
17907137 17907138
17907139 17907140
17907141 17907142
17907143 17907144
17907145 17907146
17907147 17907148
17907149 17907150
17907151 17907152
17218926 17907153
17231523 17907154
17194468 17907155
17907156 17907157
17907158 17907159
17907160 17907161
17907162 17907163
17907164 17907165
14846201 17907166
17231524 17907167
17907168 17907169
17214726 17907170
17907171 17907172
17215951 17907173
17907174 17907175
17907176 17907177
17231700 17907178
17194669 17907179
17907180 17907181
17231781 17907182
17231779 17907183
17907184 17907185
17907186 17907187
17907188 17907189
17907190 17907191
17907192 17907193
2660229 17907194
17202667 17907195
17907196 17907197
17907198 17907199
17907200 17907201
17214728 17907202
17231797 17907203
3275896 17907204
17907205 17907206
17231789 17907207
17231791 17907208
17231786 17907209
17231796 17907210
17214639 17907211
17907212 17907213
17907214 17907215
17200140 17907216
17219164 17907217
17907218 17907219
17231793 17907220
17907221 17907222
17200127 17907223
17233200 17907224
14805412 17907225
17907226 17907227
17907228 17907229
17231573 17907230
17231519 17907231
17231465 17907232
17231540 17907233
17231385 17907234
17202669 17907235
17907236 17907237
17907238 17907239
17907240 17907241
17907242 17907243
17907244 17907245
17214858 17907246
17231375 17907247
17231390 17907248
17215438 17907249
17907250 17907251
17907252 17907253
17232315 17907254
17215790 17907255
17231646 17907256
17907257 17907258
17907259 17907260
17215455 17907261
17907262 17907263
17907264 17907265
17907266 17907267
17907268 17907269
17907270 17907271
17201387 17907272
17215440 17907273
17231777 17907274
17194443 17907275
17215882 17907276
17907277 17907278
17907279 17907280
17907281 17907282
17907283 17907284
17232102 17907285
17233391 17907286
17233403 17907287
17231920 17907288
17907289 17907290
17907291 17907292
17907293 17907294
17907295 17907296
17907297 17907298
17907299 17907300
17907301 17907302
17907303 17907304
17210432 17907305
14790382 17907306
17231386 17907307
17907308 17907309
17907310 17907311
17907312 17907313
17233770 17907314
17231449 17907315
17907316 17907317
14779244 17907318
17201018 17907319
17214709 17907320
17231640 17907321
17228027 17907322
17907323 17907324
17907325 17907326
17907327 17907328
17907329 17907330
17907331 17907332
17907333 17907334
17233779 17907335
2683264 17907336
17907337 17907338
17907339 17907340
17201919 17907341
17907342 17907343
14806208 17907344
14806354 17907345
17907346 17907347
17907348 17907349
17907350 17907351
17210483 17907352
14782530 17907353
14806231 17907354
14806235 17907355
17907356 17907357
17231525 17907358
17233114 17907359
17201031 17907360
17907361 17907362
17907363 17907364
17907365 17907366
17233076 17907367
17201045 17907368
17907369 17907370
17907371 17907372
17907373 17907374
17907375 17907376
17907377 17907378
17200962 17907379
17907380 17907381
17907382 17907383
17907384 17907385
14806251 17907386
17214863 17907387
14806253 17907388
17200327 17907389
17907390 17907391
17232946 17907392
17907393 17907394
17210551 17907395
17907396 17907397
17907398 17907399
1178030 17907400
17907401 17907402
14791496 17907403
14806280 17907404
14767803 17907405
17215449 17907406
17907407 17907408
17214700 17907409
17215439 17907410
17907411 17907412
17215621 17907413
17907414 17907415
17907416 17907417
17907418 17907419
17215952 17907420
17907421 17907422
14758636 17907423
17215908 17907424
17218790 17907425
17215516 17907426
17215718 17907427
17201047 17907428
17218461 17907429
17194517 17907430
17907431 17907432
17214718 17907433
17907434 17907435
13815693 17907436
17231784 17907437
17907438 17907439
17216471 17907440
17210482 17907441
17216004 17907442
17215719 17907443
14806300 17907444
17907445 17907446
17907447 17907448
17218464 17907449
17219404 17907450
17907451 17907452
17233395 17907453
17214717 17907454
17206231 17907455
17233396 17907456
17907457 17907458
17206214 17907459
17214776 17907460
17907461 17907462
17907463 17907464
17907465 17907466
17907467 17907468
17219083 17907469
17907470 17907471
14793931 17907472
14794887 17907473
17907474 17907475
17219161 17907476
17907477 17907478
17907479 17907480
17907481 17907482
17907483 17907484
17907485 17907486
17907487 17907488
14806480 17907489
14806501 17907490
17907491 17907492
17907493 17907494
16274100 17907495
17907496 17907497
17907498 17907499
17907500 17907501
17907502 17907503
17907504 17907505
17907506 17907507
17907508 17907509
17233090 17907510
17907511 17907512
17907513 17907514
17907515 17907516
17907517 17907518
17907519 17907520
17907521 17907522
17233397 17907523
17907524 17907525
17231379 17907526
14564515 17907527
17907528 17907529
17202049 17907530
17231457 17907531
14772951 17907532
17907533 17907534
17200943 17907535
17231794 17907536
17231378 17907537
17231530 17907538
17231381 17907539
17231374 17907540
14475889 17907541
15312962 17907542
