221473 13813519
287974 18293608
287974 13815422
287974 13815432
527618 18293609
588839 18293610
135908 18293611
14994017 18293612
233162 18293613
1536056 18293614
513462 18293615
491131 13816396
3745029 12551230
2332572 18293616
146861 18293617
3741661 13816432
412431 18293618
136230 18293619
1752846 18293620
10578974 18293621
3742469 13816470
2319322 18293622
153513 18293623
3580265 13816491
309601 13816501
244053 18293624
202794 18293625
185936 18293626
16428927 13816510
3744213 13816510
351849 13816510
614180 13816510
115767 13816510
590874 18293627
481154 18293628
576740 18293629
641571 18293630
130327 18293631
1756409 18293632
14991949 13816513
16425654 13816513
1520818 18293633
510877 13816523
483762 13816523
3740093 13816523
16415886 13816523
129637 18293634
139017 18293635
18293636 18293637
337601 13816526
460971 12551234
697581 18293638
3818971 18293639
18293640 18293641
154408 18293642
3668573 13816551
16417440 13816551
18170568 18293643
212479 13816557
1362202 13816557
3786900 13816557
2207656 18293644
18019101 18293645
3742515 13816564
2538716 13816564
18293646 13816564
16416940 13816564
3788256 18293647
237626 18293648
1827718 18293649
500489 18293650
439347 13816577
18293651 18293652
2018470 18293653
706855 13816585
16416233 13816585
3744119 13816585
16426010 18293654
4021421 13816598
810332 18293655
12638865 18293656
14990250 13816603
12785861 13816603
632968 13816603
3737695 13816605
3878463 13816605
1432668 13816605
1450093 13816605
16416632 18293657
18293658 18293659
12169826 18293660
1432787 18293661
16242452 13816608
132892 13816608
99462 13816608
16423646 13816608
122257 13816608
3586420 18293662
18293663 18293664
746208 18293665
7711566 13816612
138261 13816612
14993667 18293666
14991827 13816623
16308034 18293667
3814141 18293667
14991445 13816629
14991919 13816629
634396 18293668
16425908 18293669
1870117 13816635
7787469 13816635
273308 18293670
2257935 12551242
1185427 13816637
747376 18293671
14992349 13816645
1442809 13816645
18169163 18293672
3578847 13816647
16427712 13816647
563894 13816647
3303519 13816649
3783373 13816649
3583085 13816649
12611891 18293673
526814 18293673
1485479 13816653
16416801 13816653
1524225 13816653
124231 18293674
1398968 13816655
3751820 13816655
595514 18293675
388662 18293676
16429666 13816658
3665204 13816658
16272451 18293677
1384676 18293678
220979 18293679
3579360 12551244
551305 12551244
2476554 18293680
6504780 18293681
3787151 18293682
788710 13816668
1319593 13816668
16428158 13816668
455452 13816668
18013649 13816668
15970283 18293683
16428160 12551246
1354010 12551246
18293684 18293685
3787237 18293686
16428672 18293687
204700 13816681
2100035 13816681
16416236 13816681
4503087 18293688
1351409 18293689
16428601 18293690
699720 13816688
1433100 13816688
1348063 18293691
259441 12551250
1392034 18293692
3752065 18293693
644403 12551251
3799817 18293694
3789467 13816702
10466996 13816702
2331592 13816702
223716 18293695
574018 18293696
999982 18293697
880896 13816707
14992124 13816707
16416231 13816707
1560787 18293698
16417845 12551254
16427213 12551254
3320850 12551254
1362520 12551254
18171977 18293699
3768662 18293700
686911 13816741
16417004 13816741
1438326 13816741
14996101 13816741
14991169 18293701
440097 18293702
2198885 18293703
1954031 18293704
1321073 12551257
1441122 12551257
3752336 12551257
16416229 12551257
999595 18293705
18170043 18293706
3588452 18293707
491089 18293708
1319756 13816742
2331590 13816742
18293709 13816742
16424071 13816742
1010569 18293710
1008534 18293711
18293712 18293713
3757794 18293713
16423975 12551259
16417311 12551259
475758 18293714
238710 18293715
18171992 18293716
1432174 13816748
3659512 13816748
14992832 13816748
12676307 13816748
18293717 18293718
3721116 18293719
18293720 18293721
1433805 18293722
16425734 12551262
18293723 18293724
212975 18293725
447658 18293726
12673643 18293727
801245 13816752
14991271 13816752
3592479 13816752
1624629 13816752
14992788 13816752
3753293 13816752
772018 18293728
18173743 18293729
151935 18293730
783029 13816757
14991589 13816757
319038 13816757
16416653 13816757
18293731 18293732
14991636 18293733
18293734 18293735
16427199 12551267
16416368 12551267
18172569 18293736
16429250 18293737
393295 18293738
15075746 13816770
1868966 13816770
775344 13816770
1364115 13816770
16416856 13816770
211194 18293739
18172766 18293740
1001339 18293741
150503 18293742
1631398 18293743
3805558 13816773
16426457 13816773
16420245 13816773
16415968 13816773
470948 18293744
262938 18293745
14991148 13816776
1863564 13816776
1950174 18293746
16418878 18293747
1354947 18293748
1701967 18293749
3257539 12551269
799549 12551269
1437944 12551269
1609697 18293750
645830 18293751
7905842 18293752
3752414 13816783
16416998 13816783
16415969 13816783
14995776 18293753
1055189 18293754
257560 18293755
18171988 18293756
507595 18293757
18171907 18293758
16426998 13816787
508485 13816787
16417120 13816787
168712 13816787
160832 13816787
16417088 13816787
747540 18293759
219601 18293760
459024 18293761
1349025 18293762
224432 12551274
1818977 12551274
16416642 12551274
14992704 12551274
18016888 12551274
16415970 12551274
3809573 18293763
191326 18293764
16338658 18293765
18293766 18293767
1750023 18293768
3818386 18293769
18171582 18293770
1387644 18293771
283726 18293772
18019698 18293773
3306177 13816801
1320430 13816801
16415831 13816801
1437602 13816801
1353078 13816801
16417119 13816801
2299207 13816801
3763008 13816801
16416181 13816801
16416237 13816801
16416279 13816801
1327195 18293774
3796760 18293775
109811 18293776
14991462 13816806
7830642 13816806
1056760 13816806
432712 18293777
2212048 18293778
133352 18293779
1058178 18293780
4280351 13816809
405478 13816809
14991729 13816809
3312502 13816809
16428388 13816809
3264917 13816809
1356823 13816809
1383299 13816809
16415971 13816809
133907 18293781
10479449 18293782
18293783 18293784
1420808 18293785
18173144 18293786
253260 18293787
3297837 13816811
1870524 13816811
800047 13816811
651036 13816811
530332 18293788
18171452 18293789
593289 12551275
16426611 12551275
780825 12551275
683614 12551275
1966042 12551275
3310905 12551275
434151 18293790
18013538 18293791
236762 18293792
114007 18293793
471635 13816842
14991912 13816842
14992369 18293794
18014623 18293795
3680231 18293796
12163329 18293797
16429054 13816855
762708 13816855
16416883 13816855
1404941 13816855
797927 13816855
16426030 13816855
14995107 13816855
2329337 13816855
3832658 18293798
2480460 18293799
18172698 18293800
298638 12551280
16427026 12551280
16426734 12551280
4353861 12551280
16416744 12551280
14992981 12551280
322079 12551280
3792101 18293801
18173852 18293802
112485 18293803
1326928 13816872
3874570 13816872
1869023 13816872
210820 18293804
3789688 18293805
18172109 18293806
7830612 18293807
16416518 13816891
3310737 13816891
1433464 13816891
1690001 13816891
649326 13816891
1437862 18293808
2345430 18293809
712942 18293810
3800738 18293811
223099 18293812
1393850 13816898
14992903 13816898
1344618 13816898
442129 13816898
775390 18293813
16876514 18293814
14991609 12551282
677041 12551282
16416728 12551282
16416409 12551282
459310 18293815
16419308 18293816
443362 18293817
1014523 18293818
3808847 13816910
443760 13816910
793076 13816910
258774 18293819
1638790 18293820
149901 18293821
225001 18293822
14991161 13816913
1870542 13816913
14991757 13816913
14992348 13816913
3803588 13816913
18293823 18293824
277502 18293825
3759884 18293826
443362 18293827
14990417 12551285
14991221 12551285
16416512 12551285
14993027 12551285
18172500 18293828
772342 18293829
1337654 12551286
14991716 12551286
1433977 12551286
3306145 12551286
12645937 12551286
588347 18293830
1844088 18293831
212431 18293832
1593124 18293833
18173622 18293834
7830842 13816918
1867729 13816918
498064 13816918
213677 18293835
18174287 18293836
1381257 18293837
12626706 18293838
734570 18293839
687724 18293840
3300571 12551288
3770045 12551288
3584778 12551288
1055196 12551288
10471693 18293841
806939 13816923
1411496 13816923
16425659 13816923
18174131 18293842
14493951 18293843
441694 18293844
3859028 18293845
641684 18293846
564009 12551291
16418692 12551291
1493744 12551291
16426197 12551291
18019759 18293847
724582 18293848
145952 18293849
14990372 13816928
14991237 13816928
1690597 13816928
3755373 13816928
3264974 13816928
1346732 13816928
18293850 18293851
18293852 18293853
18293854 18293855
3800997 18293856
3792474 18293857
477450 18293858
14991269 13816932
3280913 13816932
1448270 13816932
292802 13816932
18172971 18293859
200484 18293860
18293861 18293862
16416460 12551293
12680007 18293863
2206925 18293864
1119350 18293865
3827736 18293866
450340 18293867
14991151 12551296
3286184 12551296
3745387 12551296
748575 12551296
16421679 12551296
380867 18293868
1369589 18293869
797825 18293870
17170549 18293871
1749812 18293872
3768536 12551298
235443 18293873
16426251 13816938
705694 12551301
14991809 12551301
16426514 12551301
10486481 18293874
1576091 12551303
14855027 12551303
16417264 12551303
3845825 18293875
725745 12551307
738365 12551307
3320789 12551307
89162 18293876
16421022 18293877
18015471 18293878
1421516 13816954
478615 18293879
18293880 18293881
1869851 12551310
14994084 18293882
3298124 18293883
204482 12551314
16416792 12551314
16416727 12551314
16425153 12551314
14991064 12551318
14995957 18293884
10589267 18293885
816123 18293886
18293887 18293888
1004284 18293889
731143 12551322
18174158 18293890
160642 18293891
632278 13816963
3282225 13816963
1471576 13816963
15011317 18293892
15941192 18293893
3498201 18293894
18293895 18293896
247491 18293897
3833815 18293898
798175 18293899
18014797 18293900
2348274 18293901
417896 12551327
18293902 18293903
337953 18293904
248478 18293905
777798 12551333
797808 12551333
3846160 18293906
1845545 18293907
1868537 12551335
1809080 12551335
2467108 18293908
585257 12551337
2358270 12551337
16418772 12551337
3849926 12551340
1479697 18293909
1567701 12551342
10466711 12551342
18293910 18293911
18293912 18293913
370717 18293914
18293915 18293916
355607 18293917
18293918 18293919
2578078 13816980
3297795 13816980
722936 13816980
16271893 18293920
447081 18293921
16430128 13816983
798820 13816983
1009127 18293922
18293923 18293924
18174492 18293925
2295584 18293926
18293927 18293928
1440482 12551346
14992709 12551346
630527 18293929
1001465 18293930
12157839 18293931
18293932 18293933
16428673 18293934
3582907 13816989
1442170 13816989
16416772 13816989
16345866 18293935
18293936 18293937
15970286 18293938
18293939 18293940
229738 18293941
797930 13816995
3592306 12551352
1347789 12551352
16421072 12551352
14992904 12551352
1469587 12551352
16343796 12551352
18293942 18293943
99180 18293944
12672138 12551355
3744400 12551355
14992224 12551355
16425694 18293945
450352 18293946
1531802 12551358
799105 12551358
3321732 12551358
3757260 12551358
12156127 18293947
18293948 18293949
239331 18293950
1430951 18293951
14991107 12551369
797633 12551369
1445918 12551369
16416719 12551369
18177226 18293952
16349476 18293953
14991283 12551372
14991633 12551372
1869054 12551372
14992876 12551372
283434 18293954
3745944 18293955
503984 18293956
3319390 13817010
798862 13817010
3741189 13817010
3310768 13817010
1867905 18293957
370170 18293958
434583 18293959
1568715 18293960
451721 18293961
16424627 12551378
11918455 18293962
11999001 18293963
10470604 18293964
1816067 13817014
343198 18293965
3796936 18293966
16428534 12551383
16424080 12551383
16427230 12551383
450348 18293967
18293968 18293969
18293970 18293971
14993917 18293972
551099 18293973
1509317 12551386
16418964 12551386
470133 12551386
16421074 12551386
16330242 18293974
233112 18293975
18293976 18293977
12636129 18293978
16422403 12551391
1335319 12551391
2257221 12551391
3746876 13817065
14991213 13817065
798525 18293979
230637 18293980
16427363 12551393
14991467 12551393
18293981 18293982
1003552 18293983
14988876 18293984
18293985 18293986
10470845 12551398
3572727 12551398
16426253 12551398
130329 18293987
2353818 18293988
16416463 12551401
451196 18293989
14989136 18293990
485821 18293991
3744584 12551403
16426476 12551403
668877 12551403
152386 18293992
4037395 18293993
16427577 18293994
16424626 13817076
3657933 13817076
16416711 13817076
12652186 18293995
16343118 18293996
3821475 18293997
3733098 13817078
742444 13817078
7856561 13817078
3383082 13817078
1796002 18293998
16271894 18293999
16416472 12551410
1777656 12551410
12638835 12551410
423267 12551410
137049 18294000
704956 18294001
2233261 18294002
16421053 12551412
703667 18294003
14989080 18294004
16420159 18294005
485819 18294006
3735198 12551416
18174916 18294007
18294008 18294009
504704 12551422
14992265 12551422
8452680 12551422
16424577 12551422
1521831 18294010
12679691 18294011
287732 18294012
815883 12551427
14991988 12551427
16422405 12551427
456832 12551427
462022 18294013
18294014 18294015
10485203 18294016
215946 18294017
14991438 12551432
14991911 12551432
16422404 12551432
1433566 12551432
534707 18294018
222111 18294019
799407 18294020
1336298 12551438
648989 12551438
1630729 18294021
556916 18294022
565015 18294023
12661555 18294024
757558 18294025
14820705 12551443
1367162 12551443
1337810 12551443
447729 18294026
18294027 18294028
654377 18294029
1436688 12551449
14988923 18294030
517944 12551451
3793431 12551451
14992474 12551451
3627093 12551451
16349519 18294031
1474233 12551458
12672139 12551458
774718 12551458
14996584 12551458
126767 18294032
2197031 18294033
335565 18294034
1868241 12551461
1787140 12551461
999110 18294035
16416411 18294036
729848 18294037
18294038 18294039
12670577 18294040
18294041 18294042
1714037 18294043
172401 18294044
10572405 18294045
16421055 12551474
3745350 12551474
11998964 18294046
1327625 18294047
510486 12551480
18294048 18294049
18294050 18294051
18022131 18294052
16415995 12551485
4938597 12551485
16426411 12551485
14991360 12551485
3745303 12551485
16428856 12551485
16263586 18294053
1809337 18294054
18294055 18294056
12647052 18294057
16419324 12551491
16417413 12551491
228464 18294058
16271876 18294059
759540 18294060
2369606 18294061
14987992 12551497
16416467 12551497
16421075 12551497
16421831 12551497
3798661 18294062
18294063 18294064
591112 18294065
16416478 12551506
798413 12551507
18294066 18294067
2248569 18294068
18017793 12551517
799816 12551517
3734431 12551517
16418987 12551517
16341868 18294069
14989050 18294070
1454499 18294071
797934 12551525
113409 12551525
798812 12551525
18294072 18294073
11998923 18294074
809226 18294075
798010 12551531
210296 12551531
304290 12551531
1320122 12551531
18294076 18294077
3744444 12551536
1529079 12551536
1010055 18294078
721166 18294079
427030 12551544
14993697 18294080
1323210 12551550
3746060 12551550
16425091 12551550
258260 18294081
14818517 18294082
261380 18294083
14991186 13817154
1521351 13817154
16429142 13817154
798588 13817154
2206409 13817154
228781 18294084
18294085 18294086
18294087 18294088
12631662 18294089
18294090 12551566
1772145 18294091
14992089 12551568
3730550 12551568
1630390 18294092
18294093 18294094
2415617 18294095
16418584 12551578
1439036 12551578
12605843 12551578
18294096 18294097
2562791 18294098
16430626 12551588
16426643 12551588
16425487 12551588
3491366 12551588
798725 12551588
18294099 18294100
11905989 18294101
2168462 18294102
614653 18294103
16426863 12551592
16419491 12551592
10467828 18294104
168464 12551600
16427362 12551600
1517435 12551600
3273909 12551600
1379954 18294105
578385 18294106
18294107 18294108
18294109 18294110
3818683 18294111
798211 18294112
799963 12551605
2259328 18294113
11869709 18294114
644125 12551615
1867174 12551615
16429358 12551615
3740859 18294115
185850 18294116
798547 18294117
2241514 18294118
331017 12551624
799615 12551624
111593 18294119
488394 12551638
3311261 12551638
14991766 12551638
1864428 12551638
14992790 12551638
16421941 12551638
799852 12551638
797673 12551638
12677477 18294120
507708 18294121
1329186 18294122
421610 12551650
10385334 12551679
202157 12551679
773526 12551679
18294123 18294124
18294125 18294126
209320 18294127
15497226 18294128
804214 12551736
1337306 12551736
3576417 12551736
14992154 12551736
3548291 12551736
2091606 12551736
16301883 18294129
1617140 18294130
14991159 12551768
1865424 12551768
510814 12551768
797709 12551768
636034 18294131
3822897 18294132
3791570 18294133
18294134 18294135
2449821 18294136
797762 12551798
16427366 12551798
14992583 12551798
14992770 12551798
2093197 18294137
2170419 18294138
14991468 12551812
14834576 12551812
797645 12551812
18294139 18294140
18182291 18294141
10205660 18294142
18294143 18294144
3745733 12551821
750030 12551821
3730622 12551821
3257357 18294145
15105475 18294146
799144 12551830
18294147 18294148
3732497 12551837
3304181 12551837
16421094 12551837
3739607 12551837
602615 12551837
10465790 18294149
1527795 18294150
1488572 18294151
14836033 18294152
2340742 18294153
18181467 18294154
798773 12551857
16425362 12551857
314453 12551865
2236298 18294155
10468660 18294156
1512333 12551873
1001526 18294157
14988941 18294158
376875 18294159
17165659 18294160
1336702 12551891
1432896 12551891
1631383 12551891
3740786 12551891
16423247 12551891
1282169 18294161
451955 18294162
16430551 12551910
1717473 12551910
16428097 12551910
16420416 12551910
10468139 18294163
3746830 18294164
18294165 18294166
18294167 18294166
3360087 18294168
800019 18294169
1461762 12551933
16426502 12551933
14991731 12551933
798634 12551933
3842629 18294170
3577744 18294171
1518398 12551950
3872728 12551950
2507793 12551950
168466 12551950
1873051 12551950
16426885 12551950
1499996 18294172
1527381 18294173
3367720 12551959
449000 18294174
230677 18294175
16416916 12551976
3743548 18294176
1447906 18294177
214093 18294178
3277393 12551986
16421082 12551986
506968 12551986
11866817 18294179
631701 18294180
1010785 18294181
18294182 18294183
1530384 12551993
16419429 12551993
800089 12551993
3822586 18294184
1543845 12552004
16419430 12552004
3737246 12552004
16423246 12552004
16416388 12552004
771027 18294185
572877 18294186
197726 18294187
16430575 18294188
18294189 18294190
14991145 12552010
696526 12552010
739061 18294191
799115 18294192
1330997 12552015
14991375 12552015
3851475 12552015
3331897 12552015
1868235 12552015
644634 12552015
18294193 18294194
18294195 18294196
1451661 18294197
499413 18294198
682608 18294199
2132997 18294200
2413168 18294201
620388 12552024
648559 12552024
507619 12552024
1364164 12552024
18294202 18294203
3800920 18294204
17173876 12552036
2256150 18294205
4485825 18294206
18294207 18294208
18294209 18294210
3657514 18294211
1530229 12552050
799802 12552050
292003 18294212
577337 12552055
16429537 12552055
1809419 12552055
798245 12552055
2326122 18294213
16268638 18294214
473356 18294215
16338222 18294216
458822 18294217
1983704 18294218
3576971 12552059
1543042 12552059
1392091 12552059
14818451 12552059
1617014 18294219
14993890 18294220
3607070 18294221
1450669 12552073
1432106 12552073
16416915 12552073
16425265 12552073
12601654 12552073
10464284 18294222
3790354 18294223
3790051 12552081
16426154 12552081
16418935 12552081
14817348 18294224
766898 18294224
2067769 18294225
800130 12552100
14991773 12552100
16421098 12552100
2024554 18294226
17165651 18294227
799346 12552114
18020288 18294228
2216704 18294229
18294230 18294231
12658360 18294232
16338119 18294233
226327 14886965
14991296 12552122
3257322 12552122
14992252 12552122
1686971 12552122
799421 12552122
18294234 18294235
12669085 18294236
874443 18294237
18294238 18294239
266353 18294240
1866210 18294241
18294242 18294243
14990892 12552129
3711761 12552129
3243395 12552129
1638307 12552129
16416254 12552129
355699 12552129
18017194 18294244
800009 18294245
1339610 12552140
16419683 12552140
16416389 12552140
1004987 18294246
1001761 18294247
220867 18294248
4314734 18294249
18294250 18294251
535828 18294252
1543847 12552148
1730308 12552148
3798648 12552148
3745438 12552148
16425961 12552148
3823862 18294253
2188284 18294254
3377214 18294255
18294256 18294257
16417335 18294258
3734298 12552155
14818441 12552155
211903 18294259
18180480 18294260
18294261 18294262
138961 18294263
3230904 12552158
16429659 12552158
2093704 12552158
677049 12552158
16427173 12552158
3614860 12552158
16215864 18294264
16338175 18294265
481836 18294266
18294267 18294268
1327018 13817247
16427149 13817247
14307869 13817247
1831584 18294269
560315 18294270
11998931 18294271
625031 18294272
16425219 12552162
633236 12552162
353961 12552162
798096 12552162
16425287 12552162
2525603 12552162
1354017 18294273
1847886 18294274
18294275 18294276
465917 18294277
488187 18294278
14991142 12552174
16428209 12552174
1690876 12552174
12174290 12552174
1007631 18294279
16416920 18294280
18294281 18294282
1285961 18294283
14992402 12552183
2247292 12552183
1605482 12552183
798997 12552183
14992871 12552183
14992891 12552183
16427568 12552183
414235 18294284
18294285 18294286
562139 18294287
817931 18294288
3744513 18294289
14989147 18294290
10468244 18294291
2298699 18294292
16423248 12552194
14991745 12552194
3672684 12552194
16418877 12552194
16428211 12552194
2461914 18294293
1486472 18294294
18294295 18294296
3788497 18294297
3279875 12552199
2305943 12552199
16416532 18294298
1544104 18294299
10468242 18294300
17167783 18294301
799752 12552209
18294302 18294303
18294304 18294305
18294306 18294307
2526554 18294308
3852616 18294309
605220 18294310
18294311 18294312
3242234 12552223
18294313 18294314
706935 18294315
18294316 12552228
3461035 18294317
453099 18294318
784313 12552230
103355 12552230
16423250 12552230
13771857 12552230
4012124 18294319
16427077 18294320
1636434 18294321
18294322 18294323
16338271 18294324
3470323 18294325
798925 18294326
217540 18294327
10468245 18294328
2053799 18294329
16418956 12552248
16421435 12552248
12679255 18294330
12665578 18294331
17170460 18294332
1580965 18294333
18294334 18294335
13823583 18294336
3225891 18294337
743796 18294338
3820227 18294339
18294340 18294341
14991700 12552256
14992198 12552256
16418600 12552256
10447412 18294342
1280314 18294343
12631401 18294344
18294345 18294346
15312516 18294347
10468243 18294348
18294349 18294350
16430612 12552269
14991404 12552269
3788029 12552269
2362506 12552269
16417213 12552269
3364380 18294351
4175550 18294352
1622498 18294353
152111 18294354
16423636 12552295
14992896 12552295
12000084 18294355
18294356 18294357
18294358 18294359
290636 18235939
644880 18294360
18294361 18294362
17165853 18294363
242810 18294364
3849111 18294365
16338134 18294366
1806217 18294367
16419656 12552340
16424778 12552340
10539387 18294368
16337824 18294369
7819859 12552360
16425248 12552360
3516338 12552360
534281 18294370
3553185 18294371
1838524 12552381
16416648 12552381
1371216 12552381
18294372 18294373
1474753 18294374
142481 18294375
18294376 18294377
18294378 18294379
3545408 18294380
18182136 18294381
2242315 12552418
223147 18294382
12184595 18294383
18294384 18294385
3748139 18294386
18294387 18294388
1190011 18294389
3502664 12552447
16338266 18294390
3806353 18294391
3340704 18294392
1674779 12552463
3656551 12552463
454042 18294393
18294394 18294395
2486821 12552508
243933 18294396
3587381 18294397
296003 18294398
1864075 18294399
1728895 12552541
3362427 12552541
16338105 18294400
16240739 18294401
148787 18294402
12611181 12552560
2027144 18294403
1592685 12552586
3364286 12552586
14992135 12552586
581869 18294404
3797641 12552608
16428452 12552608
16423861 12552608
1853820 12552608
1428993 18294405
18294406 18294407
15314869 18294408
237320 18294409
498512 18294410
18294411 18294412
11999034 18294413
16430614 12552631
1580004 12552631
3497195 12552631
16426897 12552631
18294414 12552631
2050275 18294415
318648 18294416
12680656 18294417
14987859 18294418
16416782 12552653
3243658 18294419
16422320 12552671
1815871 12552671
1821237 12552671
3362748 12552671
883034 18294420
10467526 18294421
18294422 18294423
1189027 18294423
358035 18294424
7720585 12552694
1751230 18294425
1484211 18294426
1817209 18294427
18294428 18294429
16390122 18294430
16416462 12552720
16419619 12552720
103831 18294431
18294432 18294433
1535041 18294434
1378341 12552736
763410 12552742
3373406 12552742
2025364 12552742
18294435 12552742
2232713 12552742
16343309 18294436
12638149 18294437
1598757 18294438
1336579 12552766
537124 12552766
253952 18294439
214442 18294440
1575575 18294441
18294442 18294443
3857137 18294444
1852064 18294445
454684 18294446
7790701 12552798
12630201 18294447
18021601 18294448
16416600 12552815
16419245 12552815
219715 18294449
1331714 18294450
14991909 18294451
245325 18294452
14991690 12552837
16428263 12552857
16424093 12552857
3818351 18294453
756615 18294454
10468262 18294455
16333793 18294456
3795328 18294457
10484531 18294458
1459748 12552871
12657163 18294459
467599 18294460
16428264 12552888
16417084 12552888
3848447 12552888
2095753 18294461
881532 18294462
10588371 18294463
10487095 18294464
12612049 18294465
3708399 12552905
16426895 12552905
409763 18294466
3873486 18294467
18294468 18294469
1802045 18294470
204973 18294471
10468596 18294472
634921 18294473
16416660 12552946
1448663 12552946
3716534 12552946
1499098 12552946
16419291 12552946
16302046 18294474
1591507 18294475
494318 12552965
3477866 12552985
14991798 12552985
15949234 12552985
1191522 18294476
322181 18294477
250628 18294478
214228 18294479
18294480 18294481
3663485 12553040
10471193 12553040
3586969 12553040
12642433 18294482
16428265 13817428
16423939 13817428
1635902 18294483
3492570 12553061
588139 18294484
18294485 18294486
3732419 12553076
1853399 18294487
1853099 18294488
7793854 12553098
16430696 12553098
7863596 18294489
577472 18294490
570034 18294491
10469673 18294492
18294493 18294494
18294495 18294496
16833559 18294497
16338030 18294498
16426195 18294499
3327894 18294500
141374 18294501
210990 18294502
410354 12553142
3805452 12553142
16423212 12553142
16344368 18294503
12677689 18294504
210198 18294505
219405 18294506
1867783 18294507
1714823 18294508
1858548 12553164
908682 12553164
2502582 18294509
3330194 18294510
16419852 18294511
3763346 18294512
12677679 18294513
3562375 18294514
713716 12553180
16423545 12553180
1627523 18294515
1348762 18294516
13764628 12553190
7858255 18294517
204374 18294518
506043 12553200
3402705 12553200
15363053 12553200
3859773 12553200
11892063 18294519
11895731 18294520
149437 18294521
14991977 12553226
10589117 18294522
11887268 18294523
16421746 12553242
2182201 18294524
12611499 18294525
814685 18294526
1165835 18294527
18294528 18294529
870744 18294530
222397 18294531
15926841 12553279
16424334 12553279
3583066 18294532
18294533 18294534
13764605 18294535
3381697 18294536
16419854 12553300
16428747 12553300
678075 18294537
3703975 18294538
15096334 18294539
10220941 18294540
18294541 18294542
3589400 18294543
504698 18294544
3659997 18294545
3623590 18294546
3394557 12553341
3580031 18294547
3674623 18294548
665448 18294549
16428955 12553357
532601 12553357
3488321 18294550
16424298 18294551
16420917 12553385
14994235 12553385
12164248 18294552
3670938 18294553
1298307 18294554
10493777 18294555
16430812 12553406
10484464 12553433
12639221 18294556
3799142 18294557
118177 18294558
10172595 18294559
16422469 12553458
16417063 12553458
10484462 18294560
1305459 18294561
18294562 18294563
10220942 18294564
15004781 18294565
3554386 12553485
16417093 12553485
15004675 18294566
16338814 12553506
16419576 12553511
3834133 12553511
16422036 12553511
10167489 12553528
395797 18294567
12065699 18294568
12674706 18294569
3527702 18294570
16425489 12553547
16422946 12553547
10468246 18294571
18294572 18294573
18294574 18294575
12611505 18294576
3490179 12553581
3104113 18294577
15536274 18294578
213123 18294579
3367226 18294580
16339374 18294581
10484432 18294582
557907 18294583
16330422 18294584
11844725 18294585
1366327 18294586
10396703 18294587
158961 18294588
2215976 12553632
12639232 18294589
1854921 18294590
4848386 18294591
16427790 12553668
16425956 12553668
16427792 12553668
16427791 12553668
16427789 12553668
3824844 12553668
3492985 18294592
3756638 18294593
14991830 12553702
150465 18294594
11907102 18294595
10467385 12553766
3643438 18294596
18294597 18294598
8430405 18294599
505080 12553811
1165169 12553811
15096334 18294600
1831295 18294601
10220369 18294602
1864727 18294603
1454868 18294604
18294605 18294606
1705121 18294607
18294608 12553867
16330316 18294609
1029681 18294610
16330319 18294611
452949 18294612
16335186 18294613
18294614 18236241
675508 18236251
16295687 18294615
1451208 18294616
3748379 18294617
12636084 18294618
12667846 12553941
1574986 18294619
172581 18294620
16341536 18294621
1348939 18294622
767246 18294623
144137 18294624
3783628 18294625
16422234 12554009
16334496 18294626
4017677 18294627
529097 18294628
3364271 18294629
10484457 18236421
721921 18294630
16338579 18294631
11904355 18294632
2447457 18294633
16325913 18294634
653844 18294635
315450 18294636
10467532 18294637
2285316 18294638
10467820 18294639
16305368 18294640
524255 18294641
10484211 18294642
461185 18294643
3807090 12554139
18294644 18294645
18294646 18294647
12663532 18294648
3539717 12554180
15007875 18294649
678133 12554186
277184 18294650
154263 18294651
12630932 18294652
10467888 18294653
108955 18294654
18294655 18294656
18294657 18294658
16339647 18294659
17177407 18294660
16339755 18294661
18294662 12554240
581839 18294663
600182 18294664
4760500 12554247
522223 18294665
150009 18294665
546674 18294666
1606582 18294667
653388 18294668
641726 12554286
422106 18294669
359023 18294670
10493733 18294671
16338612 18294672
197360 18294673
646698 12554351
3627859 18294674
454680 18237285
1380168 18294675
15007899 18294676
10466414 18294677
428091 18294678
315192 18294679
1623971 18237423
10493778 18294680
18294681 18294682
3402818 18294683
18294684 18294685
16344540 18237619
12661922 18237619
12625135 18294686
11914388 18294687
16330344 18294688
16325864 18237723
489353 18237739
134648 18294689
447797 18294690
444260 18294691
1187000 18294692
5178880 18294693
95150 18294694
3865777 12554604
16330299 18294695
3729896 18294696
10468239 18294697
14627266 12554633
10493752 18294698
394788 18238405
16344403 12554711
13657210 18294699
16344363 18294700
1992565 18294701
537521 12554816
983491 18294702
10881095 18294703
12635379 18294704
18294705 18294706
8478912 18239479
12625351 12554929
10466538 18294707
18294708 18294709
586927 18294710
16217209 18294711
12776640 18294712
509679 18294713
708614 18294714
1378009 18294715
10467691 18294716
348385 18294717
654369 18294718
583759 18294719
12612644 18294720
143789 18294721
12611516 12555234
16334495 18294722
13658658 18294723
653818 18294724
3911492 18294725
12611507 18294726
1530450 18294727
16330320 18294728
3743596 18294729
193069 18294730
18294731 18245971
3330252 18246274
1500322 18294732
12679407 18248669
656608 12556629
592382 18294733
205654 18294734
12630928 18294735
381403 18251060
16260882 18294736
808583 18294737
18294738 18294739
1589711 18253677
468960 18294740
486678 18294741
3121764 18294742
16240785 12558906
10565114 18294743
16245735 18294744
161994 18294745
16264925 12560510
1915875 18294746
259785 12561084
16261161 18294747
16226237 12564476
10465487 12567769
3639829 18294748
16240793 12568532
1774481 12578580
18294749 12578650
18294750 12578650
16249328 12580324
1143333 12581806
1146261 12584112
826036 12584817
15914038 12588421
18294751 18294752
2128504 18294753
10567675 18294754
