2688885 18388215
10512727 18388215
10507973 18388215
17859793 18388215
10501724 18388215
10501725 18388215
10501725 18388215
13672268 18388215
10520170 18388215
10507999 18388215
13675335 18388215
10525073 18388215
4003895 18388215
13677080 18388215
18388216 18388215
4004055 18388215
12557790 18388215
13910228 18388215
10525450 18388215
13676341 18388215
13912033 18388215
14341635 18388215
13926869 18388215
10516218 18388215
14321895 18388215
18388217 18388215
13874726 18388215
2674841 18388215
2674841 18388215
13837967 18388215
10512163 18388215
14343455 18388215
13868033 18388215
18388218 18388215
13861766 18388215
13675337 18388215
14323008 18388215
6639792 18388215
18388219 18388215
2713283 15330042
2703319 15330042
3535836 15330042
13676064 15330042
3465124 15330042
6666389 15330042
13933778 15330042
13674795 15330042
13675903 15330042
13675107 15330042
13670395 15330042
10511448 15330042
13886837 15330042
3053183 15330042
14334633 15330042
10512404 15330042
13673349 15330042
6776680 15330042
10510871 15330042
10529263 15330042
6651512 15330042
12585056 15330042
10522851 15330042
13674509 15330042
13677624 15330042
10511410 15330042
13671159 15330042
13674513 15330042
3998136 15330042
10501958 15330042
13676192 15330042
18283760 15330042
1421526 15330042
10530483 15330042
10528864 15330042
13677129 15330042
2694085 15330042
10514028 15330042
10498412 15330042
10497997 15330042
10498132 15330042
2731677 15330042
13677820 15330042
10499428 15330042
3146918 15330042
13892730 15330042
18388220 15330042
2677479 15330042
2742895 15330042
13667459 15330042
3648476 15330042
10527297 15330042
13879674 15330042
3119159 15330042
10506277 15330042
10520169 15330042
13672766 15330042
10524189 15330042
10528141 15330042
13676354 15330042
13666334 15330042
10529008 15330042
13677173 15330042
3991157 15330042
3991560 15330042
13673932 15330042
14319101 15330042
3993976 15330042
3992734 15330042
10509897 15330042
2747449 15330042
3993230 15330042
3995549 15330042
3992021 15330042
13667816 15330042
3992776 15330042
3996306 15330042
3996172 15330042
3996019 15330042
3997028 15330042
3997028 15330042
4002185 15330042
3996427 15330042
3991678 15330042
13931226 15330042
3997399 15330042
4001926 15330042
3998960 15330042
13902053 15330042
13671264 15330042
4015723 15330042
3991903 15330042
4003354 15330042
4004034 15330042
18388221 15330042
10510873 15330042
4002178 15330042
10505058 15330042
10514356 15330042
10506831 15330042
10528274 15330042
13898188 15330042
3942592 15330042
15718401 15330042
13935353 15330042
10517404 15330042
12069553 15330042
13671157 15330042
10511422 15330042
3989632 15330042
13678508 15330042
13855295 15330042
18388222 15330042
13933636 15330042
13671025 15330042
4004781 15330042
10498555 15330042
10521945 15330042
14342160 15330042
15497484 15330042
13670436 15330042
13858874 15330042
10510254 15330042
12586205 15330042
10524454 15330042
10527869 15330042
13668920 15330042
14342672 15330042
12068605 15330042
13677142 15330042
13673100 15330042
13927129 15330042
13920238 15330042
13932815 15330042
13927396 15330042
4001605 15330042
13900313 15330042
15706343 15330042
13870052 15330042
10516469 15330042
14342042 15330042
14341284 15330042
13921169 15330042
13930388 15330042
14342738 15330042
13932710 15330042
13939043 15330042
13919427 15330042
13921389 15330042
13676548 15330042
3053542 15330042
10505881 15330042
15507463 15330042
2677346 15330042
13671866 15330042
1754909 15330042
10511988 15330042
10509647 15330042
4006631 15330042
10503423 15330042
13903639 15330042
10506674 15330042
13678099 15330042
10513638 15330042
13672395 15330042
2746817 15330042
2713070 15330042
2735137 15330042
2737415 15330042
13883545 15330042
15722562 15330042
10518919 15330042
10501726 15330042
13668472 15330042
10528150 15330042
2984497 15330042
15462371 15330042
10525329 15330042
14341931 15330042
13872014 15330042
15722949 15330042
13839523 15330042
15508702 15330042
15508766 15330042
10502202 15330042
10528826 15330042
13676413 15330042
10520060 15330042
10527307 15330042
2702961 15330042
10524822 15330042
13839904 15330042
13613396 15330042
13669130 15330042
10520898 15330042
3983233 15330042
3072917 15330042
10517405 15330042
13934850 15330042
10515722 15330042
10525245 15330042
2746938 15330042
13672698 15330042
13675363 15330042
10524883 15330042
10524925 15330042
10511419 15330042
10527310 15330042
10506543 15330042
2732355 18388223
3561627 18388223
10528679 18388223
2681025 18388223
2708872 18388223
13862921 18388223
10527120 18388223
10527120 18388223
3629567 18388223
13669224 18388223
2711817 18388223
2711817 18388223
3640676 18388223
10524179 18388223
10522164 18388223
10529855 18388223
10498969 18388223
13669226 18388223
10523626 18388223
10500331 18388223
13856609 18388223
13674833 18388223
10516055 18388223
10526142 18388223
10503359 18388223
10509424 18388223
10522147 18388223
3601505 18388223
13896207 18388223
10527290 18388223
10525161 18388223
13878993 18388223
13677802 18388223
10505055 18388223
10516156 18388223
13675505 18388223
10530473 18388223
13673155 18388223
10508032 18388223
10518706 18388223
10500334 18388223
10508033 18388223
10507267 18388223
13857675 18388223
10528683 18388223
13667115 18388223
13675039 18388223
18388224 18388223
10502263 18388223
3633671 18388223
10526873 18388223
10501734 18388223
13669422 18388223
10529265 18388223
13676220 18388223
13890310 18388223
13929485 18388223
13666601 18388223
13674840 18388223
13941149 18388223
10523752 18388223
13671492 18388223
1993580 18388223
10518708 18388223
10503118 18388223
13675346 18388223
10506295 18388223
2736399 18388223
1822137 18388223
2744482 18388223
13670240 18388223
10512406 18388223
13927508 18388223
3648726 18388223
10498441 18388223
10515033 18388223
10498413 18388223
10521972 18388223
10526109 18388223
10516086 18388223
13668553 18388223
13672526 18388223
13927163 18388223
13674053 18388223
12585246 18388223
10500515 18388223
10507239 18388223
10522259 18388223
10530558 18388223
13875271 18388223
2713054 18388223
13673119 18388223
10528684 18388223
2741718 18388223
10502220 18388223
4014463 18388223
13669967 18388223
13678232 18388223
3991374 18388223
3991064 18388223
10498274 18388223
10530593 18388223
10498553 18388223
1995436 18388223
10502105 18388223
3991550 18388223
13671353 18388223
4015176 18388223
10504123 18388223
10524310 18388223
3993164 18388223
10504556 18388223
3989901 18388223
10518385 18388223
13927215 18388223
13673809 18388223
10502392 18388223
10505866 18388223
3990100 18388223
3991304 18388223
3989932 18388223
3997717 18388223
10524190 18388223
13667423 18388223
10530688 18388223
3997681 18388223
13675991 18388223
3991710 18388223
3650948 18388223
13673660 18388223
10529799 18388223
3122129 18388223
3993476 18388223
10530689 18388223
13670281 18388223
10502054 18388223
4003754 18388223
10530595 18388223
3594173 18388223
3993679 18388223
10528551 18388223
10503464 18388223
14340711 18388223
14340577 18388223
10525822 18388223
3992478 18388223
3992460 18388223
3995332 18388223
3995000 18388223
3993956 18388223
10527683 18388223
13666099 18388223
13677138 18388223
3992536 18388223
3997728 18388223
13908614 18388223
10530856 18388223
3993234 18388223
3994364 18388223
10202060 18388223
3626326 18388223
10520827 18388223
3993421 18388223
3991928 18388223
3992966 18388223
3997770 18388223
13932426 18388223
3994026 18388223
3994728 18388223
3994948 18388223
3991086 18388223
3995098 18388223
3996295 18388223
3996005 18388223
3993982 18388223
3994760 18388223
3996456 18388223
3996437 18388223
3994841 18388223
3997847 18388223
3996058 18388223
10504325 18388223
3996629 18388223
3996372 18388223
3995007 18388223
3991384 18388223
13668644 18388223
3996182 18388223
10508034 18388223
3997131 18388223
3997331 18388223
13854409 18388223
3995938 18388223
13671952 18388223
3996466 18388223
2010162 18388223
3997087 18388223
10508686 18388223
13929860 18388223
10509400 18388223
10524798 18388223
10528561 18388223
2732872 18388223
4002124 18388223
4000304 18388223
13677065 18388223
13854570 18388223
4002197 18388223
3997630 18388223
13929076 18388223
10505131 18388223
10526358 18388223
3998112 18388223
10509407 18388223
4002342 18388223
10515023 18388223
4000470 18388223
3619447 18388223
10514026 18388223
10502222 18388223
10515024 18388223
3998463 18388223
4003012 18388223
4003067 18388223
3609544 18388223
6747471 18388223
4003365 18388223
13925125 18388223
13890214 18388223
4000550 18388223
4004627 18388223
3652943 18388223
10498442 18388223
4004419 18388223
13914853 18388223
13872800 18388223
10508655 18388223
10522858 18388223
4004588 18388223
10528145 18388223
10497843 18388223
10511478 18388223
3996413 18388223
18388225 18388223
4003979 18388223
10504754 18388223
4004296 18388223
3998411 18388223
3998200 18388223
4004020 18388223
2746950 18388223
13923325 18388223
4003315 18388223
13875507 18388223
10522290 18388223
10505791 18388223
4004434 18388223
3998685 18388223
13903694 18388223
4002392 18388223
4002256 18388223
10526909 18388223
4000902 18388223
13888634 18388223
10507272 18388223
6628232 18388223
13913142 18388223
2699985 18388223
10498443 18388223
3998790 18388223
4004936 18388223
13871003 18388223
10530650 18388223
3999457 18388223
10507139 18388223
10523205 18388223
18388226 18388223
10502401 18388223
3999538 18388223
10530474 18388223
13905607 18388223
10514089 18388223
13898265 18388223
13915379 18388223
18388227 18388223
13902288 18388223
10506685 18388223
15712643 18388223
13941136 18388223
13887344 18388223
13878429 18388223
10506143 18388223
13671675 18388223
13888127 18388223
13915289 18388223
4005214 18388223
18388228 18388223
18388229 18388223
13865511 18388223
10520829 18388223
13925790 18388223
13939489 18388223
10505115 18388223
13880001 18388223
3999900 18388223
10507130 18388223
13675374 18388223
10525413 18388223
10523336 18388223
13911755 18388223
10507190 18388223
14341565 18388223
13668555 18388223
4005361 18388223
13844656 18388223
18388230 18388223
10516089 18388223
10506280 18388223
2011630 18388223
10505132 18388223
10521978 18388223
4005602 18388223
13870789 18388223
13861444 18388223
10528146 18388223
12069769 18388223
13912835 18388223
13867943 18388223
17021894 18388223
10498770 18388223
10524223 18388223
13883355 18388223
10506299 18388223
13926338 18388223
13861763 18388223
10526832 18388223
10518917 18388223
10523302 18388223
10521544 18388223
15712665 18388223
4007353 18388223
13929616 18388223
15584604 18388223
10518918 18388223
12587334 18388223
10527870 18388223
4006694 18388223
15542541 18388223
13942007 18388223
13677812 18388223
13672959 18388223
10502096 18388223
13885991 18388223
4007404 18388223
13920423 18388223
10530566 18388223
14343188 18388223
13888878 18388223
4006786 18388223
18388231 18388223
13677111 18388223
18388232 18388223
2716211 18388223
10523210 18388223
3632625 18388223
18388233 18388223
10506637 18388223
10522861 18388223
10526325 18388223
14343364 18388223
15519956 18388223
10524521 18388223
13666541 18388223
13675699 18388223
6688653 18388223
3575139 18388223
15462008 18388223
13859657 18388223
2705513 18388223
4007649 18388223
4007453 18388223
10508707 18388223
15426559 18388223
4006096 18388223
18388234 18388223
13918597 18388223
10529980 18388223
18388235 18388223
13937332 18388223
13924402 18388223
18388236 18388223
3622791 18388223
13668433 18388223
10516414 18388223
15508555 18388223
13918460 18388223
10526911 18388223
2688319 18388223
18388237 18388223
13667008 18388223
14343590 18388223
18388238 18388223
4006317 18388223
13666612 18388223
18388239 18388223
13942289 18388223
13668750 18388223
15462763 18388223
17021364 18388223
15462863 18388223
18388240 18388223
10515394 18388223
3641454 18388223
10527321 18388223
1464780 18388223
13842706 18388223
2733611 18388223
877537 18388223
10522893 18388223
10524688 18388223
10501738 18388223
2703077 18388223
3630664 18388223
3630664 18388223
2731448 18388223
13899777 18388223
3622477 18388223
3622477 18388223
10529211 18388223
2713933 18388223
3637951 18388223
3355334 18388241
3529876 18388241
13672185 18388241
10503345 18388241
2700296 18388241
10503347 18388241
3993992 18388241
13675255 18388241
13676277 18388241
10522160 18388241
13669181 18388241
10501070 18388241
13674683 18388241
13671764 18388241
10523974 18388241
13676086 18388241
13676224 18388241
10530169 18388241
2689809 18388241
10498969 18388241
10505126 18388241
13935714 18388241
13899036 18388241
13674016 18388241
10517599 18388241
13930304 18388241
13936612 18388241
13668384 18388241
13674833 18388241
10514086 18388241
10530347 18388241
8491656 18388241
6761460 18388241
14338610 18388241
13666107 18388241
13858035 18388241
2743543 18388241
13669601 18388241
10512784 18388241
13673431 18388241
4014522 18388241
13904395 18388241
4015629 18388241
13675204 18388241
13678275 18388241
10514436 18388241
13677133 18388241
13667201 18388241
10500513 18388241
13675625 18388241
13667921 18388241
13675729 18388241
10522885 18388241
10510317 18388241
10499098 18388241
10504324 18388241
10527546 18388241
13673325 18388241
13677614 18388241
13875224 18388241
13927262 18388241
13927903 18388241
13928478 18388241
10505130 18388241
3993068 18388241
2736854 18388241
10507668 18388241
10516406 18388241
13668843 18388241
13669569 18388241
13881117 18388241
10525347 18388241
13672740 18388241
13886291 18388241
3991310 18388241
10512290 18388241
13926366 18388241
10515574 18388241
10515391 18388241
10521537 18388241
13672648 18388241
13904990 18388241
13893626 18388241
10681747 18388241
10514072 18388241
10526299 18388241
13673873 18388241
10511906 18388241
13666032 18388241
13667273 18388241
13668963 18388241
13854451 18388241
13877352 18388241
13863630 18388241
13938027 18388241
13667812 18388241
10527291 18388241
13905723 18388241
3993442 18388241
14338883 18388241
10524188 18388241
1996672 18388241
10526144 18388241
10499765 18388241
13877541 18388241
2709882 18388241
10505461 18388241
2735808 18388241
3989906 18388241
10524796 18388241
1773565 18388241
10506140 18388241
10505030 18388241
13900799 18388241
3990079 18388241
10521881 18388241
13940681 18388241
13937762 18388241
3994393 18388241
13926975 18388241
3991457 18388241
13844204 18388241
10504627 18388241
13666727 18388241
3991659 18388241
10522855 18388241
10501699 18388241
13903138 18388241
13866172 18388241
10526011 18388241
3993464 18388241
3997753 18388241
3991582 18388241
3991706 18388241
10524683 18388241
3997711 18388241
13672969 18388241
10507269 18388241
13923430 18388241
3991340 18388241
10515068 18388241
10510276 18388241
13883472 18388241
13671246 18388241
14340315 18388241
13930198 18388241
13854477 18388241
10516057 18388241
13677409 18388241
10503389 18388241
3991130 18388241
10527242 18388241
3993260 18388241
13941811 18388241
10530293 18388241
13893308 18388241
3993484 18388241
10527207 18388241
4015408 18388241
3993341 18388241
3991807 18388241
3992204 18388241
3992400 18388241
3992392 18388241
3992202 18388241
3999965 18388241
3993715 18388241
3993315 18388241
3993586 18388241
10497662 18388241
13942787 18388241
13885080 18388241
3992425 18388241
3993773 18388241
13869857 18388241
13920211 18388241
3991153 18388241
13939173 18388241
3993884 18388241
4000019 18388241
3991498 18388241
4000005 18388241
2712553 18388241
3992839 18388241
3993899 18388241
3992859 18388241
3992419 18388241
4000046 18388241
10497624 18388241
3050077 18388241
3995334 18388241
3994395 18388241
4000021 18388241
3994445 18388241
13666503 18388241
10504374 18388241
3995561 18388241
3992540 18388241
3992825 18388241
4015066 18388241
10524544 18388241
3994113 18388241
12584376 18388241
4000071 18388241
3992919 18388241
13871079 18388241
3994435 18388241
3994954 18388241
3994135 18388241
13938904 18388241
3992546 18388241
10512407 18388241
4015391 18388241
3649769 18388241
3993458 18388241
3991161 18388241
3997726 18388241
3991704 18388241
3652708 18388241
3989593 18388241
3995809 18388241
13668039 18388241
4000091 18388241
3994770 18388241
3996577 18388241
3997870 18388241
3994537 18388241
3994605 18388241
13924636 18388241
3995940 18388241
3996519 18388241
3996122 18388241
10527244 18388241
13932315 18388241
3996026 18388241
13936441 18388241
3996627 18388241
13939437 18388241
10503352 18388241
3997034 18388241
3997384 18388241
6718609 18388241
3997491 18388241
3997315 18388241
3997551 18388241
3993015 18388241
3997248 18388241
3592892 18388241
10508703 18388241
3997659 18388241
13666798 18388241
3998572 18388241
4015027 18388241
3997371 18388241
13940599 18388241
13667919 18388241
4000161 18388241
3997643 18388241
4002073 18388241
4002089 18388241
4001963 18388241
18388242 18388241
13670471 18388241
4000149 18388241
4002621 18388241
3998760 18388241
13677077 18388241
13934269 18388241
14343292 18388241
3991407 18388241
4001995 18388241
13915454 18388241
3991427 18388241
4002861 18388241
4002777 18388241
3998124 18388241
4000675 18388241
4002327 18388241
3998558 18388241
13861465 18388241
4003363 18388241
4001957 18388241
4003531 18388241
13930075 18388241
13865242 18388241
14343381 18388241
4003385 18388241
4003319 18388241
3999915 18388241
3991566 18388241
4002971 18388241
4003122 18388241
4003553 18388241
4000558 18388241
4003407 18388241
10503094 18388241
3997786 18388241
10514163 18388241
4003069 18388241
4003836 18388241
4003824 18388241
4003672 18388241
3991568 18388241
4003084 18388241
13909669 18388241
4004261 18388241
3998631 18388241
4004009 18388241
10523300 18388241
4012633 18388241
13931477 18388241
13908565 18388241
3999093 18388241
13883742 18388241
10502122 18388241
4004558 18388241
13860023 18388241
4000671 18388241
4004381 18388241
3998426 18388241
4003167 18388241
13930377 18388241
14342921 18388241
13926929 18388241
13666401 18388241
13936197 18388241
13677075 18388241
4004071 18388241
3993500 18388241
10523641 18388241
3998886 18388241
10522887 18388241
3989607 18388241
3996808 18388241
4004143 18388241
3997745 18388241
4001983 18388241
10521845 18388241
13859059 18388241
13667032 18388241
3989611 18388241
13905091 18388241
10515422 18388241
12068743 18388241
13936463 18388241
3997673 18388241
3998578 18388241
10516409 18388241
3998615 18388241
15542438 18388241
3997883 18388241
4000682 18388241
4000657 18388241
4000812 18388241
14342320 18388241
13889777 18388241
3998998 18388241
3990960 18388241
14342327 18388241
10498417 18388241
4000908 18388241
13878287 18388241
13899871 18388241
13921296 18388241
10526932 18388241
13898271 18388241
13677194 18388241
10528562 18388241
13895209 18388241
13929898 18388241
10526118 18388241
10524195 18388241
10503638 18388241
13931860 18388241
13864805 18388241
13880193 18388241
13908365 18388241
18388243 18388241
14341971 18388241
10517364 18388241
10524800 18388241
13865144 18388241
13881991 18388241
14342134 18388241
14341811 18388241
10516059 18388241
13861691 18388241
14342435 18388241
13896829 18388241
13671684 18388241
10509125 18388241
13937496 18388241
14341620 18388241
13882103 18388241
10515069 18388241
18279229 18388241
14328647 18388241
10513586 18388241
10501701 18388241
13936600 18388241
10506636 18388241
13895727 18388241
13884451 18388241
14342259 18388241
13673691 18388241
13922225 18388241
13871658 18388241
10497805 18388241
13916591 18388241
13930545 18388241
13861834 18388241
13905621 18388241
13890773 18388241
10529903 18388241
13927570 18388241
13866449 18388241
13856019 18388241
14342610 18388241
10526301 18388241
10512409 18388241
13672313 18388241
13910561 18388241
13940939 18388241
14342009 18388241
14337254 18388241
13677274 18388241
14341204 18388241
10521846 18388241
13855696 18388241
13871240 18388241
10513763 18388241
13876012 18388241
12069555 18388241
10523879 18388241
13892337 18388241
13892594 18388241
13666823 18388241
13879963 18388241
13678535 18388241
13863646 18388241
13677203 18388241
10529267 18388241
13884493 18388241
13929432 18388241
18388244 18388241
10514899 18388241
10529057 18388241
13911057 18388241
10524538 18388241
13905483 18388241
14341326 18388241
13677049 18388241
13894083 18388241
10510288 18388241
15721066 18388241
13667075 18388241
4005451 18388241
10522889 18388241
13667802 18388241
10530037 18388241
10527647 18388241
13891558 18388241
18388245 18388241
13895283 18388241
4001830 18388241
10524839 18388241
13889569 18388241
14342919 18388241
13940729 18388241
13880218 18388241
10516157 18388241
13940645 18388241
13880600 18388241
13882609 18388241
10509401 18388241
10524090 18388241
13863707 18388241
15507181 18388241
13861726 18388241
10502055 18388241
10500312 18388241
14342804 18388241
13858818 18388241
10528897 18388241
4007234 18388241
18388246 18388241
10522292 18388241
14341190 18388241
13869391 18388241
13666789 18388241
13931218 18388241
18280360 18388241
13932089 18388241
14342696 18388241
10516492 18388241
15542465 18388241
13878910 18388241
13921405 18388241
10505897 18388241
13929268 18388241
13869091 18388241
18388247 18388241
4005771 18388241
13887733 18388241
10498230 18388241
14342044 18388241
4001621 18388241
14339219 18388241
13930442 18388241
10509128 18388241
13677825 18388241
10510279 18388241
13920342 18388241
13855365 18388241
18278482 18388241
10515311 18388241
13845462 18388241
10502393 18388241
13672169 18388241
14325399 18388241
13932898 18388241
15587431 18388241
13922278 18388241
13856649 18388241
10525351 18388241
13856305 18388241
13903219 18388241
13875621 18388241
13857381 18388241
13932795 18388241
18388248 18388241
2694727 18388241
15725510 18388241
14342825 18388241
10508038 18388241
13909174 18388241
14342888 18388241
18388249 18388241
6731261 18388241
13858332 18388241
18388250 18388241
10501349 18388241
10502270 18388241
12068388 18388241
4006736 18388241
13670027 18388241
10526534 18388241
10522264 18388241
10514164 18388241
13924651 18388241
13873862 18388241
13677121 18388241
10514155 18388241
10514901 18388241
18388251 18388241
10499769 18388241
18388252 18388241
10523979 18388241
13915777 18388241
4006691 18388241
13924920 18388241
13915730 18388241
14343173 18388241
13901961 18388241
13854577 18388241
10519259 18388241
13929907 18388241
13863328 18388241
18388253 18388241
13865047 18388241
13678359 18388241
13677100 18388241
10498424 18388241
4007472 18388241
15712164 18388241
13921825 18388241
13859464 18388241
13676642 18388241
13858428 18388241
14343401 18388241
14343329 18388241
13907082 18388241
4006088 18388241
13917970 18388241
6748693 18388241
18388254 18388241
15508369 18388241
15461849 18388241
13928967 18388241
12588704 18388241
14341607 18388241
13856101 18388241
13876709 18388241
10526935 18388241
12587919 18388241
12587928 18388241
12587929 18388241
13892531 18388241
10523523 18388241
18388255 18388241
13886490 18388241
10528002 18388241
13939270 18388241
13937655 18388241
13937655 18388241
13668873 18388241
13936360 18388241
14340869 18388241
17020408 18388241
2742649 18388241
4007707 18388241
18388256 18388241
13856750 18388241
10527649 18388241
18388257 18388241
15542677 18388241
10509876 18388241
13935883 18388241
18388258 18388241
10501139 18388241
10501299 18388241
4008115 18388241
4006319 18388241
4008117 18388241
13871924 18388241
13924550 18388241
13839523 18388241
12588571 18388241
18388259 18388241
13940369 18388241
10497807 18388241
10515895 18388241
10515895 18388241
13940863 18388241
1831104 18388241
13864760 18388241
10530047 18388241
15542769 18388241
18388260 18388241
18388261 18388241
15508774 18388241
18388262 18388241
13911874 18388241
15664644 18388241
18388263 18388241
18388264 18388241
10515053 18388241
10511993 18388241
13935163 18388241
13933903 18388241
10515086 18388241
10530691 18388241
2739138 18388241
13842706 18388241
13893325 18388241
10501759 18388241
10529747 18388241
2731448 18388241
10513746 18388241
13889741 18388241
13930292 18388241
13666800 18388241
10504903 18388241
13674895 18388241
2699406 18388241
6704597 18388241
13929336 18388241
3637951 18388241
13842654 15333121
13671528 15333121
13901230 15333121
13859296 15333121
2744220 15333121
1835319 15333121
2738358 15333121
10502060 15333121
10524259 15333122
15525408 15333122
15525485 15333122
10522397 15333122
15525535 15333122
15525543 15333122
15525556 15333122
10520863 15333122
13900075 15333122
15525611 15333122
15716333 15333122
13839229 15333122
13895137 15333122
14314513 15333122
14316382 15333122
10515632 15333122
15507911 15333122
17770261 15333122
18388265 15333122
18388266 15333122
17773643 15333122
14322769 15333122
10522753 15333122
14315892 18388267
10501091 18388267
10502807 18388267
13893778 18388267
10502437 18388267
