3935196 18522614
10864425 12119888
15833099 12119888
10874541 18522615
10868842 18522616
18522617 12122000
18522618 12122268
10873585 18225101
18133080 10590231
12591374 10590231
10866806 10590231
15818339 10590231
10867867 10590231
3934936 10590231
17369299 10590231
12592971 10590231
10870659 10590231
18522619 10590231
15850702 10590231
3923925 10590231
10873175 10590231
3895965 10590231
10874214 10590231
10864922 10532617
10866583 10532617
15834204 10532617
10867870 10532617
18522620 10532617
10872936 10532617
10873152 10532617
10873283 10532617
10865732 9571145
10864923 10532725
10868754 10532726
10865834 10532739
10868768 10532766
10866482 10532956
10864924 10020909
10864924 10533301
10871253 18522621
10864925 9571860
10865047 9571860
10865625 9571860
15834205 9571860
10866882 9571860
12592790 9571860
18522622 9571860
10875754 10458070
10873305 10533460
10865309 10533470
10865309 9964648
10865309 9964652
2698488 9964654
10868768 9964686
10873305 10533575
10866809 10533584
10873305 10533595
10873305 10533615
3944366 10533661
2660847 18522623
10865732 10458077
10876419 10534230
10876419 10534346
10864926 10534447
10865234 10534447
15834164 10534447
12592801 10534447
10870664 10534447
18522624 10534447
3918951 10534447
10872606 10534447
10864410 10534448
18120082 10534526
10862108 10534711
10864497 10534828
10865442 10534845
10868354 10535090
10864927 10535499
15834206 10535499
12592983 10535499
12462377 10535499
10872344 10535499
10874406 10535499
10865622 10535577
10864929 10535686
10872386 10535686
10872893 10535789
10873117 9575045
10864931 10536023
10864930 10536154
10864933 10536639
15834207 10536639
15833106 10536639
12592986 10536639
10873462 10536639
14601059 10458088
10864934 9966932
10872398 9966932
15817596 9967045
10864935 10458094
15817596 10458094
10864936 10458095
10864937 10458099
10864938 10537311
10864939 10537439
10864940 10537843
18522625 10537843
10867684 10537843
12592982 10537843
10870460 10537843
18522626 10537843
10873492 9967689
10873105 9967703
10866463 9967721
10865277 18522627
10864398 10537943
10870460 18522628
10864941 10538044
10867318 18522629
10864942 10538119
2620142 18522630
10867483 10538157
10872913 10538157
10872257 10538233
10865704 18522631
10865729 10538245
10866944 10538355
10873603 18522632
10866944 10538370
10865758 9577691
10872848 10538479
10872847 10538500
10866406 10538511
10872918 10538603
10870315 10538615
2710270 10538685
10865704 10458129
10866645 18522633
10864943 10538922
15834208 10538922
10876517 10538922
12592979 10538922
18522634 10538922
10873066 10538922
10864944 10539020
3926954 10539020
10864945 10539132
10864946 10539383
10872618 10539520
10872257 10539666
10872257 10539791
2714598 18522635
10864947 10540093
18522636 10540093
12592970 10540093
10874335 18522637
10864375 18522637
10872789 10540279
10873554 10540292
10871078 10540368
10865185 10540385
10868755 10540385
10874093 10540396
10872740 10540457
10873895 10456947
2679388 10456947
10873762 10540471
10864948 10540525
10865750 10540526
10866639 10456949
10866651 10540597
10873059 10540598
10873061 10540598
10865040 9970168
10872630 9970191
10864411 10458141
10870405 9970272
10873895 10456951
10873082 9970338
3928852 9970380
10864949 10540740
10864950 10540942
12592969 10540942
10873170 10540942
15833117 10540942
10873031 10540956
10873854 10540966
10864951 10541057
10867464 10541059
1885456 10541066
10873232 10541066
10873075 10541072
10873078 10541083
10873694 10541105
10864952 10541150
10872917 10541151
10866531 10541168
10865599 9970842
10864953 10541251
10865275 18522638
10866638 18522639
10866637 10541478
10864954 10458151
1886487 18522640
10864955 10541512
1886487 18522641
18522642 10541523
15833104 10541523
18522643 10541523
10874418 10541523
10868772 9971559
10865626 18522644
10872731 10541535
10873411 10541843
10866072 10541855
10873878 10541867
10864957 10458159
10873070 10541954
10873120 10541954
10871067 10541968
10873071 10541995
10867292 10542003
10867687 10542006
10866444 10458163
10869831 10542010
10865968 9972579
10864958 10458165
2678857 18522645
10872386 13798526
15815883 10590747
10865130 10590747
12591000 10590747
10866620 10590747
10866807 10590747
15818340 10590747
10868744 10590747
17388353 10590747
12592972 10590747
10870661 10590747
18522646 10590747
15850703 10590747
10876315 10590747
10873639 10590747
10874213 10590747
18522647 10542044
10865372 10542044
18522648 10542044
10873810 10542044
10866341 10542056
10872988 10542056
10873765 10542066
10865786 10542078
10866419 10542078
10869727 10542078
10866444 18522649
10864959 10542090
10869727 10542090
10864960 10542114
2743526 18522650
2743526 18522650
10864962 10542127
10864961 10542135
10864963 10542146
10867243 10542154
3919136 10542154
10870096 10542154
10868159 10542155
18522651 10458182
10873267 10542176
10873617 10542186
10864964 10542209
10864965 10542220
10864959 10542231
10873378 10542247
18522652 10542255
10873495 10542255
10864966 10542265
10865524 18522653
10866444 18522653
10875827 10542285
10867146 18522654
10864967 10542294
10864482 10542325
10873378 10542327
10872239 10542338
10873378 10542348
10873599 10542359
10868926 9979197
10868974 9979197
12592975 9979197
10864968 10458202
10864969 10542392
10866796 10458205
14601060 10542424
10864960 9582190
10873309 10542445
10868728 10542454
14601061 10542454
10864970 10542465
10873406 10542465
10865149 9981070
12592974 9981070
10864971 10542477
2712169 10542479
10872891 10542485
10872891 10542487
10864415 10542490
18522655 10542490
10866470 10542501
10864972 10542520
10864973 10542541
10875826 10542541
10867571 10459346
10864974 10542586
10865134 10542586
10866507 10542586
3904965 10542586
12592967 10542586
3927028 10542586
10864421 10542587
10873765 10542587
10873184 10542589
10864423 10542596
10864975 10542596
10872886 10542600
10864422 10542606
10867782 18522656
10873184 10542610
10874480 10542616
10873127 10542625
10873127 10542626
10873733 10542628
10868746 10542636
10866805 10542640
10872578 9582954
10872578 10542641
12019431 10542656
12020200 10542656
12020325 10542656
12020811 10542656
12020953 10542656
12021047 10542656
12021104 10542656
12021332 10542656
10873773 10542656
10864976 10542667
10868779 10542691
12592968 10542691
10873891 18522657
10865441 18522658
10866457 9583258
10866712 10542740
10876514 18522659
10867155 10542773
10872757 10852004
10867786 10542792
3927028 10542792
10875757 9983245
10867717 10542799
10864979 10542802
10864980 9583684
10868717 10542822
10873978 10542822
10867120 9583754
10872184 9583754
10868717 10542843
10873979 9583833
10864981 10542863
10873989 10542875
10873992 10542887
10868890 10542899
10868891 10542899
10869870 10542900
10864982 10542909
10873355 10460489
10873023 9983324
10864983 10542944
10873915 9983328
10873553 10542955
10872943 10542956
10872944 10542959
10864984 9983330
10864985 10542976
10871998 10542979
10864883 9983336
3918951 10542993
10872717 10542993
10866929 10542994
10873346 10542994
10873918 10543004
10873059 10543023
10873659 9584181
10872999 10543059
10873059 10543068
10865434 10543073
10873806 9584199
3978221 10543078
10873695 10543084
10873806 10543087
15818341 10590838
10876197 10590838
3917308 10590838
10869237 10590838
12592973 10590838
12592976 10590838
18522660 10590838
15850704 10590838
10871746 10590838
10871747 10590838
10873457 10590838
10873914 10590838
10869728 10887338
18522661 10887338
10867620 10543099
10864987 10460806
10867048 10460806
10866370 10543130
10864988 10543137
10866470 18522662
2710270 18522663
10864989 10460890
10873118 10543176
10873206 10543187
2699803 10543197
18522664 10543197
10864990 10543198
10866445 10543199
10866445 10543200
10873595 10543201
10873600 10543202
10866871 10543203
10873121 10543208
10873926 18522665
10864991 10543271
10876416 10543283
10867337 18522666
10866903 10543306
12592987 10543306
18522667 10543306
10873761 10543310
10873520 10543311
10864992 10460932
10866470 18522668
10865019 10543327
10874116 10543346
10864994 10543401
10869947 10543401
10873137 10460965
10865763 10543405
10872508 10543406
10873211 10543407
10865470 10543415
10874302 10543459
10873280 10543470
10873503 9584541
10865508 10461025
10873697 10543503
10875485 10543518
10874961 10543519
10865308 10543524
10865866 10543525
10873024 10543526
2694536 10543534
10873215 10543542
10866460 10543543
10866477 10543544
10873118 10461039
10868289 10543550
10864996 10543594
10872191 10543618
2647148 10543629
10872597 10543633
10863427 10543638
10873826 10543638
10864998 10543649
10866800 10543651
10872693 10543653
10864997 10543671
10872708 10543676
10873442 10543680
10873754 10543681
10866800 10543684
10868919 10543694
10873027 9584708
10867557 10543717
15843355 10543719
10869854 10543719
15843354 10543720
3919136 10543720
3919136 10543723
10874313 10543735
10873284 10543772
18522669 10543776
10866662 10543837
10873045 10855877
10873265 10543865
10865000 10543875
10872967 10543877
10869252 10543947
10872633 10543963
10873032 10543971
10865000 10461125
10873887 9985333
10866439 10544054
10866050 10544069
10873899 9585114
10865619 10544071
10865619 10544072
18522670 10544082
10866478 9985637
15834200 9985637
10866900 9985637
18522671 9985637
3935153 9985637
12592978 9985637
18522672 9985637
15850705 9985637
10873656 9985637
10871512 10544156
18522651 10544158
10873800 10544167
10866800 10544168
10870460 10544168
10865277 10544169
10868744 10544180
10873316 10544183
10873550 10544192
18522652 10544193
10873802 10544203
10873549 10544214
10873987 10544238
10869783 10544248
10869783 10544257
10867146 18522673
10865553 10544266
10866796 10544266
10873403 10544266
10865525 10461168
10866796 10544267
10873764 10544276
10866796 10544277
10873406 10544277
10866796 10544279
10873404 10544280
10873406 10544283
10872398 10544285
10873403 10544290
10875488 10544293
10873901 10544294
10872837 10544299
10867146 18522674
10867401 18522675
10873173 10461185
18522676 9987362
3895965 9987362
2746032 9987362
10873976 10544369
10866470 10544371
10873580 10544380
10873604 10544392
2710270 10544414
10872638 10544415
10868860 10544416
10875116 18522677
10873700 10544425
18522678 10544426
10865550 10544434
10873210 10544439
10865004 10461216
10864468 10045223
10873135 10544481
10872934 10544503
10865688 10544504
10874319 10544513
10873350 10544515
10873180 10544517
10869926 10544584
10874339 10857614
3916605 10857615
3895965 18522679
10868793 9988176
18522680 9988241
2678967 18522681
10865435 10858195
10873438 9988456
10873327 10858202
10867500 10591081
10874336 10591087
10873254 10591091
10873160 10858212
10867151 10858213
3918951 10544605
10873102 10544605
10865959 9988626
10874336 9988626
10865522 9988630
10865725 10591115
10873629 9988718
10874336 10858234
10874336 9586038
10865006 10544615
10865495 10858264
10865849 13611328
10865848 10591161
10866540 10858270
10865494 12188756
10867705 12184636
10873852 12521396
10873877 18522682
10871558 10544637
3895872 10544637
10873282 10544657
10865370 10544680
10874262 10544690
10874262 10544693
10873711 10544703
10867142 10544704
10867187 10544729
10865414 10544731
10873809 9586294
10873900 10544755
10874348 10544757
10866470 10544767
10872702 9989565
2710546 10544770
15834201 10544813
10868906 10544813
12592977 10544813
18522683 10544813
15850706 10544813
10865639 10544814
10873504 10544814
10872656 10544815
10873701 10544816
10872655 10544817
10872653 10544818
10873853 10544819
10872937 10544821
10866584 10544822
10873426 10544828
10873187 10544829
10873744 10544830
10873593 10544831
18124163 10544832
10873391 10544843
10873379 9989722
10872797 10544846
10873425 10544850
10865106 10544851
10873944 10544861
10873627 10544862
10873623 10544871
10873921 10544872
10872952 10544877
10873414 10544882
10872599 10544884
10866970 10544885
10872598 10544886
10873303 10544907
10867273 10544927
10869881 10544927
10873623 10544927
10866905 10048255
10872737 10544930
10872736 10544931
10872959 10544939
10872956 10544940
10872644 10544941
10872817 10544948
10872812 10544949
10872904 10544951
10867311 10544954
10865182 10048299
10872854 10545029
10873272 10545029
10873476 10545043
10867695 10048309
10873159 10545048
18522684 10545049
10872632 10545059
10872631 10545060
10873423 10545069
10873252 10545071
3918951 10545112
10872511 10545112
10867862 10545115
10872617 10545118
10873336 10545126
10872863 10545137
10873028 10545148
10873460 10545149
10873461 10545150
10872856 10545159
10873717 10545167
10869114 10545169
10873025 10545170
10872760 9990716
10872707 10545180
10872707 10545181
10864800 10545182
10867185 10545186
10873112 9586700
10868714 10545197
10874311 10545198
10873968 10545200
10864589 10545216
10867682 10545216
10873146 10545218
2647148 10545220
10873145 10545227
10873330 10545228
10873851 12184689
10872477 10545259
10872477 10545260
10873322 10545261
10873142 10545262
10873922 10545263
10873922 10545270
2647148 10545272
10873622 10545322
10868280 10545323
10872838 10545324
10866097 10545328
10871500 9586830
18121029 10545376
10873373 10545417
10873092 10545437
10873699 10545438
10868716 10545440
10873413 10545448
10872909 10545450
3916647 10858305
10867803 10545452
10873217 10545452
10866470 10545459
10873212 10545460
10872615 10545461
10873649 10545528
3934641 18522685
10866631 10545529
10873010 10545538
10873010 9991356
10873417 10545546
10872865 10545547
10873815 10545548
10873370 10545549
10873370 9991411
10873731 9991415
10873840 10545552
10873825 10545556
10874028 10545559
10873827 10545561
10868749 10545569
10868749 10545570
10873704 10545634
10873561 10545635
10872711 10545636
10872709 10545637
10873387 10545638
10872794 10545646
10873006 10545646
10873778 10048485
10874011 10545656
10874014 10545657
10873622 9991699
10873533 10545666
10873884 10545667
10873882 9991703
10873904 9991753
10868714 10545682
10867473 10545683
10873623 10545691
10875116 10545693
10873619 10545694
10873041 10545695
3927888 10545731
10867801 10545734
3927888 10545741
10867114 10545742
10866685 10545745
10873423 10545746
10872925 10545748
10873074 10545759
10873612 10545761
10872765 10545767
10872994 10545777
10866529 10858307
15834163 10858307
10867383 10858307
10876196 10858307
18522686 10858307
15850707 10858307
10873664 10858307
10873292 10461640
10868070 10545852
10867339 10545853
10865505 10545856
10870688 10545864
10872678 10545867
10868070 10545875
10873238 10545882
10867636 10545901
10865009 10545933
10865423 10545943
10871078 10545943
10871078 10545945
10868772 10545946
10873131 10545969
10872908 10545995
10865423 10546027
10871078 10546027
1074331 10546043
10864472 10546043
10865010 10546043
10866470 10546043
10873134 10546044
10873659 10546052
10865944 10546056
10873259 10546058
10873998 10546058
10873479 10546059
10872654 10546060
10873415 10546061
16796981 10546089
10872875 10546094
10873020 10546100
10873634 10546103
10867057 10546108
10873708 10546112
10873004 10546113
10873037 10546117
10873993 10546123
10865708 10546124
10873008 9992525
10872609 10546149
10864393 10546150
10873688 10546152
2676268 9587551
10874293 10546197
10873335 10546213
10873335 10546214
10873241 10546218
10873242 10546219
10873243 10546225
10873245 10546226
10873239 10546228
10867138 10546236
10873237 10546239
10873240 10546243
10873412 10546246
10872715 10546247
10865423 10546262
10864918 9992716
10865011 9992716
10868772 10546263
10866677 10546264
10866677 10546265
10873481 10546265
10873713 10546269
10873481 10546272
10872697 10546274
10873829 10546275
10873946 10546278
10873946 10546280
10873081 10051598
10873489 10051598
10873768 10546290
10873356 10546293
10872799 9992796
10873235 9587627
10873040 10546305
10873285 10546305
10873040 10546306
10873036 10546309
10863464 10546367
10872089 10546367
8366973 10546367
3919136 10461800
10864946 9992996
10865301 10546389
10872976 10546397
18522687 10546397
10874549 10546408
10866756 10546413
10873381 10546413
10871180 10546414
10870460 10546424
10864380 10546431
10864885 9993124
10872958 10546450
10873929 9587725
10873925 10546453
10866403 10546454
10873132 10546455
10872652 10546456
10873197 10546456
2736401 10546459
10873021 10546460
10872905 10546463
10873353 10546464
10865520 9993266
10866929 10546465
10872946 10546468
10873133 10546470
10873781 10546471
10867376 9993316
10867406 10546473
10866740 10546475
10872889 10546477
10873427 10546477
10873547 10546479
10867722 10546481
10873545 10546482
10868741 10546483
10872874 10546485
10865248 10546486
2614936 10546487
10873155 10546488
10873633 10546492
10873449 10546493
10872964 10546495
10865544 10546498
10873624 10546499
10873658 10546501
10865300 10546502
10873199 10546504
10873865 10546505
10872602 10546506
10873905 10546507
10873354 10546511
10873002 10546513
10873903 10546515
10873640 18522688
10873916 10546517
10872798 10546519
10873261 10546520
10873260 10546521
10867842 10546524
10873771 10546527
10873702 10546528
10872603 10546530
10874010 10546533
10873621 10546534
10872935 10546536
10874008 10546539
10874017 10546540
10873403 18522689
10874528 18522690
10873996 10546543
10867968 18522691
10872398 18522691
10873406 18522691
10867750 10858310
10873714 10546544
10873710 10546545
10865315 10546551
10867407 10546553
10873246 10546556
10873405 10546557
10873275 10546558
10873490 10546560
10874018 10546564
10865316 10546566
10873401 10546572
10865517 10546573
10873444 10546574
10865579 10546586
2711324 10546591
2751407 10546592
2708015 10546593
2687880 10546595
10873888 9587823
2687880 10546597
10873108 10546598
10872232 10546599
10865517 10546609
10872640 10546613
10872903 10546620
2687668 10546621
10873478 10546623
2687059 10546626
2687666 10051737
2712874 10546628
2705481 10546631
10872629 10546632
2698728 10546633
10873067 10546635
10865392 10546636
10872908 10546665
10865399 10461839
10870646 10546673
10874025 10051753
10873997 10546681
2681134 10546682
10873262 10546683
10872881 10546686
10873311 10546691
10873528 10546692
10872851 10546703
10873821 10546706
10865693 10546712
10873398 10546713
10873335 10546715
10873333 9587894
10873334 9587895
10873236 9587897
10873019 10546719
10873994 10546721
10873833 10546722
10872591 10546723
10873416 10546727
10872982 9587901
10873983 10546733
10873408 10546735
10873822 9993553
10873164 10546759
10873202 10546764
10873715 10546766
10872706 10051792
10873062 10546788
10872696 10546789
10872695 10546792
10865761 10546795
10873034 10546796
10873984 10546798
10873712 10546799
10873048 10546804
10867402 10546807
10866701 10546808
10866814 10546809
10866701 10546810
10866408 10546811
10864589 10546813
18522692 10546813
10865837 10546813
10873686 9587935
10873049 10546816
10865044 10546825
10872713 10546826
10873962 10546833
10873594 9587944
10873706 10546843
10873033 10546849
10867700 10546855
18522693 10546856
10867458 10051818
10873314 9993557
10873817 9993559
10875039 10546872
10876053 10546873
10875916 10546874
10875915 10546876
10875889 10546877
10875863 10546878
10875857 10546879
10875888 10546880
10875865 10546881
2669642 10546885
10875911 10051831
10875912 10546886
10875860 10546887
10875914 10546890
10875861 10546891
2681134 10546892
2714275 10546907
10864468 10546911
10865012 10546911
15832944 10546911
10870663 10546911
2664585 10546912
10868744 10461847
10873898 10461847
10868744 10546935
18522694 10546935
10873383 10052894
10873406 10546976
10866472 10546987
10873328 10547020
10874219 10547020
10874291 18522695
10866125 18522696
10869099 18522696
10866470 18522697
2710270 18522698
10866470 18522699
10868744 18522700
2710270 18522701
10872398 10547063
2710270 10547082
10874338 9993643
10868694 10547103
10869856 10547115
10869736 10461877
10868695 10547138
10865814 10547148
10874352 10547183
10874337 10547197
2620808 10547211
10874350 10547226
10871696 18522702
10868703 10547258
10873924 10547292
10871698 10547302
10864420 10547354
10872266 10547355
10868762 10547366
10873654 10547376
10867546 18522703
10865485 10547461
10864996 10461897
10867442 10461897
10866808 10547470
10868349 10547470
10865497 10547526
10874408 10547536
10867552 10547592
10865380 10547604
10869869 10547615
10867164 10547637
10873072 10547637
10872639 10547673
10867635 10547685
10870478 10547685
10870728 10461921
10873325 10547707
10871171 10591437
10873846 10591437
10868717 10547737
10871733 10547788
10866129 10461942
18123768 18522704
10874262 18522705
10873792 18522706
10872626 18522707
10867115 18522708
10868696 18522708
10865706 18522709
10867299 18522710
10865013 10547983
14587764 10547983
15834202 10547983
10870662 10547983
18522711 10547983
10874262 10547983
10865848 10462046
10873175 18522712
10873858 10548279
3934485 18522713
10873053 10548356
10873823 10548356
10866896 10548528
10873372 10548677
10865849 10548787
15834203 10057067
10869727 10057067
12592849 10057067
18522714 10057067
10871503 10057067
10873155 10548873
10874067 10548873
13613774 10548878
10867640 10548878
10864911 10548890
13613774 10548899
10865015 10548950
10865732 10548950
10873429 9996605
10873308 9996644
10873955 9996646
10865306 9996648
10865331 10548956
10873056 10548957
10874094 9996660
10865397 9996662
10867966 10548959
10868354 10548962
2703350 10548972
10866115 10591600
10865045 10548978
10874845 10548983
2708493 10548984
10873743 10591602
10872659 12188785
10865406 10549001
10873635 10549002
10865654 10549005
10865599 9589952
10865015 10549022
10863769 10549022
18522715 18522716
10866021 10549027
10873407 9589999
10865856 10549063
10866116 10549066
10866116 10549067
10866116 10549068
10866411 9996874
10874548 10549090
10866349 10549157
10873986 10549158
10864379 10549168
10864379 10549169
10864379 10549170
10868348 10549171
10873386 10462216
10875132 10107654
10875133 10898892
10875130 10549198
10875131 10549199
10866125 10549208
10872768 9997049
10874390 9997063
10868751 10549215
10868751 10549216
10874362 10549223
10866632 9997124
10875129 10549244
18134817 10549257
18123661 10549261
10867605 12188789
10866907 10549262
10873692 10549316
2698488 10549326
10875370 10549327
10872794 10549336
10873006 10549337
10872956 10549341
3920313 10549357
18522717 10549357
10875405 18522718
10864425 18522719
2627830 9997632
10873255 10549434
3074581 18522720
10874311 10112439
10864589 10549602
18130398 10549602
10873129 10549602
10873504 10549602
10867130 10549637
15834196 17341188
15834197 17341191
10862128 18522721
15834198 18522722
10864445 18522723
18522724 18522725
10864443 18522726
18522727 18522728
10864445 18522729
15834199 12594952
10874885 18522730
10875491 18522730
10874619 18522731
18522732 18522733
10874621 18522734
10874620 18522735
18522736 18522737
10874170 18522738
10876151 18522739
18128794 18522740
18522741 18522742
18522743 18522744
10874731 18522745
15913657 18522746
10866883 18522747
18522748 18522749
18522750 18522751
15831712 18522752
18522753 18522754
10864459 18522755
18522756 18522757
18257441 18522758
10873128 18522759
10873962 18522760
2714275 18522760
2681134 18522760
10867147 18522760
10873895 18522760
10873411 18522760
10872239 18522760
2736925 18522760
10865718 18522760
10873555 18522760
10873895 18522760
10865277 18522760
10866800 18522760
10866796 18522760
10866796 18522760
10866796 18522760
10864800 18522760
18522761 18522762
18522763 18522764
10864193 18522765
10866969 18522766
10864472 18522767
3909067 18522768
10872512 18522768
10866102 18522769
10866805 10455792
18118350 10455792
10872604 10455792
10865633 18522770
3984017 18522771
10868343 18522772
10865553 18522773
10864469 18522774
10865625 18522775
10864918 18522776
10869211 18522777
10873320 18522778
10868282 18522779
10863209 18522780
18522781 18522782
13614028 18522783
13612988 18522784
18522785 18522786
13614289 18522787
15820779 18522788
18522789 18522788
15820780 18522790
18522791 12596627
18522792 18522793
18522794 18522795
18522796 18522797
10862046 18522798
10864501 18522799
18522800 18522799
18522801 18522802
18522803 18522804
10863214 18522805
18132525 18522805
15844248 18522806
10873844 18522807
12143826 18522808
10873818 18522809
10873847 18522810
10864191 18522811
10864515 18522812
10864191 18522813
10874027 18522814
18522815 18522816
10862962 18522817
15817936 18522818
18522819 18522820
10873876 18522821
10865830 18522822
10867147 18522823
10867147 18522823
10873094 18522823
18522824 18522825
10865377 18522826
10866607 18522827
