15095616 18578055
1239126 18578056
1261464 18578056
1261335 18578056
1260746 18578056
1261775 18578056
1261355 18578056
1260722 18578056
1261576 18578056
1271393 10452148
1261468 18578057
1261801 18578057
1261804 18578057
1261892 18578057
1261579 18578057
18578058 17003274
1261927 17003274
1261929 17003274
1261367 17003274
1261754 18578059
18578060 18578059
1261792 18578059
1260649 18578059
1261848 18578059
1261486 18578061
18578062 18578061
1260775 18578061
1261562 18578061
1260852 18578063
18578064 18578063
18578065 18578063
1260725 18578063
1260728 18578063
3020852 18578066
1260664 17003277
1261815 17003277
18578067 17003277
1260820 17003277
3047400 18578068
2930476 18578069
1260870 18578070
1260841 18578070
18578071 18578070
1261938 18578070
1261824 18578070
1261835 18578070
12055066 18578072
1205646 18578073
2966579 18578074
1261510 18578075
18578076 18578075
1261886 18578075
18578077 18578075
18578078 18578075
1260748 18578075
1215952 18578079
18578080 18578081
1261522 18578082
1249543 18578083
13800453 10457083
12043525 17003326
6695330 10452162
18578084 18578085
1260742 18578085
18578086 18578087
1260791 18578087
1260815 18578088
1260754 18578088
17865382 18578089
1261363 18578090
1261339 18578090
1260873 18578090
1250161 18578091
1261372 18578092
1261553 18578093
1261407 18578093
1230094 18578094
1261435 18578095
1261794 18578096
1239899 17003337
1250480 18578097
1261829 18578098
1261583 18578098
1261846 17003343
1261866 17003343
1261907 18578099
1261826 18578100
1261904 18578101
1260563 18578102
12060954 18578103
1260809 18578104
1211825 17003374
1261341 17003374
1261345 17003374
1261557 17003374
18578105 17003374
18578106 17003374
1268873 17003374
1261811 17003374
1261498 17003374
1260719 17003374
1261586 17003374
18578107 17003374
1200549 18578108
18578109 18578110
7812747 18578110
1261532 17003384
1260673 17003384
13762634 17003384
1261357 17003384
18578111 17003384
1261461 17003384
1261506 17003384
18578112 17003384
1239315 18578113
13759505 10457193
1261319 17003388
1261526 17003388
1260835 17003388
1261840 17003388
1261390 17003388
1261568 17003388
18578114 17003388
18578115 17003388
1261520 17003388
1260647 17003388
13766991 17003388
18578116 18578117
1261880 17003393
1261437 17003393
18578118 17003393
1261429 17003393
1261757 17003393
1261439 18578119
1261833 18578119
1261570 18578119
13762629 18578119
1260735 18578119
1261759 18578119
1267735 18578119
1260658 18578119
1242187 10457212
1211930 18578120
18578121 18578120
18578122 18578120
1260812 18578120
18578123 18578120
1261817 18578120
1261912 18578120
1261924 18578120
18578124 10452185
18578125 17003419
18578126 18578127
8539254 10452185
1207998 10452185
18578128 17015193
11811382 10452185
1228257 10452185
18578129 17015193
18578130 10452185
1243455 10452185
12059378 10452185
1239163 10452185
13766515 10452185
12059453 17015193
18578131 10452185
2938937 10452185
13793992 10452185
3989505 10452185
7718020 10452185
1225675 10452185
1274995 10452185
13652039 18578132
13792648 10452185
7884744 10452185
2791202 17015193
1210089 10452185
1210087 10452185
1210091 10452185
1210093 10452185
1210083 10452185
1210059 10452185
1210085 10452185
1210055 10452185
13789353 10452185
1202037 10452185
1210285 10452185
2893157 18578133
13764763 17015193
18578134 17015193
2765111 10452185
18578135 17015193
18578136 10452185
18578137 10452185
7814452 10452185
18578138 10452185
1239552 10452185
10215422 18578139
2832547 18578140
7887274 10452185
2648225 10452185
12201679 10452185
18578141 10452185
13766895 17015193
18578142 17015193
7729823 17015193
2928455 10452185
2926553 10452185
12065966 10452185
1239603 10452185
18578143 17015193
18578144 10452185
6619524 10452185
13754173 10452185
13754205 10452185
2994510 10452185
18578145 10452185
1216004 10452185
1204722 10452185
1213194 10452185
1200901 10452185
1261323 10452185
13769962 10452185
12048431 10452185
15465631 10452185
1242164 10452185
13780797 10452185
12048466 10452185
13786933 10452185
1238568 17015193
1232506 10452185
12052166 10452185
15519110 10452185
12052178 17015193
1205101 10452185
2873767 17015193
1239665 10452185
1245453 10452185
1205045 10452185
12062240 18578146
12059206 18578147
12046684 18578148
13800487 10452185
1230529 10452185
13651988 18578149
10877558 18578149
2995528 17015193
2928219 17015193
18578150 17015193
18578151 17015193
2666989 10452185
18578152 10452185
1240661 10452185
17022659 10452185
1230030 10452185
7807554 10452185
7807012 10452185
15658111 17015193
3020015 17015193
15580808 10452185
1208002 10452185
18578153 10452185
1232226 10457231
1204669 18578154
1204685 18578154
12043513 18578154
12044254 18578154
12045105 18578154
18578155 17015193
2982952 10452185
18578156 18578157
17720975 18578158
2835426 10457232
2880598 10457232
18578159 10452185
2818647 10452185
2820216 10452185
1198541 10452185
1215278 10452185
1239329 10452185
18578160 10452185
15510348 10452185
7728541 10452185
1261970 10452185
3014007 10452185
15679522 17015193
15094498 10452185
12056019 17015193
12050521 10452185
2839387 17015193
1204662 10452185
16579896 10452185
18578161 17015193
1247713 18578162
12047096 17003540
13792429 10452185
2915893 18578163
7869543 18578163
15100686 18578163
12564925 10452185
1242357 10452185
7805298 18578164
1260619 10452185
1238548 10452185
1215577 10452185
18578165 10452185
1215652 10452185
18578166 10452185
18578167 10452185
18578168 17015193
2864237 18578169
1232568 10452185
18578170 17015193
1205778 10452185
2990269 10452185
1242367 10452185
18578171 10452185
1215636 10452185
1215430 10452185
18578172 10452185
1245707 10452185
15511012 17015193
12204190 17015193
18578173 17015193
3026114 17015193
18578174 10452185
1261530 10452185
13786409 10452185
15510972 10452185
13788902 10452185
18578175 17015193
12057799 10452185
18578176 10452185
1239412 10452185
1229901 10452185
1210499 10452185
2927046 10452185
3047607 10452185
7741623 10452185
12084757 10452185
2932169 10452185
13758014 10452185
1210398 10452185
18578177 10452185
1274358 10452185
12059362 10452185
1243132 10452185
13652054 18578178
13771574 10452185
18578179 10452185
1218197 18578180
1218199 10457242
18578181 10457242
1239554 10457242
1261423 18578182
13757650 18578183
1261427 18578182
18578184 10452185
7706577 10452185
13768522 10452185
2886566 17015193
2827591 10452185
2825574 17015193
2830844 10452185
2772536 17015193
2810889 17015193
2810889 10452185
2832443 10452185
2818104 10452185
2932602 17015193
2928904 17015193
2930524 10452185
2919151 17015193
2831558 10452185
2817632 10452185
18578185 10452185
2772404 10452185
2814421 17015193
2818857 17015193
2826213 10452185
2826781 10452185
2814563 10452185
2777036 10452185
2815907 10452185
2803964 10452185
2988068 17015193
2866062 10452185
2764705 10452185
13790691 10452185
2828702 10452185
2788078 10452185
18578186 10452185
2790642 10452185
2816009 10452185
2854890 10452185
2814671 10452185
13793388 10452185
2810889 17015193
2764381 10452185
2803807 10452185
2809697 10452185
2894420 10452185
2817634 10452185
2812782 10452185
2851174 10452185
2867318 17015193
2780088 10452185
2880621 10452185
2787613 10452185
995359 10452185
2766689 17015193
2768494 10452185
18578187 17015193
2795171 17015193
2773612 17015193
2762731 17015193
1211452 10452185
1206145 17003633
1226935 17003633
1271339 10452185
18578188 12458015
1198119 18578189
10877935 18578190
18578191 18578190
12055405 17015193
12053441 17015193
12058394 17015193
12056686 17015193
12052167 17015193
12057564 17015193
12060949 17015193
12053209 17015193
12055381 17015193
12055379 17015193
12047301 17015193
3017580 10452185
12058079 17015193
998172 10452185
12063215 10452185
12054876 17015193
12045253 17015193
12053440 17015193
12044401 17015193
1211296 17003673
18578192 18578193
18578194 17003692
18578195 17003692
18578196 17015193
7733537 10452185
6700159 10452185
2831520 18578197
18578198 18578199
10878014 18578200
15085290 10452185
13942424 10452185
13651856 18578201
18578202 18578203
1215825 18578204
12059462 18578205
18578206 18578207
2835958 18578208
1215845 10452185
2767674 10452185
18578209 18578210
2915135 10452185
17022660 10452185
1198545 17015193
7885258 17015193
3048780 17015193
18578211 10452185
1229096 10452185
18578212 17015193
1235971 10452185
1232160 10452185
13751456 10452185
12557303 10452185
18578213 18578214
18578215 17003834
15658223 17003834
1244913 17003834
18578216 18578217
18578218 17003834
18578219 17003834
1229229 17003841
1241750 17003841
18578220 17003841
18578221 17003841
1215954 17003841
1241889 10452185
15500723 10452185
1202887 10452185
2680350 10452185
2980998 10452185
2860994 17015193
2783639 10452185
2938260 10452185
1273735 10452185
13901047 10452185
2853516 17015193
2678235 10452185
18578222 10452185
16836076 17003867
13796296 17003867
15918699 17003867
1235082 17003867
1232957 17003867
12050993 18578223
12055813 18578223
12045955 18578223
12059842 18578223
12055377 18578223
12045929 17003867
12057678 18578223
12056034 18578223
12043574 18578223
12048025 18578223
12052164 18578223
12056201 18578223
18578224 18578223
1232300 17003867
6689252 17003867
18578225 17003867
1269691 18578226
1260859 18578227
1200939 17003867
13753836 18578223
18578228 17003867
12046364 18578223
8548092 17003867
1238564 17003867
1205792 17003867
15530081 17003867
2815787 18578223
18578229 17003867
3617227 17003867
3004662 18578223
12051206 18578223
2989807 18578230
1246625 18578230
2818995 18578231
1198420 10452185
2875187 17003867
1205748 10452185
18578232 18578233
12057932 18578223
18578234 17003867
1203143 10452185
2798980 17003867
1245256 17003867
2781445 17003867
1237633 17003867
1252003 17003867
13754408 17003867
12203469 17003867
15657367 17003867
1275010 17003867
1210420 18578223
15510931 17003867
10517321 17003867
15510959 17003867
10517322 17003867
15510966 17003867
15502786 17003867
15502787 17003867
18578235 18578236
8541338 17003914
16593209 18578237
18578238 17003900
2700324 18578237
7717196 18578237
2991774 18578237
13652076 18578239
15550583 18578237
7894003 18578237
12057638 18578237
1224036 18578240
13750625 18578237
3021071 17003914
7893651 18578237
2922679 18578237
1198772 18578237
12050986 18578237
13652016 17003910
2918523 18578237
12052161 18578237
12055524 17003867
1228237 18578223
15658110 17003867
18578241 17015193
1199391 17003867
2664990 17003867
2945500 17003867
1205473 17003867
18578242 17003867
2709967 17003867
15936540 17003867
1203067 17003867
1251084 17003867
1273586 17003867
18578243 18578223
2914079 17015193
18578244 10452185
18578245 10452185
2843696 17015193
1216234 10452185
18578246 18578223
16543986 17003867
13762506 17003867
18578247 17003867
16016171 17003867
13764620 18578223
15579555 17003867
1273638 17003867
7715838 18578223
18578248 18578223
2820268 18578223
2938477 17003867
2783987 18578249
1232216 18578250
2816431 18578249
1243382 17003867
12051791 18578223
13762505 18578223
12050509 18578223
12052892 18578223
12056528 18578223
2772528 17003867
13751835 17003867
18578251 17003867
2953638 17003867
13767942 17003867
1223567 17003867
1216627 17003867
18578252 17003867
2827397 18578223
2814058 18578223
2827456 17003867
18578253 18578223
2877831 17003867
2863823 18578223
15011993 17003867
1242878 17003867
2840559 18578223
2810387 18578223
2869618 18578223
2792632 17003867
2801956 18578223
996062 18578223
2817958 17003867
2849229 17003867
2879724 17003867
2774997 17003867
2869305 18578223
2802894 18578223
2763170 17003867
2767797 18578223
2846493 17003867
2841551 18578223
2829642 18578223
2860419 18578223
2794006 18578223
2872874 17003867
2776426 17003867
2820409 17003867
2771475 17003867
2828460 18578223
10460280 18578223
2983714 18578223
1232516 17003867
7706627 17003867
1229098 18578223
1204448 17003867
7761446 17003867
15729989 17003867
1204630 17003867
12055954 17003867
13756329 18578223
1236327 17003867
1274070 18578254
18578255 18578223
2840233 18578223
2809259 18578223
12045814 17003867
2846924 17003867
2883184 18578223
2885598 18578223
7869567 18578223
3011919 17003867
1257252 17003867
18578256 10452185
18578257 17015193
18578258 17003957
18578259 18578260
1207347 10452185
1198696 10452185
12055291 17015193
11811956 17015193
1242429 17015193
1242431 17015193
1201882 10452185
15539907 10452185
13753009 10452185
8550798 10452185
12065484 17015193
10877209 18578261
6621217 18578262
18578263 18578262
18578264 18578265
1231211 18578266
1225965 18578267
1226451 18578268
1196739 18578269
18578270 17015193
1249848 17003867
18578271 18578223
1245139 17003867
1208326 17003867
18578272 17015193
12050505 17015193
12043617 17015193
12043618 17015193
12045263 17015193
12046713 17015193
15510957 10452185
13785103 10452185
18578273 17015193
2904590 10452185
1197499 10452185
12085024 10452185
18578274 17015193
1203059 10452185
2625032 10452185
1273683 10452185
12060575 17015193
7868784 10452185
1237471 10452185
18578275 17015193
1215950 10452185
1197892 10452185
12056007 17015193
7761254 17015193
3012056 17015193
12050507 17015193
18578276 17015193
2940665 17015193
2940665 10452185
2988278 17015193
10517319 10452185
14333168 10452185
14327893 10452185
12051277 10452185
18578277 10452185
2774190 18578278
2824127 18578279
2883032 18578278
2770084 18578280
2830009 18578281
2834677 18578280
2770698 18578280
1260699 18578282
10458196 18578283
12055956 10452185
15624448 10452185
16596084 10452185
18578284 10452185
8538125 10452185
1205430 10452185
12053216 10452185
1243173 10452185
15936540 10452185
18578285 10452185
2809083 17015193
2780809 17015193
18578286 17015193
15327495 10452185
13778833 10452185
16586076 10452185
2777305 17015193
18578287 10452185
8543233 18578288
7809686 10452185
13788901 10452185
13788899 10452185
13788901 10452185
15526105 17015193
13767868 10452185
13788900 10452185
15526126 10452185
6565858 10452185
15526105 10452185
15526126 10452185
6557785 10452185
6574463 10452185
2925203 10452185
2835521 10452185
1205612 18578289
12045088 18578290
1260751 10452185
12043145 17015193
2853738 17015193
1202045 10452185
1244915 10452185
18578291 10452185
2681204 10452185
12062924 10452185
18578292 10452185
15896615 10452185
18578293 17015193
2772940 17015193
2776185 17015193
18578294 10452185
2829867 10452185
1205404 10452185
1197289 10452185
18578295 10452185
18578296 10452185
7890455 10452185
1199393 10452185
2882227 18578297
1205508 12458081
1205817 18578298
1205434 12458081
18578299 12458081
18578300 18578301
18578302 10452185
18578303 10452185
1211519 10452185
1204124 10452185
1261431 18578304
12050991 18578305
1198867 10452185
7827080 10452185
7733022 10452185
18578306 10452185
12063200 17015193
2781839 10452185
2938460 10452185
15016411 10452185
18578307 18578308
12064140 17015193
18578309 17015193
1199438 10452185
13798903 17004131
13761859 10452185
6593388 10452185
6572336 10452185
6572336 10452185
3003712 10452185
18578310 10452185
13761220 10452185
6711155 10452185
12084195 10452185
3035607 17015193
18578311 18578312
12053439 17015193
18578313 18578314
2868681 18578315
13746350 10452185
15032432 10452185
15032433 10452185
15329624 10452185
12055370 17015193
15465634 10452185
15036506 10452185
13652047 17176289
18578316 18578317
12064034 17015193
3025932 10452185
2915673 10452185
1196775 10452185
3000721 10452185
13769935 10452185
12066907 10452185
12064815 10452185
13780759 10452185
1198299 10452185
12060670 17015193
12196847 10452185
13765770 10452185
17742686 10452185
2953482 17015193
2998253 10452185
15550049 10452185
8530892 10452185
1201481 10452185
18578318 10452185
1275130 10452185
13757220 10452185
13762610 17015193
3020806 10452185
12051814 10452185
6728164 10452185
18578319 10452185
15550572 17015193
12057382 17015193
2819648 18578320
15526115 10452185
15526115 10452185
3005234 10452185
18578321 10452185
14327940 10452185
2917488 10452185
1197641 10452185
15680179 17015193
1197573 10452185
1198465 10452185
3015561 10452185
1198577 17015193
1199440 10452185
18578322 17015193
10458194 10452185
1232611 10452185
1242421 10452185
7805300 10452185
2807263 18578323
2819203 18578323
2766440 18578323
2807919 10457274
1208376 10452185
13761671 17015193
6647914 10452185
1253172 10452185
1196897 10452185
15553304 17015193
18578324 18578325
18578326 17004362
13651935 17166664
18578327 17004368
1247725 18578328
2845729 10457281
2962623 18578329
2818278 18151030
13753678 18578330
15549997 10452185
18578331 18578332
18578333 10452185
1230143 10452185
1223535 10452185
18578334 10452185
12051361 17015193
15429667 18578335
12169265 10452185
18578336 17015193
18578337 10452185
2771670 17015193
1216601 10452185
18578338 17015193
1261317 10452185
18578339 10452185
2766342 10452185
18578340 10452185
15510968 10452185
18578341 10452185
18578342 10452185
13651972 18578343
7738416 17004439
1205172 17004439
6636184 18578344
2971594 18578345
2800366 10457286
13790698 18578346
10877994 18578347
16553945 18578348
13890951 18578348
1217664 18578348
2969811 18578348
2769640 17004573
2802941 17004573
2789144 18578349
13652090 18578350
13652080 18578351
15427996 18578352
15010563 18578353
1197821 18578352
12044193 18578353
3007427 18578352
18578354 18578352
7752818 18578353
14987972 18578353
2998954 18578353
13773847 18578352
12053448 18578352
2938026 18578353
1198605 18578353
18578355 18578352
1239115 18578352
7885963 18578353
18578356 18578352
13769971 18578352
3048540 18578353
1198804 18578353
13757907 18578352
2946832 18578353
1238382 18578352
12053135 18578353
2964679 18578352
7785071 18578352
15429781 18578353
13754305 18578353
3990005 18578357
2851407 17438497
18578358 17166879
1211009 17024085
18578359 17024085
2789568 18578360
2832201 18578361
15011966 18578362
15625202 18578363
2817340 18578364
1205481 10457300
2816450 10457300
2820208 10457300
2820212 10457300
2823651 18578365
2847174 18578366
2789821 18578367
11876957 10457302
1232192 10457302
18578368 10457302
2992446 10457302
13652084 18578369
13652082 18578370
2986907 18578371
18578372 18578373
18578374 17004838
1232322 18578375
13652045 18578376
13652066 18578376
13652064 18578376
2889463 10457304
3049005 18578377
18578378 18578379
12062724 18578380
18578381 18578382
15518749 17166998
1223682 18578383
18578384 18578385
1247139 10457310
12102215 10457310
10878040 17005051
18578386 17438671
18578387 17438671
13651998 17167029
13651996 17167029
1202029 10457312
1204307 10457312
2796370 18578388
2795644 18578388
2848233 18578388
2779366 18578388
2982127 18578389
13767894 10457313
1204679 10457313
13761860 18578390
13786853 14271768
18578391 14271768
10877167 18578392
10877562 18578392
6599793 18578393
13767868 18578393
1261484 17005175
10877988 17015519
2762164 18578394
18578395 18578396
18578397 17005183
2766699 17005187
12062268 18578398
18578399 18578400
13668750 12458187
1238570 18578401
13768419 18578402
13651982 18151195
18578403 18578404
13748375 17005246
10877185 18578405
12055070 18578406
2882396 18578407
2798344 18578408
10878028 17167110
18578409 17167172
18578410 18578411
10877181 17167182
2786570 12458196
18578412 18578413
1271363 18578414
10878753 18578415
1200171 18578416
1200431 18578416
1218652 18578417
2801891 12458202
1239132 18578418
10878576 17005404
2879043 17005404
1247721 17005404
18578419 17005459
1202035 18578420
2817153 18578421
2842264 18578421
2882848 18578422
2823600 18578423
2958427 18578424
13862573 18578425
1232176 17005513
18578426 12458226
1229854 18578427
13748379 17015607
18578428 17015607
10516547 18578429
15639799 18578430
13652088 17167427
1232629 18578431
1241957 12458243
1205502 10457346
1274064 10457346
2786977 12458248
2851272 12458248
18578432 18578433
18578434 18578435
9537055 18578436
1232374 18578437
18578438 18578439
2881827 17005707
18578440 18578441
18578442 17005723
15625030 18578443
3048192 18578444
2809283 18578445
18578446 12458263
2922363 12458263
1250089 18578447
18578448 18578449
1204632 18578449
1198091 10457362
7776637 10457362
7731787 10457362
18578450 18578451
12055339 18578451
10461005 18578452
13736806 18578453
18578454 18578455
2932736 18578456
3028654 18578457
15427479 18578456
12059532 18578456
15518793 18578457
12060568 18578456
12045752 18578456
3012487 18578456
1223023 18578456
15448577 18578456
13791170 18578456
2871110 18578458
2819432 18578459
2787122 18578460
10220992 18578461
2788367 18578462
2845003 18578462
2816905 18578462
2819267 18578462
2792460 18578462
18578463 18578464
1260423 18578465
8541784 17005800
995095 17005800
2803746 17005800
2867392 17005800
1268477 18578466
18578467 18578468
13652008 17005811
2953189 18578469
1232684 17024126
1245629 18578470
1239477 18578471
13797070 18578472
1216264 18578472
1204609 17005819
12049014 18578473
18578474 18578475
3048085 18578475
12067299 18578476
12067300 18578476
1228753 18578477
18578478 18578479
13785712 18578479
1198939 18578479
2972394 18578479
7900559 18578480
15672826 18578480
12055978 18578480
2765000 18578480
12196715 18578479
10655831 18578480
13689560 18578480
18578481 18578479
17721512 18578479
18578482 18578479
15550420 18578479
2767576 18578483
13795754 18578484
2882096 18578485
18578486 18578487
18578488 18578487
2828270 18578489
15328535 18578487
18578490 18578489
3001756 18578489
2837748 18578491
15625260 18578492
2987876 18578492
1205286 18578492
15032431 18578493
13652086 18578494
13746460 18578495
13766938 18578496
18578497 18578498
18578499 18578500
1238558 18578501
1232182 18578502
1232124 18578503
2852245 18578504
2785048 17005955
13773915 18578505
1273428 18151405
18578506 18578507
2861209 18578508
2794789 18578509
18578510 17167620
1211910 12458337
18578511 10457410
18578512 10457410
18578513 10457410
1232422 18578514
18578515 18578516
6635734 18578517
10530256 17024148
18578518 18578519
3049497 18578520
3006160 10457415
2960387 10457415
12057347 18578520
2983252 10457415
2925484 10457415
12052886 18578520
2925464 10457415
12054878 18578520
13775230 18578520
3177604 10457415
13793960 18578521
1236740 18578522
2947399 18578523
16580046 18578524
1232627 18578525
18578526 18578527
1241321 18578528
12057620 10457420
2809552 18578529
1261433 18578530
15009803 18578531
1236197 18578531
2893444 17006231
1205107 18578532
18578533 17006294
1232230 18578534
18578535 17006297
1261537 17006297
2881160 12458369
3050702 18578536
10877198 18578537
13652062 17439356
3033941 18578538
6663933 17167892
10501462 18578539
6565658 18578539
18578540 18578539
18288876 18578539
6582636 18578541
18578542 18578541
18288865 18578541
18578543 18578544
18578545 18578546
16844868 17006404
12067813 18578547
2999617 18578548
15039111 18578549
15498013 18578550
15595141 17006411
18578551 18578552
2927372 18578553
2919218 18578554
8375516 18578554
6597938 10457435
2949119 18578555
1247723 12458388
1205320 17006499
1247729 12458388
18578556 12458388
18578557 12458388
18578558 12458388
18578559 12458388
18578560 18578561
1212426 10457436
1244129 10457436
18578562 18578563
12053401 18578564
2831837 10457437
18578565 18578566
2657141 18578567
2856811 18578568
18578569 18578570
1216211 18578571
2774599 10457441
2883040 18578572
13792267 17006632
2914068 18578573
13792255 18578573
12207364 18578574
15010963 18578574
12196383 18578575
1198625 18578574
2857013 18578576
12043307 18578577
18578578 18578579
18578580 18578579
2767148 17006712
18578581 17006712
1205628 18578582
2817234 18578583
18578584 18578585
15553290 18578586
1260801 18578586
1251082 18578586
1243336 18578586
13766362 18578587
18578588 18578589
1261985 18578590
1261921 18578590
1260831 18578590
2790695 12458448
18578591 10457455
1262116 10457455
4544630 10457455
2774037 10457455
2834740 10457455
995290 10457455
13765243 18578592
1212535 17024206
12066978 17024206
18578593 17024206
1262459 17024207
1243185 17024207
18578594 10457457
12057073 18578595
2825735 18578595
1251960 18578595
15545399 18578595
18578596 18578597
18578598 18578599
18578600 18578601
12047912 18578602
15658217 18578603
1226949 18578603
10221070 18578604
7743620 18578605
7875564 18578606
2852610 18578607
6727373 18578608
18578609 17006881
18578610 17006881
18578611 17006881
12052549 18578612
18578613 18578614
1206633 18578615
2922095 18578616
1239433 18578617
13777686 18578618
1205728 12458473
18578619 12458473
18578620 10452330
18578621 18578622
18578623 18578624
18578625 10457471
1228739 18578626
1232140 18578627
18578628 18578629
8548128 17341338
13748383 17024231
4001926 17024231
17340594 10457475
1261539 10457475
13652058 10457475
18578630 17007051
18578631 18578632
18578633 18578632
18578634 18578635
12045112 18578636
12065445 18578636
18578637 18578638
18578639 17177398
18578640 17007122
2777465 12458493
18578641 17007139
18578642 18578643
18578644 18578645
12052797 18578646
2768040 18578647
17720976 18578648
18578649 17007130
13652078 17007130
18578650 17007130
2785056 18578651
7718676 18578652
1261852 17024258
18578653 18578654
18578655 18578656
10530075 18578657
18578658 17024265
13773707 17024265
2929278 17024265
4003415 17024265
1224016 17024265
18578659 17024265
1242329 17024265
3048909 17024264
1204671 17024264
10457992 17024264
5213612 17024264
1260642 17024265
1206089 17024265
12046516 17024264
18578660 17024265
1226074 17024264
1205428 17024264
8532007 17024265
13745895 17024265
3000946 17024265
1216822 17024265
2978332 17024264
12194702 17024265
2948557 17024264
1271177 17024265
2984480 17024264
13793860 17024265
18578661 17024264
18578662 17024264
18578663 17024264
18578664 17024265
1248270 17024265
2893612 18578665
18578666 18578667
18578668 18578669
1204690 18578669
2858819 18578670
2858745 18578671
18578672 18578673
1232428 18578674
1232348 18578675
1232555 18578675
2817264 18578676
2881777 18578676
12055403 10457495
8375248 10457495
2894226 18578677
18578678 17007426
1232418 18578679
1260661 18578680
1268017 18578681
18578682 17007452
13748380 17007452
18578683 17024274
18288871 17024274
12042519 18578684
18578685 18578686
18578687 17007521
13652037 18578688
1205566 12458543
18578689 18578690
2798167 18578691
1247731 12458543
1232240 10457505
18578692 18578693
18578694 18578695
6701033 18578696
2862761 18578697
18578698 18578699
12044220 18578700
13754141 18578700
1215964 18578701
2845000 18578702
18578703 17177702
18578704 18578705
1235737 18578705
10877187 18578706
2879709 18578707
2814415 18578708
2870791 10457523
2825574 12458567
2801889 17016076
2882230 17016076
18578709 18578710
1952389 18578711
18578712 17169944
18578713 17169944
13651974 17169944
10878034 18151728
12045886 17008013
1216028 18578714
1202019 10457527
10877127 18578715
1199243 17008057
12061813 17008057
18578716 17008057
18578717 18578718
18578719 18578720
18578721 18578722
2774122 18151748
18578723 18151748
2892259 18151748
2995660 18151748
18578724 17024302
1245109 17024302
15550082 17024302
17505907 17024302
1236273 18578725
1205446 18578725
7868604 18578725
1218713 18578726
18578727 18578728
18578729 12458590
15717851 10457531
18578730 18578731
1246737 18578732
1239835 17024310
1244525 17024310
15550331 17024310
13770302 17024310
1269969 17024310
13772748 17024310
18578733 17024310
1242842 17024310
1251808 17024310
1232412 17024310
2997834 17024310
878295 17024310
13745857 17024310
15550464 17024310
1229606 18578732
1210531 17024310
1210501 17024310
18578734 17024310
1214686 17024310
15550448 17024310
1242191 17024310
1239949 18578732
13756284 17024310
3006185 17024310
1215373 17024310
18578735 18578732
12045866 17024310
13770664 17024310
18578736 17024310
1204634 17024310
15429716 17024310
1241116 17024310
18578737 17024310
18578738 18578739
1223699 10457548
2783577 10457548
13652006 18578740
18578741 17008248
18578742 18578743
13768527 18578744
3011827 18578745
1205386 18578746
18578747 18578748
2885093 18578749
2804754 18578750
2919797 18578751
1235272 18578752
18578753 17170223
1231490 18578754
1273731 18578755
18578756 18578757
18578758 18578755
1232258 18578759
4004679 12458646
12053452 18578760
12048528 18578761
3004969 18578762
1226012 18578762
1232891 18578762
3001991 18578763
7870342 18578763
15550370 18578763
3027110 18578763
2817073 18578764
18578765 12458631
18578766 12458632
1232212 10457555
13761965 18578767
2882245 18578768
13781485 18578769
18578770 18578771
2851902 18578772
2827567 18578772
12047225 12458646
1200789 17024327
1238043 17024327
13910316 17024327
1204522 17024327
1239464 17024327
13755287 17024327
18578773 18578774
12046643 12458646
13800543 18578775
11876957 18578776
2770733 18578777
2823511 18578778
2773610 18578778
1261417 10457572
18578779 10457572
1261518 10457572
1261337 10457572
1261512 10457572
1230160 10457572
1261777 10457572
2773595 10457572
2772344 10457572
2834673 10457572
2834028 10457572
2765430 10457572
2795794 10457572
2794430 10457572
2768305 10457572
2861827 10457572
2817710 10457572
2763614 10457572
2806820 18578778
3016840 18578778
18578780 10457572
2773314 10457572
2776237 18578778
7891936 10457572
1261889 10457572
8539554 18578781
1231383 18578782
18578783 18578784
1199567 18578785
12053442 12458646
15448510 18578767
13763603 12458646
12065035 12458646
18578786 12458646
18578787 12458646
7731532 18578788
3011077 18578788
13767974 18578789
12047349 17177870
18578790 12458673
13652028 18578791
18578792 18578793
2809183 12458679
1197443 18578794
18578795 17170192
13800237 17008284
12050476 18578796
12047959 18578796
12047274 18578796
1232508 18578796
2866339 17008616
12063232 18578797
7895154 18578797
13762545 18578796
12055959 18578797
2967183 18578797
12062963 18578797
6597690 17024343
18578798 17024343
3048771 18578796
18578799 18578797
4952388 18578796
13771867 18578800
1233057 18578800
18578801 18578802
15101915 17170614
18578803 18578804
2857492 17008673
1205758 18151844
18578805 16502048
12052746 16502048
18578806 17008761
18578807 17008784
2906984 12458713
996408 12458713
2797539 12458713
2851407 18578808
2858637 12458713
2819349 12458713
2773713 12458713
2781499 12458713
2806512 18578808
2819343 12458713
2876335 12458713
2854575 12458713
2845729 12458713
2848939 12458713
2819351 12458713
2819339 12458713
2840498 12458713
2842437 12458713
2798434 12458713
2858466 12458713
2798891 12458713
2846976 12458713
2819341 12458713
2846156 18578808
2825336 12458713
2846974 12458713
2866815 12458713
2830166 12458713
18578809 12458713
2862683 12458713
2819345 12458713
2819347 12458713
2825745 12458713
2868621 12458713
2792456 12458713
2797768 12458713
2869973 12458713
2835745 12458713
2819908 12458713
2853599 12458713
2815707 12458713
2810012 18578808
2825416 18578808
2765934 12458713
2819408 12458713
18578810 12458713
2846062 12458713
18578811 12458713
2818102 18578808
2832508 12458713
2817695 12458713
2819630 12458713
2824760 12458713
2855278 12458713
2827959 12458713
2815243 18578808
2834020 12458713
2814004 12458713
2782469 18578808
2800118 12458713
1204667 18578812
1230022 18578813
2664241 18578814
1216099 10457583
12044904 17008831
10877560 18578815
13652050 18578815
10878649 17009011
10877564 18578816
1240213 17009064
3005618 18578817
18578818 18151909
13652068 18578819
10877165 17009258
18578820 17009294
2831755 18578821
2841847 18578822
1205444 18578822
1242850 18578823
18578824 18578825
1247715 17009360
2884564 17009360
2815025 17009360
1216247 18578826
18578827 10457593
10876770 18578828
2848817 18578829
2796550 18578830
12060343 18578829
10879046 17024383
10878671 17024383
18578831 17024383
12043531 18578832
1244757 18578833
18578834 18578835
8527003 18578836
13868688 17441018
10878067 18578837
18578838 18578837
1232270 18578839
18578840 18578841
10460963 18578842
1204394 18578842
18578843 18578844
2887723 18578845
17488628 18578846
12058987 18578847
18578848 18578849
2852548 17024398
18578850 18578851
1218387 18578852
1205382 10457599
10877556 17009498
18578853 18578854
17544225 18578855
13786493 18578856
2815025 18578857
13793915 18578858
18578859 18578860
6587782 17009518
18578861 17009518
18288864 17009518
1216259 18578862
2959768 18578863
2985568 10457608
1216066 18578864
18578865 18578866
6612048 17024417
2825681 12458767
18578867 17016484
12059600 17024419
18578868 18578869
2875620 18578869
2809714 18578870
1205380 17009724
2856434 18578871
1205081 18578872
1232320 17024422
1232316 17024422
18578873 18578874
18578875 18578876
18578877 17009827
18578878 12458787
18578879 17009897
12086766 18578880
18578881 17172485
18578882 17009914
13748381 17009914
10878655 18578883
13748376 18578884
18578885 18578884
13748382 17009914
18578886 17009914
18578887 17009914
6656020 17172500
18578888 18578889
18578890 18578891
2888599 18578892
2888605 18578892
2819664 18578892
2819666 18578892
2818661 18578892
2798362 18578893
2794902 18578894
2820210 18578894
2804562 18578893
2793772 18578893
2798739 18578895
12045653 17009957
1260862 18578896
2845838 18578897
6741679 18578898
6732114 18578898
6619339 18578898
6771666 18578898
6656096 18578898
6633171 18578898
6720359 18578898
18578899 18578898
6695670 18578898
6651589 18578898
6735744 18578898
6696809 18578898
6674382 18578898
6613977 18578898
6778221 18578898
6703744 18578898
6736017 18578898
6728571 18578898
6701929 18578898
6619872 18578898
6697400 18578898
6738967 18578898
6750274 18578898
18578900 18578898
6746617 18578898
18578901 18578898
18578902 18578903
12048331 18578904
8525902 18578905
2819965 18578906
13652052 18578907
18578908 10457630
2870559 17010024
13751060 18578909
3018667 18578909
18578910 18578911
1215585 18578912
12057337 18578913
18578914 18578915
18578916 18578917
2873060 12458820
1261492 12458820
1242381 12458820
18578918 10457638
2829450 18578919
10508799 18578920
1261721 18578921
18578922 18578923
18578924 18578923
12063272 18578925
12063273 18578925
18578926 18578927
15101192 18578928
1261343 18578929
2842471 18578930
1261425 18578931
18578932 18578933
2768094 18578934
1251335 17024439
12048323 17024439
13651986 18578935
10878000 10457649
12044400 17016653
14328559 17010416
6709936 12458862
6674041 12458862
3918711 12458862
6677531 12458862
18578936 18578937
1239627 12458862
2796122 18578938
18578939 12458862
1239611 17010439
1205895 18578940
15625385 18578940
1205889 18578940
1209687 17010439
15587510 17010439
1206118 17010439
2946574 18578941
18578942 10457657
18578943 10457661
13652031 10457661
18578944 18578945
17020254 17010566
2976971 18578946
18578947 18578948
2817167 18578949
1232266 18578950
18578951 18578952
17019013 10457663
1233616 10457663
2975680 10457663
2829396 17024450
2835195 18578953
2841400 18578954
12056166 10457663
12057516 10457663
10879036 10457663
1230158 10457663
18578955 10457663
14996604 10457663
1232324 10457663
1234997 10457663
1245069 10457663
1245069 10457663
15554000 17441767
13674785 17441767
2840761 18578956
15550465 18578957
2788901 12458925
10877173 10457669
2862209 18578958
2819335 10457672
2792502 10457672
10878058 18578959
10878061 18578960
2782467 18578961
2824073 18578961
1235368 18578962
15428377 18578963
10649324 18578964
2880235 18578964
2815094 18578964
2826462 18578964
2763133 18578964
2811644 18578964
2864041 17010891
2817981 18578964
2897769 17010891
2804187 18578964
2824077 18578964
2890234 18578964
2779031 18578964
2767740 18578964
2797071 18578964
2840010 18578964
2810279 18578964
2811923 18578964
2783579 18578964
2826845 18578964
2840104 18578964
2773896 18578964
17571677 18578965
1196723 18578966
13652096 12458960
18578967 12458960
18578968 12458960
18578969 12458960
18578970 12458960
10877062 12458960
18578971 12458960
18578972 17024470
18578973 18578974
2835551 18578975
18578976 17010953
18578977 17010953
2926740 17010953
18578978 17010953
15625259 17010953
1242423 17010953
3051780 17010953
1274366 17024470
1232468 17024470
1244945 17024470
1274354 17024470
18578979 17024470
18578980 17024470
17711300 17024470
1231688 17024470
14573120 18578981
1247123 18578982
1241310 18578983
1217884 18578983
1217870 18578983
18578984 18578985
2995624 18578986
13797046 18578986
12047334 18578987
1216780 18578988
12057662 18578987
12051357 18578986
18578989 17011025
18578990 17011025
10877940 17011025
12053674 18578987
2936250 18578986
2819935 18578988
7725839 18578991
2767660 18578992
18578993 18578988
2930011 18578994
18578995 17011037
6689520 17011037
18578996 17011037
18578997 17011037
3980940 17011037
18578998 17011037
6703786 17011037
6693229 17011037
6687992 17011037
15010758 18578986
1235105 18578999
18579000 18578986
2914265 18578986
13781332 18578987
2917202 18578986
12060879 18578988
3020808 18578994
1211141 18578987
3024450 18578988
18579001 18578986
12052873 18578986
18579002 18578986
1197997 18578988
3046993 18578986
18579003 18578986
1198489 18578986
18579004 18578986
2680732 18578987
12056523 18578987
1197669 18578988
2983523 18578986
7889518 18578986
1020833 18578986
1196785 18578986
15334308 18578986
13775235 18578986
12050512 18579005
1236834 18579006
15101791 18579006
12062056 18579006
13750828 18579007
15553162 10457691
1237645 18579008
10877196 18579009
12052885 18579010
13766755 18579011
1260415 18579011
1232246 18579012
18579013 18579014
18579015 18579016
12059625 10457698
12059632 10457698
12059182 10457698
12047999 10457698
12063295 10457698
12045107 10457698
12057816 10457698
12045187 10457698
12045188 10457698
12045189 10457698
12061144 10457698
12058177 10457698
12058178 10457698
12057934 10457698
15016677 10457698
12058263 10457698
12059360 10457698
12045885 10457698
12046650 10457698
12046592 10457698
2855463 10457698
2830674 10457698
10460939 18579017
2833578 18579018
13745289 10457698
18375898 10457698
6739329 10457698
6739330 10457698
18579019 18579020
13781146 12459002
1204585 18579021
2835278 18579022
18579023 18579024
18579025 18152626
10878016 18579026
18579027 18579028
1236519 17011306
2970860 18579029
1205442 18579030
2782919 18579031
2854630 18579032
2842706 18579033
2804564 18579034
2817077 18579035
2817338 18579036
2856914 18579037
2863919 18579038
2841575 18579037
13652024 18579039
13767578 18579040
18579041 18579042
10878018 18579043
1239313 18579044
18579045 18579046
1262812 18579047
15627150 18579048
18579049 18579048
6683251 18579048
6780796 18579048
6711956 18579048
15634055 18579048
15634056 18579048
18579050 17016842
2779446 18579051
1275467 18579052
2939807 10457719
15518741 12459061
2814586 18579053
2814588 18579053
1228780 18579054
13652070 17011518
18579055 17011518
18579056 18579057
13768493 18579057
18579058 18579057
1205798 18579057
18579059 17011525
1211495 17024498
2895489 18579060
12046512 18579060
2828305 18579061
1258232 18579062
3011827 18579063
1236716 18579064
12047012 18579065
2926433 17024502
12051362 17011553
10877175 18579066
10878695 18579067
10879006 18579067
1202889 18579068
1241253 18579068
12046683 18579069
12047298 18579070
1223699 18579071
1228062 18579072
1211928 18579073
13751344 18579074
18579075 18579074
1227708 18579074
1230096 18579074
1243615 18579074
2801681 18579074
1243613 18579074
13779263 18579074
1260838 18579074
2780537 18579076
15084081 18579074
2795275 18579076
1236579 18579074
8548118 18579074
8548098 18579074
13751345 18579074
1260864 18579074
13751346 18579074
2791202 18579074
1274315 18579074
18579077 18579074
1244401 18579074
1236581 18579074
1236585 18579074
2801573 18579076
1261307 18579074
2846884 18579078
12077311 12459091
1204248 18579079
3013904 18579080
18579081 18579082
1215574 18579083
18579084 18579085
18579086 18579087
6713294 18579088
2864466 18579089
18579090 10457739
18579091 10457739
17470793 18579092
2789405 18579093
2773612 18579094
3019334 17011684
1232272 17011689
18579095 12459122
15545396 18579096
13793954 18579096
1232440 18579096
15526114 18579097
6557785 18579097
6574463 17442201
15526114 17442201
15526113 18579097
15526113 18579098
1236742 18579099
2875326 12459129
1239497 18579100
10878735 18579101
3016105 17011791
12056384 17011791
3015306 17011791
18579102 18579103
18579104 17011790
2831197 17011792
2847604 17011792
12052183 18579105
18579106 18579107
1216252 18579108
1232236 18579109
18579110 18579111
13652014 18579112
18579113 18579114
1244879 18579115
1199567 18579115
4006791 18579115
1265977 18579115
18579116 18579117
3004405 10457762
2801885 18579118
1273841 18579119
18579120 18579121
2917865 18579122
18579123 18579122
18579124 18579125
6773435 18579126
18579127 10457764
2801887 18579128
7765969 18579129
8548130 18579130
8548132 18579130
1261679 18579130
2960634 18579131
18579132 18579130
12051575 18579133
2828483 10457770
2828543 10457770
996803 10457770
2835414 10457770
2894261 10457770
2809670 10457770
18579134 18579135
2857373 18579136
2868393 18579137
2831580 10457770
997184 10457770
18579138 10457770
2893876 18579136
1242388 18579139
18579140 18579141
18579142 18579143
1225377 18579144
18579145 18579146
18579147 18579148
8548112 18579149
8548114 18579149
8548116 18579150
18579151 18579152
18579153 18579154
18579155 18579156
2811083 18579157
13785688 18579158
1232210 18579159
18579160 18579161
1217868 17011920
13651941 18579162
13652042 18579163
12047394 12459163
18579164 17011994
18579165 12459168
18579166 18579167
12052125 18579168
13757646 18579169
10878030 18579170
18579171 18579172
1197029 18579173
1205762 10457778
1241794 10457786
15585168 18579174
1202967 18579174
13652012 17012107
13652010 17012107
18579175 18579176
1260806 18579177
2861001 18579178
18579179 18579180
18579181 17012200
10877200 17012200
10877183 17012200
18579182 18579183
2883043 18579184
18579185 18152915
1208314 18579186
18579187 17012381
1232665 10457805
1261327 12459192
1261588 12459192
1242565 18579188
1231339 18579189
3004403 18579190
1228625 18579191
13792167 18579191
2924026 18579192
8551468 18579193
2830161 18579194
18579195 18579196
1204692 18579196
2830153 18579197
2852661 18579197
15093082 10457814
18579198 18579199
12062231 18579200
13762085 17024570
1238984 17012549
1232144 18579201
1232286 10457817
18579202 18579203
18579204 18579205
1232190 18579206
18579207 18579208
18579209 18579208
18579210 18579208
18579211 18579208
18579212 18579208
18579213 18579208
18579214 18579208
18579215 18579208
18579216 18579208
18579217 18579208
18579218 18579208
18579219 18579208
10878025 17174475
13652098 17174475
10877060 18579220
8540528 18579221
1251952 18579222
7735077 18579222
12055814 18579223
18579224 18579225
18579226 18579227
15721135 17012786
13773889 17012786
13652020 18579228
1224014 18152973
18579229 18152973
1229397 17442835
1232044 17442835
10877925 18579230
18579231 18579232
6621593 18579233
18579234 18579235
18579236 17012908
18579237 18579238
1199085 18579238
2838154 12459225
2816433 12459226
12055752 18579239
3051585 18579240
18579241 18579242
15939760 18579242
18579243 18579242
6581863 18579244
13788886 18579245
18579246 18579247
1204694 18579247
1247719 10457843
15550540 10457843
12055267 17017117
2905440 17017117
2834679 10457846
12057392 18579248
12058291 18579249
18579250 17013025
18579251 17013025
18579252 18579253
1273465 18579253
17720963 18579254
2804093 10457853
3005614 10457853
2828594 17013129
13744742 10457856
18579255 12459248
2876024 18579256
18579257 18579258
8548126 18579259
12050531 18579259
18579260 12459248
13651854 12459248
18579261 12459248
2853869 12459248
11812635 18579262
2867829 10457861
2807468 10457861
2785058 10457861
2814521 18579263
995824 18579263
2860872 18579264
2770973 18579265
2777082 18579265
8540920 18579266
2785254 18579265
2887928 18579265
2787836 18579266
2855598 18579265
11811888 18579265
1222372 18579265
15312272 17024610
13869232 18579267
1271345 18579268
12056397 18579269
2816907 18579270
1236746 10457871
10877203 10457871
2780410 18579271
2794789 18579272
13763626 18579273
1235022 18579274
18579275 17013435
15526119 18579276
6584139 18579277
2916412 18579278
7718911 18579279
18579280 18579279
15518752 18579281
1241943 18579281
15518767 18579281
1236720 17013547
1236712 17013547
1236714 17013547
1236724 17013547
1236726 17013547
18579282 18579283
2835240 18579284
2835355 18579284
1243481 18579285
2831895 17024624
18579286 18579287
2827517 18579288
1236732 17013657
1236734 17013657
1236722 17013657
1236744 17013657
1236728 17013657
1236730 17013657
1236710 17013657
1236718 17013657
1236736 17013657
1236738 17013657
13652022 18153130
12043113 18579289
1202033 17013693
12047329 18579290
1225255 17024629
18579291 18579292
15545392 12459290
13781163 12459290
15545393 12459290
13781164 12459290
15097815 12459290
13781165 12459290
18579293 12459290
13766361 12459290
13766360 12459290
13766359 12459290
13766358 12459290
13766357 12459290
13766356 12459290
13766355 12459290
13766354 12459290
13766353 12459290
13766352 12459290
13766351 12459290
13766350 12459290
13766346 12459290
13766348 12459290
3024193 12459290
3007364 12459290
2992166 12459290
15016579 12459290
18579294 12459290
12057377 12459290
12061985 12459290
15624920 12459290
13789696 12459290
2801650 12459290
6700861 18579295
1223948 12459290
1220493 12459290
2810283 12459290
1241208 12459290
6650364 12459290
15586859 12459290
2923676 12459290
1203497 12459290
12043340 12459290
1251950 12459290
12056527 17013786
18579296 12459290
2787836 17013786
1225298 12459290
18579297 12459290
1205382 12459290
1208402 12459290
1204995 12459290
13794885 12459290
1205865 12459290
6636596 12459290
6715950 12459290
18579298 12459290
18579299 17013786
18579300 12459290
17720962 17013786
10878042 12459290
12056378 17013786
18579301 12459290
14913433 12459290
2989058 12459290
18579302 17013786
1228619 12459290
15101680 12459290
12053342 17013786
10879024 12459290
18579303 17013781
15687499 17013781
18579304 17013786
13751141 12459290
18579305 12459290
1266101 12459290
1226794 12459290
1217838 12459290
18579306 12459290
2775849 12459290
1245021 12459290
1227127 12459290
1227125 12459290
2916998 12459290
7893939 17013786
18579307 17013786
18579308 17013786
18579309 12459290
13748377 12459290
18579310 12459290
1208937 12459290
15550557 12459290
2996971 12459290
18579311 12459290
13767989 12459290
1245878 12459290
1251983 12459290
1223926 12459290
11811823 12459290
12048486 17013786
18579312 12459290
18579313 12459290
2766792 12459290
18579314 12459290
1251078 12459290
18579315 12459290
18579316 12459290
18579317 12459290
18579318 17013786
1245790 12459290
18579319 17013786
1202401 12459290
1207430 12459290
1215371 12459290
1260616 12459290
1243362 12459290
1212022 12459290
18579320 12459290
15588544 12459290
18579321 12459290
15898848 12459290
1207460 12459290
13748378 12459290
1212006 12459290
18579322 12459290
1251864 12459290
2995170 12459290
2980072 12459290
2825941 12459290
12053181 12459290
16434251 12459290
13777585 17013786
13793098 17013786
13754419 12459290
2805748 12459290
1212527 12459290
998264 17013786
1232302 12459290
18579323 12459290
15550287 12459290
12058514 12459290
13869230 12459290
18579324 12459290
1242113 12459290
2873949 12459290
18579325 12459290
2810994 12459290
13762447 12459290
1238813 12459290
2804805 12459290
18579326 17013786
3011799 12459290
1235953 12459290
18579327 12459290
1238394 12459290
1227129 12459290
2828871 12459290
18579328 12459290
3917517 12459290
13778844 12459290
15545401 12459290
18579329 17013786
1232372 12459290
15545387 12459290
1243189 12459290
18579330 12459290
18579331 12459290
1204087 12459290
1200963 12459290
2768901 12459290
15445920 12459290
2857102 12459290
2768793 12459290
2856149 12459290
2854227 12459290
18579332 12459290
2820767 12459290
2772138 17013786
2819706 12459290
1239335 12459290
18579333 12459290
1271307 12459290
18579334 12459290
18579335 12459290
1240215 12459290
1202795 18579336
13765819 18579336
18579337 18579336
18579338 18579336
18579339 18579340
15550361 18579340
12053390 18579336
2818227 12459290
12051714 12459290
2846853 17013786
2791060 12459290
2831677 12459290
2811043 12459290
2831650 17013786
2787339 17013786
2888060 12459290
2779526 12459290
2852386 12459290
2769706 12459290
2880630 12459290
2865766 12459290
2797215 12459290
2895073 12459290
2814681 12459290
2812846 12459290
2788014 12459290
2828152 17013786
2801487 12459290
2816946 17013786
2841226 17013786
2816761 17013786
18579341 12459290
2834923 17013786
2904666 12459290
2829530 12459290
2868204 12459290
15686978 12459290
15685068 12459290
1237539 12459290
1262050 12459290
10877064 12459290
1205752 12459290
12046350 17013786
13677453 12459290
1239785 12459290
7766749 12459290
18579342 12459290
1213087 17013786
1232288 12459290
18579343 12459290
7815447 12459290
7857201 12459290
1223958 12459290
18579344 17013786
18579345 12459290
6609868 12459290
18579346 12459290
2814687 17013786
18579347 12459290
18579348 12459290
2827676 17013786
1228763 12459290
10878615 17013786
10530368 12459290
18579349 12459290
7838133 12459290
18579350 12459290
18579351 12459290
10878789 12459290
12051000 12459290
1226449 12459290
1251080 12459290
15004510 17013786
1243291 12459290
1202043 12459290
2778260 12459290
1205708 12459290
1229377 12459290
1198455 12459290
18579352 12459290
2963502 12459290
4007430 12459290
10878681 12459290
2766382 12459290
10508844 12459290
1247743 12459290
18579353 17013786
18579354 12459290
6770615 12459290
18579355 12459290
1203491 12459290
2831030 17013786
2766384 17013786
3051962 12459290
1259054 12459290
1205656 12459290
2788816 18579356
2852683 17013786
2815522 17013786
2840424 12459290
2858953 17013786
2816966 12459290
2820214 17013786
2854392 17013786
2846776 17013786
2823647 12459290
2779570 17013786
2880700 12459290
15622485 12459290
2881938 12459290
18579357 12459290
2851510 12459290
2770294 17013786
2831373 17013786
2907549 17013786
18579358 12459290
1210065 12459290
1210063 12459290
12059930 17013786
2853666 12459290
7889396 12459290
1266489 12459290
1228116 18579359
7813666 12459290
1239777 12459290
2867365 12459294
1240064 12459294
18579360 12459294
2790668 12459294
2782592 12459294
1229094 12459294
2819861 12459294
2831250 18579361
2883639 18579361
2882553 18579361
18579362 12459290
1226144 12459290
15658260 12459290
1198275 12459290
1224026 12459290
13769708 12459290
1212543 18579295
1216165 12459290
13785299 12459290
18579363 17013786
3016406 12459290
1226543 12459290
3036891 12459290
1212432 12459290
2963969 12459290
10459771 17013786
2971283 17013786
1232284 12459290
2987226 12459290
12051383 12459290
12051616 17013786
13750626 12459290
7794882 12459290
1217208 12459290
2810433 12459290
2774798 17013786
18579364 12459290
18579365 17013786
2796423 17013786
10508798 12459290
2768452 12459290
12066792 12459290
15965491 12459290
12059843 12459290
12059906 12459290
2990142 17013786
12059211 12459290
2958440 17013786
18284897 12459290
12048312 17013786
15046537 12459290
18579366 17013781
18579367 12459290
13779836 12459290
1218788 12459290
18579368 18579369
1251076 12459290
2923711 12459290
1242115 12459290
3014239 12459290
3021265 17013786
3005611 18579370
15100687 17013786
1250519 12459290
1204862 12459290
18579371 12459290
13757489 12459290
1211408 12459290
1211410 12459290
13762466 12459290
2943178 12459290
18579372 17013786
12059549 12459290
1203577 12459290
2964670 12459290
2957418 12459290
1204567 12459290
1223077 12459290
1212042 12459290
12092219 12459290
18579373 12459290
2766384 17013786
18579374 12459290
7899963 12459290
18579375 12459290
6688970 12459290
1245794 12459290
1275312 12459290
18579376 12459290
12058483 12459290
13780771 12459290
1198382 12459290
12056035 17013786
2986964 12459290
18579377 17013786
7811934 12459290
7753412 12459290
2926647 17013786
1241951 12459290
1242521 12459290
13761967 12459290
1223457 12459290
13940060 12459290
18579378 12459290
13756178 12459290
18579379 12459290
2949815 17013786
18579380 12459290
1242352 12459290
1237533 12459290
18579381 17013786
1275655 17013786
12194489 12459290
18579382 17013786
18579383 17017240
13935805 12459290
1212191 12459290
12053071 17013786
15587500 12459290
13752985 12459290
1239785 12459290
1239331 12459290
1241077 12459290
1218240 12459290
1201778 12459290
1208360 12459290
18579384 12459290
2847877 12459290
12059631 12459290
1242439 12459290
7727992 12459290
2816137 12459290
1247717 12459290
2978033 12459290
18579385 12459290
15550266 12459290
1223180 12459290
18579386 12459290
7815788 12459290
13746785 12459290
1251517 12459290
15594790 12459290
1210396 12459290
15429863 12459290
1243242 12459290
18579387 17013786
6616864 12459290
6634404 12459290
1271347 12459290
18579388 17013786
18579389 12459290
13770660 12459290
13754192 12459290
3027635 17013786
2779744 12459290
1198790 12459290
2984480 17013786
1229646 17013786
1251987 12459290
16836073 12459290
13745330 12459290
13748478 12459290
14585883 12459290
2819442 17013786
13676492 12459290
18579390 12459290
2781662 12459290
18579391 12459290
3991901 17024664
1200995 12459290
2815963 12459290
1249547 12459290
1261980 18579392
1215595 18579392
1261740 18579392
1260823 18579392
1261786 18579392
1261347 18579392
18579393 18579392
1261494 18579392
1261788 18579392
1261749 18579392
1230164 18579394
12051312 18579395
1236497 12459299
1205905 18579396
2973614 17013809
15551173 12459304
18579397 18579398
12051757 18579399
3029792 18579399
18579400 17024682
10879052 17013903
1246489 18579401
18579402 17024682
12195185 17024682
15429668 10456863
17735458 10456863
1232268 18579403
18579404 18579405
18579406 18579403
2952790 18579403
2984480 17024682
12057922 18579407
18579408 18579409
2804718 18579410
2816695 18579411
18579412 17024690
18579413 18579414
18579415 18579416
18579417 18579418
1228621 18579419
18579420 18579421
1232188 18579422
18579423 18579424
1215415 12459330
18579425 18579426
13797186 18579427
7825841 17014061
1247184 18579428
18579429 18579430
18395768 12459336
13611477 18579431
18579432 18579433
12064263 18579434
1216230 18579435
10878574 12459337
18579436 12459337
11812830 17017410
1217395 17017410
18579437 17017410
12057376 10456865
10877171 18579438
12047013 17014189
1239475 18579439
7901201 17024706
18579440 18579441
18579442 12459351
18579443 12459351
18579444 12459351
18579445 18579446
13652072 10457926
10877191 10457926
18579447 10457926
10877207 10457928
12048799 18579448
1205594 18579449
18579450 18579451
18579452 18579453
2833304 10457931
18579454 10457933
18579455 10457933
10877169 10457934
18579456 10457934
13652018 18579457
10878065 18579458
2809504 18579459
18579460 17014368
18579461 18579462
1245462 18579463
1216075 18579464
12055406 18579465
18579466 18579467
10878052 18579468
13651984 18579468
18579469 18579468
1275012 18579470
18579471 17014624
12060559 18579472
7811312 18579473
7719090 18579473
1276168 18579473
16799809 18579473
1236856 18579473
10461113 18579473
1236858 18579473
10461115 18579473
1236860 18579473
16799815 18579473
7793847 18579473
16799813 18579473
12052082 18579473
18579474 18579473
16799817 18579473
12055083 18579473
16799819 18579473
7745385 18579473
16799821 18579473
7735459 18579473
16799823 18579473
1251139 18579473
15092578 18579473
1208566 18579475
2772870 18153325
10878069 17175499
1223680 10457942
1225408 18579476
10877193 17175521
18579477 17175521
3028760 17014812
10877948 17014813
2969400 17014812
7874365 17014812
12060659 17014812
12063087 17014812
18579478 18579479
18579480 17014821
13651994 18579481
1223952 18579482
10527683 17024746
18579483 17014847
1247727 12459383
18579484 17014860
10877568 17014860
10878021 12459383
18579485 17024754
1218258 17024754
18579486 18579487
18579488 17024754
18579489 18579487
18579490 18579487
18579491 17024755
18579492 18579487
8539816 17024754
1214775 17024754
1235646 17024754
1201441 17024754
1241853 17024754
18579493 18579494
16586512 17024759
13781667 17024759
15664569 17024760
18579495 17024760
3011827 18579496
1215599 17024760
13652033 17014890
13785839 17024771
1204277 17024771
15985582 17024771
1218254 17024771
6574653 17017491
12056687 17014927
18579497 17014955
10527550 17014955
18579498 18579499
18579500 18579501
2993404 18579502
7757436 18579503
12052162 18579503
12063193 18579503
3008357 18579503
2984480 18579503
12062935 18579503
2970555 18579503
2984480 18579503
13761670 18579503
1241908 18579503
1216044 17024777
12064132 18579503
3009956 18579503
18579504 18579503
3004910 18579503
13775904 18579503
12058354 17024777
3020860 18579503
2924231 17024777
3007036 17024777
12056139 18579503
15623476 18579503
7722221 18579503
13768900 18579503
18579505 18579503
12045227 18579503
2984480 18579503
2989600 18579503
7887819 18579503
18579506 18579507
3051390 18579508
1232458 12459391
1232384 10457956
18579509 17443533
13651970 18579510
1261325 18579511
1261472 18579511
1261466 18579511
1261456 18579511
1261474 18579511
1261480 18579511
1261490 18579511
1235095 10457961
13881802 18579512
2992823 18579513
2984028 18579514
3024842 18579514
18579515 18579516
1260828 18579517
18579518 12459396
2780967 18579519
2803280 18579519
15100688 18579520
18579521 18579522
13651990 18579523
10877566 18579523
13651992 18579523
10877177 18579524
