3816669 18630850
14849486 18630851
1460047 18630852
18630853 18630854
18630855 18630856
18630857 18630858
14855302 18630859
3789022 18630860
14864342 18630861
1552256 18630862
18630863 18630864
14863871 18630865
1460385 18630866
1666408 18630867
658359 18630868
18630869 18630870
18630871 18630872
14855358 18630873
1311730 18630874
238122 18630875
761284 18630876
4875732 18630877
1369463 18630878
1361759 18630879
14855132 18630880
303808 18630881
303808 18630882
16340018 18630883
14862268 18630884
14860101 18630885
14855441 18630886
14863764 18630887
1440322 18630888
14862209 18630889
14859561 18630890
14863356 18630891
14864389 18630892
1381692 18630893
14863765 18630894
1619552 18630895
14850790 18630896
285396 18630897
900281 18630898
14848852 18630899
14851702 18630900
14858540 18630901
808593 18630902
16340194 18630903
3854681 18630904
14852818 18630905
18630906 18630907
14858540 18630908
4383080 18630909
16330969 18630910
7773777 18630911
1164954 18630912
246753 18630913
3859941 18630914
14855203 18630915
18630916 18630917
18630918 18630919
18630920 18630921
1626823 18630922
1398840 18630923
14858049 18630924
14858896 18630925
1574535 18630926
3854497 18630927
18630928 18630929
18630930 18630931
14852168 18630932
1327815 18630933
18630934 18630935
18630936 18630937
14854100 18630938
16340329 18630939
3851976 18630940
14984858 18630941
14858035 18630942
264303 18630943
18630944 18630945
15669668 18630946
14855384 18630947
14852038 18630948
14855344 18630949
1518592 18630950
14855320 18630951
10588312 18630952
629427 18630953
1547952 18630954
1361989 18630955
18630956 18630957
14863415 18630958
962679 18630959
18630960 18630961
14862110 18630962
1548607 18630963
3856400 18630964
1460405 18630965
18630966 18630967
14862312 18630968
1351209 18630969
18630970 18630971
14855490 18630972
3835265 18630973
2527694 18630974
18630975 18630976
513372 18630977
10167895 18630978
1304097 18630979
3789022 18630980
18630981 18630982
825006 18630983
18630984 18630985
14864342 18630986
18630987 18630988
1307724 18630989
2304065 18630990
14848368 18630991
3095685 18630992
304702 18630993
749329 18630994
14855243 18630995
1335569 18630996
269551 18630997
1501882 18630998
1153423 18630999
1367575 18631000
1367575 18631001
1282186 18631002
14876774 18631003
562171 18631004
14992942 18631005
14859114 18631006
1355854 18631007
14857954 18631008
257502 18631009
18186141 18631010
337200 18631011
14860544 18631012
18186473 18631013
16330996 18631014
1279403 18631015
364020 18631016
1579137 18631017
3832363 18631018
18631019 18631020
14855146 18631021
467675 18631022
1573416 18631023
14853418 18631024
3852412 18631025
14858017 18631026
764496 18631027
595468 18631028
18631029 18631030
794004 18631031
14854344 18631032
761276 18631033
14861537 18631034
18631035 18631036
18631037 18631038
2435820 18631039
10880743 18631040
14853356 18631041
1433534 18631042
15365866 18631043
3844550 18631044
2571111 18631045
14861424 18631046
14855182 18631047
719955 18631048
1505375 18631049
18631050 18631051
18631052 18631053
3119320 18631054
721326 18631055
18631056 18631057
18631058 18631059
783837 18631060
18631061 18631062
1460779 18631063
910659 18631064
14862649 18631065
1523921 18631066
18631067 18631068
1543052 18631069
14859887 18631070
1542413 18631071
14846752 18631072
12600491 18631073
749752 18631074
612306 18631075
3827219 18631076
18631077 18631078
796406 18631079
636703 18631080
228100 18631081
228100 18631082
14858059 18631083
3819773 18631084
3669708 18631085
8311074 18631086
18631087 18631088
540433 18631089
18631090 18631091
383449 18631092
6349294 18631093
1860273 18631094
14864204 18631095
18631096 18631097
18631096 18631098
14860103 18631099
563570 18631100
449616 18631101
1451767 18631102
594524 18631103
1546736 18631104
14855400 18631105
1599876 18631106
14851715 18631107
3783449 18631108
713226 18631109
3874813 18631110
3568425 18631111
3615437 18631112
1514556 18631113
3795863 18631114
642093 18631115
14855428 18631116
258452 18631117
7838428 18631118
14853430 18631119
14862547 18631120
1835341 18631121
3793972 18631122
822911 18631123
7847293 18631124
14854175 18631125
15004689 18631126
18631127 18631128
14861671 18631129
2294804 18631130
3839050 18631131
18631132 18631133
18631134 18631135
673051 18631136
18631137 18631138
14858115 18631139
1339827 18631140
1569407 18631141
1459273 18631142
240601 18631143
15514813 18631144
3614746 18631145
268894 18631146
3851966 18631147
17167444 18631148
14846803 18631149
916312 18631150
3860076 18631151
2575316 18631152
2159367 18631153
825728 18631154
16342089 18631155
1574929 18631156
1569837 18631157
14863404 18631158
14858038 18631159
14846963 18631160
1498444 18631161
2575826 18631162
14855248 18631163
18631164 18631165
3851941 18631166
14855334 18631167
1367498 18631168
14855264 18631169
14855374 18631170
703731 18631171
1569634 18631172
3835776 18631173
18631174 18631175
14855446 18631176
4450460 18631177
14855295 18631178
18631179 18631180
16342354 18631181
18631182 18631183
1282141 18631184
1461600 18631185
14855518 18631186
1462596 18631187
515068 18631188
1541328 18631189
14855430 18631190
1459330 18631191
18631192 18631193
14863698 18631194
1369082 18631195
16342530 18631196
1335835 18631197
14863218 18631198
14858047 18631199
14854106 18631200
16342586 18631201
18631202 18631203
18631204 18631205
14858142 18631206
1383896 18631207
18631208 18631209
289620 18631210
12659693 18631211
14859568 18631212
1589405 18631213
14858033 18631214
3869495 18631215
1512609 18631216
875150 18631217
14855092 18631218
18631219 18631220
1416730 18631221
465433 18631222
1382139 18631223
14855032 18631224
3851951 18631225
14862640 18631226
16342836 18631227
14858022 18631228
14864448 18631229
708500 18631230
14850214 18631231
3619369 18631232
14859983 18631233
3848241 18631234
14855108 18631235
1529013 18631236
7756282 18631237
18631238 18631239
18186467 18631240
14862798 18631241
551577 18631242
1636837 18631243
1363563 18631244
14857627 18631245
1418875 18631246
14855360 18631247
14859858 18631248
2574594 18631249
3784909 18631250
10407896 18631251
18631252 18631253
1610562 18631254
18631255 18631256
18631257 18631258
10881163 18631259
14855297 18631260
224454 18631261
380200 18631262
1292257 18631263
1414421 18631264
1654444 18631265
3798773 18631266
697800 18631267
18631268 18631269
14852538 18631270
7731917 18631271
16343075 18631272
2373646 18631273
3793316 18631274
959713 18631275
959713 18631276
1186837 18631277
688192 18631278
4961096 18631279
15366975 18631280
3858495 18631281
3858495 18631282
1348732 18631283
14855462 18631284
1493404 18631285
14855426 18631286
4997016 18631287
16334107 18631288
314505 18631289
1315411 18631290
3851943 18631291
18631292 18631293
371942 18631294
3852006 18631295
1645321 18631296
297497 18631297
18186071 18631298
1186871 18631299
4014620 18631300
16343153 18631301
18186817 18631302
14853441 18631303
1581381 18631304
14862785 18631305
14855448 18631306
3846172 18631307
2433381 18631308
14855418 18631309
722521 18631310
14855276 18631311
1331552 18631312
450424 18631313
3609500 18631314
1475768 18631315
1348907 18631316
1571083 18631317
753780 18631318
1562193 18631319
3867552 18631320
4365240 18631321
420821 18631322
3854404 18631323
1573928 18631324
15313732 18631325
16371420 18631326
14863221 18631327
1384908 18631328
18631329 18631330
1406333 18631331
2308177 18631332
14858053 18631333
546628 18631334
14859110 18631335
1650800 18631336
14850471 18631337
14855116 18631338
18631339 18631340
14859889 18631341
3805475 18631342
3452387 18631343
795909 18631344
1456853 18631345
1456853 18631346
1522104 18631347
18631348 18631349
14863926 18631350
4360723 18631351
785357 18631352
2221109 18631353
652171 18631354
608582 18631355
1418783 18631356
13657186 18631357
484729 18631358
917490 18631359
1550385 18631360
14851862 18631361
1386234 18631362
3752430 18631363
3829681 18631364
1357754 18631365
3865413 18631366
14852710 18631367
1501102 18631368
14858045 18631369
1384117 18631370
18497075 18631371
14855184 18631372
16332295 18631373
1543161 18631374
1543161 18631375
1333479 18631376
14849086 18631377
12158681 18631378
492597 18631379
2418146 18631380
3612833 18631381
14864279 18631382
321043 18631383
1674725 18631384
790348 18631385
271258 18631386
1195669 18631387
14861567 18631388
14861567 18631389
14854088 18631390
1469651 18631391
14855337 18631392
15322503 18631393
524858 18631394
1354937 18631395
14855394 18631396
12677459 18631397
1473942 18631398
804977 18631399
1955208 18631400
16343530 18631401
3829079 18631402
3832097 18631403
14855151 18631404
14855125 18631405
3085950 18631406
1609150 18631407
18497076 18631408
16327404 18631409
1805282 18631410
14855329 18631411
14855494 18631412
127830 18631413
1460323 18631414
1636150 18631415
1307721 18631416
15004712 18631417
7744508 18631418
12676674 18631419
1407786 18631420
3852017 18631421
14863739 18631422
3851957 18631423
3522382 18631424
3795619 18631425
751530 18631426
514512 18631427
14855241 18631428
1579558 18631429
1645142 18631430
1555120 18631431
3856408 18631432
641417 18631433
18631434 18631435
2249511 18631436
3786996 18631437
14855508 18631438
728769 18631439
14855110 18631440
18631441 18631442
14860542 18631443
18631444 18631445
3872694 18631446
1339825 18631447
420801 18631448
14862734 18631449
807046 18631450
807046 18631451
4921407 18631452
1577662 18631453
14860546 18631454
14855439 18631455
18631456 18631457
18432331 18631458
734895 18631459
628654 18631460
1619597 18631461
14855205 18631462
1630085 18631463
18631464 18631465
3494801 18631466
1390113 18631467
14858138 18631468
18631469 18631470
18497077 18631471
14863070 18631472
1367916 18631473
1527943 18631474
1790266 18631475
659659 18631476
14855098 18631477
3846181 18631478
3856717 18631479
3619809 18631480
18631481 18631482
1618660 18631483
322055 18631484
18631485 18631486
1566118 18631487
18631488 18631489
18631490 18631491
3837966 18631492
14855318 18631493
793132 18631494
3806191 18631495
458984 18631496
15004596 18631497
14855327 18631498
14855130 18631499
3806722 18631500
14861862 18631501
540716 18631502
3828858 18631503
14855095 18631504
3859938 18631505
3851842 18631506
1582547 18631507
627517 18631508
1434545 18631509
14849174 18631510
1489239 18631511
1472844 18631512
1559359 18631513
1418900 18631514
1297894 18631515
3856408 18631516
14864396 18631517
3840728 18631518
14855487 18631519
3860008 18631520
1348630 18631521
1155329 18631522
1325245 18631523
1557148 18631524
570222 18631525
800867 18631526
133651 18631527
14849097 18631528
2318959 18631529
3829498 18631530
12676775 18631531
1488884 18631532
1005688 18631533
14855501 18631534
16335276 18631535
14862604 18631536
18631537 18631538
3842782 18631539
4999849 18631540
14859372 18631541
3854623 18631542
1852801 18631543
3851954 18631544
1636216 18631545
1599750 18631546
14858167 18631547
14855443 18631548
3845030 18631549
14861430 18631550
1610734 18631551
132192 18631552
132192 18631553
4874639 18631554
18517276 18631555
267196 18631556
607788 18631557
18631558 18631559
2565890 18631560
3858282 18631561
3826870 18631562
3105955 18631563
14870443 18631564
353939 18631565
14851940 18631566
400501 18631567
783839 18631568
14862828 18631569
3816131 18631570
3834974 18631571
14852176 18631572
3783780 18631573
14854263 18631574
466565 18631575
252137 18631576
1405463 18631577
2198389 18631578
1617659 18631579
1551829 18631580
14862544 18631581
18631582 18631583
671046 18631584
3838288 18631585
14851744 18631586
1277236 18631587
1629893 18631588
18631589 18631590
14863727 18631591
18631592 18631593
14848927 18631594
14849801 18631595
246651 18631596
14848710 18631597
242064 18631598
14861511 18631599
3857148 18631600
2320725 18631601
1441597 18631602
1557053 18631603
18631604 18631605
278399 18631606
14863924 18631607
18631608 18631609
18631610 18631611
14855309 18631612
1297681 18631613
301986 18631614
14859967 18631615
1924083 18631616
1810177 18631617
1297541 18631618
1604690 18631619
1589934 18631620
1589934 18631621
16346338 18631622
6410436 18631623
14861481 18631624
18631625 18631626
14858327 18631627
1330328 18631628
3863974 18631629
672066 18631630
14855396 18631631
3826222 18631632
18631633 18631634
14855460 18631635
14855454 18631636
15343386 18631637
14858120 18631638
14855515 18631639
14855368 18631640
14861946 18631641
1613162 18631642
2574897 18631643
4253819 18631644
1469463 18631645
592807 18631646
16337704 18631647
520583 18631648
281504 18631649
520583 18631650
14862778 18631651
3188225 18631652
1845037 18631653
1627305 18631654
801165 18631655
1838752 18631656
408618 18631657
1616161 18631658
10881025 18631659
10881025 18631660
1013607 18631661
276827 18631662
14863049 18631663
364710 18631664
18631665 18631666
817341 18631667
14863762 18631668
1302545 18631669
12616197 18631670
1610797 18631671
1566481 18631672
14855365 18631673
1461235 18631674
14849517 18631675
14860115 18631676
14853606 18631677
16346846 18631678
1480854 18631679
1613195 18631680
10449114 18631681
14860099 18631682
509920 18631683
201939 18631684
18631685 18631686
1319492 18631687
14855414 18631688
15174029 18631689
14861770 18631690
1555960 18631691
3838456 18631692
14855346 18631693
14858026 18631694
3826000 18631695
1661424 18631696
2002031 18631697
1584861 18631698
1419571 18631699
1674728 18631700
14861061 18631701
14861061 18631702
1571444 18631703
14848598 18631704
3093280 18631705
145368 18631706
14854108 18631707
662906 18631708
3864424 18631709
14855229 18631710
18631711 18631712
1394277 18631713
3594464 18631714
3252765 18631715
3569567 18631716
18186138 18631717
2244509 18631718
14862142 18631719
18631720 18631721
18631722 18631723
14854104 18631724
4468351 18631725
3856485 18631726
1368681 18631727
18631728 18631729
14864128 18631730
14855505 18631731
1459260 18631732
403483 18631733
14854094 18631734
14848519 18631735
14858136 18631736
1598052 18631737
1420723 18631738
1633093 18631739
12157130 18631740
551067 18631741
18631742 18631743
1378421 18631744
18631745 18631746
14862595 18631747
3846480 18631748
1856416 18631749
14855211 18631750
2533351 18631751
18186531 18631752
16347624 18631753
605416 18631754
14863600 18631755
14861367 18631756
14849542 18631757
18631758 18631759
1631449 18631760
1528944 18631761
18631762 18631763
14855342 18631764
14855314 18631765
14855278 18631766
1779465 18631767
14855304 18631768
3854329 18631769
1383427 18631770
348039 18631771
1522794 18631772
1516542 18631773
14863085 18631774
1295139 18631775
3838970 18631776
14854092 18631777
14855144 18631778
253248 18631779
14858176 18631780
14862180 18631781
1418844 18631782
3788121 18631783
14858028 18631784
14863515 18631785
15360322 18631786
2318973 18631787
571160 18631788
14859566 18631789
3623582 18631790
18631791 18631792
14855139 18631793
16326917 18631794
3848245 18631795
252241 18631796
181579 18631797
18631798 18631799
14855178 18631800
251876 18631801
1625042 18631802
18631803 18631804
4247064 18631805
14855175 18631806
18631807 18631808
3845721 18631809
668799 18631810
14858894 18631811
14863583 18631812
14852516 18631813
14863919 18631814
1462037 18631815
729666 18631816
14864372 18631817
18631818 18631819
14858042 18631820
1520072 18631821
14864618 18631822
958855 18631823
1609236 18631824
14855322 18631825
15341766 18631826
1711435 18631827
1665869 18631828
12605703 18631829
472425 18631830
1598288 18631831
1519693 18631832
1620761 18631833
246687 18631834
10212425 18631835
4875787 18631836
18631837 18631838
1365594 18631839
1499982 18631840
638805 18631841
14855282 18631842
1845769 18631843
1568799 18631844
1362601 18631845
1559866 18631846
1277446 18631847
1572674 18631848
14862707 18631849
1573484 18631850
16328745 18631851
1326321 18631852
1463039 18631853
414821 18631854
14858439 18631855
14855435 18631856
819785 18631857
14863708 18631858
18631859 18631860
14858015 18631861
3076751 18631862
1378156 18631863
14858024 18631864
4925983 18631865
14858329 18631866
14861525 18631867
14862538 18631868
10484208 18631869
14859243 18631870
14859247 18631871
1644440 18631872
18631873 18631874
14858331 18631875
3858386 18631876
1624293 18631877
2452479 18631878
1742732 18631879
1294220 18631880
14846448 18631881
18484617 18631882
3862136 18631883
10165730 18631884
14864110 18631885
16332166 18631886
18631887 18631888
3848243 18631889
14863036 18631890
648768 18631891
1388595 18631892
14863437 18631893
1888915 18631894
554234 18631895
14853989 18631896
262135 18631897
1622816 18631898
14862818 18631899
608904 18631900
3868068 18631901
14869390 18631902
1768921 18631903
801957 18631904
14860108 18631905
1164027 18631906
14852252 18631907
420823 18631908
1632565 18631909
14859368 18631910
1562467 18631911
14855331 18631912
1574840 18631913
14855466 18631914
18631915 18631916
189570 18631917
1440900 18631918
14855245 18631919
1165213 18631920
650404 18631921
1451581 18631922
1195106 18631923
14855141 18631924
635636 18631925
14858020 18631926
14854067 18631927
14856805 18631928
14855034 18631929
1600921 18631930
14861935 18631931
16325603 18631932
2453959 18631933
1512554 18631934
14988763 18631935
662914 18631936
3871977 18631937
14863042 18631938
1840177 18631939
1151584 18631940
18631941 18631942
3852020 18631943
14858055 18631944
3587229 18631945
4360449 18631946
14858011 18631947
3837166 18631948
14859376 18631949
1513084 18631950
138513 18631951
14863914 18631952
4004732 18631953
3839497 18631954
3839497 18631955
14848152 18631956
3850494 18631957
494820 18631958
730775 18631959
18631960 18631961
18631962 18631963
16332991 18631964
3794689 18631965
1559747 18631966
10202528 18631967
18631968 18631969
1424789 18631970
1335459 18631971
3794689 18631972
14862068 18631973
14846740 18631974
3835308 18631975
3835308 18631976
15347882 18631977
14864457 18631978
3356381 18631979
1307719 18631980
18631981 18631982
704690 18631983
16350816 18631984
14859238 18631985
383415 18631986
1615653 18631987
14863652 18631988
18631989 18631990
3858560 18631991
1194489 18631992
3565762 18631993
14853292 18631994
14849231 18631995
16350934 18631996
12676803 18631997
18631998 18631999
14850691 18632000
1571622 18632001
12660043 18632002
203200 18632003
1668200 18632004
118199 18632005
1396584 18632006
1498463 18632007
14855402 18632008
218591 18632009
14861171 18632010
14846431 18632011
18632012 18632013
3867658 18632014
14862647 18632015
10168198 18632016
1591192 18632017
3852013 18632018
8479730 18632019
608606 18632020
549655 18632021
14855382 18632022
1367918 18632023
1530502 18632024
1111737 18632025
