6721501 19226108
6566612 19226109
13800539 19226110
6598472 19226111
6579500 19226112
6580422 19226113
6596297 19226114
6566131 19226115
19226116 19226117
6564769 19226118
13800291 19226119
6578787 19226120
13800275 19226121
15445299 19226122
13800392 19226123
6561210 19226124
13800467 19226125
6583933 19226126
6608059 19226127
13800508 19226128
18280437 19226129
6618425 19226130
13800553 19226131
3926207 19226132
13800469 19226133
11345133 19226134
6591243 19226135
13800557 19226136
13800902 19226137
6566065 19226138
6567205 19226139
17583262 19226140
13800758 19226141
13800880 19226142
6593283 19226143
4546795 19226144
13800386 19226145
6604463 19226146
13800303 19226147
6604260 19226148
6726097 19226149
15664570 19226150
13800293 19226151
15664561 19226152
6590812 19226153
19226154 19226155
17619233 19226156
13800910 19226157
19226158 19226159
19226160 19226161
19226162 19226163
13800289 19226164
17583263 19226165
13800251 19226166
13800267 19226167
13800285 19226168
13800317 19226169
13800277 19226170
13800301 19226171
13802753 19226172
13800255 19226173
6567685 19226174
13800325 19226175
13800896 19226176
15476224 19226177
13800498 19226178
19226179 19226180
15659312 19226181
19226182 19226183
13800291 19226184
6586449 19226185
13800904 19226186
13800388 19226187
6585803 19226188
19226189 19226190
6583745 19226191
6570643 19226192
13800289 19226193
13800287 19226194
13802763 19226195
13800309 19226196
6586032 19226197
13800237 19226198
17602812 19226199
15545860 19226200
6580175 19226201
19226202 19226203
13800549 19226204
13800502 19226205
13800465 19226206
13800741 19226207
19226208 19226209
6567113 19226210
13800323 19226211
13800396 19226212
6595557 19226213
13800743 19226214
6564962 19226215
15540524 19226216
13800394 19226217
13802759 19226218
15543872 19226219
13800277 19226220
13800512 19226221
13800281 19226222
13800319 19226223
6595790 19226224
13800682 19226225
6577062 19226226
19226227 19226228
6576735 19226229
6568477 19226230
6735066 19226231
19226232 19226233
6572866 19226234
19226232 19226235
6558045 19226236
13800244 19226237
15527149 19226238
13800404 19226239
6587332 19226240
13800894 19226241
19226242 19226243
6677661 19226244
13802749 19226245
13800311 19226246
13800477 19226247
6592486 19226248
6567044 19226249
17583264 19226250
6771117 19226251
15670484 19226252
13800492 19226253
13800923 19226254
13802745 19226255
18285547 19226256
6567291 19226257
19226258 19226259
13802761 19226260
6582268 19226261
18284923 19226262
6595477 19226263
6576261 19226264
6561607 19226265
13800908 19226266
13800500 19226267
19226160 19226268
13800494 19226269
13802743 19226270
13800321 19226271
13800898 19226272
13800275 19226273
6561791 19226274
13802757 19226275
15664565 19226276
13800506 19226277
15548969 19226278
13800325 19226279
15636391 19226280
13800525 19226281
13800746 19226282
13800239 19226283
13800305 19226284
3969951 19226285
13800229 19226286
6689683 19226287
15659320 19226288
19226289 19226290
6571391 19226291
13800487 19226292
6590873 19226293
6571815 19226294
13800756 19226295
4546679 19226296
6562627 19226297
6674169 19226298
6565679 19226299
17583261 19226300
19226301 19226302
13800906 19226303
17583260 19226304
15085289 19226305
17581355 19226306
13800845 19226307
6579295 19226308
17583257 19226309
13802751 19226310
3889013 19226311
6576735 19226312
13800209 19226313
17583258 19226314
15592373 19226315
13802747 19226316
17586453 19226317
13800762 19226318
19226319 19226320
15899892 19226321
13800281 19226322
6600790 19226323
6561009 19226324
19226325 19226326
13800820 19226327
13800504 19226328
6570503 19226329
6594993 19226330
6578748 19226331
6771555 19226332
6587440 19226333
15476920 19226334
6724467 19226335
13800400 19226336
6584945 19226337
6604189 19226338
13800473 19226339
19226340 19226341
6569817 19226342
13800215 19226343
13800481 19226344
15659340 19226345
13800463 19226346
13800766 19226347
13800469 19226348
6557534 19226349
6601025 19226350
13800485 19226351
13800467 19226352
13800477 19226353
13800916 19226354
13800741 19226355
13800739 19226356
6661213 19226357
13800191 19226358
19226359 19226360
15427646 19226361
19226362 19226363
19226364 19226365
19226366 19226367
13800203 19226368
13802716 19226369
19226370 19226371
3933310 19226372
13802714 19226373
15664571 19226374
6585793 19226375
15552979 19226376
6584118 19226377
13800223 19226378
13800263 19226379
13800267 19226380
13800412 19226381
6596046 19226382
6583647 19226383
13800255 19226384
19226385 19226386
19226387 19226386
6574327 19226388
6559711 19226389
6603485 19226390
13800408 19226391
19226202 19226392
6595136 19226393
3920450 19226394
13800251 19226395
13800269 19226396
15664565 19226397
13800537 19226398
3931200 19226399
13800551 19226400
15664563 19226401
6593866 19226402
6695006 19226403
6704130 19226404
15499803 19226405
13800535 19226406
19226407 19226408
13800845 19226409
15552672 19226410
19226411 19226412
3907622 19226413
15438462 19226414
15659480 19226415
19226416 19226417
19226418 19226419
17514292 19226420
6601873 19226421
6593465 19226422
6574087 19226423
13800847 19226424
13800914 19226425
6568285 19226426
6581943 19226427
17017818 19226428
6576751 19226429
6565915 19226430
3919671 19226431
6561373 19226432
13800303 19226433
13800918 19226434
6593092 19226435
13800313 19226436
17542349 19226437
13800749 19226438
3947694 19226439
13800533 19226440
13800390 19226441
13800287 19226442
6574791 19226443
3966875 19226444
6571944 19226445
15430442 19226446
13802755 19226447
19226448 19226449
15552842 19226450
13800900 19226451
6568158 19226452
13800845 19226453
15651259 19226454
13800400 19226455
15523166 19226456
6579965 19226457
13800487 19226458
15634841 19226459
13800315 19226460
3982399 19226461
15632701 19226462
6592494 19226463
6567541 19226464
6769626 19226465
6557604 19226466
13800265 19226467
6580794 19226468
1811245 19226469
6568078 19226470
13800329 19226471
13800479 19226472
6593434 19226473
6599727 19226474
15442967 19226475
13800510 19226476
6579537 19226477
13800704 19226478
15664959 19226479
13800496 19226480
6744586 19226481
6561416 19226482
6603511 19226483
13800342 19226484
13800351 19226485
3006189 19226486
6704407 19226487
15498354 19226488
6602408 19226489
13800215 19226490
19226232 19226491
15642960 19226492
6603812 19226493
6585844 19226494
6581828 19226495
6591416 19226496
6580086 19226497
6574670 19226498
6570393 19226499
6583034 19226500
6578667 19226501
6564425 19226502
6595777 19226503
6560326 19226504
6583904 19226505
6570091 19226506
6562981 19226507
6594352 19226508
6559653 19226509
6598451 19226510
6559902 19226511
6566179 19226512
6587533 19226513
6594849 19226514
6564326 19226515
6593278 19226516
6587694 19226517
6557660 19226518
6593942 19226519
3919673 19226520
6601119 19226521
6582985 19226522
6558715 19226523
6561518 19226524
6592642 19226525
6570441 19226526
6588598 19226527
6557782 19226528
3923312 19226529
6567357 19226530
6592255 19226531
6562669 19226532
19226533 19226534
15651670 19226535
15651701 19226536
13800123 19226537
13800127 19226538
13800125 19226539
13800121 19226540
13800129 19226541
13800143 19226542
13800133 19226543
13800135 19226544
13800139 19226545
13800141 19226546
13800131 19226547
15668303 19226548
4015450 19226549
19226550 19226551
19226552 19226553
6588205 19226554
19226555 19226556
6587677 19226557
19226558 19226559
19226560 19226561
6593651 19226562
4546749 19226563
6586608 19226564
6586348 19226565
4546707 19226566
6563782 19226567
6568473 19226568
6567849 19226569
12561513 19226570
19226571 19226572
6602019 19226573
6568054 19226574
3927734 19226575
15696728 19226576
6596373 19226577
13800465 19226578
13800518 19226579
13800485 19226580
17018437 19226581
15651792 19226582
19226583 19226584
19226585 19226586
19226587 19226588
19226589 19226590
19226591 19226592
6560001 19226593
19226594 19226595
19226596 19226597
6637301 19226598
6561135 19226599
15622404 19226600
6581207 19226601
6590983 19226602
6583536 19226603
3893402 19226604
13800490 19226605
6561727 19226606
6599472 19226607
13800852 19226608
6770748 19226609
13800209 19226610
13800459 19226611
13800531 19226612
13802718 19226613
13800737 19226614
13800735 19226615
13802712 19226616
13800845 19226617
13800457 19226618
6598254 19226619
6567525 19226620
6579363 19226621
3521255 19226622
6597998 19226623
6562144 19226624
15528247 19226625
6593653 19226626
6572438 19226627
6594381 19226628
13800632 19226629
13800612 19226630
13800616 19226631
13800608 19226632
13800600 19226633
13800628 19226634
13800626 19226635
13800610 19226636
6593314 19226637
13800604 19226638
13800624 19226639
15630143 19226640
4546635 19226641
6560939 19226642
6560294 19226643
6560965 19226644
6595457 19226645
19226646 19226647
6581057 19226648
6562064 19226649
6589183 19226650
6568942 19226651
6565068 19226652
6580064 19226653
15726540 19226654
6572713 19226655
19226411 19226656
19226657 19226658
13800483 19226659
13800616 19226660
13800485 19226661
19226662 19226663
6579128 19226664
6601389 19226665
6603670 19226666
6562955 19226667
18284897 19226668
13800598 19226669
19226670 19226671
19226672 19226673
15441877 19226674
6568645 19226675
6580680 19226676
13800185 19226677
6568485 19226678
13800857 19226679
19226680 19226681
15637194 19226682
6564176 19226683
6571209 19226684
2752509 19226685
15630458 19226686
15545940 19226687
78877 19226688
6559284 19226689
6594171 19226690
13800921 19226691
15699964 19226692
17586632 19226693
15664572 19226694
6567021 19226695
6592819 19226696
15664565 19226697
15634674 19226698
19226699 19226700
6596292 19226701
19226702 19226703
19226704 19226705
19226706 19226707
19226708 19226709
19226710 19226711
19226712 19226713
19226714 19226715
6573721 19226716
19226717 19226718
15438756 19226719
6567253 19226720
6566843 19226721
6626982 19226722
3891196 19226723
6585596 19226724
6596628 19226725
6561628 19226726
19226727 19226728
17586580 19226729
15552597 19226730
6602415 19226731
13800233 19226732
6596371 19226733
15668273 19226734
15698900 19226735
6597590 19226736
13800921 19226737
19226738 19226739
19226555 19226740
13800541 19226741
15627941 19226742
19226301 19226743
13800303 19226744
13800498 19226745
13800494 19226746
13800539 19226747
13800502 19226748
6566608 19226749
19226750 19226751
19226752 19226753
6573949 19226754
6600623 19226755
6596089 19226756
17569142 19226757
6574980 19226758
6573130 19226759
13800382 19226760
3957207 19226761
6600138 19226762
19226763 19226764
6598789 19226765
13800187 19226766
6567021 19226767
6558094 19226768
6595186 19226769
15589584 19226770
6598789 19226771
19226772 19226773
6587023 19226774
15454290 19226775
6557556 19226776
15629753 19226777
6582373 19226778
13800345 19226779
13800355 19226780
13800303 19226781
15653131 19226782
15651951 19226783
6566237 19226784
6567641 19226785
18370216 19226786
6598004 19226787
13800682 19226788
6565895 19226789
6585877 19226790
6594860 19226791
6589428 19226792
13800055 19226793
6558871 19226794
6784467 19226795
6557840 19226796
6577455 19226797
6557382 19226798
15592342 19226799
13800325 19226800
19226160 19226801
3907441 19226802
6558241 19226803
19226242 19226804
6784467 19226805
19226806 19226807
6737505 19226808
15725103 19226809
6565651 19226810
17544155 19226811
2595781 19226812
13800845 19226813
13800211 19226814
19226815 19226816
3905274 19226817
6574680 19226818
15544665 19226819
19226820 19226821
3896674 19226822
15701483 19226823
15589520 19226824
6559432 19226825
3922390 19226826
15632051 19226827
6567845 19226828
6579927 19226829
6589874 19226830
13800362 19226831
6559234 19226832
6570855 19226833
13800500 19226834
6736102 19226835
15627564 19226836
19226837 19226838
6562041 19226839
6696429 19226840
15664959 19226841
15438724 19226842
6644767 19226843
19226232 19226844
13800461 19226845
13800630 19226846
15652507 19226847
6698556 19226848
6577050 19226849
6569745 19226850
15692285 19226851
13800545 19226852
15454426 19226853
19226854 19226855
19226232 19226856
6579520 19226857
6577003 19226858
6652782 19226859
13800634 19226860
6584669 19226861
13802726 19226862
6581853 19226863
3949782 19226864
13800303 19226865
6603621 19226866
13800541 19226867
13802710 19226868
13800487 19226869
6596532 19226870
13800562 19226871
6787309 19226872
6767901 19226873
19226874 19226875
15636575 19226876
6572728 19226877
6599426 19226878
13800547 19226879
6583007 19226880
6600072 19226881
6608442 19226882
15592377 19226883
19226884 19226883
15664564 19226885
13800620 19226886
13800618 19226887
19226888 19226889
19226670 19226890
6582441 19226891
6603300 19226892
15511909 19226893
19226894 19226895
19226202 19226896
19226897 19226898
15631679 19226899
19226900 19226901
13800055 19226902
15529071 19226903
13800693 19226904
19226905 19226906
15659317 19226907
17646227 19226908
13800353 19226909
19226910 19226911
6594984 19226912
6597450 19226913
19226914 19226915
15642526 19226916
6585027 19226917
6603596 19226918
19226919 19226920
13800529 19226921
13800329 19226922
15709764 19226923
6560721 19226924
15670476 19226925
13800555 19226926
13802708 19226927
19226928 19226929
6563986 19226930
19226931 19226932
6621722 19226933
15652970 19226934
17481185 19226935
6567042 19226936
6564432 19226937
19226938 19226939
6582551 19226940
6602432 19226941
13800533 19226942
6596373 19226943
18276099 19226944
6559709 19226945
6596810 19226946
13800475 19226947
13800223 19226948
13800606 19226949
6593094 19226950
6597444 19226951
6589514 19226952
15632591 19226953
19226232 19226954
15652956 19226955
6573311 19226956
19226957 19226958
6577944 19226959
13800564 19226960
13800854 19226961
6586747 19226962
15664576 19226963
6566816 19226964
6773784 19226965
6568938 19226966
15454081 19226967
17473856 19226968
15651353 19226969
13800566 19226970
6570024 19226971
19226972 19226973
6574643 19226974
6580266 19226975
13800614 19226976
6594692 19226977
6625185 19226978
6584064 19226979
6563725 19226980
13800569 19226981
6692366 19226982
13802741 19226983
6566668 19226984
6599052 19226985
6577355 19226986
6577135 19226987
6623215 19226988
6575648 19226989
6564956 19226990
17577943 19226991
19226364 19226992
19226362 19226993
6579471 19226994
3924683 19226995
6584889 19226996
6575652 19226997
6596694 19226998
13800239 19226999
6580489 19227000
13800187 19227001
15592342 19227002
15714016 19227003
3928860 19227004
3932159 19227005
3940490 19227006
19226364 19227007
19226362 19227008
6578123 19227009
6597812 19227010
13800211 19227011
15659316 19227012
15543270 19227013
15589087 19227014
6575461 19227015
19227016 19227017
6582842 19227018
6598350 19227019
6626424 19227020
15651622 19227021
15651623 19227022
6600100 19227023
6601922 19227024
6561624 19227025
3937597 19227026
6587835 19227027
15651624 19227028
6575726 19227029
6593373 19227030
6582979 19227031
6588706 19227032
15708720 19227033
15465303 19227034
18285097 19227035
18285098 19227036
19227037 19227038
18284108 19227039
18285099 19227040
13800375 19227041
15465304 19227042
15465305 19227043
15465306 19227044
13800373 19227045
6664994 19227046
6589048 19227047
6591856 19227048
3916639 19227049
17586748 19227050
17575545 19227051
17575546 19227052
15696065 19227053
13800415 19227054
13800417 19227055
13800419 19227056
13800421 19227057
13800423 19227058
13800425 19227059
13800427 19227060
13800429 19227061
13800431 19227062
13800433 19227063
13800435 19227064
13800404 19227065
13800863 19227066
6771117 19227067
13800545 19227068
17017818 19227069
15664564 19227070
6569078 19227071
15586632 19227072
18281760 19227073
13800912 19227074
19227075 19227076
15444870 19227077
6707757 19227078
6625376 19227079
15656407 19227080
15579355 19227081
6592147 19227082
13800440 19227083
13800442 19227084
13800444 19227085
13800446 19227086
13800448 19227087
13800450 19227088
13800438 19227089
6582920 19227090
3925792 19227091
15652983 19227092
6594625 19227093
18285547 19227094
15709827 19227095
6717128 19227096
15657507 19227097
13800349 19227098
19226806 19227099
6578971 19227100
6594327 19227101
6586698 19227102
3953453 19227103
19226232 19227104
19226806 19227105
6577499 19227106
17645240 19227107
6568740 19227108
6604399 19227109
19227110 19227111
6567517 19227112
19226555 19227113
6598400 19227114
6712264 19227115
6570183 19227116
6568816 19227117
6572953 19227118
6562393 19227119
6567374 19227120
6560009 19227121
6570509 19227122
6581099 19227123
6589220 19227124
6599269 19227125
3993765 19227126
6559122 19227127
6574755 19227128
15668387 19227129
13800845 19227130
13800235 19227131
13800845 19227132
15465107 19227133
6575087 19227134
19227135 19227136
13800843 19227137
13800771 19227138
13802726 19227139
6590241 19227140
6734228 19227141
3980476 19227142
6564192 19227143
6700497 19227144
15544455 19227145
6598040 19227146
6563321 19227147
6602993 19227148
6563944 19227149
6589498 19227150
6566890 19227151
17481164 19227152
6594304 19227153
13800773 19227154
15636006 19227155
6767821 19227156
13802726 19227157
15696970 19227158
3948400 19227159
6601105 19227160
6597843 19227161
6759034 19227162
2595461 19227163
17488354 19227164
15626468 19227165
15626568 19227166
13800849 19227167
13802736 19227168
6600995 19227169
6562813 19227170
6586059 19227171
6558885 19227172
15643110 19227173
6593005 19227174
13802739 19227175
6597411 19227176
13800831 19227177
19226928 19227178
19227179 19227180
13800396 19227181
13800402 19227182
13800406 19227183
13800859 19227184
15626739 19227185
19227186 19227187
15619812 19227188
19227189 19227190
15436750 19227191
19227192 19227193
15548823 19227194
19227195 19227196
15465377 19227197
17477069 19227198
6716542 19227199
6598380 19227200
19227201 19227202
6745492 19227203
6586057 19227204
15627746 19227205
15627464 19227206
6570612 19227207
15454005 19227208
6625501 19227209
13800277 19227210
13800285 19227211
13800311 19227212
6587224 19227213
15667497 19227214
6598211 19227215
6593911 19227216
3043000 19227217
6582898 19227218
3044094 19227219
6566251 19227220
6594012 19227221
6652533 19227222
6737000 19227223
6695335 19227224
15444605 19227225
15444257 19227226
19227227 19227228
19227229 19227230
15444301 19227231
19227232 19227233
19227234 19227235
19227236 19227237
15628306 19227238
13800325 19227239
15454037 19227240
15448475 19227241
6586350 19227242
6598846 19227243
6568280 19227244
15543264 19227245
15438725 19227246
15667616 19227247
15528922 19227248
15454073 19227249
15628477 19227250
15588935 19227251
13800380 19227252
15464953 19227253
17565676 19227254
15454095 19227255
6603606 19227256
15629374 19227257
6748003 19227258
15628556 19227259
15444604 19227260
15444515 19227261
19227262 19227263
19227264 19227265
19227266 19227267
15444607 19227268
19227269 19227270
19227271 19227272
19227273 19227274
15522422 19227275
6730269 19227276
6575863 19227277
6587893 19227278
6644941 19227279
15729617 19227280
19227281 19227282
6607454 19227283
6674430 19227284
6602610 19227285
19226815 19227286
18374255 19227287
15729600 19227288
6735925 19227289
15643797 19227290
6567610 19227291
15444682 19227292
18371417 19227293
18374198 19227294
15540550 19227295
6645305 19227296
15510438 19227297
15629375 19227298
6593548 19227299
13800863 19227300
13800861 19227301
13800410 19227302
15657508 19227303
15667671 19227304
19227305 19227306
15629245 19227307
6707430 19227308
15553067 19227309
15548698 19227310
19227311 19227312
18379534 19227313
15629242 19227314
15629218 19227315
15548745 19227316
15700723 19227317
15431707 19227318
19227319 19227320
19227321 19227322
19227323 19227322
19227324 19227325
6586286 19227326
16279804 19227327
15447273 19227328
6635561 19227329
15677328 19227330
15629610 19227331
15445025 19227332
6591326 19227333
19227334 19227335
6699326 19227336
6757020 19227337
6580487 19227338
15528974 19227339
15450304 19227340
15445066 19227341
15499011 19227342
15651762 19227343
15445058 19227344
18373591 19227345
15629309 19227346
6609339 19227347
6738819 19227348
15521228 19227349
19227350 19227351
19227352 19227353
15543250 19227354
15592046 19227355
15445276 19227356
15629940 19227357
15638435 19227358
19227359 19227360
15631318 19227361
19227362 19227363
15529013 19227364
15664568 19227365
6602316 19227366
15643813 19227367
6568280 19227368
6612969 19227369
4015472 19227370
15510377 19227371
6602714 19227372
15630376 19227373
15636835 19227374
15445353 19227375
15446134 19227376
6557299 19227377
15543269 19227378
19227379 19227380
15512554 19227381
15446233 19227382
15149196 19227383
15709301 19227384
19227385 19227386
6786246 19227387
19227388 19227389
15631705 19227390
18375020 19227391
19227392 19227393
17621804 19227394
6616147 19227395
17707051 19227396
15592083 19227397
17709825 19227398
18380363 19227399
18367412 19227400
18377642 19227401
18281894 19227402
19226712 19227403
19227404 19227405
19227406 19227407
19227408 19227409
19226550 19227410
17709825 19227411
4007542 19227412
19227413 19227414
19227415 19227416
19227417 19227418
19227419 19227420
19227421 19227422
19227423 19227424
15709293 19227425
18279119 19227426
18281041 19227427
6777031 19227428
6651172 19227429
6769952 19227430
19227431 19227432
