19649394 19649395
19649396 19649395
3998 19649397
6216 19649398
6036 19649399
5240 19649400
920 19649401
5304 19649402
8540 19649403
6248 19649404
1826 19649405
7918 19649406
10213831 19649406
10410 19649407
9564 19649408
5334 19649409
2882 19649410
3980 19649411
566 19649412
5618 19649413
3752 19649414
10008 19649415
10988 19649416
8612 19649417
10598 19649418
1890 19649419
2724 19649420
4202 19649421
206 19649422
5942 19649423
3092 19649424
332 19649425
540 19649426
2370 19649427
542 19649428
19649429 19649430
5460 19649431
10996 19649432
10998 19649432
11000 19649432
1474 19649433
10596 19649434
1300 19649435
3094 19649436
9684 19649437
8464 19649438
442 19649439
1630 19649439
1642 19649439
1778 19649439
1834 19649439
2184 19649439
3142 19649439
3242 19649439
4070 19649439
4468 19649439
4650 19649439
4682 19649439
5826 19649439
5830 19649439
7864 19649439
8008 19649439
9322 19649439
9778 19649439
5962 19649440
10346 19649441
10866 19649442
2712 19649443
9116 19649444
6976 19649445
5252 19649446
5254 19649446
10214 19649446
1360 19649447
3034 19649448
5374 19649449
3330 19649450
6406 19649451
8152 19649451
760 19649452
18274412 19649452
2010 19649453
5802 19649454
3904 19649455
8240 19649456
2106 19649457
1496 19649458
11006 19649458
3486 19649459
5446 19649459
19649460 19649461
3064 19649462
10246 19649463
6208 19649464
17101997 19649464
1790 19649465
7664 19649465
17423170 19649465
19649466 19649465
5510 19649467
1776 19649468
7912 19649469
3408 19649470
3410 19649470
6804 19649471
10288 19649472
9924 19649473
1030 19649474
5772 19649474
10576 19649474
6470 19649475
7526 19649476
10 19649477
628 19649477
784 19649477
4378 19649477
6596 19649477
6618 19649477
6640 19649477
6734 19649477
10238 19649477
10242 19649477
10958 19649477
10984 19649477
460 19649478
3306 19649479
4772 19649480
8684 19649481
1124 19649482
3354 19649482
6484 19649482
1186 19649483
7594 19649483
8832 19649483
9960 19649483
1466 19649484
7306 19649484
7360 19649484
7256 19649485
5286 19649486
1824 19649487
10000 19649488
4756 19649489
4322 19649490
6104 19649491
10252 19649492
3372 19649493
7490 19649494
4776 19649495
3302 19649496
4660 19649496
7534 19649497
10100 19649498
3816 19649499
2608 19649500
7846 19649501
3086 19649502
450 19649503
2804 19649503
4668 19649504
4156 19649505
524 19649506
1836 19649507
430 19649508
18274411 19649508
7892 19649509
9120 19649509
3908 19649510
2836 19649511
7262 19649512
2896 19649513
2498 19649514
1244 19649515
5140 19649516
1918 19649517
4474 19649517
2384 19649518
5432 19649519
5600 19649519
6942 19649519
7618 19649519
10464 19649519
2020 19649520
3480 19649520
3726 19649520
3328 19649521
3928 19649521
4638 19649522
3314 19649523
3316 19649523
5266 19649523
7926 19649523
10518 19649524
7162 19649525
4094 19649526
7788 19649527
5474 19649528
6332 19649529
5946 19649530
368 19649531
3948 19649532
6906 19649533
1850 19649534
1916 19649535
10374 19649536
1188 19649537
4754 19649538
1848 19649539
1766 19649540
10420 19649541
5534 19649542
5658 19649542
3474 19649543
2652 19649544
1736 19649545
1652 19649546
2272 19649546
2276 19649546
9900 19649546
18274001 19649546
4216 19649547
8628 19649548
2828 19649549
4826 19649550
5572 19649550
4860 19649551
8850 19649552
4704 19649553
6794 19649554
10506 19649555
4286 19649556
9026 19649557
6832 19649558
9028 19649558
9032 19649558
9506 19649559
4210 19649560
538 19649561
4250 19649562
4564 19649563
1738 19649564
4794 19649565
7246 19649566
4942 19649567
1208 19649568
2390 19649569
10938 19649570
1570 19649571
390 19649572
3260 19649573
10424 19649574
4942 19649575
4942 19649576
10366 19649577
4280 19649578
1306 19649579
8134 19649580
6766 19649581
10796 19649582
446 19649583
2666 19649584
1156 19649585
6466 19649586
2034 19649587
10090 19649588
1358 19649589
8012 19649590
7018 19649591
1542 19649592
6506 19649593
10504 19649594
10468 19649595
8544 19649596
1760 19649597
2538 19649598
2362 19649599
1392 19649600
7606 19649601
5594 19649602
546 19649603
10334 19649604
626 19649605
3656 19649605
5290 19649606
544 19649607
7020 19649608
548 19649609
12 19649610
284 19649610
408 19649610
410 19649610
424 19649610
434 19649610
708 19649610
896 19649610
1468 19649610
1518 19649610
1750 19649610
1752 19649610
1754 19649610
1792 19649610
1816 19649610
2242 19649610
2248 19649610
2274 19649610
2412 19649610
2736 19649610
2758 19649610
2814 19649610
2862 19649610
2864 19649610
3012 19649610
3068 19649610
3138 19649610
3232 19649610
3240 19649610
3244 19649610
3258 19649610
3304 19649610
3310 19649610
3378 19649610
3384 19649610
3396 19649610
3398 19649610
3400 19649610
3402 19649610
3404 19649610
3406 19649610
3456 19649610
3464 19649610
3492 19649610
3494 19649610
3510 19649610
3556 19649610
4680 19649610
4782 19649610
5004 19649610
5042 19649610
5584 19649610
5722 19649610
6080 19649610
6876 19649610
7856 19649610
7908 19649610
8172 19649610
8220 19649610
8548 19649610
8752 19649610
9750 19649610
9754 19649610
9884 19649610
10080 19649610
10842 19649610
18273975 19649610
3118 19649611
3462 19649611
3964 19649611
692 19649612
6064 19649613
4568 19649614
6584 19649614
6750 19649614
6840 19649615
582 19649616
630 19649616
2234 19649616
4302 19649617
10658 19649617
3506 19649618
436 19649619
444 19649619
738 19649619
830 19649619
916 19649619
1450 19649619
1718 19649619
1804 19649619
2246 19649619
4534 19649619
6040 19649619
6780 19649619
9208 19649619
3428 19649620
1090 19649621
788 19649622
1308 19649622
1802 19649622
1874 19649622
2230 19649622
2232 19649622
2552 19649622
2834 19649622
4396 19649622
6152 19649622
7966 19649622
9070 19649622
10234 19649622
10950 19649622
454 19649623
1558 19649623
1562 19649623
4436 19649623
7004 19649623
10440 19649623
9866 19649624
9780 19649625
1020 19649626
908 19649627
532 19649628
1748 19649628
5916 19649628
2506 19649629
6738 19649630
5634 19649631
510 19649632
412 19649633
416 19649633
776 19649633
1040 19649634
1356 19649635
8602 19649636
508 19649637
472 19649638
1218 19649639
3066 19649640
8386 19649640
10012 19649641
178 19649642
19649643 19649644
448 19649645
19649646 19649647
10496 19649648
10498 19649648
6396 19649649
2808 19649650
10746 19649651
6624 19649652
9202 19649653
6646 19649654
9268 19649655
3808 19649656
30 19649657
106 19649657
470 19649657
474 19649657
520 19649657
554 19649657
698 19649657
876 19649657
966 19649657
1018 19649657
1102 19649657
1120 19649657
1660 19649657
1774 19649657
1806 19649657
1808 19649657
1852 19649657
1910 19649657
2158 19649657
2180 19649657
2182 19649657
2244 19649657
2360 19649657
2382 19649657
2392 19649657
2556 19649657
2710 19649657
2730 19649657
2768 19649657
2778 19649657
2850 19649657
2858 19649657
2868 19649657
2912 19649657
2930 19649657
3074 19649657
3152 19649657
3264 19649657
3266 19649657
3332 19649657
3350 19649657
3352 19649657
3374 19649657
3450 19649657
3454 19649657
3580 19649657
3584 19649657
3590 19649657
3592 19649657
3630 19649657
3650 19649657
3666 19649657
3668 19649657
3682 19649657
3696 19649657
3720 19649657
3724 19649657
3728 19649657
3732 19649657
3736 19649657
3762 19649657
3766 19649657
3778 19649657
3788 19649657
3828 19649657
3850 19649657
3866 19649657
3890 19649657
3940 19649657
3942 19649657
3954 19649657
3966 19649657
3968 19649657
4004 19649657
4068 19649657
4076 19649657
4078 19649657
4080 19649657
4100 19649657
4102 19649657
4110 19649657
4114 19649657
4150 19649657
4200 19649657
4220 19649657
4278 19649657
4288 19649657
4294 19649657
4418 19649657
4476 19649657
4492 19649657
4510 19649657
4516 19649657
4550 19649657
4620 19649657
4770 19649657
4936 19649657
5020 19649657
5176 19649657
5218 19649657
5242 19649657
5264 19649657
5386 19649657
5448 19649657
5588 19649657
5622 19649657
5624 19649657
5628 19649657
5638 19649657
5650 19649657
5728 19649657
5794 19649657
5796 19649657
5810 19649657
5820 19649657
5822 19649657
5858 19649657
5866 19649657
5900 19649657
5934 19649657
5954 19649657
6012 19649657
6024 19649657
6032 19649657
6046 19649657
6060 19649657
6098 19649657
6106 19649657
6126 19649657
6136 19649657
6140 19649657
6156 19649657
6234 19649657
6244 19649657
6262 19649657
6264 19649657
6284 19649657
6290 19649657
6302 19649657
6314 19649657
6340 19649657
6346 19649657
6356 19649657
6366 19649657
6368 19649657
6370 19649657
6372 19649657
6374 19649657
6408 19649657
6418 19649657
6458 19649657
6460 19649657
6462 19649657
6474 19649657
6476 19649657
6486 19649657
6508 19649657
6510 19649657
6520 19649657
6522 19649657
6524 19649657
6526 19649657
6528 19649657
6530 19649657
6532 19649657
6534 19649657
6540 19649657
6546 19649657
6550 19649657
6566 19649657
6568 19649657
6570 19649657
6580 19649657
6588 19649657
6606 19649657
6610 19649657
6632 19649657
6636 19649657
6650 19649657
6660 19649657
6668 19649657
6690 19649657
6708 19649657
6728 19649657
6784 19649657
6788 19649657
6842 19649657
6846 19649657
6862 19649657
6882 19649657
6918 19649657
6958 19649657
6960 19649657
6962 19649657
6964 19649657
6986 19649657
6994 19649657
7014 19649657
7038 19649657
7044 19649657
7048 19649657
7068 19649657
7070 19649657
7080 19649657
7096 19649657
7106 19649657
7116 19649657
7152 19649657
7208 19649657
7216 19649657
7228 19649657
7234 19649657
7240 19649657
7272 19649657
7274 19649657
7276 19649657
7292 19649657
7294 19649657
7308 19649657
7310 19649657
7314 19649657
7316 19649657
7318 19649657
7320 19649657
7326 19649657
7328 19649657
7332 19649657
7338 19649657
7352 19649657
7358 19649657
7362 19649657
7378 19649657
7384 19649657
7386 19649657
7388 19649657
7390 19649657
7392 19649657
7394 19649657
7396 19649657
7410 19649657
7414 19649657
7416 19649657
7418 19649657
7420 19649657
7422 19649657
7424 19649657
7430 19649657
7444 19649657
7446 19649657
7448 19649657
7452 19649657
7454 19649657
7472 19649657
7476 19649657
7480 19649657
7494 19649657
7546 19649657
7572 19649657
7588 19649657
7592 19649657
7614 19649657
7616 19649657
7620 19649657
7646 19649657
7648 19649657
7652 19649657
7654 19649657
7676 19649657
7678 19649657
7696 19649657
7700 19649657
7702 19649657
7704 19649657
7710 19649657
7718 19649657
7728 19649657
7730 19649657
7732 19649657
7748 19649657
7760 19649657
7764 19649657
7770 19649657
7772 19649657
7774 19649657
7786 19649657
7798 19649657
7800 19649657
7814 19649657
7824 19649657
7826 19649657
7834 19649657
7850 19649657
7858 19649657
7860 19649657
7882 19649657
7890 19649657
7922 19649657
7924 19649657
7944 19649657
7970 19649657
7972 19649657
7980 19649657
7988 19649657
7990 19649657
8026 19649657
8080 19649657
8086 19649657
8122 19649657
8136 19649657
8148 19649657
8162 19649657
8166 19649657
8168 19649657
8170 19649657
8182 19649657
8194 19649657
8198 19649657
8208 19649657
8260 19649657
8266 19649657
8268 19649657
8302 19649657
8304 19649657
8306 19649657
8318 19649657
8332 19649657
8344 19649657
8370 19649657
8384 19649657
8442 19649657
8446 19649657
8448 19649657
8466 19649657
8474 19649657
8478 19649657
8480 19649657
8486 19649657
8528 19649657
8536 19649657
8542 19649657
8546 19649657
8552 19649657
8554 19649657
8562 19649657
8572 19649657
8576 19649657
8580 19649657
8600 19649657
8626 19649657
8630 19649657
8638 19649657
8642 19649657
8644 19649657
8650 19649657
8654 19649657
8670 19649657
8676 19649657
8678 19649657
8682 19649657
8704 19649657
8706 19649657
8730 19649657
8740 19649657
8774 19649657
8786 19649657
8788 19649657
8794 19649657
8808 19649657
8836 19649657
8862 19649657
8870 19649657
8872 19649657
8878 19649657
8880 19649657
8890 19649657
8892 19649657
8924 19649657
8948 19649657
8952 19649657
8958 19649657
8960 19649657
9034 19649657
9044 19649657
9048 19649657
9054 19649657
9062 19649657
9084 19649657
9114 19649657
9122 19649657
9170 19649657
9176 19649657
9182 19649657
9194 19649657
9204 19649657
9214 19649657
9218 19649657
9220 19649657
9240 19649657
9256 19649657
9272 19649657
9294 19649657
9318 19649657
9330 19649657
9332 19649657
9334 19649657
9340 19649657
9342 19649657
9352 19649657
9382 19649657
9384 19649657
9390 19649657
9442 19649657
9460 19649657
9464 19649657
9496 19649657
9508 19649657
9514 19649657
9530 19649657
9532 19649657
9650 19649657
9652 19649657
9784 19649657
9788 19649657
9812 19649657
9814 19649657
9816 19649657
9872 19649657
9874 19649657
9892 19649657
9902 19649657
9904 19649657
9920 19649657
9940 19649657
9942 19649657
9944 19649657
9946 19649657
9956 19649657
9976 19649657
9978 19649657
10044 19649657
10046 19649657
10096 19649657
10104 19649657
10108 19649657
10118 19649657
10120 19649657
10124 19649657
10134 19649657
10136 19649657
10142 19649657
10144 19649657
10160 19649657
10166 19649657
10178 19649657
10182 19649657
10184 19649657
10188 19649657
10192 19649657
10224 19649657
10244 19649657
10270 19649657
10272 19649657
10276 19649657
10278 19649657
10290 19649657
10294 19649657
10298 19649657
10394 19649657
10444 19649657
10668 19649657
10828 19649657
10934 19649657
18274551 19649657
18274633 19649657
13766976 19649657
13766978 19649657
3660 19649658
3848 19649658
5366 19649658
5420 19649658
5754 19649658
6010 19649658
6242 19649658
6322 19649658
6324 19649658
6758 19649658
7260 19649658
7506 19649658
7584 19649658
7608 19649658
7724 19649658
7792 19649658
7920 19649658
8516 19649658
8564 19649658
8664 19649658
9932 19649658
10292 19649658
120 19649659
302 19649659
4760 19649660
814 19649661
6682 19649661
1016 19649662
1530 19649662
2380 19649662
2398 19649662
2548 19649662
2570 19649662
2922 19649662
4588 19649662
4636 19649662
5118 19649662
5300 19649662
6134 19649662
7130 19649662
7220 19649662
8202 19649662
8968 19649662
9270 19649662
10554 19649662
10582 19649662
18274418 19649662
1058 19649663
6478 19649664
10570 19649665
2708 19649666
2030 19649667
92 19649668
580 19649668
888 19649668
930 19649668
996 19649668
1088 19649668
1138 19649668
1714 19649668
1878 19649668
1992 19649668
2046 19649668
2782 19649668
2924 19649668
2948 19649668
2984 19649668
4344 19649668
4624 19649668
4902 19649668
5076 19649668
5156 19649668
6430 19649668
8502 19649668
8844 19649668
9480 19649668
10698 19649668
10906 19649668
3972 19649669
10736 19649670
6400 19649671
750 19649672
348 19649673
432 19649673
772 19649673
986 19649673
1342 19649673
1388 19649673
1470 19649673
1650 19649673
2052 19649673
2066 19649673
2388 19649673
2424 19649673
2534 19649673
2626 19649673
2760 19649673
2950 19649673
3586 19649673
3742 19649673
3784 19649673
4370 19649673
4698 19649673
4818 19649673
6990 19649673
7172 19649673
7680 19649673
8128 19649673
8982 19649673
9064 19649673
9376 19649673
9928 19649673
10370 19649673
6482 19649674
6848 19649675
346 19649676
464 19649676
512 19649676
516 19649676
848 19649676
992 19649676
1106 19649676
1210 19649676
1892 19649676
3978 19649676
4242 19649676
5342 19649676
7006 19649676
7008 19649676
10752 19649676
10898 19649676
18273732 19649676
420 19649677
496 19649678
498 19649679
500 19649679
2178 19649679
2448 19649679
10948 19649680
1860 19649681
10744 19649682
266 19649683
530 19649683
1054 19649683
4838 19649683
5296 19649683
6810 19649683
9264 19649683
9286 19649683
10324 19649683
10396 19649683
10710 19649683
10946 19649683
8066 19649684
10002 19649685
4128 19649686
4292 19649687
7550 19649687
6312 19649688
9986 19649688
1768 19649689
9912 19649689
10680 19649690
2472 19649691
5332 19649692
10580 19649693
10190 19649694
10572 19649695
3856 19649696
6240 19649697
7512 19649698
642 19649699
4240 19649699
4264 19649699
7078 19649699
8254 19649700
9258 19649700
10428 19649700
6212 19649701
2402 19649702
6102 19649703
10148 19649704
2546 19649705
9630 19649705
10844 19649705
8006 19649706
1330 19649707
1366 19649707
6578 19649708
4022 19649709
2790 19649710
8034 19649710
8036 19649710
600 19649711
852 19649712
10122 19649713
7058 19649714
7104 19649714
8298 19649714
170 19649715
7658 19649716
8560 19649717
10500 19649718
5956 19649719
5998 19649720
6670 19649721
18273988 19649722
2128 19649723
3546 19649724
10196 19649725
7782 19649726
5478 19649727
3070 19649728
2220 19649729
4266 19649730
2188 19649731
10944 19649732
7132 19649733
1446 19649734
2536 19649735
972 19649736
1060 19649737
3800 19649738
8766 19649739
9936 19649740
2092 19649741
4466 19649742
10336 19649743
1316 19649744
5060 19649745
564 19649746
298 19649747
8520 19649748
28 19649749
2228 19649750
3452 19649751
9878 19649752
10574 19649753
18273985 19649754
6120 19649755
2766 19649756
10840 19649757
3162 19649758
7140 19649759
5298 19649760
5308 19649761
3048 19649762
1222 19649763
3140 19649764
10094 19649765
4864 19649766
5554 19649767
9326 19649768
10048 19649769
3916 19649770
4040 19649771
388 19649772
4654 19649773
7230 19649774
1274 19649775
5786 19649776
3740 19649777
10404 19649778
1726 19649779
280 19649780
7714 19649781
7716 19649782
6334 19649783
616 19649784
350 19649785
10708 19649785
1046 19649786
514 19649787
9450 19649788
34 19649789
1846 19649790
2098 19649791
2606 19649792
4268 19649793
6328 19649794
8914 19649795
8916 19649795
9570 19649795
2772 19649796
8976 19649797
19649798 19649799
19649800 19649801
4238 19649802
2096 19649803
8044 19649804
6220 19649805
3522 19649806
10784 19649807
1258 19649808
10692 19649809
6700 19649810
4948 19649811
4814 19649812
316 19649813
5714 19649814
3988 19649815
5442 19649816
11004 19649817
2174 19649818
18274420 19649818
5620 19649819
10690 19649820
342 19649821
5056 19649822
1452 19649823
8444 19649824
1324 19649825
3190 19649826
7112 19649827
2196 19649828
6866 19649829
7722 19649829
1502 19649830
3262 19649830
3718 19649830
4540 19649830
4626 19649830
4752 19649830
5126 19649830
5206 19649830
5214 19649830
5234 19649830
5522 19649830
5992 19649830
6002 19649830
6004 19649830
6516 19649830
6542 19649830
6678 19649830
6730 19649830
6736 19649830
6852 19649830
6854 19649830
6858 19649830
6872 19649830
6914 19649830
6920 19649830
7176 19649830
4632 19649831
6432 19649831
7000 19649831
7024 19649831
7958 19649831
8758 19649831
8760 19649831
8776 19649831
8954 19649831
8990 19649831
10180 19649831
2624 19649832
4602 19649833
5450 19649833
5576 19649833
5780 19649833
5914 19649833
7120 19649833
7404 19649833
7968 19649833
8380 19649833
6552 19649834
10050 19649835
7692 19649836
9466 19649836
9776 19649836
7628 19649837
5616 19649838
304 19649839
18274017 19649839
6068 19649840
7498 19649841
5734 19649842
6764 19649843
3826 19649844
3570 19649845
4180 19649846
8756 19649847
6348 19649848
3516 19649849
1092 19649850
1500 19649850
3772 19649850
3878 19649850
3886 19649850
4258 19649850
4490 19649850
5202 19649850
2238 19649851
2934 19649851
3230 19649851
4072 19649851
5744 19649851
6744 19649851
8472 19649851
8842 19649851
10116 19649851
4836 19649852
5258 19649853
4172 19649854
4400 19649854
5564 19649854
8382 19649854
8556 19649854
9962 19649855
6390 19649856
6424 19649857
9006 19649858
9516 19649858
9518 19649858
9520 19649858
9524 19649858
2588 19649859
3680 19649860
18274673 19649861
8530 19649862
9834 19649863
704 19649864
18274000 19649864
5104 19649865
2852 19649866
3782 19649867
9896 19649868
2430 19649869
2770 19649870
3312 19649871
6698 19649872
4870 19649873
9560 19649873
1708 19649874
4824 19649875
2664 19649876
8300 19649877
1576 19649878
8720 19649879
1320 19649880
1924 19649881
5636 19649881
2406 19649882
1364 19649883
1858 19649883
1856 19649884
2822 19649885
2938 19649885
6464 19649886
8488 19649887
440 19649888
8624 19649889
6790 19649890
9040 19649890
10058 19649890
8490 19649891
4060 19649892
9738 19649893
3812 19649894
4450 19649895
4880 19649896
4184 19649897
3662 19649898
3102 19649899
5762 19649900
1084 19649901
5860 19649902
19649903 19649902
4536 19649904
5644 19649904
7434 19649905
1404 19649906
19649907 19649908
3806 19649909
9592 19649909
5816 19649910
6518 19649911
288 19649912
10532 19649913
2558 19649914
11354799 19649914
6066 19649915
912 19649916
96 19649917
4726 19649918
10102 19649919
7350 19649920
9556 19649921
3926 19649922
9306 19649923
7460 19649924
5024 19649925
3686 19649926
2214 19649927
3780 19649928
3986 19649928
8186 19649928
3982 19649929
5994 19649930
10304 19649931
19649932 19649933
5188 19649934
1462 19649935
10838 19649936
8270 19649937
9186 19649938
9678 19649939
5610 19649940
904 19649941
906 19649941
18274414 19649941
18274415 19649941
10854 19649942
4664 19649943
6380 19649944
4026 19649945
5608 19649946
10454 19649947
4700 19649948
9266 19649949
866 19649950
9930 19649951
6892 19649952
6900 19649953
3568 19649954
3770 19649954
10176 19649955
3842 19649956
1716 19649957
452 19649958
8238 19649959
610 19649960
9838 19649961
9840 19649961
10922 19649962
2644 19649963
456 19649964
3858 19649965
560 19649966
4846 19649966
7442 19649967
10384 19649968
1340 19649969
1534 19649970
2354 19649971
902 19649972
1144 19649972
1454 19649972
2236 19649972
2260 19649972
4196 19649972
7586 19649972
18274828 19649972
3907424 19649972
2622 19649973
3810 19649973
3802 19649973
4694 19649973
7482 19649973
7962 19649973
10986 19649973
8898 19649974
1408 19649975
10782 19649976
9288 19649977
6422 19649978
8884 19649979
10112 19649980
4990 19649981
3804 19649982
6274 19649983
4894 19649984
19649985 19649986
2282 19649987
10004 19649987
6050 19649988
10600 19649988
10516 19649989
756 19649990
18274410 19649990
6988 19649991
6266 19649992
10200 19649993
7236 19649994
7076 19649995
1052 19649996
3108 19649997
1390 19649998
4886 19649999
7568 19650000
3652 19650001
3818 19650002
5002 19650003
9910 19650004
8830 19650005
3744 19650006
6316 19650006
8640 19650007
8782 19650007
8856 19650007
8866 19650007
8876 19650007
8886 19650007
8936 19650007
8984 19650007
8992 19650007
8996 19650007
9042 19650007
9058 19650007
9150 19650007
9160 19650007
9166 19650007
9174 19650007
9498 19650007
9526 19650007
9536 19650007
9538 19650007
9614 19650007
9726 19650007
9998 19650007
7164 19650008
8772 19650008
8512 19650009
3524 19650010
6612 19650010
6806 19650010
8190 19650010
8616 19650010
8618 19650010
10130 19650010
10140 19650010
10156 19650010
10158 19650010
10162 19650010
10172 19650010
10174 19650010
10186 19650010
10222 19650010
10280 19650010
7128 19650011
8476 19650011
10132 19650012
9136 19650013
4570 19650014
7948 19650015
9502 19650016
8964 19650017
5834 19650018
2842 19650019
2844 19650019
3776 19650019
2190 19650020
2812 19650021
5184 19650021
5718 19650022
1436 19650023
9282 19650024
1014 19650025
1216 19650026
3418 19650026
8834 19650027
4472 19650028
7570 19650029
4472 19650030
3960 19650031
5070 19650032
8458 19650033
1886 19650034
4312 19650035
6850 19650036
2500 19650037
2856 19650038
10900 19650039
9226 19650040
9230 19650040
9262 19650040
9700 19650041
4544 19650042
8388 19650043
8716 19650043
3008 19650044
2824 19650045
6896 19650046
6902 19650047
6898 19650048
2514 19650049
5928 19650050
3024 19650051
8492 19650052
3356 19650053
6300 19650054
6298 19650055
8342 19650056
7564 19650057
1880 19650058
292 19650059
8762 19650060
9068 19650061
2192 19650062
4852 19650063
2716 19650064
2662 19650065
2520 19650066
2660 19650067
1658 19650068
8574 19650069
1314 19650070
5480 19650071
570 19650072
3518 19650073
5204 19650074
9124 19650074
8838 19650075
3476 19650076
10490 19650077
9298 19650078
3892 19650079
6982 19650080
6008 19650081
8132 19650082
6984 19650083
7002 19650083
3224 19650084
1512 19650085
2532 19650086
9612 19650086
1346 19650087
3318 19650087
8734 19650087
9296 19650087
9338 19650087
9346 19650087
9350 19650087
9360 19650087
9386 19650087
9476 19650087
9482 19650087
9562 19650087
9642 19650087
9966 19650087
9510 19650088
9404 19650089
4386 19650090
10088 19650091
6514 19650092
6138 19650093
8632 19650094
8718 19650095
8980 19650096
8754 19650097
8768 19650098
5678 19650099
18273997 19650100
9158 19650101
3950 19650102
6760 19650103
8750 19650104
10092 19650105
5110 19650106
2692 19650107
3796 19650108
4910 19650109
2198 19650110
9380 19650111
4914 19650112
4946 19650113
4872 19650114
2628 19650115
1876 19650116
7136 19650117
5128 19650118
2802 19650119
7756 19650120
7762 19650120
4888 19650121
892 19650122
7668 19650123
2654 19650124
780 19650125
892 19650126
1810 19650127
6548 19650128
8934 19650129
8216 19650130
8690 19650131
8258 19650132
1620 19650133
9918 19650134
2788 19650135
6142 19650136
5532 19650137
8694 19650138
3082 19650139
5230 19650140
5232 19650140
6928 19650141
3300 19650142
4188 19650142
5226 19650142
5626 19650142
5988 19650142
2598 19650143
6014 19650144
7402 19650145
2694 19650146
428 19650147
2932 19650147
3338 19650147
3708 19650148
6210 19650149
5742 19650150
3902 19650151
10402 19650151
7432 19650152
3182 19650153
6070 19650154
3050 19650155
468 19650156
18274417 19650156
2806 19650157
3438 19650158
4024 19650159
7874 19650160
7932 19650161
4956 19650162
10780 19650163
110 19650164
2792 19650165
308 19650166
6358 19650167
7706 19650168
4720 19650169
6434 19650170
9730 19650170
10414 19650171
1510 19650172
1608 19650173
9638 19650174
8312 19650175
7712 19650176
6740 19650177
3446 19650178
3542 19650179
10704 19650180
18273896 19650180
7910 19650181
8824 19650182
804 19650183
9310 19650184
8460 19650185
7574 19650186
10330 19650187
2786 19650188
9056 19650189
1586 19650190
758 19650191
10728 19650192
9470 19650193
10902 19650194
1044 19650195
1368 19650196
3640 19650197
1970 19650198
4206 19650199
7638 19650200
9906 19650201
9746 19650202
2168 19650203
4214 19650204
9364 19650205
1832 19650206
5116 19650207
5694 19650208
6500 19650209
4404 19650210
5000 19650211
5284 19650212
3336 19650213
4062 19650214
7428 19650215
4066 19650216
5350 19650217
3380 19650218
3922 19650218
3932 19650218
3996 19650218
4104 19650218
10056 19650218
4430 19650219
42 19650220
98 19650220
752 19650220
1042 19650220
1154 19650220
1192 19650220
1280 19650220
1286 19650220
1288 19650220
1328 19650220
1348 19650220
1396 19650220
1506 19650220
1532 19650220
1554 19650220
1582 19650220
1610 19650220
1684 19650220
1782 19650220
1796 19650220
1798 19650220
1868 19650220
1898 19650220
1922 19650220
1966 19650220
2028 19650220
2032 19650220
2176 19650220
2194 19650220
2200 19650220
2202 19650220
2216 19650220
2218 19650220
2346 19650220
2526 19650220
2528 19650220
2530 19650220
2542 19650220
2560 19650220
2594 19650220
2630 19650220
2728 19650220
2762 19650220
2784 19650220
2796 19650220
2798 19650220
2810 19650220
2838 19650220
2840 19650220
2894 19650220
2902 19650220
2906 19650220
2910 19650220
3090 19650220
3104 19650220
3106 19650220
3128 19650220
3196 19650220
3208 19650220
3292 19650220
3294 19650220
3296 19650220
3414 19650220
3420 19650220
3442 19650220
3478 19650220
3488 19650220
3536 19650220
3572 19650220
3588 19650220
3608 19650220
3618 19650220
3632 19650220
3658 19650220
3774 19650220
3852 19650220
3860 19650220
3934 19650220
3936 19650220
3946 19650220
3956 19650220
3958 19650220
4048 19650220
4050 19650220
4052 19650220
4096 19650220
4106 19650220
4118 19650220
4120 19650220
4124 19650220
4126 19650220
4134 19650220
4136 19650220
4140 19650220
4152 19650220
4154 19650220
4168 19650220
4176 19650220
4178 19650220
4190 19650220
4208 19650220
4218 19650220
4228 19650220
4246 19650220
4254 19650220
4260 19650220
4276 19650220
4314 19650220
4346 19650220
4376 19650220
4390 19650220
4392 19650220
4412 19650220
4440 19650220
4452 19650220
4454 19650220
4462 19650220
4470 19650220
4494 19650220
4496 19650220
4502 19650220
4508 19650220
4514 19650220
4546 19650220
4548 19650220
4556 19650220
4562 19650220
4566 19650220
4580 19650220
4582 19650220
4590 19650220
4592 19650220
4594 19650220
4612 19650220
4630 19650220
4652 19650220
4702 19650220
4710 19650220
4724 19650220
4730 19650220
4732 19650220
4738 19650220
4750 19650220
4764 19650220
4766 19650220
4778 19650220
4806 19650220
4828 19650220
4832 19650220
4834 19650220
4844 19650220
4862 19650220
4874 19650220
4876 19650220
4890 19650220
4892 19650220
4896 19650220
4900 19650220
4904 19650220
4906 19650220
4908 19650220
4912 19650220
4922 19650220
4930 19650220
4934 19650220
4938 19650220
4944 19650220
4952 19650220
4954 19650220
4958 19650220
4960 19650220
4966 19650220
4968 19650220
4972 19650220
4988 19650220
4992 19650220
5014 19650220
5016 19650220
5040 19650220
5050 19650220
5062 19650220
5064 19650220
5074 19650220
5078 19650220
5084 19650220
5092 19650220
5094 19650220
5100 19650220
5102 19650220
5108 19650220
5124 19650220
5134 19650220
5136 19650220
5138 19650220
5142 19650220
5146 19650220
5148 19650220
5150 19650220
5154 19650220
5158 19650220
5160 19650220
5162 19650220
5164 19650220
5168 19650220
5172 19650220
5178 19650220
5180 19650220
5182 19650220
5186 19650220
5190 19650220
5192 19650220
5200 19650220
5208 19650220
5210 19650220
5212 19650220
5228 19650220
5236 19650220
5246 19650220
5250 19650220
5256 19650220
5272 19650220
5274 19650220
5292 19650220
5294 19650220
5312 19650220
5316 19650220
5338 19650220
5340 19650220
5344 19650220
5346 19650220
5352 19650220
5372 19650220
5376 19650220
5378 19650220
5382 19650220
5388 19650220
5390 19650220
5394 19650220
5424 19650220
5426 19650220
5428 19650220
5434 19650220
5436 19650220
5452 19650220
5458 19650220
5466 19650220
5468 19650220
5470 19650220
5472 19650220
5486 19650220
5502 19650220
5514 19650220
5520 19650220
5538 19650220
5540 19650220
5550 19650220
5552 19650220
5558 19650220
5586 19650220
5596 19650220
5598 19650220
5614 19650220
5648 19650220
5654 19650220
5662 19650220
5670 19650220
5676 19650220
5682 19650220
5688 19650220
5692 19650220
5708 19650220
5710 19650220
5712 19650220
5716 19650220
5724 19650220
5736 19650220
5746 19650220
5748 19650220
5756 19650220
5758 19650220
5770 19650220
5774 19650220
5778 19650220
5788 19650220
5824 19650220
5844 19650220
5854 19650220
5864 19650220
5868 19650220
5920 19650220
5922 19650220
5924 19650220
5932 19650220
5948 19650220
5960 19650220
5976 19650220
5986 19650220
6006 19650220
6016 19650220
6018 19650220
6026 19650220
6052 19650220
6054 19650220
6056 19650220
6058 19650220
6062 19650220
6076 19650220
6082 19650220
6114 19650220
6116 19650220
6144 19650220
6148 19650220
6162 19650220
6172 19650220
6180 19650220
6184 19650220
6186 19650220
6188 19650220
6228 19650220
6318 19650220
6472 19650220
6480 19650220
6664 19650220
6666 19650220
6684 19650220
6706 19650220
6718 19650220
6742 19650220
6770 19650220
6828 19650220
6836 19650220
6856 19650220
6884 19650220
6910 19650220
6936 19650220
6940 19650220
6948 19650220
6966 19650220
6978 19650220
7022 19650220
7028 19650220
7034 19650220
7036 19650220
7060 19650220
7174 19650220
7186 19650220
7218 19650220
7244 19650220
7284 19650220
7290 19650220
7304 19650220
7330 19650220
7440 19650220
7478 19650220
7516 19650220
7532 19650220
7626 19650220
7644 19650220
7650 19650220
7690 19650220
7708 19650220
7752 19650220
7758 19650220
7776 19650220
7812 19650220
7974 19650220
8024 19650220
8252 19650220
8326 19650220
8470 19650220
8494 19650220
8508 19650220
8534 19650220
8538 19650220
8578 19650220
8614 19650220
8656 19650220
8710 19650220
8724 19650220
8770 19650220
8796 19650220
8800 19650220
8804 19650220
8912 19650220
8962 19650220
9036 19650220
9038 19650220
9046 19650220
9050 19650220
9118 19650220
9140 19650220
9142 19650220
9172 19650220
9300 19650220
9308 19650220
9320 19650220
9436 19650220
9468 19650220
9540 19650220
9546 19650220
9552 19650220
9558 19650220
9572 19650220
9576 19650220
9578 19650220
9580 19650220
9582 19650220
9584 19650220
9590 19650220
9594 19650220
9596 19650220
9598 19650220
9634 19650220
9636 19650220
9640 19650220
9644 19650220
9648 19650220
9708 19650220
9714 19650220
9718 19650220
9742 19650220
9802 19650220
9820 19650220
9830 19650220
9974 19650220
10042 19650220
10052 19650220
10248 19650220
10436 19650220
10508 19650220
10764 19650220
10772 19650220
10820 19650220
10203636 19650220
10524 19650221
5326 19650222
154 19650223
934 19650223
1062 19650223
3386 19650223
3484 19650223
5034 19650223
18274464 19650223
296 19650224
402 19650225
1490 19650226
1516 19650226
4916 19650226
10778 19650226
18274605 19650226
10356 19650227
10358 19650227
10584 19650228
10512 19650229
10932 19650230
19650231 19650230
2886 19650232
5790 19650233
476 19650234
478 19650235
1126 19650236
1566 19650236
2634 19650236
3382 19650236
5832 19650236
7242 19650236
9448 19650237
2226 19650238
358 19650239
9554 19650240
5706 19650241
558 19650242
1710 19650242
4244 19650242
4324 19650242
6398 19650242
9600 19650242
9970 19650242
5776 19650243
1472 19650244
10638 19650245
6808 19650246
18273994 19650247
398 19650248
846 19650248
1362 19650248
1682 19650248
2826 19650248
3626 19650248
4506 19650248
5018 19650248
5930 19650248
6230 19650248
7158 19650248
9606 19650248
8810 19650249
1634 19650250
800 19650251
1914 19650251
2800 19650251
2890 19650251
3360 19650251
3734 19650251
4252 19650251
5006 19650251
7178 19650251
9030 19650251
16 19650252
4088 19650252
8434 19650252
8436 19650252
1720 19650253
2006 19650253
3072 19650253
3786 19650253
4648 19650253
5010 19650253
5664 19650253
8200 19650253
10726 19650253
86 19650254
172 19650255
1504 19650255
400 19650256
10924 19650256
4986 19650257
8188 19650258
1176 19650259
9664 19650260
10740 19650261
134 19650262
20 19650263
3550 19650264
3036 19650265
2372 19650266
10816 19650267
5792 19650268
2780 19650269
4422 19650270
10742 19650270
18274236 19650270
712 19650271
2518 19650272
5894 19650272
7188 19650272
9200 19650272
744 19650273
4290 19650274
9216 19650274
10738 19650274
3974 19650275
3366 19650276
3370 19650276
8358 19650277
3040 19650278
3868 19650279
2816 19650280
4270 19650281
8102 19650282
10340 19650283
10870 19650284
230 19650285
10824 19650286
4332 19650287
10602 19650288
6586 19650289
4326 19650290
4330 19650291
4328 19650292
6590 19650293
324 19650294
382 19650294
518 19650294
3824 19650294
3914 19650294
7066 19650294
18273736 19650294
3100 19650295
4656 19650296
2492 19650297
8698 19650298
1400 19650299
2764 19650300
724 19650301
6438 19650302
7682 19650303
3984 19650304
74 19650305
3000 19650306
492 19650307
3582 19650308
10982 19650309
6908 19650310
44 19650311
272 19650311
1704 19650311
2404 19650311
2432 19650311
2832 19650311
3110 19650311
4420 19650311
4746 19650311
4976 19650311
5500 19650311
5856 19650311
6094 19650311
6454 19650311
7090 19650311
7184 19650311
10462 19650311
10608 19650311
10868 19650311
1920 19650312
5940 19650312
344 19650313
7488 19650314
2524 19650315
4820 19650315
5730 19650316
3616 19650317
10688 19650318
3042 19650317
3044 19650317
18274419 19650317
9848 19650319
6644 19650320
9222 19650321
18290338 19650322
2578 19650323
10686 19650324
5032 19650325
1118 19650326
6394 19650327
2414 19650328
48 19650329
522 19650329
726 19650329
1022 19650329
1456 19650329
1584 19650329
1632 19650329
1794 19650329
2410 19650329
5318 19650329
5526 19650329
5574 19650329
6296 19650329
6724 19650329
7438 19650329
9804 19650329
9948 19650329
10502 19650329
10770 19650329
10814 19650329
10908 19650329
10954 19650329
18274883 19650329
88 19650330
1214 19650330
2516 19650330
4554 19650330
2550 19650331
2638 19650331
10416 19650331
740 19650332
3158 19650333
258 19650334
988 19650334
3376 19650335
8660 19650336
8666 19650336
46 19650337
138 19650337
824 19650337
918 19650337
1406 19650337
2860 19650337
4678 19650337
4970 19650337
5766 19650337
5990 19650337
6030 19650337
6344 19650337
6490 19650337
7426 19650337
7578 19650337
7830 19650337
7986 19650337
10154 19650337
10610 19650337
10612 19650337
4232 19650338
7040 19650339
1592 19650340
114 19650341
10578 19650342
228 19650343
406 19650343
730 19650343
762 19650343
994 19650343
1056 19650343
1142 19650343
2704 19650343
2920 19650343
3096 19650343
5248 19650343
5560 19650343
5972 19650343
7380 19650343
7940 19650343
10514 19650343
10530 19650343
2014 19650344
5562 19650344
10618 19650345
6428 19650346
4928 19650347
122 19650348
1184 19650348
2648 19650348
2668 19650348
3228 19650348
3236 19650348
3620 19650348
3722 19650348
4098 19650348
5580 19650348
6150 19650348
6304 19650348
6426 19650348
6702 19650348
8882 19650348
9846 19650348
9888 19650348
10372 19650348
9529035 19650348
18273812 19650348
3212 19650349
90 19650350
3164 19650351
7110 19650352
9800 19650353
16793607 19650353
556 19650354
3026 19650355
18273812 19650356
1384 19650357
2186 19650358
2008 19650359
3234 19650360
14 19650361
50 19650362
6792 19650363
8 19650364
278 19650364
586 19650364
602 19650364
706 19650364
720 19650364
1122 19650364
1548 19650364
1626 19650364
1772 19650364
1788 19650364
2866 19650364
3394 19650364
4166 19650364
4634 19650364
4812 19650364
4918 19650364
4924 19650364
4926 19650364
5430 19650364
5690 19650364
5782 19650364
5996 19650364
7190 19650364
7248 19650364
8416 19650364
8622 19650364
8846 19650364
10928 19650364
18274267 19650364
18274606 19650364
18274609 19650364
112 19650365
3876 19650366
2522 19650367
10940 19650368
3268 19650369
3134 19650370
322 19650371
5440 19650372
3078 19650373
1648 19650374
1762 19650375
6112 19650376
3814 19650377
4978 19650378
4884 19650379
5072 19650380
1370 19650381
2880 19650382
5980 19650383
9522 19650384
5170 19650385
4670 19650386
3862 19650387
7470 19650388
6592 19650389
5512 19650390
5536 19650390
5684 19650391
10398 19650392
2952 19650393
3738 19650394
9886 19650395
2820 19650396
7348 19650397
4210 19650398
18273998 19650399
466 19650400
18274416 19650400
8526 19650401
3472 19650402
1226 19650403
4998 19650404
1702 19650405
108 19650406
5392 19650407
5422 19650408
4932 19650409
4334 19650410
6998 19650411
152 19650412
7852 19650413
19650414 19650415
6456 19650416
4398 19650417
7492 19650418
4610 19650419
7450 19650420
7888 19650421
8558 19650422
19650423 19650424
10470 19650425
5904 19650426
6072 19650426
6074 19650426
6634 19650427
4082 19650428
9156 19650429
9348 19650429
438 19650430
7520 19650431
5892 19650432
4964 19650433
5482 19650434
2322 19650435
10326 19650436
3730 19650437
4278 19650438
5106 19650439
10480 19650440
10482 19650441
9950 19650442
10016 19650443
7580 19650444
4712 19650445
10722 19650446
5566 19650447
10980 19650448
4364 19650449
6086 19650450
6086 19650450
8212 19650451
9446 19650452
4996 19650453
5026 19650454
4898 19650455
4056 19650456
1556 19650457
3194 19650458
1310 19650459
140 19650460
8014 19650461
8452 19650462
7904 19650463
10442 19650464
2718 19650465
890 19650466
9374 19650467
8372 19650468
1272 19650469
1956 19650470
5656 19650471
10202 19650472
5544 19650473
1536 19650474
664 19650475
4368 19650476
10758 19650477
10760 19650477
9134 19650478
5878 19650479
1636 19650480
7886 19650481
10952 19650481
1146 19650482
1048 19650483
10762 19650483
4432 19650484
1686 19650485
1312 19650486
1912 19650487
7084 19650488
4342 19650489
4456 19650490
8138 19650490
3952 19650491
9086 19650492
18290175 19650492
942 19650493
7610 19650494
1498 19650495
10776 19650496
11002 19650497
1114 19650498
1458 19650499
4578 19650500
1398 19650501
1728 19650501
1730 19650501
2544 19650501
3274 19650501
3278 19650501
3672 19650501
4448 19650501
10926 19650502
7662 19650503
1526 19650504
6166 19650505
8214 19650506
856 19650507
1464 19650507
3700 19650508
1116 19650509
768 19650510
1134 19650511
1044 19650512
2714 19650512
938 19650513
10910 19650514
6086 19650515
1480 19650516
1552 19650516
962 19650517
2706 19650518
9024 19650519
5784 19650520
10494 19650521
0 19650522
10836 19650523
10076 19650524
534 19650525
7342 19650526
8256 19650527
8420 19650528
2966 19650529
10874 19650530
10350 19650531
8450 19650532
1968 19650533
2012 19650534
10360 19650535
480 19650536
10962 19650537
7468 19650538
1828 19650539
9828 19650540
8828 19650541
1034 19650542
9534 19650543
10412 19650544
3600 19650545
3602 19650546
3148 19650547
6086 19650548
1332 19650549
6880 19650550
4272 19650551
8570 19650552
3298 19650553
1336 19650554
5640 19650555
2892 19650556
1334 19650557
2746 19650558
3226 19650559
2076 19650560
386 19650561
10406 19650562
5280 19650563
4042 19650564
3250 19650565
1394 19650566
4132 19650567
2240 19650568
2744 19650569
4574 19649739
714 19650570
10348 19650571
10344 19650572
1740 19650573
2150 19650574
5720 19650575
5886 19650576
6786 19650577
10990 19650577
10992 19650578
10364 19650579
4858 19650580
10802 19650581
1038 19650582
1884 19650583
7232 19650584
12117539 19650585
2720 19650586
9462 19650587
6326 19650588
3206 19650589
2818 19650590
6630 19650591
6498 19650592
2776 19650593
5456 19650594
7600 19650595
5504 19650596
5556 19650597
6722 19650598
7092 19650599
4856 19650600
10474 19650601
4222 19650602
5814 19650603
3883240 19650604
3887360 19650605
6894 19650606
4182 19650607
6890 19650608
1872 19650609
352 19650610
5882 19650611
8780 19650612
5418 19650613
1984 19650614
694 19650615
10376 19650616
10456 19650617
6336 19650618
1882 19650619
7844 19650620
17327681 19650621
1220 19650622
7088 19650623
9810 19650624
486 19650625
486 19650626
486 19650627
3098 19650628
650 19650629
8164 19650630
4484 19650631
7370 19650632
4866 19650633
10666 19650634
1212 19650635
1252 19650636
7124 19650637
5008 19650638
7288 19650639
7486 19650640
4586 19650641
4596 19650641
4618 19650641
4780 19650641
4848 19650641
4850 19650641
4854 19650641
4962 19650641
4982 19650641
5022 19650641
5046 19650641
5368 19650641
6218 19650641
7930 19650641
8078 19650641
8336 19650641
8354 19650641
4644 19650642
5310 19650642
5484 19650642
5516 19650642
5548 19650642
5582 19650642
5630 19650642
5750 19650642
5760 19650642
5846 19650642
5902 19650642
5906 19650642
5908 19650642
5910 19650642
5984 19650642
6078 19650642
6122 19650642
6146 19650642
6226 19650642
6250 19650642
6256 19650642
6282 19650642
6286 19650642
6416 19650642
6436 19650642
6488 19650642
6602 19650642
6614 19650642
6616 19650642
6622 19650642
6638 19650642
6642 19650642
7280 19650642
7354 19650642
7372 19650642
7374 19650642
7376 19650642
7466 19650642
7484 19650642
7496 19650642
7622 19650642
8042 19650642
8064 19650642
8174 19650642
8176 19650642
8178 19650642
8196 19650642
8230 19650642
8322 19650642
8324 19650642
8338 19650642
8346 19650642
8360 19650642
8362 19650642
8364 19650642
8366 19650642
8376 19650642
8858 19650642
8918 19650642
8940 19650642
9336 19650642
9512 19650642
9528 19650642
9756 19650642
10038 19650642
10054 19650642
7768 19650643
2280 19650644
4174 19650645
3614 19650646
1182 19650647
5278 19650648
10606 19650649
4622 19650650
8688 19650651
1476 19650652
3308 19650653
3132 19650654
7258 19650655
3076 19650656
4868 19650657
7784 19650658
5842 19650659
2356 19650660
4606 19650661
7928 19650662
18274639 19650663
5174 19650664
5224 19650665
5058 19650666
970 19650667
1982 19650668
7810 19650668
180 19650669
326 19650670
5444 19650671
1514 19650672
8454 19650673
5672 19650674
4130 19650675
5752 19650676
6468 19650677
4116 19650678
4138 19650679
5838 19650680
10604 19650681
11354742 19650682
488 19650683
7346 19650684
3326 19650685
3820 19650686
9772 19650686
3412 19650687
5982 19650688
8712 19650689
8714 19650689
7554 19650690
2972 19650691
1488 19650692
2658 19650693
18274462 19650694
7010 19650695
7042 19650696
9958 19650697
8082 19650698
4402 19650699
6108 19650700
1012 19650701
5812 19650702
6086 19650703
8732 19650704
1786 19650705
7108 19650705
7636 19650706
7364 19650707
7624 19650708
7576 19650709
8764 19650709
5898 19650710
7412 19650710
7694 19650710
8070 19650710
8550 19650710
9618 19650710
10236 19650710
8308 19650711
5698 19650712
4768 19650713
3636 19650714
10662 19650715
8840 19650716
10138 19650716
3906 19650717
3690 19650718
7032 19650719
2688 19650720
3288 19650721
9228 19650722
4774 19650723
7674 19650724
7596 19650725
8908 19650726
8606 19650727
10216 19650728
10194 19650729
7828 19650730
7582 19650731
1492 19650732
9666 19650733
10472 19650734
3710 19650735
5096 19650736
5098 19650736
4296 19650737
3344 19650738
3346 19650739
10930 19650740
