12585143 19698760
12561941 19698761
12562073 19698761
12562197 19698761
12562514 19698761
12562571 19698761
12561989 1324103
12566196 2539386
12576740 2191234
12575259 2191234
12582898 2191234
12581880 2191234
12587152 326783
12586388 326783
12572993 326783
1931721 19698762
17019901 630166
12586438 630166
12576810 630166
12587555 1925097
12564860 3712961
12578698 2493246
12574183 1740302
12579624 1740302
12575656 1740302
12579102 1740302
19443156 15667438
12576812 19698763
12573246 19698763
12573892 19698763
12576221 19698763
12573441 19698763
12557538 1860266
12579993 19414199
12581792 19414199
12580973 19414199
12583173 16279459
12584827 16279459
12559453 537501
12559530 537501
17019680 265754
12574505 1813523
19698764 392374
19698765 392374
15458723 18493911
15936684 11872271
12559564 1896777
12570368 19416114
12580074 6413712
12583926 6413712
12578914 6413712
12583549 1143076
12579686 1143076
12585991 1143076
12570628 18839428
19698766 708430
12588200 708430
12560679 293048
12583096 293048
12579438 293048
12563384 293048
19698767 293048
19698768 293048
12588549 899953
12587305 899953
12587519 899953
12585977 899953
12565699 899953
12566900 899953
12567448 899953
12579119 901972
6594365 1505287
15323223 1505287
15429624 1505287
2735186 1505287
2735190 1505287
15429625 1505287
4353429 1505287
15429626 1505287
2704202 1505287
4139315 1505287
2684947 1505287
12564507 755203
18284733 19698769
12585814 18846069
12575829 18846069
12571175 18846069
12578853 18846069
12588066 18846069
12586249 18846069
12570594 18846069
12568610 18846069
12571688 18846069
12576750 18846069
12583178 18846069
12573256 18846069
12584774 18846069
12573332 18846069
12588077 18846069
12583350 18846069
12568614 18846069
12581705 747262
12562826 317988
12562827 317988
19698770 317988
19698771 317988
12586925 317988
12581985 4489228
12582906 4489228
12570507 2148416
12561708 159190
12584707 159190
12585913 159190
12580406 1156692
12579361 18853042
10498507 3432581
3539756 283810
17837197 16284846
12574600 18860540
12583627 19698772
12588266 19698773
12582315 19698773
12584387 19698773
12586175 19698773
12582865 19698773
12577442 19698774
12582089 243239
3468974 2242276
12585592 4324141
12583039 4324141
12588394 4324141
12588740 4324141
12586301 4324141
12580415 4324141
12585071 4324141
12581579 4324141
12587089 4324141
10521551 2318086
12562780 1595125
19698775 19698776
12570294 19698777
12566561 19698778
12568352 19422183
12569674 19422183
12567777 6544108
12581329 19698779
10528998 3469786
12575756 19698780
12580290 917451
12560338 367970
3989585 19698781
12565587 14646958
12576519 1585304
12569194 379111
6702455 899627
12582570 16389816
12556372 169162
3210901 169162
6566386 169162
12588156 169162
12571580 19698782
12575749 4369310
12570967 4369310
12570497 4369310
12572637 19698783
12582434 19698784
12583401 1634066
12582528 1634066
12579217 1634066
12586943 1634066
12585924 1634066
12577933 1634066
12582803 1634066
12580491 1634066
12584366 1634066
12578525 1634066
12579580 1634066
12580657 1634066
12582907 1634066
12580449 1634066
12575925 1634066
12581778 1634066
12575103 1634066
12582889 1634066
12584170 19698785
12584051 19698785
12565557 1643903
17019018 19698786
12553072 1584734
19698787 1584734
12553088 1584734
17022678 1584734
12553074 1584734
12572667 1151717
12568989 1151717
12569305 1151717
12578474 1151717
12568490 1151717
12575576 1151717
12574798 1151717
12568710 1151717
12576265 1151717
12584352 19698788
15672380 11833346
4267356 599928
2593250 19698789
12587555 811594
12588156 811594
12575859 811594
17023044 19698790
12582382 19698790
12580115 19698790
6753201 19698790
12572231 19698790
12570714 19698790
12572990 19698790
12570919 19698790
12581042 19698790
12585266 19698790
12571009 19698790
12569911 19698790
12569501 19698790
12569319 19698790
12587410 18490519
12586531 18490519
12558777 695749
12583682 18902277
12576671 18902277
12565610 19698791
12583069 4346164
12580550 4346164
12559689 1584696
12570856 642087
12567069 734939
17021512 243945
17021469 243945
12561638 243945
12567585 243945
12561535 243945
12560943 16278106
12568345 1584001
12574837 3680183
4278168 614374
4324045 614374
4281143 614374
15639429 614374
15637842 614374
12582374 19698792
12589295 19698792
12574505 16336574
12568357 1158323
6571659 197824
17023590 197824
6576346 169166
2594253 169166
6559013 169166
19698793 611329
12568371 1583510
19698794 755205
12575528 755205
12585902 755205
12571573 755205
12570390 755205
12588566 755205
12589108 755205
12586501 755205
12588266 755205
12587541 755205
12570391 755205
12582315 755205
12566802 755205
12570392 755205
12580949 755205
12585249 755205
12584387 755205
12581955 755205
12568279 755205
12584047 755205
12588080 755205
12589222 755205
12569080 755205
12585633 755205
12577540 755205
12587922 755205
12587078 755205
12584952 755205
12583470 755205
12573218 755205
12587045 755205
12588827 755205
12565491 755205
12567694 755205
12589210 755205
12582947 755205
12585674 755205
12588121 755205
12587332 755205
12580621 755205
12580247 755205
12586807 755205
12586175 755205
12589072 755205
12567913 755205
12585882 755205
12579050 755205
12576527 755205
12570393 755205
12575331 755205
12582687 755205
12579479 755205
12584798 755205
12587977 755205
12575779 755205
12581885 755205
12574435 755205
12582865 755205
12570395 755205
12573656 1585844
12574056 1585844
12583138 1131647
12586579 4348324
12581737 4348324
12575414 4348324
12585172 4348324
12586864 4348324
12568335 1135216
12579025 1135216
12582782 18435972
12586143 18435972
12587281 18435972
12585678 18435972
12586505 18435972
12579834 18435972
12577874 18435972
12588475 18435972
12569674 821522
19698795 807608
4518878 1585538
12578197 10175442
12571765 10175442
12571768 10175442
19698796 1130389
15585532 1130389
12583968 19698797
12583947 973103
12580979 973103
14987922 2187325
17017658 2187325
12561788 2187325
12571488 1634417
12570115 1634417
12575325 10253663
11880729 10489030
12585689 431255
12584102 431255
12566229 1154554
12586581 119029
12557507 916650
12579151 1907226
12580943 19698798
12575228 4932225
12587955 4932225
12581615 4932225
12584122 4932225
12572060 4932225
12582591 4932225
12577366 4932225
12573060 4932225
12588545 4932225
12568407 4932225
12581098 4932225
12580005 4932225
12578462 16390071
12584772 16390071
12586267 16390071
12583885 16390071
12587504 16390071
12583743 19698799
12575047 607624
12554055 2115777
17023751 4271940
12565814 4271940
12567700 10175480
19698800 19698801
12580586 4517778
12583019 4517778
12584525 4517778
12586332 4517778
12584615 4517778
12581654 4517778
6573738 1415207
2593256 592795
12555410 592795
2593250 592795
12555273 592795
10515211 13630429
12574757 1782940
12575752 593771
10514288 3648214
10511213 19698802
12588270 18945728
12583304 19698803
12581962 19698803
12584380 19698803
17021307 1537430
3991560 19698804
12573218 4346154
12567508 4346154
12576527 4346154
12568373 4346154
12568997 626150
17018924 656062
12582962 782783
12584892 782783
12586426 782783
12579480 782783
12577595 19698805
12571564 19698805
12572094 19698805
12579789 19698805
12573328 18947031
12570211 18947031
12569386 18947031
12571111 18947046
12568777 18947046
12575047 18947046
12571508 18947046
12568780 18947046
12576355 18948537
12583682 18948537
12571359 18948537
12573441 18948537
12576671 18948537
12581782 18948538
12577212 18948538
12582017 18948538
12581011 18948538
12585490 18948538
12587507 18948538
12586519 18948538
12581224 18948538
12581710 18948538
12575102 18948538
12579563 18948538
12586425 18948538
12587412 18948538
12584216 18948538
12570696 18948538
12584116 18948538
12572170 18948538
12587427 18948538
12585556 18948538
12579269 18948538
12578881 18948538
12587544 1630198
19698806 1584045
12573692 1584045
12579169 1584045
12573916 1584045
12585933 18949092
12585412 18949092
12583889 18949092
12574795 18949092
12588960 18949092
12587868 18949092
12588389 18949092
12570785 18949092
12573887 18949092
12587758 18949092
12582303 18949092
12573690 18949092
12572814 18949092
12575988 18949092
12585933 18949093
12573990 18949093
12575384 18949093
12588389 18949093
12570785 18949093
12587758 18949093
12572814 18949093
12575988 18949093
12585594 18949423
12582603 18949423
12581775 18949423
12579083 18949423
12584894 18949423
12575047 18949655
12570752 1420658
12583182 1420658
12568002 1420658
12587533 1420658
12569142 1420658
12566935 1420658
12583048 1420658
12581124 1420658
12581890 1420658
12586038 1420658
12566034 1420658
12573940 1420658
12572191 1420658
12568003 1420658
12575178 812903
12576676 812903
12577168 812903
12577442 812903
12580768 812903
12582374 325254
12581960 1584311
12586247 2021015
12582806 2021015
12580990 2021015
12585728 2021015
12578355 2021015
12581232 2021015
12573434 14860394
12586664 14860394
12580762 14860394
12580131 14860394
12588984 14860394
12585491 14860394
12584179 14860394
12575149 14860394
12585639 14860394
12587060 14860394
12587287 14860394
12579164 14860394
12585681 14860394
12583031 14860394
12582926 14860394
12584531 14860394
12587456 14860394
12580566 14860394
12587072 1390811
12588305 1390811
12586753 1390811
12582468 1390811
12583748 1390811
12583814 1390811
12586027 1390811
12584332 1390811
12586423 1390811
12588138 1390811
12581862 1390811
12589206 1390811
12581163 1390811
12579208 1390811
12584765 1390811
12579472 1390811
12584118 1390811
12589135 1390811
12583626 1390811
12584334 1390811
12586679 1390811
12583062 1390811
12576123 1390811
12587508 1390811
12582180 18950178
12578176 18950178
12583330 18950178
12583332 18950178
12587145 18950178
12580537 18950178
12587133 18950178
12572133 18950178
12588998 18950178
12570449 18950178
12573976 18950178
12581807 18950178
12582310 18950178
12583038 18950178
12569010 18950178
12584901 18950178
12583333 18950178
12580871 18950178
12579960 18950178
12571835 18950178
12571837 18950178
12582025 18950178
12575730 18950178
12575149 18950178
12576977 18950178
12581957 18950178
12575378 18950178
12577074 18950178
12585291 18950178
12586673 18950178
12570450 18950178
12578797 18950178
12569632 18950178
12569023 18950178
12573686 18950178
12570902 18950178
12588556 18950178
12586124 18950178
12579139 18950178
12562039 1557001
6772916 4301888
2739125 4301888
12584790 3559996
12574186 3559996
12585694 3559996
12584106 3559996
12582476 3559996
12583240 3559996
12582800 3559996
12581301 3559996
19698807 1522507
12585863 4241097
12569599 683066
12568368 683066
12575905 683066
12581617 18951463
12582583 18951463
12584822 18951463
12584553 18951471
12573441 18951471
12558066 710225
12584761 4507671
12587749 4507671
12584425 4507671
12585867 4507671
12582941 4507671
12586351 4507671
12580385 4507671
12584058 4507671
19698808 4349634
19698809 4287571
12584552 4287571
12583015 4287571
12579102 19698810
2595602 232155
6583889 232155
19698811 232155
19698812 232155
19698813 232155
6596207 232155
6558420 232155
6581115 232155
17021160 232155
12560206 232155
6570239 232155
2594344 232155
12561063 232155
4466304 232155
19698814 232155
6593505 232155
19698815 232155
19698816 232155
12557563 232155
19698817 232155
19698818 232155
19698819 232155
6867609 232155
19698820 232155
19698821 232155
2739237 232155
19698822 232155
17023065 232155
17023480 232155
17023559 232155
17022066 232155
12574183 232155
12569514 232155
12575385 232155
12580979 232155
12576519 232155
15501885 232155
12563572 232155
19698823 232155
6573738 232155
17020399 232155
19698824 232155
19698825 232155
19698826 232155
19698827 232155
19698828 232155
19698829 232155
19698830 232155
19698831 232155
19698832 232155
6599449 232155
19698833 232155
17023481 232155
19698834 232155
19698835 232155
19698836 232155
6867924 232155
17023560 232155
19698837 232155
17018022 232155
19698838 232155
19698839 232155
19698840 232155
19698841 232155
19698842 232155
19698843 232155
19698844 232155
19698845 232155
19698846 232155
18630645 232155
19698847 232155
17022506 232155
4266693 232155
2594593 232155
12563041 697957
12563134 697957
12563191 697957
12563261 697957
12563278 697957
12563429 697957
12581327 4374603
12581523 4374603
12583945 4374603
12552494 19698848
12552501 19698848
12554457 84478
2595602 84478
12554849 84478
4272859 84478
2593256 84478
2593250 84478
12555530 84478
12555215 84478
6560511 84478
12588200 84478
12569982 84478
2711417 84478
2593262 84478
12556211 12659972
13610852 198872
12564507 13617438
12588045 13622609
12588322 13622609
4267423 297501
12555972 297501
16570078 297501
12555407 297501
12556357 297501
12556370 297501
12556131 297501
19698849 297501
12556529 297501
13798712 297501
12561636 297501
12563197 297501
19698850 297501
4267730 297501
12576085 1384494
12581763 1384494
12584321 1384494
12570541 542015
12570544 542015
12569386 542015
3541267 1856766
19698851 14361202
19698852 14361202
19698853 14361202
19698854 14361202
6586174 611022
6571023 1584483
12580326 1584483
12589295 19698855
12577482 12779465
12576187 12779465
12570221 12779465
12570406 12779465
12576563 12779465
12570981 12779465
12578838 12779465
12568631 12779465
12569587 12779465
12583507 12779465
12570983 12779465
12575047 12779465
12578458 12779465
12571780 12779465
12578707 12779465
12570225 12779465
12577073 12779465
12569737 12779465
12570411 12779465
12573068 18956768
12586233 299894
12567852 18957302
12567854 18957302
12567210 18957302
12566460 18957302
12567611 18957302
12568576 18957302
12569187 18957302
12565960 18957302
12565621 18957302
12568578 18957302
12573163 18957303
12570827 18957303
12576028 18957303
12571357 18957303
12574007 18957303
12581097 18957303
12570041 18957303
12572294 18957303
12584873 337877
12583523 337877
2593280 4299184
19698856 4299184
12585614 4347844
12585615 4347844
12585938 4347844
12585176 4347844
12589185 4347844
12587627 4347844
12587183 4347844
12589103 4347844
12584365 4347844
12578239 4347844
12579492 4347844
12584621 4347844
12587548 4347844
12576205 4347844
12580478 4347844
12578784 4347844
12572993 19698857
12581317 16323752
12579830 16323752
12581052 16323752
12554989 1367035
12555560 1367035
12555134 1367035
12555663 1367035
6772916 1622179
2739125 1622179
12585549 1578446
12567261 1396796
12575699 18962477
12572381 18962477
17021435 19698858
12572432 4378440
12573216 18963924
12580786 18963924
12581941 18963924
12561808 14864851
12563115 14864851
12563282 14864851
12563344 14864851
12563511 14864851
12577578 2006212
12568971 2006212
12569289 2006212
12569497 2006212
12569498 2006212
12575708 2006212
4354101 247789
12574343 591486
12586233 591486
12576207 591486
12584955 591486
12588322 591486
12575385 591486
12577629 591486
12572002 591486
12588947 591486
12569674 591486
12579102 591486
12580910 18967266
12569113 18967266
12572463 18967266
12568570 18967266
12570354 18967266
12568419 18967266
12567033 18967266
12571123 18967266
12579198 18967266
12573109 18967266
12576152 18967266
12569910 18967266
12568980 18967266
12581679 18967266
12568572 18967266
12565931 18967266
6560797 284020
17020631 284020
12565853 284020
12563388 284020
12563764 284020
17020107 284020
10516232 284020
12575047 2495359
12577787 4480917
12569628 4480917
12578849 4480917
12571722 4480917
19698859 703693
6579628 335601
6586765 335601
15501877 335601
4377412 335601
6604098 335601
15501883 335601
6560604 335601
12585423 1537469
6586383 209464
12558237 209464
12552161 404212
12563105 495238
17022257 495238
19698860 495238
10465113 466559
12575508 19698861
12564141 19698861
19698862 208364
12566738 208364
12564956 208364
19698863 208364
12560287 19698864
12558071 19698865
12558200 19698865
6749984 470788
12586209 470788
3989585 470788
14343549 470788
10499659 470788
12587815 3720823
12585468 3720823
12585936 3720823
12574847 3720823
12580266 3720823
12579114 3720823
12576185 19698866
12584625 19698867
12564521 1585105
12575414 734757
12562259 1498427
6557988 438627
17021655 438627
12562025 438627
12562126 438627
12559229 19698868
12559367 19698868
12560236 19698868
12559431 19698868
12560960 19698869
12560452 19698869
12559258 19698869
12559679 19698869
12561298 19698869
12560255 19698869
12558332 19698870
12558097 19698870
12558293 15324425
12558868 15324425
12559517 15324425
12559340 15324425
12559261 15324425
12558866 15324425
12558310 15324425
12558934 15324425
12561237 15324478
12561125 15324478
12561187 15324478
12561087 15324478
12559799 19698871
12558674 19698872
12558633 19698872
12559085 19698872
12559423 19698872
12558997 19698873
12563535 19698874
12558357 11857122
3929594 11857122
15508291 12632752
15706354 1589924
19698875 10427910
12573169 1998860
12571050 1998860
12572923 1998860
12579634 1998860
12576157 1998860
12572061 1998860
12586515 1998860
12585383 1998860
12588113 1998860
12569702 1998860
12569217 1998860
12578250 1998860
12569256 1998860
12576596 1998860
12573247 1998860
12574195 1998860
12572554 1998860
12587142 1998860
12584473 1998860
12570060 1998860
12580154 1998860
12568745 1998860
12586194 1998860
12586081 1998860
12580570 1998860
12568674 1998860
19698876 4933478
12579926 19698877
12585655 1635248
12582550 1635248
12586609 1635248
12582835 1635248
12587219 1635248
12585636 1635248
12581660 1635248
12578716 1635248
12584257 1635248
12588552 1635248
12587491 1635248
12579955 1635248
12585876 1635248
12584420 1635248
12587895 1635248
12588263 1635248
12584941 1635248
12588096 1635248
12588343 1635248
12585668 1635248
12584025 1635248
12582613 1635248
12559287 19698878
12559051 19698878
12586771 746293
12571924 746293
12585039 746293
12576923 746293
12575009 746293
12587108 746293
12586286 746293
12588961 746293
19698875 18501411
12567222 18981711
12576676 19698879
12580768 19698879
12569548 19005118
12569550 19005118
12568222 19005118
12579901 1583893
12561854 630745
19698880 1572391
6653722 1572391
12567609 312696
17020067 10492023
12582111 10492023
12576281 703115
12585312 703115
12577301 703115
12574824 703115
12579324 712610
12581604 712610
12585227 712610
12583014 712610
12584140 712610
12579326 712610
12588023 712610
12586225 712610
12586041 712610
12584816 712610
12578313 712610
19698881 447602
12568821 14860382
12573197 14860382
12566359 14860382
12567675 14860382
12569504 14860382
12581848 14860382
12569507 14860382
13610594 124341
17018201 124341
18238534 124341
19698882 124341
18239370 124341
19698883 124341
12561599 124341
15639420 124341
18236769 124341
4266715 4356721
12563053 19698884
15597868 12638274
14435781 781684
12577644 781684
12586247 781684
12581302 781684
12583172 781684
12582618 781684
12573340 781684
12587860 781684
12587481 781684
12589114 781684
12586771 781684
12575942 781684
12585632 781684
12576669 781684
12585205 781684
12581645 781684
12586220 781684
12574932 781684
12578250 781684
12584707 781684
12570739 781684
12586932 781684
12582628 781684
12572029 781684
12581908 781684
12588322 781684
12579879 781684
12582806 781684
12587162 781684
12577902 781684
12578519 781684
12586223 781684
12581096 781684
12585538 781684
12587555 781684
12583319 781684
12585913 781684
12585017 781684
12587925 781684
12585576 781684
12576240 781684
12586878 781684
12571823 781684
12585951 781684
12583921 781684
12584453 781684
12578414 781684
12586453 781684
12580421 781684
12576401 781684
12587933 781684
12587000 781684
12588115 781684
12585587 781684
12577590 781684
12580616 781684
12572339 781684
12588427 781684
12585877 781684
12579280 781684
12585728 781684
12585567 781684
12572482 781684
12578355 781684
12579567 781684
12585398 781684
12581062 781684
12575806 781684
12581232 781684
12582781 781684
12581705 781684
12585549 781684
12558169 19698885
12558105 19698886
12558790 19698887
12558793 19698888
12559655 19698889
12561286 19698890
12568940 612129
12589181 612129
12575149 612129
12583103 1773585
12584353 1773585
12585889 1773585
12584221 19014179
12581539 19014179
12587115 19014179
12580780 19014179
12589159 19014179
12588472 19014179
12582719 19014179
12585944 19014179
12583793 19014179
12587665 19014179
10523239 19698891
12587440 1154393
12586127 1154393
12583255 1154393
12577718 1154393
12587250 1154393
12587998 1154393
12586869 1154393
12575153 1154393
12584890 1154393
12587297 1154393
12584779 1154393
12576149 1154393
12584089 1154393
12582904 1154393
12579100 1154393
12583428 1154393
12586105 1154393
12580874 1154393
12580406 1154393
12581272 1154393
12580955 1154393
12583411 1154393
12585016 1154393
12584775 1154393
12578277 1154393
12581581 1154393
12586678 1154393
12582207 1154393
12584439 1154393
12577087 1154393
12582933 1154393
12579856 1154393
12587642 1154393
12582896 1154393
12582796 1154393
12574189 1154393
12576098 1154393
12584652 1154393
12580332 1154393
12574799 1154393
12585953 1154393
12573768 16390542
12568466 16390542
12580074 2222123
12583926 2222123
12578914 2222123
2592925 712066
19698892 712066
12579782 16390567
12569233 16390567
12578878 16390567
12566288 16390567
12578139 16390567
19698893 599454
18486983 599454
12570216 19018064
12582984 19018064
12575163 19018064
12571608 19018064
12583077 19018064
12583251 19018064
12585028 19018064
12581771 19018064
12573469 19018064
12583732 19018064
12584860 19018064
12581073 19018064
12574768 19018064
12584616 19018064
12571900 19018064
12583135 19018064
12575608 19018064
12578637 19018064
12586116 19018064
12576706 19018064
12571194 19018064
12577630 19018064
12584741 19018064
12572710 19018064
12577509 19018064
12579668 19018064
12573432 19018064
12582552 19018064
12578356 19018064
12585856 19018064
12585677 19018064
12580813 19018064
12583651 796762
12584717 796762
12589232 796762
12581767 796762
12587363 796762
12581260 796762
12582610 796762
12584725 796762
12586372 796762
16556673 436571
13611498 436571
19698894 436571
19698895 436571
12586925 436571
6574610 436571
10499659 19698896
12574602 688990
12570584 688990
12570585 688990
12573869 4473080
12576633 4473080
12581290 4473080
12574269 19020872
12584620 19020872
12582708 19020872
12580822 19020872
12583734 19020872
12575523 19020872
12574835 19020872
12574837 19020872
10515211 1585515
10499659 18434473
12583126 19698897
12584090 19698897
12564507 1569089
12562971 624467
12570743 207471
12569514 207471
12568639 207471
12567585 207471
12570746 207471
12566891 207471
12586965 1132928
12587600 1132928
12576705 1132928
12583138 1132928
12555410 612896
12560287 13617436
12580673 10175929
12579821 10175929
12580910 10175956
12581679 10175956
12579103 10175961
12567336 10175967
12571795 10175967
12568299 10175967
12573561 10175967
12574529 10175967
12566674 10175967
12571918 10175967
12569444 10175967
12569125 10175967
12572797 10175967
12570786 10175967
12576088 10175967
12573676 10175967
12571091 10175967
12569191 10175967
12566456 10175967
12570367 10175967
12569446 10175967
12580050 10175967
12570097 10175969
12578915 10175969
12583851 10175971
12582829 10175971
12588653 10175971
12584603 10175971
12584435 10175971
12588043 10175971
12581082 10175971
12582089 10175982
12582678 10175990
12569663 10175990
12573274 10176004
12570582 10176004
12573473 10176004
12568337 10176004
12573667 10176004
12574922 10176004
12566974 10176004
12567642 10176004
12573491 10176005
12580690 10176063
12574600 10176087
12586317 10176094
12586089 10176094
12575820 10176094
12584853 10176094
12573070 10176094
12587626 10176094
12583228 10176094
12582030 10176094
12576991 10176094
12577717 10176094
12580575 10176094
12573441 10176094
12578843 10176094
12579773 10176094
12584218 10176094
12574072 10176094
12576763 10176094
12568947 10176094
12574910 10176094
12572162 10176094
12567393 10176094
12568466 10176101
12574733 10176101
12566150 10176112
12569482 10176251
12578250 10176292
12566601 10176315
12566065 10176315
12575530 10176333
12571828 10176333
12570855 10176333
12574299 10176333
12576543 10176333
12568524 10176344
12578462 10176351
12579298 10176351
12585258 10176351
12578250 10176351
12578045 10176351
12587370 10176351
12581727 10176351
12583061 10176351
12586602 10176351
12588339 10176351
12582768 10176351
12588385 10176351
12580459 10176351
12581145 10176351
12579973 10176399
12574282 10176399
12575165 10176399
12580690 10176455
12584559 10176467
12584503 10176467
12585746 10176467
12585732 10176467
12578295 10176467
12576712 10176467
12585829 10176467
12578960 10176467
12578537 10176467
12585011 10176467
12580927 10176467
12582742 10176467
12579975 10176467
12583800 10176467
12572565 10176489
12576767 10176495
12572830 10176495
12578632 10176603
12581963 10176603
12573058 10176603
12578959 10176603
12573051 10176603
12587500 10176603
12586990 10176603
12584695 10176603
12576375 10176603
12580099 10176603
12575132 10176603
12584896 10176603
12583564 10176603
12575149 10176614
12572658 10176745
12575583 10176745
12574575 10176745
12577442 10176756
12565594 10176763
12568072 10176763
12574844 10176766
12567861 10176767
12577446 10176791
12584562 10176791
12577202 10176791
12582623 10176799
12588049 10176804
12577929 10176823
12577128 10176823
12584608 10176823
12572537 10176834
12581960 10176834
12573332 10176834
12574662 10176919
12576207 10176919
12574554 10176922
12567261 10176922
12573784 10176922
12574723 10176988
12565706 10176996
12574911 10177029
12570532 10177029
12587261 10177051
12587669 10177051
12580241 10177051
12586972 10177051
12578127 10177051
12585818 10177051
12582622 10177051
12581035 10177051
12584636 10177051
12578838 10177074
12578458 10177074
12569150 10177088
12567338 10177088
12568639 10177088
12567585 10177088
12566165 10177088
12565557 10177088
12565520 10177088
12571585 10177088
12566891 10177088
12572779 10177088
12567627 10177088
12566007 10177088
12570115 10177088
12569411 10177095
12568598 10177095
12569865 10177095
12571197 10177095
12573491 10177095
12569866 10177095
12569413 10177095
12571198 10177095
12572152 10177095
12570780 10177095
12568600 10177095
12567720 10177095
12582334 10177140
12580960 10177140
12582859 10177140
12586452 10177140
12573050 10177143
12587122 10177174
12585651 10177174
12584676 10177174
12588485 10177174
12579390 10177177
12579049 10177177
12578339 10177182
12566355 10177185
12582511 10177233
12583168 10177233
12565643 10177242
12566526 10177242
12582420 10177244
12574601 10177291
12570582 10177318
12568337 10177318
12566974 10177318
12586180 10177333
12582761 10177333
12579302 10177333
12587330 10177333
12584275 10177333
12580818 10177333
12565777 10177337
12567041 10177337
12568501 10177337
12565611 10177337
12567871 10177337
12570102 10177337
12569050 10177337
12567873 10177337
12569663 10177337
12565971 10177337
12570119 10177337
12572766 10177344
12570413 10177344
12575592 10177344
12570889 10177344
12569483 10177344
12569287 10177344
12571203 10177344
12570416 10177344
12574799 10177344
12569947 10177344
12573533 10177351
12573110 10177355
12574108 10177375
12582260 10177375
12583518 10177375
12570934 10177461
12566707 10177547
12567497 10177547
12566755 10177547
12587867 10177580
12586149 10177580
12585408 10177696
12576381 10177696
12581864 10177696
12571944 10177696
12580932 10177696
12586429 10177696
12585054 10177696
12581771 10177696
12582605 10177696
12569361 10177696
12569363 10177696
12584779 10177696
12583258 10177696
12584735 10177696
12575549 10177696
12587054 10177696
12583368 10177696
12587995 10177696
12571948 10177696
12587047 10177696
12580062 10177696
12567855 10177696
12580871 10177696
12583135 10177696
12569365 10177696
12582025 10177696
12577417 10177696
12567856 10177696
12572578 10177696
12583241 10177696
12568718 10177696
12585562 10177696
12579750 10177696
12578797 10177696
12570250 10177696
12566870 10177696
12583510 10177696
12580234 10177696
12573010 10177696
12568719 10177696
12568262 10177696
12576954 10177696
12571117 10177696
12582008 10177696
12567429 10177696
12572822 10177696
12569190 10177696
12589133 10177696
12575310 10177696
12574046 10177696
12574400 10177696
12566365 10177696
12583605 10177709
12582178 10177709
12577886 10177774
12574160 10177774
12577375 10177774
12580266 10177842
12569632 10177938
12574400 10177938
12580599 10177941
12569580 10177950
12569544 10177950
12567247 10177950
12566169 10177950
12567925 10177961
12575580 10177986
12575501 10177994
12571755 10178027
12570292 10178027
12568847 10178027
12577644 10178039
12581203 10178039
12573578 10178039
12579256 10178039
12572863 10178039
12583885 10178039
12578686 10178039
12576913 10178039
12575396 10178039
12577181 10178039
12583598 10178039
12583485 10178039
12569166 10178042
12566406 10178054
12572076 10178054
12565802 10178054
12572732 10178057
12575247 10178057
12576743 10178057
12568724 10178113
12567928 10178113
12568725 10178113
12574099 10178121
12575136 10178121
12573612 10178121
12577206 10178121
12569674 10178158
12578212 10178159
12575097 10178168
12587004 10178168
12574463 10178168
12580869 10178168
12578660 10178168
12587500 10178168
12584472 10178168
12582609 10178168
12582535 10178168
12586246 10178168
12583320 10178168
12588474 10178168
12587342 10178168
12577198 10178170
12576086 10178170
12587602 10178173
12585125 10178173
12588861 10178173
12583589 10178173
12575290 10178230
12578930 10178230
12580731 10178230
12568613 10178230
12574174 10178230
12576283 10178230
12570665 10178230
12575063 10178230
12566140 10178231
12565670 10178231
12566241 10178231
12567324 10178231
12566750 10178231
12588825 10178240
12587384 10178240
12588030 10178240
12582717 10178240
12582860 10178240
12582220 10178240
12565634 10178258
12565898 10178258
12570449 10178267
12570450 10178267
12568712 10178289
12576951 10178295
12582471 10178378
12582363 10178403
12576973 10178403
12580787 10178403
12577929 10178426
12577128 10178426
12569113 10178481
12570354 10178481
12574598 10178486
12576227 10178486
12574799 10178486
12580654 10178488
12584740 10178498
12586419 10178498
12571115 10178509
12572874 10178509
12576019 10178509
12572958 10178509
12569908 10178509
12572154 10178509
12567030 10178512
12566182 10178512
12565697 10178512
12567031 10178512
12569186 10178512
12568198 10178512
12576372 10178539
12583685 10178539
12580823 10178539
12575131 10178539
12570313 10178540
12568364 10178552
12568235 10178552
12569194 10178553
12572422 10178561
12587540 10178565
12568315 10178587
12566647 10178587
12573050 10178587
12575699 10178605
12581091 10178612
12581481 10178612
12580372 10178612
12579880 10178618
12576973 10178629
12588022 10178630
12585338 10178660
12578508 10178660
12584685 10178674
12581503 10178725
12579499 10178725
12588156 10178742
12567397 10178745
12570934 10178775
12579227 10178787
12579153 10178787
12569188 10178822
12588585 10178823
12587387 10178823
12570129 10178835
12571199 10178835
12571637 10178835
12585718 10178870
12573866 10178870
12581851 10178870
12574538 10178870
12572762 10178870
12588626 10178870
12587236 10178870
12588468 10178870
12582659 10178870
12575969 10178870
12577057 10178870
12575640 10178870
12580652 10178870
12579163 10178870
12586297 10178870
12588026 10178870
12584305 10178870
12582348 10178875
12583113 10178875
12585062 10178875
12580205 10178875
12571401 10178923
12581172 10178923
12576847 10178923
12575873 10178923
12572372 10178923
12574086 10178923
12577121 10178923
12572056 10178923
12581126 10178923
12573933 10178923
12581780 10178923
12566699 10178971
12578885 10178980
12587532 10179026
12586401 10179026
12585075 10179031
12587668 10179031
12585949 10179031
12588617 10179031
12577058 10179031
12581932 10179031
12566322 10179060
12566847 10179060
12577886 10179063
12577375 10179063
12581261 10179082
12581417 10179082
12585096 10179088
12586456 10179088
12588066 10179090
12586249 10179090
12583178 10179090
12573332 10179090
12573807 10179126
12576705 10179152
12584729 10179157
12580582 10179171
12586151 10179171
12583530 10179171
12566566 10179174
12567418 10179174
12566979 10179174
12576355 10179212
12574310 10179212
12569644 10179258
12568742 10179258
12566945 10179258
12575204 10179258
12568748 10179258
12566279 10179258
12580073 10179264
12585218 10179264
12578153 10179264
12582227 10179264
12583257 10179264
12571115 10179264
12573578 10179264
12582956 10179264
12572958 10179264
12572154 10179264
12586380 10179264
12585352 10179264
12583016 10179264
12579182 10179264
12585035 10179269
12585718 10179269
12573866 10179269
12581851 10179269
12574538 10179269
12572762 10179269
12588626 10179269
12587236 10179269
12580524 10179269
12588468 10179269
12582659 10179269
12575969 10179269
12577057 10179269
12583662 10179269
12575640 10179269
12580652 10179269
12581001 10179269
12581896 10179269
12583738 10179269
12586297 10179269
12588026 10179269
12584305 10179269
12584085 10179269
12567477 10179333
12567950 10179333
12579688 10179333
12576906 10179333
12570586 10179333
12576110 10179333
12567951 10179333
12565680 10179333
12581024 10179347
12572128 10179347
12581639 10179347
12580396 10179347
12582869 10179347
12587987 10179347
12572432 10179347
12574378 10179347
12575616 10179347
12581073 10179360
12578637 10179360
12577509 10179360
12588208 10179364
12588537 10179364
12573332 10179374
12586695 10179398
12587187 10179398
12570096 10179406
12569183 10179406
12569480 10179406
12576678 10179406
12570098 10179406
12575258 10179406
12567659 10179406
12568629 10179406
12568630 10179406
12578153 10179416
12578895 10179416
12588133 10179416
12578807 10179421
12576954 10179421
12575666 10179443
12571401 10179444
12578839 10179444
12581002 10179444
12579125 10179444
12581324 10179444
12584445 10179444
12576966 10179444
12575649 10179444
12578563 10179444
12576927 10179444
12584578 10179444
12579520 10179444
12587201 10179444
12581004 10179444
12581921 10179444
12585958 10179448
12587064 10179448
12578263 10179463
12566116 10179465
12584855 10179471
12587139 10179483
12582590 10179483
12588730 10179483
12585740 10179483
12587314 10179483
12582516 10179483
12586895 10179483
12584301 10179483
12578036 10179524
12577608 10179524
12579389 10179531
12576630 10179542
12585615 10179557
12587752 10179557
12586966 10179557
12589103 10179557
12588610 10179557
12584621 10179557
12577308 10179557
12587548 10179557
12575044 10179607
12574676 10179607
12574333 10179607
12571747 10179607
12573768 10179607
12578250 10179607
12582847 10179607
12570215 10179607
12573247 10179607
12583569 10179607
12585766 10179607
12583854 10179607
12584473 10179607
12580154 10179607
12584921 10179607
12582564 10179607
12573359 10179607
12571751 10179607
12586194 10179607
12585050 10179607
12572041 10179607
12581842 10179607
12574799 10179607
12584493 10179607
12587532 10179628
12586401 10179628
12581126 10179651
12581780 10179651
12573284 10179652
12571823 10179657
12576401 10179657
12583021 10179657
12577848 10179660
12577699 10179660
12566973 10179666
12568746 10179684
12570993 10179702
12572093 10179702
12570129 10179724
12583854 10179724
12576348 10179724
12573123 10179724
12571006 10179724
12571199 10179724
12572085 10179724
12573281 10179724
12584493 10179724
12571105 10179784
12575732 10179790
12573955 10179790
12566810 10179805
12573407 10179806
12572786 10179904
12574136 10179904
12587454 10179916
12569784 10179987
12569786 10179987
12585081 10179987
12576000 10179987
12568186 10179987
12585084 10179987
12579363 10179987
12568189 10179987
12570696 10179987
12579049 10179987
12573877 10179987
12571021 10179987
12580793 10179987
12568804 10179987
12568806 10179987
12571800 10179987
12577442 10180002
12583533 10180032
12585345 10180042
12579308 10180064
12581773 10180204
12582867 10180204
12584418 10180204
12586068 10180204
12581848 10180217
12576705 10180237
12576493 10180269
12573416 10180269
12580292 10180276
12581259 10180279
12579129 10180283
12582779 10180299
12581286 10180299
12585041 10180299
12581950 10180299
12583039 10180442
12580415 10180442
12585071 10180442
12581579 10180442
12583743 10180447
12582803 10180509
12581778 10180509
12584618 10180510
12584015 10180510
12578838 10180531
12578458 10180531
12588358 10180548
12589257 10180548
12588358 10180549
12589257 10180549
12568847 10180566
12582240 10180567
12578483 10180615
12580360 10180673
12570035 10180735
12586683 10180740
12582705 10180740
12581663 10180740
12587413 10180740
12584278 10180740
12585771 10180740
12588927 10180760
12585306 10180760
12582765 10180760
12578838 10180794
12578458 10180794
12589080 10180810
12581662 10180810
12587447 10180810
12580825 10180810
12575784 10180849
12569548 10180850
12569550 10180850
12570097 10180853
12573443 10180864
12583743 10180891
12569144 10180939
12577549 10181069
12581428 10181073
12578482 10181073
12581382 10181073
12581606 10181076
12579135 10181076
12583867 10181177
12582546 10181177
12568083 10181177
12576448 10181189
12573698 10181253
12571363 10181276
12573163 10181338
12585579 10181345
12574488 10181538
12575615 10181563
12576408 10181563
12587051 10181638
12586630 10181638
12587725 10181652
12586763 10181652
12584434 10181657
12587725 10181657
12586763 10181657
12584002 10181657
12579782 10181679
12580928 10181679
12579115 10181683
12575178 10181696
12576676 10181696
12577168 10181696
12580768 10181696
12567379 10181702
12566669 10181702
12571222 10181702
12581130 10181707
12579808 10181855
12588567 10181864
12585502 10181864
12583988 10181864
12588257 10181864
12582767 10181864
12581211 10181864
12587445 10181864
12586313 10181864
12586264 10181864
12584280 10181864
12572790 10181885
12576733 10181885
12581803 10181895
12579859 10181895
12582363 10181918
12580787 10181918
12580266 10181941
12584214 10182017
12578975 10182025
12584932 10182031
12577723 10182031
12578885 10182062
12581726 10182066
12585798 10182066
12579883 10182066
12580528 10182066
12588189 10182066
12570546 10182067
12569674 10182107
12586377 10182146
12584567 10182146
12586892 10182146
12587130 10182146
12583487 10182157
12584946 10182157
12574784 10182185
12574662 10182234
12586925 10182234
12566548 10182400
12577457 10182415
12581507 10182430
12585666 10182430
12588587 10182430
12587394 10182430
12585132 10182430
12587602 10182469
12585125 10182469
12588861 10182469
12583589 10182469
12583368 10182473
12579815 10182540
12581185 10182540
12580499 10182540
12587587 10182540
12578875 10182540
12568529 10182622
12581133 10182681
12582784 10182681
12581634 10182681
12580871 10182681
12582025 10182681
12585640 10182681
12585231 10182681
12580644 10182708
12577073 10182731
12588336 10182773
12588478 10182773
12588834 10182793
12574078 10182793
12581317 10182803
12579830 10182803
12565640 10182836
12584434 10182915
12584939 10182915
12584002 10182915
12586480 10182915
12583743 10182930
12576188 10182946
12588715 10182951
12587781 10182951
12584841 10182967
12586216 10182967
12583640 10182967
12587685 10182967
12576596 10183093
12578252 10183176
12587532 10183198
12586401 10183198
12575429 10183204
12579305 10183204
12587669 10183255
12586972 10183255
12575779 10183303
12574598 10183334
12583743 10183359
12574662 10183442
12587532 10183464
12586401 10183464
12579722 10183467
12580266 10183471
12583376 10183471
12581629 10183474
12580690 10183506
12579880 10183548
12570054 10183548
12585227 10183554
12576796 10183593
12577340 10183600
12584016 10183626
12584710 10183626
12586367 10183626
12587844 10183626
12587725 10183682
12586763 10183682
12585177 10183745
12586358 10183745
12583487 10183789
12584946 10183789
12586016 10183789
12587955 10183809
12579331 10183809
12588545 10183809
12573095 10183814
12569211 10183814
12584207 10183878
12583335 10183878
12566548 10184030
12565869 10184033
12584390 10184091
12583552 10184091
12580074 10184091
12583926 10184091
12578914 10184091
12577929 10184112
12577128 10184112
12583292 10184169
12586695 10184266
12587187 10184266
12586973 10184269
12587098 10184269
12583203 10184269
12583404 10184269
12582458 10184269
12587454 10184319
12580266 10184361
12576355 10184376
12572596 10184376
12584390 10184395
12583552 10184395
12571722 10184420
12570005 10184421
12571722 10184421
12576455 10184603
12574079 10184688
12577795 10184688
12587454 10184773
12575559 10184776
12573319 10184797
12574799 10184798
12569909 10184813
12575178 10184822
12576676 10184822
12577168 10184822
12581662 10184827
12587472 10184827
12576111 10184827
12580825 10184827
12579714 10184852
12581608 10184852
12582957 10184852
12580595 10184852
12586939 10184886
12570337 10184917
12568933 10184917
12584945 10184948
12580698 10184948
12582240 10184948
12580266 10184948
12565519 10184963
12582240 10184977
12581657 10184979
12574099 10184979
12584173 10184979
12575136 10184979
12573612 10184979
12577206 10184979
12580382 10184979
12584609 10184979
12585863 10185026
12582470 10185026
12584422 10185026
12583131 10185026
12579151 10185040
12573574 10185055
12565869 10185072
12568954 10185088
12584207 10185125
12583335 10185125
12577202 10185213
12566399 10185215
12569192 10185220
12575470 10185232
12586183 10185261
12585604 10185261
12568526 10185294
12576111 10185313
12585188 10185316
12583911 10185316
12580740 10185316
12588200 10185356
12573034 10185356
12573443 10185357
12579298 10185391
12587569 10185462
12588392 10185462
12587535 10185503
12583815 10185516
12583743 10185623
12570413 10185667
12570889 10185667
12569483 10185667
12569287 10185667
12571203 10185667
12570416 10185667
12568847 10185670
12575102 10185704
12578881 10185704
12562937 10185725
12563052 10185725
12563058 10185725
12583743 10185738
12586046 10185747
12584170 10185763
12584051 10185763
12569762 10185826
12577073 10185858
12574844 10185876
12572054 10185876
12583363 10185902
12582334 10185942
12580960 10185942
12582859 10185942
12570339 10185942
12586452 10185942
12587082 10185986
12585833 10185986
12586779 10185986
12581153 10185986
12581471 10185986
12585713 10185986
12587170 10185986
12587242 10185986
12584198 10185986
12582639 10185986
12585250 10186007
12581804 10186031
12568182 10186035
12576178 10186044
12573108 10186044
12575611 10186044
12573409 10186044
12583290 10186176
12584498 10186176
12582237 10186176
12573332 10186191
12582488 10186200
12584282 10186277
12581615 10186277
12584122 10186277
12582591 10186277
12583693 10186277
12581098 10186277
12573332 10186394
12574400 10186407
12584105 10186432
12584386 10186432
12582643 10186432
12587095 10186432
12588445 10186432
12578292 10186432
12585363 10186432
12585715 10186432
12581443 10186432
12587102 10186432
12587217 10186494
12586700 10186494
12584170 10186499
12584051 10186499
17022584 19698898
12564507 1583865
12552493 19698899
12552502 19698899
12581770 10186652
12584561 10186652
12580985 10186652
12587454 10186662
12566957 10186667
12572458 10186667
12566859 10186676
12569110 10186676
12566116 10186676
12585028 10186689
12573469 10186689
12575608 10186689
12570136 10186723
12576630 10186739
12575009 10186802
12582302 10186816
12586412 10186816
12583290 10186816
12580273 10186816
12584498 10186816
12582237 10186816
12587365 10186816
12567042 10186824
12572080 10186824
12567100 10186824
12571608 10186837
12582198 10186846
12584945 10186851
12581185 10186851
12586418 10186946
12566707 10187027
12567497 10187027
12566755 10187027
12582803 10187031
12581778 10187031
12575178 10187082
12576676 10187082
12581301 10187123
12587701 10187179
12588778 10187179
12589203 10187179
12584988 10187179
12584364 10187179
12587867 10187179
12583094 10187179
12586149 10187179
12587444 10187179
12582860 10187179
12586492 10187179
12582220 10187179
12585780 10187179
12583633 10187232
12570092 10187257
12587976 10187272
12567763 10187293
12566268 10187293
12568030 10187293
12567604 10187293
12576448 10187312
12575384 10187329
12581737 10187329
12575149 10187340
12570216 10187378
12569291 10187378
12575036 10187441
12576329 10187441
12577549 10187441
12574764 10187441
12578250 10187442
12575178 10187445
12576676 10187445
12583939 10187445
12577168 10187445
12579856 10187504
12581802 10187527
12584945 10187531
12575708 10187542
12572507 10187602
12580360 10187627
12580050 10187820
12581910 10187877
12580644 10187920
12562170 1585217
12562249 1585217
12562462 1585217
12562659 1585217
12562699 1585217
12562800 1585217
12562807 1585217
12562814 1585217
12562846 1585217
12562892 1585217
12562929 1585217
12562939 1585217
12562966 1585217
12562988 1585217
12563003 1585217
12563013 1585217
12563043 1585217
12563088 1585217
12563363 1585217
12563369 1585217
12563438 1585217
12563315 1585217
12563495 1585217
12563517 1585217
12563538 1585217
12563542 1585217
12566488 1585217
12566723 1585217
12566242 1585217
12569578 1585217
12566464 1585217
12565564 1585217
12567071 1585217
12570434 1585217
12566668 1585217
12570345 1585217
12563459 1585217
12561983 1585217
12562969 1585217
15639425 1585217
12586089 10187957
12575820 10187957
12573070 10187957
12583228 10187957
12582030 10187957
12577717 10187957
12580575 10187957
12578843 10187957
12579773 10187957
12584218 10187957
12574072 10187957
12576763 10187957
12574910 10187957
12572162 10187957
12570923 10187959
12574808 10187959
12568302 10187959
12575178 10187991
12583495 10187991
12583103 10188038
12584353 10188038
12585889 10188038
12568954 10188234
12577372 10188267
12583234 10188362
12584511 10188362
12583855 10188417
12583633 10188417
12580050 10188419
12573083 10188458
12582240 10188470
12586599 10188558
12587835 10188558
12582007 10188558
12584460 10188558
12582842 10188558
12575149 10188624
12575009 747416
12580266 10188716
12566355 10188729
12582089 10188765
12575528 10188805
12585902 10188805
12588566 10188805
12582947 10188805
12587977 10188805
12585952 10188823
12569311 10188931
12572671 10188931
12584685 10188934
12585362 10189110
12582253 10189110
12580972 10189110
12586314 10189110
12581599 10189166
12583709 10189166
12578092 10189166
12583290 10189353
12584498 10189353
12582237 10189353
12580644 10189456
12580131 10189470
12579164 10189470
12580566 10189470
12583654 10189533
12587710 10189548
12577342 10189655
12566228 10189771
12569373 10189821
12580886 10189895
12582821 10189895
12570584 10189971
12570585 10189971
12583743 10189972
12568466 10189991
12576676 10190011
12577168 10190011
12584649 10190161
12583684 10190161
12577457 10190176
12568984 10190243
12579898 10190306
12580050 10190318
12573109 10190340
12576625 10190366
12585190 10190366
12583259 10190366
12580690 10190408
12583138 10190408
12583071 10190514
12566066 10190544
12575705 10190654
12584549 10190655
12586345 10190655
12584662 10190655
12583338 10190655
12580485 10190721
12579555 10190721
12585598 10190870
12580266 10190905
12587066 10190963
12586896 10190963
12582504 10190963
12575235 10191023
12574643 10191062
12575217 10191074
12575779 10191074
12573443 10191074
12576676 10191075
12577168 10191075
12574562 10191080
12574002 10191080
12567992 10191080
12574022 10191080
12582448 10191114
12576481 10191114
12571545 10191114
12574374 10191114
12582461 10191167
12582951 10191234
12582129 10191234
12574505 10191246
12585188 10191327
12583911 10191327
12580740 10191327
12585188 10191395
12583911 10191395
12580740 10191395
12572650 10191397
12573332 10191405
12582198 10191412
12583713 10191418
12570130 10191429
12578474 10191429
12574798 10191429
12575328 10191429
12582618 10191453
12586932 10191453
12582628 10191453
12581908 10191453
12585017 10191453
12576401 10191453
12585188 10191462
12584008 10191462
12584146 10191462
12581943 10191462
12583911 10191462
12584341 10191462
12581080 10191462
12580740 10191462
12585781 10191462
12563184 10191482
12563335 10191482
12566490 10191482
12565557 10191482
12578250 10191529
12585082 10191547
12580868 10191547
12581350 10191547
12587455 10191547
12583120 10191547
12586789 10191547
12585545 10191547
12584207 10191612
12581617 10191612
12582583 10191612
12583335 10191612
12584822 10191612
12587252 10191656
12588563 10191656
12586942 10191656
12570012 10191666
12574662 10191721
12584711 10191756
12587976 10191779
12586399 10191786
12579351 10191786
12584814 10191786
12568997 10191786
12580789 10191901
12583359 10191901
12574799 10191907
12572616 10191926
12586934 10191939
12585886 10191955
12585254 10191955
12584939 10191958
12586480 10191958
12565704 10191971
12574183 10192063
12586046 10192125
12577395 10192140
12584018 10192284
12585790 10192292
12579592 10192292
12584607 10192292
12579594 10192292
12579595 10192292
12571529 10192300
12581960 10192336
12566408 10192393
12575178 10192716
12588024 10192716
12576676 10192716
12577168 10192716
12577442 10192716
12580768 10192716
12580789 10192748
12583359 10192748
12584390 10192769
12583552 10192769
12580074 10192769
12583926 10192769
12578914 10192769
12579151 10192789
12580050 10192807
12584312 10192830
12583229 10192830
12587156 10192830
12586060 10192830
12574662 10192836
12576207 10192836
12585252 10192897
12580953 10192897
12576940 10192897
12577768 10192897
12580434 10192897
12580691 10192897
12580956 10192897
12582354 10192897
12585733 10192942
12588407 10192942
12587237 10192942
12584757 10192942
12584066 10192942
12566408 10192978
12578036 10193044
12577608 10193044
12585188 10193054
12583911 10193054
12580740 10193054
12587454 10193087
12587261 10193112
12583290 10193112
12587669 10193112
12586972 10193112
12584498 10193112
12585818 10193112
12582237 10193112
12584636 10193112
12587794 10193327
12588607 10193327
12588666 10193327
12586482 10193327
12588247 10193327
12587254 10193327
12573275 10193332
12582619 10193342
12587460 10193364
12588825 10193364
12588030 10193364
12587340 10193709
12584723 10193709
12587042 10193709
12587860 10193768
12585538 10193768
12581506 10193858
12562846 10193903
12576729 10193903
12565605 10193903
12576448 10194155
12580662 10194195
12583371 10194195
12582091 10194237
12565557 10194242
12570372 10194282
12568466 10194329
12568466 10194359
12587454 10194420
12578400 10194470
12584282 10194534
12584862 10194534
12587057 10194534
12583693 10194534
12588493 10194534
12586646 10194534
12583743 10194547
12585958 10194568
12587064 10194568
12577168 10194596
12573605 10194658
12580644 10194723
12576992 10194759
12582089 10194826
12582374 10194877
12572140 10194877
12575656 10194877
12578252 10194877
12588549 10195008
12587305 10195008
12585465 10195008
12583124 10195008
12582427 10195008
12585977 10195008
12581709 10195026
12583250 10195026
12580482 10195026
12570012 10195028
12583215 10195126
12581341 10195126
12585461 10195126
12587585 10195126
12585673 10195126
12581965 10195126
12587666 10195147
12582786 10195147
12585185 10195147
12581840 10195147
12578047 10195147
12579389 10195164
12565777 10195168
12569050 10195168
12577168 10195171
12580768 10195171
12583075 10195173
12576826 10195173
12581911 10195173
12581136 10195173
12576676 10195249
12574152 10195251
12580789 10195306
12583027 10195306
12582398 10195306
12583359 10195306
12568734 10195360
12580768 10195383
12580789 10195437
12583359 10195437
12580074 10195460
12583926 10195460
12578914 10195460
12584504 10195463
12583234 10195488
12584511 10195488
12581329 10195497
12584170 10195506
12584051 10195506
12565869 10195523
12566859 10195523
12565520 10195523
12583743 10195524
12587459 10195577
12585235 10195577
12587980 10195577
12586941 10195577
12586061 10195577
12579102 10195578
12583198 10195610
12577763 10195651
12574692 10195657
12574867 10195657
12571155 10195657
12571318 10195657
12571998 10195657
12572182 10195657
12575059 10195679
12572140 10195696
12579103 10195707
12573014 10195773
12584170 10195827
12584051 10195827
12569674 10195843
12572927 10195894
12575905 10195926
12575385 10195973
12573443 10196050
12587603 10196055
12587222 10196055
12586507 10196055
12582007 10196065
12582842 10196065
12570582 10196284
12568337 10196284
12566974 10196284
12566653 10196298
12580050 10196383
12571363 10196475
12576130 10196498
12570847 10196512
12578031 1601192
12569031 1601192
12570688 1601192
12578202 1601192
12580747 1601192
12584488 1601192
12586212 1601192
12580810 1601192
12585566 1601192
12573090 1601192
12582995 1601192
12580138 1601192
12581675 1601192
12576021 1601192
12567927 1601192
12578540 1601192
12586478 1601192
12582697 1601192
12569826 1601192
12575972 1601192
12587816 1601192
12579137 1601192
12575552 1601192
12573742 1601192
12576884 1601192
12579659 1601192
12587947 1601192
12571393 1601192
12568272 1601192
12581779 1601192
12564507 2238240
12588156 19698900
12581705 19698900
12577301 10196660
12588412 10196785
12584394 10196785
12581391 10196785
12587371 10196785
12586136 10196785
12587174 10196785
12567222 10197096
12573533 10197096
12565996 10197096
12568649 10197096
12567573 10197096
12578807 10197096
12580862 10197096
12579836 10197096
12570858 10197096
12568424 10197096
12569296 10197096
12568713 10197096
12568714 10197096
12573391 10197096
12576954 10197096
12580050 10197096
12568339 10197096
12566526 10197102
12580266 10197108
12573291 10197122
12572013 10197122
12582183 10197135
12586142 10197167
12573258 10197167
12573441 10197167
12587182 10197170
12586731 10197170
12566957 10197184
12577449 10197184
12566059 10197184
12575345 10197184
12575963 10197184
12567262 10197184
12575969 10197184
12571096 10197184
12565760 10197184
12570459 10197184
12570461 10197184
12566153 10197184
12572618 10197254
12587776 10197254
12575969 10197254
12567798 10197254
12566647 10197254
12573852 10197254
12572622 10197254
6576944 1326502
12553060 8438932
12553052 19698901
17022686 19698901
12581369 1719577
12581904 1719577
12583323 1719577
12580049 1719577
12588461 1719577
12584447 1719577
12562183 13626191
12554048 614398
12554118 614398
4265913 614398
12573955 10200052
12573319 10200053
12568778 10200053
12568779 10200053
12579857 10200054
12587487 10200054
12583567 10200054
12575606 10200054
12565611 10200054
12569358 10200054
12585178 10200054
12568918 10200054
12586573 10200054
12584821 10200054
12575610 10200054
12583515 10200054
12575149 10200054
12570794 10200054
12571624 10200054
12582118 10200054
17022738 1584538
19698902 1584538
12568222 19044517
12561595 10211005
12561603 10211005
15639421 10211005
12561604 10211005
12561615 10211005
12561684 10211005
12561700 10211005
12561775 10211005
12561841 10211005
12562084 10211005
12562233 10211005
12562266 10211005
12562367 10211005
12562440 10211005
12562494 10211005
12562537 10211005
12562588 10211005
12562670 10211005
12562726 10211005
12562792 10211005
12562871 10211005
12562901 10211005
12563094 10211005
12563125 10211005
12563143 10211005
12563167 10211005
12563201 10211005
12563278 10211005
12563317 10211005
12563328 10211005
12563445 10211005
12563455 10211005
12563544 10211005
12563548 10211005
12563420 10211005
12563505 10211005
12562099 10211005
12563440 10211005
12563055 10211005
12562151 10211005
12562037 10211005
15501886 10211005
12561916 10211005
15639426 10211005
12562918 10211005
12562165 10211005
12561850 10211005
12561711 19698903
12563129 10211011
12563211 10211011
12562147 10211017
12562376 10211017
12562388 10211017
12562625 10211017
12562645 10211017
12562652 10211017
15639429 1585177
12563242 10211150
12563287 10211150
12588224 19698904
12587552 19698905
19698906 559332
14339227 559332
19698907 559332
19698908 559332
19698909 559332
19698910 559332
19698911 559332
19698912 559332
19698913 559332
19698914 559332
19698915 559332
19698916 559332
12573711 559332
19698917 559332
19698918 559332
19698919 559332
19698920 559332
19698921 559332
19698922 559332
19698923 559332
19698924 559332
19698925 559332
19698926 559332
19698927 559332
19698928 559332
19698929 559332
19698930 559332
19698931 559332
19698932 559332
12587710 559332
12566981 559332
12575475 559332
12575027 559332
12582640 559332
12587145 559332
12570556 559332
12584560 559332
12567758 559332
12581236 559332
12568076 559332
12571876 559332
12588998 559332
12583152 559332
12584505 559332
12573976 559332
12588770 559332
12570557 559332
12579495 559332
12586684 559332
12572876 559332
12582498 559332
12576751 559332
12570972 559332
12573068 559332
12587320 559332
12575285 559332
12569706 559332
12588150 559332
12568688 559332
12585744 559332
12571888 559332
12568437 559332
12582813 559332
12572265 559332
12575752 559332
12584156 559332
12584427 559332
12570974 559332
12585768 559332
12585672 559332
12572683 559332
12582788 559332
12583525 559332
12575149 559332
12584724 559332
12583767 559332
12584124 559332
12584107 559332
12571345 559332
12586673 559332
12569052 559332
12582630 559332
12584713 559332
12585323 559332
12573686 559332
12587062 559332
12582401 559332
12588743 559332
12587033 559332
12587318 559332
12572468 559332
12588395 559332
12584093 559332
12582451 559332
12566325 559332
12576336 559332
12588962 559332
12569674 559332
12581728 559332
12585706 559332
12581871 559332
12582656 559332
12582663 559332
12572684 559332
12568074 559332
12584109 559332
12586024 559332
12586110 559332
12572523 559332
12583063 559332
12574742 559332
12571879 559332
12584886 559332
12566018 559332
12588097 559332
12583425 559332
12561680 15639422
12563421 19698933
12563422 19698934
12562566 4348709
12562720 4348709
12561597 19698935
12561607 19698935
12561674 19698935
12561826 19698935
12561899 19698935
12562317 19698935
12561605 19698936
12561760 19698936
12563453 19698936
12561706 19698937
12561754 19698938
12561758 19698939
12561782 19698939
12562189 19698939
12562241 19698939
12563188 19698939
12561786 19698940
12561941 19698940
12561891 19698941
12562029 19698941
12561897 19698942
12561971 19698943
12562360 19698944
12562543 19698945
12562545 19698945
12562732 19698945
12562734 19698945
12562551 19698946
12563069 19698947
12563155 19698948
12563294 19698948
12561981 19698949
12561790 19698950
15639430 19698950
12563022 19698951
12562031 19698952
1771979 1713565
12589342 1713565
12569150 1998870
12570745 1998870
12568639 1998870
12567585 1998870
12565556 1998870
12572140 1998870
12565557 1998870
12570746 1998870
12571487 1998870
12572779 1998870
12570115 1998870
12568076 764808
12568074 764808
17022443 1585001
12577340 10200073
17023696 412927
17019499 412927
12561601 412927
12561602 412927
12589181 412927
12563509 412927
12563161 412927
12563127 412927
12561982 412927
12563056 412927
12561848 412927
12563301 412927
13610598 1468656
12580979 19698953
12575656 19698953
12580751 2575407
12581864 2575407
12579712 2575407
12584130 2575407
12580742 2575407
12588663 2575407
12582291 2575407
12583241 2575407
12587496 2575407
12582612 2575407
12580631 2575407
12584199 2575407
12581547 2575407
12581508 2575407
12567516 4473009
15588141 1606198
4547156 635946
12576207 11858261
12586233 2444031
12563213 19698954
12583706 19056820
12581992 19056820
12585647 19056820
10504769 2471935
12562181 332139
19698955 332139
17021038 332139
12564867 332139
12561079 332139
17022763 13617480
3997728 2002396
12562774 1585804
12562859 1585804
12562906 1585804
12563175 1585804
12563351 1585804
12563367 1585804
12568639 1585804
12570329 1585804
12566168 1585804
12572423 1585804
13800195 4329885
17018166 18489846
12606065 17262718
12580170 1653631
19698956 776586
12589181 1583598
15706010 3593334
19698957 395509
12572177 203609
12588543 203609
12565563 203609
12587396 203609
12589121 203609
12588162 203609
12588927 203609
12584065 203609
12575928 203609
12576219 203609
12582341 203609
12585306 203609
12573103 203609
12570614 203609
12566491 203609
12584709 203609
12585908 203609
12589089 203609
12568343 203609
12571848 203609
12582765 203609
12577270 203609
12567863 203609
12584101 203609
12574035 203609
12572790 203609
12570616 203609
12568080 203609
12588360 203609
12566699 203609
12568358 203609
12571373 203609
12568082 203609
12576733 203609
12570657 203609
12585896 203609
12568136 203609
12564852 1584065
4240112 491875
12553662 491875
12557073 325268
12562547 325268
12558750 325268
17018936 325268
17023148 325268
17023149 325268
12562820 325268
6567934 325268
12557515 325268
12560307 325268
12554055 298822
17021594 298822
4349846 298822
4266693 298822
12560074 250137
12573894 4946418
6749984 765004
4459936 353149
12553662 353149
17023732 353149
4265913 353149
10511991 10486561
12562617 1459745
12586771 2475893
6651512 13625266
12587278 13625266
12584170 146596
12584051 146596
12587162 19698958
12585877 19698958
12582781 19698958
10511991 3611403
12571142 1910076
12568222 362521
17021228 1415237
13610595 560922
12561710 382481
12570115 1583939
12573835 1585107
15501877 360845
12579025 1140369
10500190 1404357
10519178 1404357
2706165 1404357
2743819 1404357
6619474 1404357
10525007 1404357
10518673 1404357
3949838 1404357
10502969 1404357
4346813 1404357
13880734 1404357
6587547 1404357
13940014 1404357
10523915 1404357
10501330 1404357
10501921 1404357
10516370 1404357
6746473 1404357
10529762 1404357
10519191 1404357
13926279 1404357
10529763 1404357
14345579 1404357
10519192 1404357
6616991 1404357
10508896 1404357
13926147 1404357
14352458 1404357
10500208 1404357
10526766 1404357
19698959 1404357
15706390 1404357
15477283 1404357
10498511 1404357
10500210 1404357
13902597 1404357
12559571 1404357
1815835 1404357
10516309 1404357
13924905 1404357
2593456 1404357
13839142 1404357
6695438 1404357
10529783 1404357
4346925 1404357
6598600 336267
12581329 201277
12576519 201277
12578252 201277
12562997 201277
12569514 1583408
12587935 1583408
10515211 648653
17019806 1585547
12567760 1585547
12567163 1585547
12568388 1585547
12568934 594204
12567065 594204
12565596 594204
12566861 594204
12568936 594204
12575414 594204
12575047 594204
17020052 337108
17018216 337108
