4548511 20003310
1089978 18150867
2599338 20003311
2617665 20003312
2617667 20003313
4452178 20003314
2599343 20003315
9460500 20003316
2611869 20003317
2633372 20003318
6316361 20003319
233414 20003320
167927 20003320
2634589 20003321
2445997 17003462
2715462 17003467
9485540 17003467
20003322 17165744
20003323 20003324
1089256 12458004
12172737 18150892
15093512 20003325
14587227 20003326
9458905 20003327
9459383 20003328
9492637 20003329
18026919 20003330
1089469 18624579
1090478 17003638
175920 20003331
112899 20003332
15005339 20003333
1560207 17165891
645003 17165891
1591937 20003334
555984 20003335
159836 20003336
11507516 20003337
11507516 20003337
229215 17003673
229217 17003673
20003338 20003339
20003340 20003339
20003341 20003342
1078874 20003343
1091671 20003344
2708305 20003345
2697434 17015191
11472623 17015191
2661648 18150915
20003346 18150915
20003347 17003734
20003348 20003349
2617732 20003350
2657242 20003351
1016468 20003352
20003353 20003354
869317 20003355
182175 20003356
11630731 20003357
2599699 20003358
9525969 20003359
2632901 17003834
1640619 17003834
15029907 17003834
20003360 17003834
3889115 20003361
228042 20003362
1090566 18150933
1695635 20003363
854302 20003364
11896956 20003365
1065993 20003366
778126 20003367
20003368 17003912
720635 20003369
1064640 20003370
842425 20003371
9460945 20003372
9460840 20003373
16212198 20003374
801383 20003374
20003375 20003374
11501526 20003376
591046 20003377
204278 20003378
2294118 20003378
3774632 20003379
20003380 20003381
3178758 20003382
1090777 17003986
20003383 20003384
14919391 20003385
2599904 20003386
2599910 20003387
20003388 20003389
20003390 20003389
420645 20003391
9565226 20003392
11488030 10457260
842215 20003393
834982 20003394
20003395 20003396
20003397 20003396
11679457 20003398
1090484 20003399
15748516 20003400
11553365 18150975
20003401 20003402
854323 20003403
207421 20003404
139677 20003405
357955 20003406
145358 20003406
1079601 17004117
814661 20003407
2748693 18578308
1064378 12458085
9459062 20003408
2701739 20003409
223087 20003410
2658744 17438345
14408561 17004165
15873743 20003411
14424433 17004231
11600182 20003412
1016346 17004353
1089847 17004353
2713604 17166601
20003413 17166626
287780 17166646
15501932 20003414
4067380 20003415
20003416 10457281
1064552 20003417
1661471 20003418
1018910 20003419
2658078 20003420
11368528 20003421
447946 20003422
560701 20003422
2600287 20003423
264077 20003424
1059682 17004439
1090655 17438405
1067901 17438405
1089757 20003425
765026 20003426
1429295 20003426
9459270 20003427
2617863 20003428
1102160 20003429
228953 20003430
20003431 20003432
2688071 20003433
2668123 20003434
14694114 20003435
1064579 20003436
859180 20003437
844474 20003438
20003439 20003440
830635 20003441
9459361 20003442
20003443 20003444
2741547 20003445
540688 20003446
1923907 20003447
2690271 20003448
20003449 20003450
20003451 20003452
403139 20003453
444366 20003454
162971 20003455
3626416 20003456
11548721 20003457
9473986 17004633
16011908 20003458
789790 20003459
2269496 20003459
1588498 20003460
447335 20003461
14989218 20003462
14989184 20003462
9565094 20003463
9461171 20003464
9458122 20003465
1016445 20003466
20003467 20003468
119671 20003469
1064554 20003470
20003471 20003472
18254385 20003473
445288 20003474
9458332 20003475
422249 20003476
2666486 20003477
2706858 20003478
20003479 20003480
2600611 20003481
2032365 20003482
20003483 20003484
5040200 20003485
9459747 20003486
20003487 20003488
11422273 20003489
20003490 17176404
16211419 17176404
3932793 20003491
20003492 20003493
20003494 17176403
206304 20003495
20003496 20003497
268580 20003498
20003499 20003500
610170 20003501
20003502 20003503
854499 20003504
20003505 20003506
20003507 20003506
20003508 20003506
2817281 20003509
20003510 20003509
7489890 20003509
200478 20003511
231705 20003511
2600816 20003512
9460649 20003513
20003514 20003515
20003516 20003517
1809025 20003518
4152674 20003519
1941722 20003520
19357496 20003521
9460597 20003522
2655443 20003523
2600939 17855919
11793933 17176425
11498676 17176426
94842 20003524
232617 20003525
2115319 20003526
9459749 20003527
9460595 20003528
9459691 20003529
687437 20003530
1081245 17004844
5038497 20003531
551541 20003532
679860 20003533
1459579 20003534
16212712 20003535
176588 20003536
224538 20003537
243231 20003538
158873 20003539
2601077 20003540
2601054 17015413
11728697 20003541
11784971 20003542
148457 20003543
11453411 20003544
218003 20003545
199906 20003546
206032 20003547
212391 20003547
200144 20003547
20003548 20003549
853500 20003550
2735545 20003551
460218 20003552
9456740 20003553
9459751 20003554
1174980 20003555
11640112 20003556
3346602 20003557
20003558 20003559
20003560 20003561
2674381 20003562
2591948 20003563
2616944 20003564
1064529 20003565
1101782 20003566
20003567 20003568
196762 20003569
234331 20003570
12155938 17166997
20003571 17166997
2601295 17166997
20003572 17166997
1290567 10457310
2601303 20003573
11583646 20003574
15588937 20003575
16212704 20003576
9459649 20003577
113251 20003578
20003579 20003580
234341 20003581
2412282 20003582
20003583 20003584
19642605 17167018
1181461 20003585
2615659 17167020
210258 20003586
353645 20003587
20003588 20003589
475324 20003590
171225 20003591
1951432 20003592
134085 20003593
842486 20003594
162539 20003595
11505953 20003596
9460550 20003597
1174756 20003598
183011 20003599
20003600 20003601
9493418 20003602
110735 20003603
2726345 17005116
774282 20003604
20003605 20003606
20003607 20003608
853498 20003609
524359 20003610
3744119 20003611
2668234 20003612
11739343 17176529
11678439 17176529
2683100 17176529
9460167 20003613
20003614 20003615
20003616 17438733
126166 20003617
1064585 20003618
2663380 20003619
475318 20003620
168990 20003621
20003622 17005187
16431285 17005187
4103122 17005187
1080971 17005191
2733476 20003623
20003624 20003625
841387 20003626
844224 18151195
209817 20003627
207493 20003628
11466298 17167192
16212196 20003629
182165 20003630
9465693 20003631
140952 20003632
15930231 20003632
140614 17015536
488117 20003633
214109 20003634
2755947 20003635
11661753 17167209
11511678 20003636
855937 20003637
20003638 17005404
20003639 17005404
5141511 20003640
786494 20003641
2690424 20003642
11663959 20003642
2624578 20003643
11760579 20003644
121721 17005466
9466285 18151284
2656675 18151285
2656675 18151285
2650392 20003645
2542531 17005498
10484569 17176696
20003646 20003647
1066402 20003648
20003649 20003650
4016380 17005564
18482913 17005564
20003651 20003652
1016359 20003653
20003654 17167388
20003655 20003656
20003657 17005583
14809915 17005583
2615971 10457344
20003658 20003659
568181 20003660
11581639 17167423
198272 20003661
149647 20003662
11606386 17015626
190506 17167457
20003663 20003664
209908 20003665
206202 20003666
20003667 12458248
20003668 20003669
160233 20003670
733410 20003671
510204 20003672
20003673 20003674
15030370 20003675
20003676 17005727
1059651 20003677
1064534 20003678
2697070 20003679
16434286 12458263
11473099 20003680
151695 20003681
2606406 20003682
20003683 20003684
20003685 20003686
20003687 12458278
1064653 20003688
20003689 20003690
20003691 17005817
852342 20003692
20003693 17005819
20003694 17005819
20003694 17005819
20003695 20003696
20003697 20003698
2588962 20003699
2603841 20003700
14695666 20003701
167953 20003702
3146218 20003703
316726 18578494
20003704 20003705
20003704 20003705
692557 20003706
703385 20003707
249517 20003708
11486825 18625850
836012 20003709
2606781 20003710
11652100 20003711
16212711 20003712
204340 20003713
210302 20003714
444766 20003715
11779258 17005916
855707 20003716
20003717 20003718
151187 20003719
2640359 17439096
983128 20003720
9487710 18625921
1068664 20003721
15327504 17006029
1634364 20003722
170995 20003723
2613112 20003724
15948362 20003725
1433467 20003726
2601797 20003727
113589 20003728
2708462 20003729
207117 17006108
20003730 17006108
11779849 17006110
15742219 20003731
2633945 20003732
2613398 10457410
840988 20003733
11660550 20003734
11675926 20003735
126450 20003736
9458764 17006143
547927 20003737
20003738 20003737
2601849 20003739
9459776 17439288
239169 20003740
2619773 17439288
1064556 20003741
1004012 20003742
542301 20003742
20003743 20003744
9461248 17006143
20003745 20003746
3006495 20003747
20003748 20003749
18105634 18151425
20003750 18151425
16506251 20003751
11700961 17439333
1169904 20003752
1101326 20003753
4420520 20003754
15868215 20003755
2677067 20003756
9472316 20003757
16211171 20003758
9461470 20003759
229512 17167828
2619866 20003760
1292809 20003761
20003762 20003763
20003764 20003765
2602063 20003766
2660047 20003767
357650 20003768
1946765 20003769
9460951 20003770
2602131 20003771
2602131 20003771
20003772 20003773
20003774 20003775
20003776 20003777
2630966 20003777
12621731 20003778
497782 20003779
395046 20003780
228424 20003781
216154 20003782
15899877 20003783
9459757 20003784
2650571 20003785
2602224 20003786
20003787 20003788
11755540 20003789
2602246 20003790
284380 20003791
188754 20003792
15872545 20003793
2615801 20003794
1333126 20003795
462028 20003795
20003796 20003797
11594942 12458388
20003798 17006499
20003799 17006499
16218727 17006499
2585552 12458388
2616814 12458388
123178 20003800
126150 20003801
1064536 20003802
2616762 20003803
20003804 17006519
407454 20003805
221789 20003806
14903165 20003807
165025 20003808
250968 20003809
735189 20003810
2652157 20003811
10342955 20003812
20003813 20003814
20003815 20003816
2602377 20003817
2749339 20003818
9457822 20003819
219005 20003820
11556078 17006624
11565110 20003821
20003822 20003823
444732 17168192
1090140 17006580
9460202 20003824
20003825 17168248
20003826 17168248
2602556 20003827
123540 20003828
862055 17006712
20003829 20003830
2651222 20003831
2602637 20003832
2602641 20003833
20003834 20003835
2602645 20003836
475320 20003837
16556500 20003838
20003839 20003840
20003841 20003840
20003842 20003840
142973 20003843
2428978 20003844
20003845 20003846
569394 20003847
2692202 17006747
2661848 20003848
2686291 20003849
20003850 20003851
2620028 20003852
15787742 20003853
2757517 20003854
846109 20003855
20003856 20003857
145478 17168449
14846406 17006843
2582240 17006843
2637352 20003858
20003859 17006843
20003859 17006843
20003860 17006843
2602916 20003861
20003862 20003863
2615855 20003864
1016454 20003865
4395714 20003866
1016509 20003867
20003868 20003869
1171289 20003870
1688633 20003871
447811 20003872
781208 20003872
2177384 20003873
627831 20003873
2366818 20003873
217206 20003874
2742501 20003875
1081653 20003876
12621600 20003877
139905 20003878
9460655 20003879
20003880 20003881
11507790 17439695
20003882 20003883
312953 20003884
289794 20003885
20003886 17024228
3073100 17024228
241504 17168553
230411 17168553
2670457 20003887
9460599 20003888
12634707 20003889
465000 20003890
11597433 20003891
2614280 10457475
341455 20003892
395434 20003893
16212178 20003893
2747771 20003894
2656521 17007076
20003895 20003896
20003897 20003898
573923 20003899
241820 20003900
19361677 20003901
4444661 20003902
217384 20003903
2640165 18626511
20003904 20003905
20003906 17007130
20003907 20003908
241772 20003909
847191 20003910
1064560 20003911
844410 20003912
148683 20003913
20003914 20003915
20003916 20003917
2654562 20003918
20003919 20003920
1090112 17007181
2603372 17007181
5038290 17168742
2681839 17168742
20003921 17168755
2603404 20003922
242414 17168885
237116 17168885
645141 17168885
2620358 20003923
2538997 20003924
2653985 20003925
5035605 20003925
5040839 20003925
2697910 20003926
20003927 20003928
20003929 20003930
20003929 20003930
227370 17007248
20003931 20003932
711672 17007248
537104 20003933
839597 20003934
634004 20003935
241956 20003936
510218 20003937
11676252 20003938
682787 20003939
16853334 20003940
20003941 20003942
20003943 20003940
671829 20003940
11576665 20003944
11347521 17169021
20003945 20003946
178555 20003947
2667997 20003948
223682 20003949
151865 20003950
20003951 17007355
20003952 20003953
1832546 17177474
20003954 20003955
678059 20003956
757566 20003957
2087145 20003958
3895288 20003959
20003960 20003961
9457290 20003962
20003963 20003964
317282 20003964
20003965 20003966
2603772 20003967
20003968 20003969
840735 20003970
9458780 20003971
20003972 10457495
2320555 20003973
242990 17007436
1090628 17169143
472014 20003974
4416950 20003975
215330 20003976
20003977 20003978
20003979 20003980
1047985 17007445
1088945 20003981
2732989 20003982
12621244 17169211
2668781 20003983
20003984 20003985
20003986 20003987
17172584 20003987
11487311 20003988
2604039 20003989
9459235 20003990
20003991 20003992
20003993 20003994
456047 20003995
9459699 20003996
20003997 20003998
20003999 20004000
4859269 20004001
218031 20004002
2604114 20004003
2604132 20004004
2653670 20004005
134257 20004006
11866986 20004007
2654721 20004008
9460864 20004009
356559 20004010
5038982 20004011
2647186 17007586
294513 20004012
20004013 20004014
16219331 17007603
3953654 20004015
154696 20004016
2652071 20004017
14586030 20004018
243983 20004019
20004020 20004021
20004022 20004023
2580092 20004024
487027 20004025
20004026 20004027
2604276 20004028
9458628 20004029
133252 20004030
2604241 20004031
9460172 20004032
16007010 20004033
9456742 20004034
20004035 20004036
20004037 20004038
9461323 20004039
1100281 20004040
2062509 20004041
2620550 20004042
2177500 20004043
2145846 20004044
506822 20004045
20004046 20004047
1090182 20004048
2733969 20004049
20004050 20004051
11676785 20004052
1076546 20004053
20004054 20004055
548107 20004056
20004057 20004058
20004059 20004058
20004060 20004061
1068011 20004062
244987 20004063
219469 20004064
20004065 20004066
14903255 20004067
2604509 17169642
9460603 20004068
1079893 20004069
1100522 20004070
407790 20004071
20004072 20004073
1290678 17007826
20004074 17007833
190602 20004075
735790 20004075
20004076 17007833
20004077 20004078
482728 20004079
1811532 20004080
11788052 20004081
11722236 17177725
20004082 20004083
209488 20004084
2243854 20004085
11645881 17007867
158581 20004086
12621062 20004087
245395 20004088
1851716 20004089
161353 20004090
2655936 20004091
2715303 20004092
9533017 20004093
1383944 20004094
9457292 20004095
2660302 20004096
9459150 20004097
9478453 20004098
357542 20004099
201365 20004100
2604762 20004101
2741367 20004102
153713 20004103
2177567 20004104
14697666 20004105
9457219 20004106
2604821 20004107
120046 20004108
9458353 20004109
16171144 17169813
2668125 20004110
20004111 20004112
11566171 12458572
20004113 20004114
98682 20004115
20004116 12458574
4417024 20004117
233943 20004118
20004119 17169938
1571842 20004120
2582263 20004121
2616075 20004122
392682 20004123
20004124 20004125
2604932 20004126
16218729 20004127
646867 20004128
20004129 20004130
359181 20004131
11788666 18627142
806586 20004132
20004133 20004132
9460639 20004134
20004135 20004136
12621835 20004137
2655498 20004138
9458350 20004139
2604975 20004140
9457478 20004141
20004142 20004143
20004144 20004145
258794 20004146
4429628 20004147
20004148 20004149
943637 20004150
1596904 20004151
20004152 20004153
1545143 20004154
220297 20004155
1290946 17008101
668329 20004156
9459487 20004157
2749177 17177804
3966688 20004158
9460967 20004159
9460659 20004160
830911 20004161
12619854 20004162
12619854 20004162
4421640 20004163
1090218 20004164
220335 20004165
263901 20004166
2677473 20004167
9456594 20004168
9558495 20004169
122884 20004170
9457514 20004171
4377623 20004172
20004173 20004174
1754967 20004174
177371 20004174
215928 17008146
207541 20004175
9459778 20004176
20004177 20004178
2605177 20004179
20004180 20004181
20004182 20004183
369290 20004184
220493 20004185
190678 20004186
106149 20004187
20004188 20004189
282299 20004190
485945 20004190
12621002 20004190
20004191 20004192
198262 20004193
9461003 20004194
20004195 20004196
20004197 20004198
246783 20004199
548427 20004200
9460333 20004201
2714978 20004202
20004203 20004204
9461061 20004205
17115258 20004206
238814 19617551
2648700 20004207
20004208 10457548
1090446 20004209
11635635 17170123
16793053 17170123
2695153 20004210
684789 20004211
2605266 20004212
357412 20004213
2620905 20004214
20004215 20004216
2674997 20004217
20004218 18151796
20004219 18151796
20004220 18151796
9459174 20004221
9459939 20004222
9487063 20004223
15870226 20004224
2620915 20004225
1090633 20004226
1069734 20004227
9458300 20004228
2177642 20004229
20004230 17170223
20004231 20004232
20004233 20004234
1090635 12458631
841330 20004235
2616258 12458636
20004236 17170261
844202 20004237
1643672 10457572
20004238 20004239
841547 20004240
2630499 12458669
2623989 12458669
20004241 12458669
9486356 20004242
9459391 20004243
20004244 20004245
842478 20004246
1064597 20004247
2605595 20004248
1099496 20004249
20004250 20004251
445398 20004252
403619 20004253
20004254 20004255
20004256 17008665
20004257 17008665
20004258 17008665
1508805 20004259
397559 20004260
2131032 20004261
20004262 17008665
12621601 17008665
20004263 17008665
705774 17008665
20004264 20004265
1064599 20004266
16509395 20004267
20004268 17170831
844412 20004269
9458935 20004270
248340 17170908
11580908 17008791
225541 16502048
2698094 17171027
11712278 17171027
121323 20004271
20004272 20004273
264837 20004274
196684 20004275
20004276 17171056
248726 17008784
9459324 20004277
840704 20004278
248352 20004279
219509 20004280
11594857 20004281
2603879 20004282
20004283 20004284
20004285 20004286
2631069 20004287
2746560 20004288
2605859 20004289
181649 20004290
20004291 20004292
2539012 20004293
1090639 12458723
4075697 20004294
446321 20004295
2120446 17008910
193009 17008910
249180 17008910
219981 20004296
2623327 20004297
9458768 20004298
12655029 20004299
2606045 20004300
806068 20004301
20004302 20004301
561300 20004303
1383948 20004304
149055 20004305
310319 20004305
20004306 20004307
1066204 17008989
460655 20004308
2618335 20004309
2727383 20004310
699009 20004311
13639441 20004312
9458990 20004313
20004314 10457588
11764115 20004315
11598212 20004316
20004317 20004318
20004319 20004320
20004321 20004322
20004323 20004324
2606212 20004325
16361712 20004326
20004327 17009108
9461005 20004328
2422637 20004329
155042 20004330
389058 20004331
11585172 20004332
11728863 17440893
20004333 20004334
11569231 20004335
11569231 20004335
9456774 20004336
161994 20004337
177255 20004338
9459365 20004339
9460804 20004340
4449199 20004341
20004342 20004343
9458205 20004344
20004345 20004346
225949 20004347
1088997 20004348
20004349 20004350
1059787 20004351
20004352 20004353
2693520 20004354
9458346 20004355
2106867 20004356
357408 20004357
1066286 20004358
20004359 20004360
2606601 20004361
2606614 20004362
673641 20004363
2606623 20004364
11588773 20004365
4429704 20004366
465877 20004367
2049615 20004368
15868770 20004369
9458207 20004370
120326 20004371
138683 20004372
2606331 20004373
20004374 20004375
2606716 20004376
2622776 20004377
15734911 20004378
2606724 20004379
9459707 20004380
317838 20004381
9486182 20004382
2659292 20004383
20004384 20004385
200520 20004386
1090510 20004387
20004388 20004389
20004390 20004391
16568656 20004392
837385 10457589
2146627 20004393
11658150 20004394
306927 20004395
20004396 20004397
20004398 20004399
20004400 20004399
20004401 10457590
4429720 20004402
12621095 20004403
11554462 20004404
2583006 20004405
9565217 20004406
20004407 20004408
121531 20004409
2659392 20004410
2177741 20004411
9460870 20004412
14903057 20004413
9459326 20004414
1064607 20004415
7824112 20004416
20004417 20004418
20004419 20004420
2607028 20004421
134193 20004422
11508402 20004423
2607102 20004424
3971107 17009393
202740 20004425
392108 20004426
20004427 20004428
9461009 20004429
9461063 20004430
2607110 20004431
9459328 20004432
20004433 17009401
2721175 18578837
20004434 20004435
2616401 18152013
186931 20004436
91060 20004437
20004438 20004439
2607196 20004440
263358 17171808
20004441 20004442
11511298 20004443
12621273 20004444
2690954 20004445
2616445 20004446
2634207 20004447
11608833 17171839
9458602 20004448
20004449 20004450
2617341 20004451
20004452 20004453
20004454 20004455
20004456 20004457
153148 20004458
2607292 20004459
174212 20004460
179071 20004461
20004462 20004463
9458911 20004464
253174 20004465
186502 20004466
128823 20004467
20004468 20004469
20004470 17441106
20004471 20004472
9460872 20004473
2657890 20004474
2616458 18152039
20004475 20004476
842573 20004477
179618 20004478
20004479 20004480
9464901 20004481
20004482 20004483
2732176 17441130
552423 20004484
203641 20004484
702533 20004484
136925 20004484
207561 20004484
687214 20004485
9561489 20004486
20004487 17009574
121489 20004488
20004489 20004490
2226045 20004491
1090643 17009606
178065 17009602
9472500 20004492
19613611 17009615
385567 20004493
2607488 20004494
2607508 20004495
2654422 20004496
2607478 17009640
133683 20004497
2624392 20004498
20004499 20004500
20004501 20004502
135908 20004503
1089713 20004504
20004505 20004506
20004507 20004508
20004509 20004510
9458540 20004511
2654207 20004512
2607579 18152069
12159962 20004513
20004514 17172222
173637 20004515
532342 20004516
10460453 20004517
11580937 20004518
2683072 20004519
11761242 10457617
360929 20004520
9458998 20004521
152976 20004522
16270344 20004523
2621934 17009790
20004524 17009790
251929 20004525
20004526 20004527
415998 20004527
837942 20004528
506165 20004529
1605060 20004530
2607751 17441306
20004531 20004532
222957 17009841
1070509 20004533
11764165 17172419
20004534 20004535
20004536 20004537
408955 20004538
120180 20004539
845797 20004540
15670493 20004541
20004542 20004541
841405 20004543
1090679 17009920
211298 20004544
2607890 20004545
13902246 20004546
256469 20004547
281862 20004548
11583673 20004549
2607927 20004550
387244 20004551
211324 20004552
2692681 20004553
2723434 20004554
11717334 20004555
2688993 20004556
9565223 20004557
9458924 20004558
147895 20004559
804722 20004560
1062118 20004561
1089659 18152128
1181279 20004562
9459761 20004563
496124 20004564
844478 20004565
20004566 17172693
20004567 20004568
20004569 20004568
20004570 20004568
18060738 20004568
20004571 20004568
20004572 20004568
20004573 20004568
12151527 20004568
20004574 20004568
20004575 20004568
2772111 20004568
844478 20004568
20004576 20004568
20004577 20004578
2800428 20004578
4703769 20004579
20004580 20004581
155076 17172693
20004582 20004583
20004584 20004585
9461011 20004586
2663131 20004587
2608097 20004588
20004589 20004590
16219327 17441517
20004591 20004592
1089571 20004593
1090228 20004594
1599648 20004595
20004596 17172753
128499 20004597
20004598 17172753
184083 20004599
2625229 20004600
2716912 20004601
9458128 20004602
9461067 20004603
11644262 20004604
9459546 20004605
20004606 20004607
9458236 20004608
456484 20004609
11688761 20004610
9458766 20004611
20004612 20004613
20004614 20004613
20004615 10457642
20004616 20004617
11554337 20004618
2622071 20004619
1088991 20004620
17102861 20004621
2632725 12458842
20004622 20004623
1604939 20004624
514640 20004625
9458348 20004626
1291432 20004627
1090691 20004628
2616615 20004629
20004630 20004631
2732312 20004632
260087 20004633
2582263 18152207
20004634 20004635
2608448 20004636
740306 20004637
193338 20004638
123610 20004639
9468256 20004640
20004641 17010373
1064686 20004642
2648286 20004643
2608352 20004644
2497168 20004645
20004646 20004645
1098683 20004647
20004648 20004649
2608487 20004650
670503 20004651
2608530 20004652
143699 20004653
20004654 20004655
4450301 20004656
201875 20004657
4430627 20004658
742132 20004659
1777672 20004660
456640 20004661
857366 20004662
838885 17010429
2746422 20004663
20004664 20004665
471485 20004666
173390 20004666
841718 20004667
11753631 20004668
11740864 20004669
3362164 10457653
841409 20004670
20004671 20004672
358001 20004673
738699 20004674
20004675 20004676
1091212 20004677
4430635 20004678
20004679 20004680
261300 20004681
126711 20004682
20004683 20004684
1090001 20004685
2608984 20004686
15930160 20004687
2609003 20004688
760674 20004689
2616682 10457663
464455 20004690
20004691 10457663
1020425 10457663
20004692 10457663
16219322 10457663
1090719 10457663
1090230 20004693
214980 17173115
16261962 20004694
2066744 20004694
142517 20004695
9489570 20004696
9558708 20004697
9458634 20004698
212295 20004699
20004700 20004701
4325444 20004702
9458230 20004703
9460176 20004704
20004705 20004706
11761050 20004707
225977 20004708
20004709 20004710
20004711 20004712
16211488 20004713
1020080 20004714
4068704 20004715
1090588 20004716
1096349 20004717
1091165 20004718
1089741 20004719
2542533 17010763
2616721 12458930
1090747 12458930
1090739 12458930
1090564 12458930
2609205 18152511
11511325 20004720
1181641 20004721
2600146 10457672
11569303 20004722
2606580 20004723
20004724 17010846
411372 20004725
2622238 20004726
15872093 20004727
1549212 20004728
184101 20004729
1066761 20004730
2609362 17179427
262667 20004731
2609427 20004732
2701749 20004733
1090741 12458959
4429894 20004734
20004735 17010904
9457979 20004736
9459393 20004737
9459713 20004738
2609488 20004739
16577901 12458960
20004740 12458960
20004741 12458960
1020314 12458960
228442 20004742
20004743 20004744
20004745 17173356
262689 20004746
2616774 20004747
15986782 20004748
2625869 18152537
1608704 20004749
860683 20004750
9458655 20004751
9460160 20004752
2625892 20004753
20004754 20004755
20004756 20004757
9458618 20004758
1077843 20004759
1097761 20004760
2121790 20004761
9458762 20004762
1090745 17011025
1065459 17011055
11659536 17011057
3970852 20004763
186184 20004764
1090100 20004765
1097757 20004766
280495 20004767
2715592 20004768
458506 20004769
2695685 20004770
9460110 20004771
9460834 20004772
20004773 20004774
19699455 20004775
9458760 20004776
9459813 20004777
20004778 20004779
15870924 20004780
2609277 20004781
15871808 20004782
20004783 20004784
3970732 20004785
4193645 20004786
89638 20004787
20004788 20004789
1476966 20004790
188051 20004791
614914 20004792
207787 20004793
2678462 20004794
114899 20004795
12248861 20004796
2635175 10457706
20004797 20004798
9563040 20004799
20004800 20004801
617386 20004802
837527 20004803
20004804 17011337
1064544 20004805
226547 17016809
20004806 20004807
14999890 20004808
289040 20004809
1172297 20004810
1091349 17011364
1064619 20004811
1011193 20004812
840627 20004813
13636825 20004814
222307 20004815
222307 20004815
20004816 17011395
574020 17173801
20004817 17173801
20004818 17173801
9457266 20004819
20004820 17173801
20004821 17173801
841758 20004822
843054 20004823
20004824 10457717
9459004 20004825
212893 20004826
266440 20004827
266649 17173840
20004828 20004829
20004830 20004831
11394836 20004832
9459624 20004833
1695215 20004834
200460 20004835
200460 20004835
2610226 20004836
9459395 20004837
2652609 17011518
838445 20004838
249288 20004839
269043 20004840
20004841 20004842
20004843 17016867
11722834 20004844
864403 20004845
564417 20004846
11594231 20004847
841008 10457739
20004848 17011650
2699918 20004849
419041 20004850
4234896 20004851
2610458 20004852
15896974 20004853
20004854 20004855
20004856 20004857
20004858 20004859
1068455 17173975
20004860 20004861
20004862 17173979
672673 20004863
15871855 20004864
9459279 20004865
542502 20004866
270974 20004866
1775250 20004867
356611 20004868
842364 20004869
11592049 20004870
2610705 17442267
20004871 20004872
10249407 20004872
477324 20004873
20004874 20004873
20004875 20004873
20004876 20004877
20004572 20004877
20004878 20004879
2775089 20004880
149303 17174028
16219880 20004881
2668935 20004882
4417382 20004883
2464325 20004884
483042 20004885
20004886 17174062
272964 20004887
2584589 20004888
15935218 20004889
2583266 20004890
2610942 20004891
1089745 20004892
2622077 20004893
20004894 20004895
20004896 20004897
1090955 20004898
183644 20004899
273146 20004900
2622653 20004901
20004902 20004903
178871 20004904
294327 20004905
294327 20004905
4094964 20004906
2458864 20004907
20004908 20004909
182955 20004910
1504005 20004911
11737496 20004912
20004913 17011958
20004914 20004915
9457773 20004916
2626048 20004917
738012 20004918
20004919 20004920
2611149 20004921
2611153 20004922
167529 20004923
2667066 20004924
1060388 20004925
1090548 20004926
9460758 20004927
20004928 20004929
273806 20004930
2677183 20004931
650772 20004932
20004933 20004934
20004935 20004936
2660524 20004937
1073016 20004938
3950616 20004939
501991 20004940
9481860 17442565
480970 20004941
2629613 20004942
2665110 17012200
483833 20004943
1060011 20004944
7839088 20004945
2623063 17012248
15029214 20004946
334784 20004947
20004948 20004949
20004950 20004951
20004952 20004951
2696079 20004953
4430099 20004954
2611503 20004955
122658 20004956
16212184 20004957
20004958 20004959
9457518 20004960
20004961 19618470
2653738 20004962
561306 20004963
2611622 20004964
561302 20004965
710325 20004966
20004967 20004968
510702 20004969
20004970 20004971
841555 20004972
2710137 20004973
2699523 20004974
2611745 20004975
2611749 20004976
180491 20004977
534025 20004978
20004979 20004980
2611767 20004981
11727774 20004982
351787 20004983
20004984 20004985
2611901 20004986
754958 20004987
120186 20004988
16245788 20004989
2617137 20004990
2611842 20004990
20004991 20004992
3784357 20004993
20004994 20004995
2663300 20004996
2742066 20004997
5138527 20004998
2600618 20004999
837531 20005000
720807 20005001
223065 20005002
2612128 10457817
841164 20005003
1532035 20005004
1016621 20005005
20005006 20005007
20005008 20005009
162133 20005010
20005011 20005012
14903155 20005013
1096958 20005014
2612957 20005015
15825557 20005016
2599582 20005017
1538114 20005018
20005019 20005020
2612237 20005021
20005022 20005023
225365 20005024
9457840 20005025
20005026 20005027
290592 20005028
2412888 20005029
20005030 20005029
357488 20005031
2695597 20005032
844332 10457838
7488524 20005033
1064704 20005034
20005035 17442860
2735819 20005036
267398 20005037
14702418 20005038
20005039 20005040
1064517 10457843
1090753 10457843
1090755 10457843
11342707 20005041
15874608 20005042
15873067 20005043
1096970 20005044
9460291 20005045
419529 20005046
129079 20005047
159993 20005048
1739045 20005049
20005050 20005051
17102840 20005052
2696519 20005053
2674733 20005054
9459725 20005055
20005056 20005057
225437 20005058
1181506 20005059
2612764 20005060
9460645 20005061
283154 20005062
18075150 12459248
12621274 20005063
2078365 20005064
20005065 20005066
20005067 20005068
20005069 20005070
1089617 20005071
258672 20005072
153529 20005072
2607145 20005073
11579893 20005074
2612993 20005075
9485831 20005076
9460562 20005077
20005078 20005079
848196 20005080
9458494 20005081
20005082 20005083
20005084 20005085
20005086 20005087
20005088 20005089
1089310 20005090
963303 20005091
20005092 12459263
172481 20005093
1064629 20005094
1064714 20005095
2613132 17013566
2203304 20005096
2076183 20005097
20005098 20005099
163118 20005100
842167 20005101
9491667 17443035
2603096 20005102
15764462 20005103
771209 20005104
1090765 17443044
9460991 20005105
3895201 20005106
20005107 20005108
131756 20005109
284288 20005110
981602 20005111
2611329 20005112
305532 20005113
2080276 20005114
1440184 20005115
20005116 20005117
20005118 20005119
20005120 20005121
18386046 20005121
2668242 20005122
150569 17174981
20005123 20005124
9458754 20005125
20005126 20005127
9473782 20005128
1065554 17013891
2627293 18153167
11755654 20005129
1091253 17013939
1177040 20005130
843887 20005131
14903134 20005132
20005133 20005134
16518918 20005135
2663703 20005136
20005137 20005138
20005139 20005140
1089976 20005141
150023 20005142
20005143 20005144
2683118 20005145
16519025 20005146
20005147 20005148
2617386 20005149
11711748 20005150
15872078 20005151
4070796 20005152
9460516 20005153
9482637 18153206
9457243 20005154
20005155 18153209
20005156 20005157
2613663 20005158
2670805 20005159
1064493 20005160
9462883 20005161
4469450 20005162
1825992 17175226
9461019 20005163
12191097 20005164
1291052 12459351
1091129 10457926
20005165 10457926
20005166 20005167
985642 20005168
87950 20005169
20005170 20005169
2609299 17014258
841332 20005171
9460886 20005172
1064546 20005173
9461134 20005174
285196 20005175
2662566 20005176
249244 20005177
2627113 20005178
4444760 20005179
20005180 20005181
1091241 17014401
20005182 20005183
154888 17014399
20005184 20005185
2655692 20005186
20005187 20005188
475322 20005189
20005190 20005191
20005192 20005193
9457520 20005194
355695 20005195
20005196 20005197
20005198 20005199
16212710 20005200
20005201 20005202
714257 20005203
2617477 20005204
2696140 20005205
2614163 18153291
183564 20005206
4415241 20005207
20005208 17175399
16212175 20005209
20005210 17175416
20005211 17175416
20005212 20005213
20005214 20005215
235193 20005216
137959 20005216
15872054 20005217
9458646 20005218
2654881 20005219
15868319 20005220
20005221 20005222
2627192 20005223
11777644 20005224
1088941 17014647
2617615 20005225
2683154 18153313
134666 20005226
1091880 18153315
2639701 20005227
289596 20005228
20005229 20005228
845847 20005230
9461201 20005231
207637 20005232
235647 20005232
125980 20005232
652157 20005232
2628126 20005233
20005234 20005235
233911 20005236
20005237 20005238
20005239 20005240
133705 20005241
1067398 20005242
7484209 20005243
1850067 20005244
2684551 20005245
1380851 20005246
20005247 20005248
520972 20005249
9461136 20005250
9459406 20005251
436219 20005252
11487254 20005253
20005254 20005255
9458307 20005256
11481303 20005257
11485679 17175528
9480631 20005258
841557 20005259
20005260 20005261
20005262 20005263
2623597 20005264
854302 20005265
2663559 20005266
288351 20005267
20005268 20005269
20005270 20005271
1096371 20005272
443062 20005273
20005274 20005275
20005276 17443407
11514121 17175532
1081475 20005277
2626942 20005278
2614766 20005279
2614790 12459383
508453 20005280
9461077 20005281
9460816 20005282
20005283 20005284
3922558 10457947
11875175 10457947
5007492 12459383
20005285 12459383
9489609 18153346
2614811 20005286
2655179 12459383
1091313 12459383
9458211 20005287
20005288 20005289
20005290 20005291
2614665 20005292
2654419 18153353
20005293 20005294
20005295 20005296
1076582 20005297
9460573 20005298
9460997 20005299
9459231 20005300
309243 20005301
9457007 20005302
20005303 20005304
20005305 17175585
4958529 17175585
20005306 17175585
20005307 20005308
392748 20005309
165167 17014927
20005310 17180677
20005311 17180677
20005312 17180677
198110 20005313
2619103 20005314
4376686 20005315
9493931 20005316
436173 20005317
667133 20005318
15870884 20005319
197450 20005320
2688574 20005321
20005322 20005323
181103 20005324
20005325 10457956
2666576 20005326
9458941 20005327
2695638 20005328
2615130 20005329
9459203 20005330
1072688 20005331
559780 20005332
2615146 20005333
1703082 20005334
150653 20005335
1065568 17175717
20005336 20005337
20005338 17015045
2616168 20005339
300036 20005340
357710 20005340
699412 20005340
9459205 20005341
20005342 20005343
2753697 20005344
2658080 20005345
20005346 20005347
1064720 20005348
9461138 20005349
1091127 18153397
9461085 20005350
12621796 20005351
2634240 20005352
568473 20005353
1593845 20005353
2663783 20005354
20005355 20005356
20005357 20005358
20005359 20005360
9461087 20005361
20005362 20005363
303699 20005364
16211427 20005365
2627053 20005366
2690575 20005367
204758 20005368
2615327 20005369
9473041 20005370
1090653 20005371
20003897 20005372
9457298 20005373
2668244 20005374
9459741 20005375
9459096 20005376
9458786 20005377
15102667 20005378
219373 20005379
149211 20005380
2627067 20005381
