18877665 21000009
18975118 21000010
18921845 21000011
19057872 21000012
19070247 21000013
18847827 21000014
19044179 21000015
18881228 21000016
18924403 21000017
19066964 21000018
19029453 21000019
13764766 21000020
13784778 21000021
19012152 21000022
18974923 21000023
19063827 21000024
18862181 21000025
18851708 21000026
18851296 21000027
21000028 21000029
21000030 21000031
21000032 21000033
21000034 21000033
18983300 21000035
18864091 21000036
18864092 21000036
19067298 21000037
21000038 21000039
18951694 21000040
18823679 21000041
19031641 21000042
18970851 21000043
17495342 21000044
18823732 21000044
18823735 21000044
18975117 21000045
19006781 21000046
19006782 21000046
18872324 21000047
21000048 21000047
21000049 21000047
18929377 21000047
19058635 21000047
21000050 21000047
18851325 21000047
19006865 21000051
19006866 21000052
19066965 21000053
18955393 21000054
18972834 21000055
18975287 21000055
18944885 21000056
18851925 21000057
18971891 21000057
18971892 21000057
18971893 21000057
18974924 21000058
18825888 21000059
21000060 21000059
21000061 21000059
18939123 21000059
18852908 21000059
18851297 21000059
18971880 21000059
18969174 21000059
18971881 21000059
18833087 21000062
18842626 21000062
18978174 21000063
21000064 21000065
18823731 21000066
18823733 21000066
18823736 21000066
19028355 21000067
18983296 21000067
19028356 21000067
19028357 21000067
19028358 21000067
18983297 21000067
18983298 21000067
18983299 21000067
19028359 21000067
19028360 21000067
19028361 21000067
19028362 21000067
19028363 21000067
19028364 21000067
19028365 21000067
19028366 21000067
19084549 21000068
19084550 21000068
18975116 21000069
15791855 21000070
15450161 21000071
12064311 21000072
15625244 21000073
15624645 21000074
15654776 21000075
13781320 21000076
12055629 21000077
15623574 21000078
13781246 21000079
15625243 21000080
13781247 21000081
15713252 21000082
15451491 21000083
15648765 21000084
3393997 21000085
13787925 21000086
13781248 21000087
21000088 21000089
21000090 21000091
21000092 21000093
15648485 21000094
13781234 21000095
15648471 21000096
12052900 21000097
13781251 21000098
12059217 21000099
15585984 21000100
15585958 21000101
15648522 21000102
12058085 21000103
15451489 21000104
12051801 21000105
15623713 21000106
15451492 21000107
15623659 21000108
15624658 21000109
15451485 21000110
15585956 21000111
15451486 21000112
15623572 21000113
12060920 21000114
15713255 21000115
12058401 21000116
12053458 21000117
12049359 21000118
15452916 21000119
13781239 21000120
12060805 21000121
15623664 21000122
13750761 21000123
13750764 21000124
12061890 21000125
21000126 21000127
13786700 21000128
15451500 21000129
12048513 21000130
15683089 21000131
15452917 21000132
13781252 21000133
15525222 21000134
13755621 21000135
12050925 21000136
13755622 21000137
13781254 21000138
12048404 21000139
13786701 21000140
12055382 21000141
13792763 21000142
15623575 21000143
13781236 21000144
15451503 21000145
15683085 21000146
13781237 21000147
13781245 21000148
12055628 21000149
15624683 21000150
13781235 21000151
13781240 21000152
15686982 21000153
15429854 21000154
15648523 21000155
15648524 21000156
15553366 21000157
15639682 21000158
15452890 21000159
15452892 21000159
15451490 21000160
15648738 21000161
15687025 21000162
21000163 21000164
12046654 21000165
1276078 21000166
15687587 21000167
13750762 21000168
13750763 21000169
15625384 21000170
13756003 21000171
15672026 21000172
15451483 21000173
13781241 21000174
13781242 21000175
13781238 21000176
15639683 21000177
15623573 21000178
15623639 21000179
12053210 21000180
15683906 21000181
21000182 21000183
12064176 21000184
13786695 21000185
13781233 21000186
21000187 21000188
15453526 21000189
21000190 21000191
13781243 21000192
13781244 21000193
13781253 21000194
12056659 21000195
15588145 21000196
12060530 21000197
15451488 21000198
13747023 21000199
15451499 21000200
15515205 21000201
15451484 21000202
4544332 21000203
4548278 21000204
15585940 21000205
4543533 21000206
4544181 21000207
4544793 21000208
4544217 21000209
4544244 21000210
4544797 21000211
21000212 21000213
15501721 21000214
4543416 21000215
15625251 21000216
15585941 21000217
4543590 21000218
4543605 21000219
15464664 21000220
4543790 21000221
4543802 21000222
13760953 21000223
4544791 21000224
21000225 21000226
12048959 21000227
12064112 21000228
12047324 21000229
12067524 21000230
12060742 21000231
12048487 21000232
12059642 21000233
12051580 21000234
12047325 21000235
12047327 21000236
15101637 21000237
12043439 21000238
12045903 21000239
12052523 21000240
21000241 21000242
12047241 21000243
12065416 21000244
12065417 21000245
12060612 21000246
12059383 21000247
12050921 21000248
12045938 21000249
21000250 21000251
13748405 21000252
12046703 21000253
12045863 21000254
12044200 21000255
12061930 21000256
12063068 21000257
12061837 21000258
12060702 21000259
12063153 21000260
15014715 21000261
13767735 21000262
21000263 21000264
12045853 21000265
12055152 21000266
13787150 21000267
12047326 21000268
12064024 21000269
13764991 21000270
15016405 21000271
12052568 21000272
12056337 21000273
12055982 21000274
12054841 21000275
15016406 21000276
13763160 21000277
12043341 21000278
12060741 21000279
12055100 21000280
17340023 21000281
12060496 21000282
12052108 21000283
12048515 21000284
12059000 21000285
12064273 21000286
12057345 21000287
12055611 21000288
12059367 21000289
12059616 21000290
12052536 21000291
1198463 21000292
21000293 21000294
12045926 21000295
12064097 21000296
12062219 21000297
12064215 21000298
17583252 21000299
17583251 21000300
17583253 21000301
15004441 21000302
17583241 21000303
17583237 21000304
17443645 21000305
17443643 21000306
17580910 21000307
17583239 21000308
17580911 21000309
17583254 21000310
17583255 21000311
17583256 21000312
17583238 21000313
3029297 21000314
17583240 21000315
13751466 21000316
13781437 21000317
7894003 21000318
21000319 21000320
7884751 21000321
21000322 21000323
12059930 21000324
12046516 21000325
7889759 21000326
13797037 21000327
21000328 21000329
2940412 21000330
12055798 21000331
7761254 21000332
13766283 21000333
12058400 21000334
12060568 21000335
12064205 21000336
12062231 21000337
12054875 21000338
12063216 21000339
13761860 21000340
13761860 21000341
13761860 21000342
13761860 21000343
12056010 21000344
12044400 21000345
7761352 21000346
12047349 21000347
12047350 21000347
7887027 21000348
1197888 21000349
12176367 21000350
15713251 21000351
12059170 21000352
1198551 21000353
12052529 21000354
7897885 21000355
13768516 21000356
7893939 21000357
13752932 21000358
7869567 21000359
2984946 21000360
12057932 21000361
12044194 21000362
12043475 21000363
12064139 21000364
21000365 21000366
12052865 21000367
15004510 21000368
15004510 21000369
15004510 21000370
15004510 21000371
21000372 21000373
2944080 21000374
12052520 21000375
21000376 21000377
3021254 21000378
12046690 21000379
12042519 21000380
12050503 21000381
21000382 21000383
12045752 21000384
12050506 21000385
12047297 21000386
13765819 21000387
1198575 21000388
12055376 21000389
21000390 21000391
12059842 21000392
12065672 21000393
12062136 21000394
2920956 21000395
12059717 21000396
7761599 21000397
1197733 21000398
7764951 21000399
7722152 21000400
12056378 21000401
12067295 21000402
12050911 21000403
1197095 21000404
21000405 21000406
21000407 21000406
1197293 21000408
1197293 21000409
1197293 21000410
12055087 21000411
13775904 21000412
2925203 21000413
1196749 21000414
2959833 21000415
1198487 21000416
12053152 21000417
1198670 21000418
12058174 21000419
7766749 21000420
21000421 21000422
12053209 21000423
7749592 21000424
1197189 21000425
1197143 21000426
13769869 21000427
7718239 21000428
3049666 21000429
13761670 21000430
7870426 21000431
2934964 21000432
2938280 21000433
2982552 21000434
2923160 21000435
2923866 21000436
12050507 21000437
21000438 21000439
7885386 21000440
13770399 21000441
12065875 21000442
21000443 21000444
3010315 21000445
2924026 21000446
12067132 21000447
21000448 21000449
12046557 21000450
12065978 21000451
21000452 21000453
21000452 21000454
21000452 21000455
21000452 21000456
21000452 21000457
21000452 21000458
21000452 21000459
21000452 21000460
21000452 21000461
21000462 21000463
12059908 21000464
12045263 21000465
2924235 21000466
12047336 21000467
12055960 21000468
1197653 21000469
21000470 21000471
12047225 21000472
12055978 21000473
7892347 21000474
2973703 21000475
2914079 21000476
2914079 21000477
3049033 21000478
3049033 21000479
3049033 21000480
3049033 21000481
3049033 21000482
3049033 21000483
3049033 21000484
3049033 21000485
3049033 21000486
3049033 21000487
2970736 21000488
12045955 21000489
12046684 21000490
21000491 21000492
21000493 21000494
3025932 21000495
21000496 21000497
12063041 21000498
2915708 21000499
12053674 21000500
2983105 21000501
2943417 21000502
13758933 21000503
2920478 21000504
13761671 21000505
2915893 21000506
3009418 21000507
21000508 21000509
21000510 21000511
13761756 21000512
21000513 21000514
21000182 21000515
7785604 21000516
13793453 21000517
13793454 21000518
13793455 21000519
7779329 21000520
12059550 21000521
15687499 21000522
12057376 21000523
12048431 21000524
2978416 21000525
2944541 21000526
7730849 21000527
21000528 21000529
21000530 21000531
2921677 21000532
3043412 21000533
12056528 21000534
3041281 21000535
12062268 21000536
12047902 21000537
12043515 21000538
12051790 21000539
13746348 21000540
3020808 21000541
3036605 21000542
12057515 21000543
2915832 21000544
12059206 21000545
3772426 21000546
7721452 21000547
12054808 21000548
12055070 21000549
12057944 21000550
13768522 21000551
7885715 21000552
15623477 21000553
2940549 21000554
7894270 21000555
7883789 21000556
7762990 21000557
2925759 21000558
1199456 21000559
2914037 21000560
12056199 21000561
7891042 21000562
12047298 21000563
12055145 21000564
3002953 21000565
21000566 21000567
18578295 21000568
12064308 21000569
1197111 21000570
2995528 21000571
7897347 21000572
12043340 21000573
13791135 21000574
12055752 21000575
7891445 21000576
7718844 21000577
21000578 21000579
13773609 21000580
1198489 21000581
3049936 21000582
12045143 21000583
13788529 21000584
12047885 21000585
21000586 21000587
2929693 21000588
7884412 21000589
12194008 21000590
7888558 21000591
2947473 21000592
13793295 21000593
1197193 21000594
1198519 21000595
13763317 21000596
13763317 21000597
13763317 21000598
21000599 21000600
21000601 21000602
21000601 21000603
21000601 21000604
13761954 21000605
2953971 21000606
7883661 21000607
13765838 21000608
13764066 21000608
7890455 21000609
3044573 21000610
21000611 21000612
7798097 21000613
21000614 21000615
12058160 21000616
12052169 21000617
2951258 21000618
3048909 21000619
12063151 21000620
3048007 21000621
12047303 21000622
12062180 21000623
12047272 21000624
21000625 21000626
12055813 21000627
2914405 21000628
12053448 21000629
12067203 21000630
7891414 21000631
12051791 21000632
12058393 21000633
12054878 21000634
3020813 21000635
12063222 21000636
21000637 21000638
21000639 21000640
2922432 21000641
21000642 21000643
12055379 21000644
7896346 21000645
13772613 21000646
1197217 21000647
12047334 21000648
2961232 21000649
3007036 21000650
18579331 21000651
12057564 21000652
12048526 21000653
19669836 21000654
13754759 21000655
12053365 21000656
13762505 21000657
21000658 21000659
21000660 21000661
7875564 21000662
12049014 21000663
12052464 21000664
21000665 21000666
12057678 21000667
12061832 21000668
12057377 21000669
2961215 21000670
12066893 21000671
12055304 21000672
7735904 21000673
7885905 21000674
7885905 21000675
7721787 21000676
12055066 21000677
7889374 21000678
12057797 21000679
12050504 21000680
12049048 21000681
7889144 21000682
2986964 21000683
7893651 21000684
2914328 21000685
2960667 21000686
12058154 21000687
13769956 21000688
13767577 21000689
13764991 21000690
13770403 21000691
12052161 21000692
7888867 21000693
12042307 21000694
7780172 21000695
12066023 21000696
7721827 21000697
12055326 21000698
7897245 21000699
15623329 21000700
3024450 21000701
3024842 21000702
12052183 21000703
12059378 21000704
12194950 21000705
12194950 21000706
21000707 21000708
21000709 21000710
12056510 21000711
21000712 21000713
21000712 21000714
2976429 21000715
1197187 21000716
21000717 21000718
13754345 21000719
12045157 21000720
13753005 21000721
1198646 21000722
12052178 21000723
2918791 21000724
21000725 21000726
12051695 21000727
12052166 21000728
13767575 21000729
1197209 21000730
1197358 21000731
1197548 21000732
3014146 21000733
3020836 21000734
12063061 21000735
12063061 21000736
13764763 21000737
7792784 21000738
12056019 21000739
21000740 21000741
13754760 21000742
2930733 21000743
2940638 21000744
7758258 21000745
12055381 21000746
21000747 21000748
12042283 21000749
21000750 21000751
13764544 21000752
1952050 21000753
12052173 21000754
12053709 21000755
12052170 21000756
12054846 21000757
21000758 21000759
21000760 21000761
12052162 21000762
21000763 21000764
21000765 21000766
3011550 21000767
7894702 21000768
2950787 21000769
12056527 21000770
12045227 21000771
12048528 21000772
12043618 21000773
12043617 21000774
2990142 21000775
12059712 21000776
21000777 21000778
21000779 21000780
21000781 21000782
2914190 21000783
13784931 21000784
12515661 21000785
2931167 21000786
2915802 21000787
3026114 21000788
7887819 21000789
21000790 21000791
21000792 21000793
21000794 21000795
12065913 21000796
21000797 21000798
21000799 21000800
2970555 21000801
12056139 21000802
1238758 21000803
12065746 21000804
2971246 21000805
7704831 21000806
3012056 21000807
7893179 21000808
7718861 21000809
13767931 21000810
7785705 21000811
2923035 21000812
13767853 21000813
15623643 21000814
12051780 21000815
12063232 21000816
12052885 21000817
3020848 21000818
7722109 21000819
2914493 21000820
21000821 21000822
7884744 21000823
12054876 21000824
15465909 21000825
13768524 21000826
12063228 21000827
12053451 21000828
15016566 21000829
21000830 21000831
21000832 21000831
7897747 21000833
12065556 21000834
1197245 21000835
12051383 21000836
2962503 21000837
18579001 21000838
18579003 21000839
2963573 21000840
16585957 21000841
21000842 21000843
21000844 21000845
21000846 21000847
12059906 21000848
18579322 21000849
12057347 21000850
3020852 21000851
12056686 21000852
7888582 21000853
7888582 21000854
12062141 21000855
3024334 21000856
2923894 21000857
7891839 21000858
13755315 21000859
3020810 21000860
12044460 21000861
12057790 21000862
12049085 21000863
21000864 21000865
7887274 21000866
7764843 21000867
13762542 21000868
12056007 21000869
2988300 21000870
7895903 21000871
19662176 21000872
7897441 21000873
12047301 21000874
2919243 21000875
20050887 21000876
2989873 21000877
12059304 21000878
2971755 21000879
13761906 21000880
7886051 21000881
21000882 21000883
7722174 21000884
13767576 21000885
2950021 21000886
21000887 21000888
21000889 21000890
1197179 21000891
12065915 21000892
1197191 21000893
1197175 21000894
1197183 21000895
1196833 21000896
21000897 21000898
2949750 21000899
2998687 21000900
21000901 21000902
1198131 21000903
21000904 21000905
12053439 21000906
15623476 21000907
12048995 21000908
21000909 21000910
12045929 21000911
12060949 21000912
13793820 21000913
12044401 21000914
3048455 21000915
7891164 21000916
13788886 21000917
7813818 21000918
7764800 21000919
13796272 21000920
21000921 21000922
12050512 21000923
3174818 21000924
21000925 21000926
12055084 21000927
12046512 21000928
21000929 21000930
12045253 21000931
12062963 21000932
12055405 21000933
13752096 21000934
12045814 21000935
12052873 21000936
2972441 21000937
12059532 21000938
12062240 21000939
12061985 21000940
7762853 21000941
12050991 21000942
12053450 21000943
1197593 21000944
13765770 21000945
7890256 21000946
12050992 21000947
3012485 21000948
12055291 21000949
21000950 21000951
2917085 21000952
3029675 21000953
12050993 21000954
12046685 21000955
12051349 21000956
12052125 21000957
3020815 21000958
12057382 21000959
12065382 21000960
18579498 21000961
7718853 21000962
12058057 21000963
12050996 21000964
3017183 21000965
21000966 21000967
21000966 21000968
21000966 21000969
3011821 21000970
12053440 21000971
12055958 21000972
1197892 21000973
18578277 21000974
1197767 21000975
2946669 21000976
12055370 21000977
12047304 21000978
12051363 21000979
12059685 21000980
7880078 21000981
18578302 21000982
12044362 21000983
3015561 21000984
7884979 21000985
7743105 21000986
12053441 21000987
12052167 21000988
21000989 21000990
3012633 21000991
13764620 21000992
7775898 21000993
7782879 21000994
12055959 21000995
12050926 21000996
7896655 21000997
21000998 21000999
13767824 21001000
7765969 21001001
13773889 21001002
12055102 21001003
12058394 21001004
12059211 21001005
3004662 21001006
21001007 21001008
21001009 21001010
21001011 21001012
12051802 21001013
13791652 21001014
7896380 21001015
12043574 21001016
12067286 21001017
12046706 21001018
12515663 21001019
12046686 21001020
21001021 21001022
12052886 21001023
12056482 21001024
2931348 21001025
12053918 21001026
12053181 21001027
21001028 21001029
12064263 21001030
12044311 21001031
13775484 21001032
12050505 21001033
3011530 21001034
13750625 21001035
12042579 21001036
12055760 21001037
12060670 21001038
12059843 21001039
21001040 21001041
1225377 21001042
12053452 21001043
12048488 21001044
21001045 21001046
12063090 21001047
21001048 21001049
12057516 21001050
12043368 21001051
12048485 21001052
2918777 21001053
13778794 21001054
7785003 21001055
12054806 21001056
1215768 21001057
12048025 21001058
3021984 21001059
2960052 21001060
12059208 21001061
21001062 21001063
7891366 21001064
13761964 21001065
21001066 21001067
1197177 21001068
7775902 21001069
12057893 21001070
7888462 21001071
21001072 21001073
13761966 21001074
13758000 21001075
7785511 21001076
3021467 21001077
2946574 21001078
21001079 21001080
12053442 21001081
12056687 21001082
12061972 21001083
13791782 21001084
12056383 21001085
7891928 21001086
21001087 21001088
1196708 21001089
7782328 21001090
12050995 21001091
7721221 21001092
12050994 21001093
12065484 21001094
12050986 21001095
7793657 21001096
3011244 21001097
12064034 21001098
2914265 21001099
21001100 21001101
21001102 21001103
7894318 21001104
12046713 21001105
12051575 21001106
12052892 21001107
12058079 21001108
21001109 21001110
12055332 21001111
12063229 21001112
12050509 21001113
2921717 21001114
2950528 21001115
12046514 21001116
2914726 21001117
12053374 21001118
18578129 21001119
12056201 21001120
7718676 21001121
7718676 21001122
12064140 21001123
12047296 21001124
12056035 21001125
12059462 21001126
12062881 21001127
21001128 21001129
2955105 21001130
1198654 21001131
7721292 21001132
12058445 21001133
2922679 21001134
12043343 21001135
7889952 21001136
19668404 21001137
7889518 21001138
12057392 21001139
12062235 21001140
15038186 21001141
3028547 21001142
8375291 21001143
21001144 21001145
15541005 21001146
1198001 21001147
12043495 21001148
2927654 21001149
21001150 21001151
21001152 21001153
21001154 21001155
21001156 21001157
21001158 21001159
21000225 21001160
11345934 21001161
8375428 21001162
2998685 21001163
21001164 21001165
21001166 21001167
21001168 21001169
21001170 21001171
11343963 21001172
8375101 21001173
15714094 21001174
13766576 21001175
21001176 21001177
11347502 21001178
21001179 21001180
12043430 21001181
12047155 21001182
21001183 21001184
14769656 21001185
12049062 21001186
8375330 21001187
12052151 21001188
21001189 21001190
4546183 21001191
17513547 21001192
4546187 21001193
13761803 21001194
4543261 21001195
4543341 21001196
13773460 21001197
4543462 21001197
21001198 21001199
4543641 21001200
4543931 21001201
12049683 21001202
4547768 21001203
13761804 21001204
13761770 21001205
21001206 21001207
4543043 21001208
13761788 21001209
13768102 21001210
12053675 21001211
12066833 21001212
4543052 21001213
13771011 21001214
21001215 21001216
15680604 21001217
21001218 21001219
21001220 21001221
21001220 21001222
21001220 21001223
13767294 21001224
21001225 21001226
15688064 21001227
21001228 21001229
21001230 21001231
12058501 21001232
13758817 21001233
21001234 21001235
16599220 21001236
16599220 21001237
15451484 21001238
4544332 21001239
4548278 21001240
15585940 21001241
13777503 21001242
15476245 21001243
4543092 21001244
13771643 21001245
4544181 21001246
21001247 21001248
4543108 21001249
12055586 21001250
21001251 21001252
21001253 21001254
4543127 21001255
12067382 21001256
15624719 21001257
13761142 21001258
4543142 21001259
13792175 21001260
8532037 21001261
21001262 21001263
12060851 21001264
13770967 21001265
13770967 21001266
13770967 21001267
13770967 21001268
13770967 21001269
4543167 21001270
4544217 21001271
13773062 21001272
4544973 21001273
12052084 21001274
21001275 21001276
4543188 21001277
4543188 21001278
4543190 21001279
4543192 21001280
4543216 21001281
15511014 21001282
21001283 21001284
13757272 21001285
4544864 21001286
15547583 21001287
21001288 21001289
13772460 21001290
15429792 21001291
21001292 21001293
21001294 21001295
13755555 21001296
21001297 21001298
21001299 21001300
21001301 21001302
21001301 21001303
12064302 21001304
13775491 21001305
21001306 21001307
20606542 21001308
12056348 21001309
4544255 21001310
12052564 21001311
13764491 21001312
12056522 21001313
21001314 21001315
21001316 21001317
21001316 21001318
21001319 21001320
12057892 21001321
21001322 21001323
21001324 21001325
21001326 21001327
21001326 21001328
21001326 21001329
21001326 21001330
4543304 21001331
21001332 21001333
21001334 21001335
1197344 21001336
1198728 21001337
1199317 21001338
1197413 21001339
1198878 21001340
1199299 21001341
1197405 21001342
1197407 21001343
4544147 21001344
4544145 21001345
4546392 21001346
1199337 21001347
1197415 21001348
1197061 21001349
4543394 21001350
13760188 21001351
21001352 21001353
21001354 21001355
21001354 21001356
13777505 21001357
13757249 21001358
21001359 21001360
21001359 21001361
21001359 21001362
21001359 21001363
12047254 21001364
21001365 21001366
21001367 21001368
21001369 21001370
15525207 21001371
13757929 21001372
21001373 21001374
21001373 21001375
21001373 21001376
21001377 21001378
21001379 21001380
2974662 21001381
21001382 21001383
21001384 21001385
21001384 21001386
12053403 21001387
13767435 21001388
15594803 21001389
15594805 21001390
15594784 21001391
15594785 21001392
15594786 21001393
15594787 21001394
21001395 21001396
15594789 21001397
15594791 21001398
15594793 21001399
15594796 21001400
21001401 21001402
21001403 21001404
4547787 21001405
13762721 21001406
2985348 21001407
13757274 21001408
12050419 21001409
21001410 21001411
21001412 21001413
21001414 21001415
15540139 21001416
13771212 21001417
13771211 21001418
12066255 21001419
21001420 21001421
4543467 21001422
21001423 21001424
15592431 21001425
21001426 21001427
20056689 21001428
12051313 21001429
21001430 21001431
21001432 21001433
12055520 21001434
15623479 21001435
12059436 21001435
12051350 21001436
4543480 21001437
13773039 21001438
13771649 21001439
13757252 21001440
13775913 21001441
13785643 21001442
13757286 21001443
13752206 21001444
21001445 21001446
21001447 21001448
12066033 21001449
13762156 21001450
15682290 21001451
13788858 21001452
21001453 21001454
12065479 21001455
13775918 21001456
13775920 21001457
13770491 21001458
21001459 21001460
4543554 21001461
13775915 21001462
13775916 21001463
13775917 21001464
15477054 21001465
21001466 21001467
12045284 21001468
13762724 21001469
4543590 21001470
13757278 21001471
13771012 21001472
13761773 21001473
13758815 21001474
21001475 21001476
4544372 21001477
21001478 21001479
4543650 21001480
15625165 21001481
4543705 21001482
4543709 21001483
4543716 21001484
13768113 21001485
12067388 21001486
4544938 21001487
13770013 21001488
13761774 21001489
21001490 21001491
21001492 21001493
13771651 21001494
21001495 21001496
21001497 21001498
21001499 21001500
21001501 21001502
4544905 21001503
13773061 21001504
4543248 21001505
21001506 21001507
21001506 21001508
21001506 21001509
21001506 21001510
21001506 21001511
21001506 21001512
21001506 21001513
21001506 21001514
21001506 21001515
21001506 21001516
4543925 21001517
21001518 21001519
13791776 21001520
15623181 21001521
13758798 21001522
13757247 21001523
21001524 21001525
21001526 21001527
15451478 21001528
21001529 21001530
15547584 21001531
12059599 21001532
21001533 21001534
4543865 21001535
13768099 21001536
15624698 21001537
21001538 21001539
12043425 21001540
21001541 21001542
21001543 21001544
21001545 21001546
12063152 21001547
2951013 21001548
21001549 21001550
21001551 21001552
21001553 21001554
15625208 21001555
15677066 21001556
15677066 21001557
3015995 21001558
12066840 21001559
4547777 21001560
4547777 21001561
2952942 21001562
2952944 21001562
3012085 21001563
2998181 21001564
2930138 21001565
13773052 21001566
13773053 21001566
2992037 21001566
13773054 21001566
13768094 21001567
13758816 21001568
21001569 21001570
2990078 21001571
13771639 21001572
13768114 21001573
12200060 21001574
15623642 21001575
13767434 21001576
13772448 21001577
4544140 21001578
4544138 21001579
21001580 21001581
1199297 21001582
1197431 21001583
1197105 21001584
4545819 21001585
15681485 21001586
21001587 21001588
15037873 21001589
21001590 21001591
2997947 21001592
2933753 21001593
13744686 21001594
21001595 21001596
841446 21001597
18851762 21001598
13780729 21001599
21001600 21001601
21001602 21001603
12066762 21001604
18873517 21001605
13786940 21001606
19057871 21001607
18823341 21001608
13784778 21001609
19061005 21001610
19015307 21001611
21001612 21001613
13780729 21001614
18971578 21001615
21001616 21001617
13770328 21001618
21001619 21001620
21001621 21001622
21001623 21001624
18949022 21001625
13780729 21001626
21001627 21001628
13774125 21001629
21001630 21001631
13757931 21001632
2997842 21001633
12067797 21001634
13770327 21001635
13753816 21001636
12058067 21001637
12056674 21001638
21001639 21001640
21001641 21001642
13781093 21001643
21001545 21001644
18970189 21001645
18970591 21001645
18823734 21001646
13755997 21001647
21001648 21001649
21001650 21001651
21001652 21001653
21000799 21001654
19071542 21001655
21001656 21001657
21001658 21001659
15451483 21001660
13775994 21001661
13797671 21001662
13797672 21001663
13797673 21001664
3021815 21001665
13747608 21001666
21001667 21001668
21001669 21001670
3016258 21001671
21001672 21001673
21001674 21001675
13775993 21001676
21001677 21001678
21001679 21001680
17331360 21001681
9504200 21001682
9504143 21001683
9504203 21001684
9504144 21001685
9504204 21001686
9504205 21001687
9504206 21001688
9504207 21001689
9504142 21001690
9504202 21001691
21001692 21001693
9504165 21001694
9504146 21001695
9504201 21001696
9504175 21001697
9504145 21001698
9504141 21001699
21001700 21001701
21001702 21001703
21001704 21001705
3088855 21001706
21001707 21001708
15512558 21001709
15648430 21001710
15466051 21001711
15544392 21001712
15428138 21001713
15636512 21001714
17583852 21001715
17583851 21001715
21001716 21001717
21001718 21001719
15648428 21001720
13777708 21001721
21001722 21001723
13777885 21001724
2967187 21001725
20071479 21001726
13771980 21001727
13763438 21001728
13763444 21001729
21001730 21001731
21001732 21001733
12049103 21001734
21001735 21001736
21001737 21001738
21001739 21001740
21001741 21001742
21001743 21001744
21001745 21001746
21001747 21001748
21001749 21001750
21001751 21001752
21001753 21001754
21001755 21001756
21001757 21001758
21001759 21001760
13771284 21001761
13777934 21001762
13777936 21001763
13777937 21001764
13777938 21001765
13771981 21001766
13771982 21001767
20071391 21001768
15313763 21001769
2990561 21001770
13775533 21001771
21001772 21001773
13777709 21001774
12055289 21001775
12055111 21001776
12055587 21001777
21001778 21001779
13777883 21001780
15592459 21001781
21001782 21001783
21001784 21001785
21001786 21001787
21001788 21001789
15016673 21001790
15016674 21001791
21001792 21001793
15016676 21001794
13765778 21001795
13765779 21001796
13765780 21001797
13765781 21001798
21001799 21001800
12047218 21001801
13745278 21001802
2942680 21001803
13788744 21001804
12057782 21001805
10493724 21001806
976171 21001807
