752166 10458067
1986695 10532619
3618295 17412290
1976973 17412315
19768114 10532640
19731835 10532651
4526480 10532665
5101147 10532667
5084692 10532691
21166949 10590238
21166950 10018128
3621849 13615881
19738979 10532706
19461141 10532707
6523628 16203405
3586456 10532709
2009022 20839391
5185224 9571126
3610818 10532710
4526652 16020771
3625593 19235925
6503255 19235926
4319328 10532711
6444836 14353601
3562543 10532712
19822768 13615942
14406378 9571183
19807373 10848643
6509468 20002816
12613118 13610422
5179582 10532714
19815466 10532715
6497118 10532716
6427260 13818139
19777540 9964113
6364435 10532718
21166951 10590270
14373354 13818140
6458243 10532719
1766095 10532725
6462905 9964141
3580276 10532733
6464466 10532738
6475981 17868661
14406323 10532752
14389149 10532766
724117 10532772
19752782 10532773
21166952 10532783
21166953 10532792
16238041 10532794
6484814 10532797
14396206 10532798
921763 10532808
5187140 20842172
6333275 16415458
6376402 10532841
19754003 9964285
6496703 10532843
19718844 9964304
5069049 10532852
1946378 10532858
19778652 10532871
21166954 16415530
5051707 9964350
19829386 9964368
6393442 10532924
8466614 10532933
19811502 13818152
6367455 9571440
6490780 10532938
6425329 9571442
10588251 10532941
6498680 9571445
6464367 9571447
1953130 10532943
6487966 10532946
19809639 19300960
6429160 14354175
6402245 10532956
19408646 10532966
3528810 9964400
6425404 13616308
6533527 10532997
6464615 19300967
19415546 10020114
21166955 16022479
14377444 14354410
6431331 10533020
19834661 9964402
19422183 14354472
19430633 19300971
6429938 13616359
6483331 13616360
6478686 13616363
6379852 13616364
6425840 14354670
21166956 10533057
6412450 16415910
4015657 19126674
4932693 14354798
3598057 16415924
21166957 13818161
17404885 14354922
6414594 16023059
5075993 10533134
16171073 16023197
4450356 13656417
5068343 16023211
21166958 10020699
14364078 10533170
21166959 10533174
3610171 10533181
19457826 9964546
12619828 10533184
4014933 20843575
3649870 14355187
6335874 10533198
3122950 20002886
3114706 16023880
19727631 10533208
21166960 10533216
19834189 10533219
21166961 10533230
3649345 16024088
19211244 10533238
13625375 10533240
21166962 10533262
6335846 16024319
21166963 10533284
21166964 16024475
6533955 21166965
11853948 10848672
21166966 10848673
12168937 14355406
19730160 19126730
3532522 10533311
6345269 13616647
6533640 13616649
19811707 10533345
6355987 16024823
21166967 10533359
6350958 14312687
21166968 10533367
1926126 13616750
19835965 9964636
6473028 17412584
1888564 10533374
19829222 14312885
4333247 10021617
21166969 10533381
6494391 17898088
6476263 13656621
14406321 10848680
14372506 10848681
19818209 10848683
19754627 10533404
6550006 13616810
14375241 10533407
6442154 14313140
6369243 10533413
6379635 10533423
6432256 10533435
21166970 10533443
19832732 10533444
6527878 10533458
21166971 14313383
4301940 10458070
6542277 10533470
6357387 12213644
6409536 9571873
6470136 9964648
6453491 12213693
5102939 9964652
6476437 16025641
6408686 14313513
19761171 10533495
6471070 10533498
3679000 10533500
6507613 20934997
4379720 9964656
21166972 10533530
21166973 10533539
21166974 16026081
21166975 9964688
11853947 10533575
19787526 13656751
726465 10533603
4380820 9964748
5065188 13617011
6514517 10533611
6472210 13617024
5068629 13617027
11853950 10533615
21166976 10533625
19211321 10533634
21084227 9964777
1369510 10533644
21166977 10533655
21166978 10533661
19425386 16026721
6452045 14314351
6358376 19467156
11853952 9964828
5180692 10533677
4527321 13617079
6413087 9572023
4014144 16026856
6418602 16026888
19736891 10533693
19780887 10533694
4381717 10533699
2434566 10533705
3063008 10533709
1986949 10533711
12771803 20990466
6497004 19561474
6348505 13656918
21166979 10533732
19456991 10533738
4014376 21166980
21166981 10533749
6539331 21166982
6474743 18396933
6376667 10533759
6431178 16027467
6362351 20935047
21166983 16027480
6465865 10533770
6469179 10533790
21166984 10533812
1372974 9964978
1958280 9964994
4367218 10533816
3575820 10533818
753457 9965000
6514943 21166985
5089026 9965004
14391361 10024036
5072173 10533820
5091805 10533830
19446620 10533836
3116842 16028105
19417713 9965023
21166986 10533867
19211335 10533901
19827257 14314585
19766113 16028466
6353809 12213943
21083793 12213948
19736098 19236670
18282130 10533978
6473153 14356505
6491094 9965175
19428104 12214057
4014341 14356529
3573997 10534002
6467065 9965226
6432296 10534023
641039 10534027
6390786 16028848
6557104 9965298
8469576 10534050
6429406 21166987
3639668 21166988
1593723 10534064
6500727 21166989
5192924 14356694
6523669 10534146
1985106 19561517
4014246 13657269
6416340 10534192
19446863 10534196
5178450 10534198
3606234 10534202
6389670 14356812
6396935 14356822
21166990 10534223
6452482 13617382
3625247 10534230
6460886 13657318
6417366 10534241
4509258 9965586
5068336 19236919
6463673 19236922
4014667 19301202
905674 10534279
14391328 10534281
6424035 16029179
21166991 10534297
6450403 9965644
5171779 9965648
815027 10534307
3993066 17898119
21166992 16029291
5166929 10534315
21166993 19236970
498564 10534346
19724810 10534362
18277277 16029507
6500735 13652102
5070705 10534395
19419895 9965716
14391351 9965718
3534331 10534402
781623 10534409
19422366 10534420
6494838 16204087
6436647 19301230
6410998 13657442
4014422 21166994
498286 10534447
4330870 10534448
21166995 10590396
21166996 10534454
742412 13657484
3993103 14357168
19814602 14315268
5076196 10534486
3623451 10534501
6420410 10534512
6525016 20621757
6447614 21166997
19422048 14315348
19834524 14315388
1957613 10534551
18280715 10534563
3641309 10534565
6520802 10534566
16377552 21166998
3640522 10534606
19764712 9965828
6451882 14357336
6413795 19237210
19422869 16030775
21166999 10534692
21167000 10534695
6403356 10534715
3989749 13657707
12617968 9965847
21167001 13657721
21167002 10590426
6541449 21167003
366881 9965871
3115236 10534738
6443800 20621974
4015727 10848898
6490180 10848899
6531427 10848900
21167004 10534747
4318348 9965919
6343250 9573888
3651680 13657750
6485495 10534771
3641295 10849187
6474227 10849191
6480875 16172489
6398318 21167005
4383381 10849349
21167006 10534800
19814684 10849514
6487083 10534831
1782157 10534834
19752381 9965935
3653234 9965937
6524893 10849629
6428713 10534854
6525770 10534864
21167007 10849728
6488921 16031139
6536430 10849778
6340171 19237324
20072101 10849813
19211246 10534888
11919840 10534889
6525446 13657786
3644687 10850040
5088750 10850074
4343720 10534944
6405565 10850083
4947219 10534950
6413164 10850101
6423506 10850102
6367147 10850108
3550069 10534960
677209 10534961
6524465 12520820
6470567 10850191
8480049 10534999
6500675 14315927
6537773 14315928
906145 14315970
4367974 10535034
14406376 10535037
21167008 10535038
19790762 10535050
19824328 10535057
6390736 9965971
806642 16031701
14367070 10535076
744339 14316070
4015650 21167009
6432585 10535093
19463491 9574154
19798856 10535096
6333386 19237395
6403493 14357578
4015554 14316120
19796793 10535132
21167010 10535142
21167011 21167012
3532526 10535146
6429012 18397145
19799135 10535156
6404094 10535159
3610193 10535162
1396084 10535164
3981508 14357663
3613236 10535172
16398392 19561602
19759672 16032076
3092501 10535195
21167013 10535204
6496490 9966080
6473932 14316419
6505701 14316420
6490428 13657957
19814941 10535246
5066268 9966150
4015236 20935248
6376354 16032381
14371851 10535255
6523307 16032428
3610891 10535265
6540694 10026048
2002267 10535281
1371210 10535284
1361095 10535286
769311 10026049
6527289 9966156
6388322 9966166
19450430 10535294
3993268 19237489
16377436 9966208
21167014 19127149
2242105 10535328
21167015 10535329
21084652 10535332
6418944 10535337
6495953 10535350
617260 10535353
6340942 14357965
19737016 16032935
19783501 14357989
4321404 10535364
6538302 14358027
4002785 21167016
6550385 14316828
4448352 10026050
4381443 10535387
19834325 10535391
19768343 10535400
19754685 16033475
19839770 16033481
1743869 10026055
4488009 10535456
6456252 21167017
21167018 10535471
21167019 10535473
19815310 9574533
5156558 10535488
6430825 21167020
3700770 9966321
1739491 10535520
5077168 10535532
6418792 14358312
6368838 10535559
19754804 14358357
21167021 14317430
14390463 13658268
272111 9574650
5067232 14317472
1423850 10535567
19814122 10535584
4281566 10535586
4015430 16034455
14372339 10535594
3990897 12214604
6542559 10535635
5129348 10535653
5085760 10535663
19831089 12214834
19752297 10535669
19778400 10535670
19727316 10535679
3994271 14317761
6556166 10535682
19729971 10028174
3624881 10535686
19727324 10535688
703699 10535689
3993841 16034878
19786491 9966400
21167022 10535750
6509736 10535758
4242713 10535763
19730919 10535778
3992873 16035351
6539063 14318036
3719687 10535807
3648525 10535812
3609006 10590554
21167023 14318087
5108478 10535818
3765468 9966450
19780954 9574994
4496910 10535846
21167024 10850247
4010381 10535869
259767 10535887
4448335 10535890
5077963 10535893
6456914 10535927
6409083 10535936
6350319 12215518
1351423 10535948
1588928 10535949
3991616 14318513
6357568 12215575
14353894 12215648
6442239 12215702
3996625 16173179
2232766 10535993
3521921 10535997
6442806 10536005
6431300 14358936
5079571 13658592
6396228 18400893
3569513 10536023
6491212 9966498
6451181 12215839
6411495 16204469
4454534 10536063
3109190 10028188
6503959 10536089
5063978 14359037
14399824 14318800
8467360 19237882
6370499 16036867
6433942 9575231
2007646 10536153
6428566 10536160
3992584 12215948
21167025 21167026
5193398 16037028
4459485 9966539
6357806 9966587
6421048 9966589
11914745 9966595
3548819 10536239
6455359 9966662
6341127 10536310
6501859 10536324
6391379 10536329
19783580 10536331
19742489 10536332
19808836 10590609
4508199 10536336
13659399 10536337
21167027 10536346
6427240 10536351
6378371 20628441
11886596 10536421
3608108 10536439
6410778 10590629
6483205 10536448
3649412 10536456
6549367 10536469
4332361 10536474
1748699 10536517
3579485 10458087
21167028 10536533
19721636 10028206
21167029 10536572
21167030 10536573
19806860 9966776
3644818 9966844
1396082 10536615
5068796 10536617
19211332 10536634
8441711 10536639
3715955 10458088
3610361 10536675
2262484 10536684
6488547 10536705
6387732 18397999
4380815 10536719
6540665 9575867
6417980 10536721
5179613 12217691
4382220 10536727
21167031 10536736
14829723 9966928
3629827 9966932
16377742 19087797
5177283 9966964
19450405 10536769
3590105 9966993
4499182 9575989
13620293 10590672
19800704 14320284
19211326 10536804
3543507 10536814
6487473 21167032
6523360 14360006
4375301 10536822
21167033 10536825
3541775 10536829
6528841 9967091
5172983 9576073
6359123 9967099
21167034 14320362
2408222 9576084
1759917 10536845
14824116 21167035
3154066 10030388
19787271 10536869
6549942 21167036
4448406 10536920
3519886 9967174
1901786 9967178
4326051 10536938
3525611 10536945
21167037 10536971
4001959 20936126
19808593 10537000
3632607 10537001
19463687 10537003
6469876 9967246
6365084 14360259
6427556 9967248
6548925 10537012
6426525 10537014
505106 10537016
5165329 10537020
21167038 10537021
5063875 10537024
6507031 10537036
585959 10458095
20424546 13658956
6438721 10537079
6467921 13617468
20392364 19238453
1369441 10537099
12611252 10537100
4236998 12420950
4508201 10537111
19764449 10537161
4503203 10537180
21167039 12421203
6371280 10537220
6405443 10537250
6492802 10537266
5128994 10537312
6433446 10537320
19782947 10537335
16377506 21167040
6534661 10537376
6389439 19238696
6542577 10537388
2406357 10537398
3649907 13659105
6342607 10537430
6450158 16038565
14400269 9576758
6340321 10537468
14358580 10537482
4321473 10537483
6514670 19238768
6468729 14321586
21167041 13818314
6367757 10030853
3716497 10537542
14822046 14360781
3528102 10537551
6333504 10537552
19743582 10030856
5175166 10537560
790082 9967536
19819336 9576909
19211363 10537615
6412590 10537619
21167042 10537636
19111413 21167043
1381527 10537685
3768211 10031086
20070025 10537706
21167044 21167045
704133 10537715
2406359 10031147
21167046 19088526
5074278 9967620
6490501 10537748
6366683 9967629
16377601 19238992
5070661 10537757
730080 10537764
19810723 10537769
18606011 10537773
18288010 10537785
3577017 10537790
5174344 10537792
3611608 10537814
19809436 14361108
6477724 9967685
3633608 10537830
6551260 10537834
687746 10537843
6520287 10031372
6461966 10537844
6395980 9967689
6358991 10537886
19812720 9967713
6534264 9967719
6438472 14361271
2492775 10537943
3998905 21167047
21167048 19239287
21167049 9967895
3077724 10538003
4301924 10538031
16377625 13818359
2466509 10538042
19801476 10538053
4929467 10538099
5155278 10538116
3618648 10538143
6405374 10538157
21167050 10538167
19770528 10538192
4001808 19089111
6414888 9577524
765985 10538274
6492317 10538276
6460285 17148013
1591755 10538301
4478091 10538309
1766115 10850352
6535499 16039829
14404968 10538335
6403625 9968066
6360800 9968074
1388054 10538351
1421736 10850355
6474673 14361868
16377596 14361880
2529899 10538370
19408014 9577691
21167051 9577696
4381926 10538415
757001 10538465
21167052 10538473
6454913 9968171
2245018 9577942
3652322 9577950
14362504 10538499
6535963 9577969
3590652 10538522
6450174 10032930
5173790 10538529
6512392 10538531
1602591 9968187
6392770 10538538
5180500 10538548
4367970 10538562
19796391 10538607
14371919 10850397
19450822 10538611
14371841 10538619
6369190 10538635
6364054 10538638
6470184 20637391
6376546 10538649
6421042 10850405
6440520 10538668
6490819 10850409
16384153 10538674
3458084 10538686
19719015 10538698
6380166 10538709
5099644 10538719
6416514 10538728
19764102 10538742
6539348 10538744
6546171 10850423
19720773 10538773
3609004 10538780
6475418 10538782
2468694 9968390
19751089 9968404
19211184 10538813
6467758 10538832
3628322 10538848
769325 10538890
6395607 10538909
756373 9968474
2448178 10538914
4378542 9968488
5071472 10538920
1934475 10538931
21167053 10538941
19827579 10538971
5145768 10538988
1636039 10539002
16377580 10539010
6414975 9968616
3578297 10539021
12612074 10539074
3541369 10539075
3605879 10850439
8468794 10539099
19736587 10539108
6411023 20991225
6388466 21167054
6415689 14362444
3610049 10850451
6502090 10539241
4382443 10539247
6389654 10539258
19756636 9578920
14371495 9578924
19765340 10539274
19809726 10032948
6500727 9968812
6417512 10539308
3650776 10539327
4297017 10539346
1365554 9579037
4006237 21167055
5081432 12421367
2328819 10539375
4343256 10539379
5181403 10539391
19803211 10539392
4455692 10850467
6383246 10850468
21167056 10539441
6552653 10539468
19771547 10539486
19460506 10539493
736905 10539494
4453403 10539495
6438664 10539504
696668 10539548
21167057 10539606
19822247 10539638
21167058 10539650
5085429 10539658
6337054 10539659
19782697 10539667
21167059 10539674
5076948 10539692
6451944 9969208
21167060 9969210
918325 10539734
19753678 10539741
6364302 9969235
19756736 9969245
21167061 17150338
19769655 10539792
5070106 10539800
21167062 10539837
3640488 9969320
6540174 9969324
19792110 9969345
4494866 9969349
3490691 10539958
2401396 10539978
16279257 10540005
753874 10540006
6452314 9969573
3716499 10540025
21167063 10540030
3556126 10850528
19446597 10540046
21167064 10850530
16377691 14363433
3651162 10540074
4473884 10540075
722576 10540093
2487410 10540094
21167065 9969614
6522464 9969624
6521925 10540117
19787159 10540118
6403748 10540131
13625428 10540137
6554872 9969650
4006474 14323106
6510331 10540318
19838722 10540321
4459488 10540323
19834351 10540358
829277 10540396
6392504 10540404
12619986 10540406
4343926 9969828
4495327 9969830
6385430 10540416
21167066 10540419
6518865 10540427
14391435 10540451
19744521 10850540
3070382 10540492
19211384 10540494
6556943 10850543
5075676 10540510
3617310 10850547
4478007 9969964
6473765 10850549
6438909 10540558
795033 9970071
19817371 10540591
5152024 10540597
19771665 9970134
5085644 9970160
5077010 10540600
5085091 10540602
753529 10540605
21167067 10540608
19827404 10850567
19769500 10850571
19762371 10540645
5156325 10850575
19432856 10540661
6338349 10850583
11853951 10540672
14362789 10540699
19820543 10540708
14378888 10540710
2407976 12421620
6472696 12421621
19753163 10850600
6481012 10540767
5104248 10540790
5191016 9580398
19820382 10540842
6543913 10850609
6340118 10540868
6548299 10540879
21167068 10540920
19725810 10540942
905693 10540955
6501850 10540989
6342490 10541025
5159808 10541039
3571498 10541057
19756951 9970749
2427354 10541072
16383068 10541077
16381441 10541078
14394439 10541082
4372229 12421642
1859046 9970800
1886492 9970804
769405 10541217
19817695 10033015
4478564 10541313
769413 10541319
1780743 10033023
21167069 10541399
10218277 10033024
19444528 10541448
21167070 10541451
3719684 10850635
1737845 10850636
19784254 9971048
19786538 9971054
4455197 10033025
4494597 10033027
4010844 10850667
3547146 10850682
6500104 12421661
19829176 9971209
6440124 10850724
19719443 9580820
19752369 9971335
6398061 15404595
19757236 9971353
14611726 10541523
3078675 10541616
5101792 9580922
4377135 9971615
21167071 9971617
4242952 10541650
19839553 10541729
5075372 10541736
1994746 10541739
766812 10541741
21167072 10541890
3588166 10541905
6522546 9972103
3585761 12183989
20536711 9972313
21167073 9972497
19211238 10850943
6344200 12818528
21167074 13818494
19750156 9972633
6337704 12422123
4240554 10851016
6375222 9972809
6510268 9581185
4533186 10458169
21167075 10851303
6358810 12225518
6336111 10851324
19211233 12422193
4380532 12225753
5086178 12225759
3079432 10851363
8480062 10542078
21083814 9973355
21167076 10851390
14372892 10851396
6488360 12422208
19727135 10034362
6359891 13661788
14362509 9581303
813894 10542092
6526286 14332148
4476697 10851435
19812969 12422216
6403607 10851442
19791533 10542102
6487946 10542103
6509921 10542105
6475820 10542106
6473967 10542109
5170188 14367138
8464145 10035157
6455664 15406596
19462335 10851497
19815238 10851507
14373422 10542112
19774348 9973966
6338603 10542115
904913 9973980
19745768 10542116
19751829 10542118
19769436 10542121
19782331 10542123
6424498 10542124
19794435 10542126
6502079 10542129
1902288 10851590
6521478 10851596
21167077 10542131
16339510 10542132
5173917 9581409
6438051 10851616
21167078 12227143
6457196 9581415
6501995 10542137
6412563 10542142
19211370 10542143
4501190 10851690
4461344 10851691
3491490 11811978
5084039 15407002
1963128 10851697
21167079 12422292
6336383 12422306
19820595 10851728
3620755 10851740
21167080 12422311
4462255 9975046
3636246 9975058
6442121 10036709
14368044 10542163
19804870 10542167
4337644 10851762
19812204 10542170
19211354 15407269
6541196 10542172
3647786 12422357
12617743 10542174
10204072 10542175
21167081 10851780
6447252 10542182
3608836 9975274
19768934 15407402
3610402 10542187
6435561 10542189
6424755 10542190
19805957 10542191
1709893 10542192
3083126 14368020
19732466 10542195
19758060 10542197
19832976 10542199
6348328 10542205
5082453 10851844
6383956 10542206
14406324 13617593
6390324 10542208
19731207 10542211
5077710 12818804
19407039 10542213
454372 14368216
6447332 12422464
21167082 13617598
6436097 10037682
19782828 10542223
6525493 10542224
6509118 10542225
6468527 10542226
3640212 10542232
6333665 10851909
6402623 10542233
6535160 10851911
6402859 10542234
19211293 10542235
6536965 9976110
6525852 14368522
12608423 10542238
21167083 14368530
21167084 12422521
5055851 10542239
2302166 12422523
6504482 10542240
2336799 12818823
5159591 12422528
21167085 12422532
4298519 10542246
19211334 10037688
19211298 12422564
19211349 13818520
6348610 15408149
21083952 9976474
5066021 12422571
19755608 12818870
12173587 10542271
21167086 10542277
14383074 10542279
3600672 14336907
19451004 15408456
21167087 12422662
19783369 12422672
21167088 13818534
2016175 10851981
5074385 10851982
4460256 14337176
6501056 14368993
4369553 10851986
4453399 10851991
1784837 12521051
11858247 10542295
21167089 10542297
6505682 12422728
19784518 13818539
6535834 12422736
4467891 12422748
5168340 12422759
4463254 12422806
14367517 12818934
6354062 9581891
21167090 10542320
3112183 10542321
21167091 10542322
14394598 12422824
5108665 12422825
12629571 10542324
21167092 10542326
8409606 10542327
4531827 15409029
6361367 10542331
19207773 10542333
19746569 13663075
3670737 10542334
5083820 14692130
1527115 13818544
3579937 10542337
827190 10542338
6416670 12422875
6413783 13617650
6462589 14523959
16351763 12184084
2247809 12184088
1933346 9978414
1421380 12422926
21167093 12422956
4305637 12819035
10529067 10542391
3568260 15409706
504568 10542392
4241818 14339501
19768267 10542398
19777686 10542399
19797668 9582094
19746356 12423089
21167094 10542400
19757180 12423096
6524620 12423099
6425168 9979892
2016280 10542403
4340595 14524048
1372171 14370195
19764015 12423166
21167095 12423169
4182345 10037740
5110438 9980348
1358644 9980350
21167096 10542434
19815687 15410213
5081957 13663571
1981606 12423291
19835396 10542451
5076178 10542452
21167097 9980861
14400924 10542453
4321471 10542455
19816129 12423311
3631208 15410462
1899087 12521125
19720259 10542458
14404970 10542459
5163425 9981001
6358794 10542463
3553651 12423351
20070486 10542464
19838169 10542467
6528042 10542470
10204073 10542473
6395467 10542474
19772885 10542476
6340468 10542479
5082585 10542481
6391492 10542483
19820590 12423439
6384579 10542484
19757564 15410735
5158174 10542491
19796592 10542495
21167098 12819163
20070489 10542496
6377271 10542497
19820283 10542498
5157082 10037769
11918582 10542500
18288073 10542507
3576723 9582435
6423712 10542511
19797933 10542513
19733883 10542514
3611724 10542515
6457522 12423592
19729955 10542518
3639266 10542520
2259166 10542523
14389124 10542527
5070523 14371351
4342081 15411266
816037 10542530
12165313 10542534
19426679 10542537
6457006 10542538
21167099 10542539
2406666 15411379
3629121 10542543
8473215 10542545
12618970 10542555
19210551 13617759
21167100 10542562
3601601 10542565
13628006 10542566
19731877 12423801
21167101 10542567
21167102 12184137
6454698 12423827
21167103 12423830
13629291 13617789
3627857 10542577
819837 12423846
6447714 12423858
21167104 9981633
21167105 10037803
5066429 14342454
21167106 10542590
2419247 15411959
1353824 12423882
12610322 10542594
6365506 12423895
6544477 12423896
3081492 12423899
21167107 10037805
3610291 10542602
814939 9981855
21167108 13617844
21167109 9981888
15296854 12423976
6366716 12423977
6364037 12423978
19438093 12423986
1842224 13617850
14656069 9982034
21167110 10542627
19735722 9582915
6514411 14524216
3652651 12424067
19795354 12424068
19211309 15412427
6483606 12819460
19791290 12819463
3492100 12819470
6429781 12424091
3539269 10542637
6380947 12424112
14287636 9582954
16381581 9583001
16381787 10037819
4461353 12819608
627553 10542655
19741686 12819636
4367603 12424195
19750502 10542660
4326043 12184147
5082209 12819658
19760818 12819676
16377379 12819687
19741285 12424219
5081100 10542678
4188236 10542679
19834471 12424274
4376472 10542680
14387854 12424285
16381990 12424287
16384106 12424288
21167111 12424289
16380681 12819805
21167112 12424295
16383200 12424296
19465920 13617923
16383171 12424297
21167113 14524231
21167114 9583093
16383221 12424299
21167115 12424300
16383397 12424302
5072917 10542686
724081 14979169
6538872 12819818
19812765 12424310
6346916 9583102
21167116 12424312
19836005 10542687
19456503 10037825
16383728 9583107
16383838 12424321
16379331 14372857
14401195 10542691
16381414 13818604
19068698 12424340
19829275 10542694
19786915 10542695
21167117 10037829
16383047 9583144
16383741 12424353
16384957 9583147
16380483 9583152
16380516 12424360
6378124 12424362
19766220 12424382
16383016 9583176
16382088 13664341
16381386 14343479
14383960 12424388
16382401 13617937
16384231 14343485
685742 10542706
16381660 14704357
16382286 9983118
19442267 12819848
21167118 12424439
21167119 12819887
4296925 10542723
19444531 12819902
14383976 12424467
779201 10542726
16382117 12424472
16384394 12424478
16381517 14373301
5175923 9983211
21167120 10542732
4179780 13664401
6423145 12424516
19819346 12424535
5088827 9983213
14364912 9583342
21167121 10037849
3495900 15413694
16384414 15413697
16384073 14373488
5105592 10542747
16383451 12424573
5166256 10542756
1907809 10037854
16383778 12184184
6441575 12424626
19779042 14343717
4380932 14524277
21167122 12521153
21167123 12424640
6376308 9583442
1970788 12424656
14656067 12424660
2443718 12424661
5191925 16417146
1963963 12424665
5061245 9583469
4317337 12521158
3652070 14343735
3698962 14343738
6523630 12424718
1158725 14704476
6403404 12424727
5082492 12424728
16381018 12424731
16381872 13818629
818782 12424760
6419287 12424767
19457824 12424768
19421625 12184206
6369664 12424775
6411012 13818646
5192222 16176714
3615490 13664553
4377942 12424782
769291 12424791
16381584 13818666
21167124 12424814
21167125 16417186
816600 14704527
3630986 14373988
6533190 12424865
6535975 16176748
19830169 9583754
14363352 16417205
3576717 10542840
3507606 12184238
2402234 10542843
19762522 12424943
16384869 13818749
16383653 12424953
14362507 10542853
19761603 9583829
16383052 12424959
16382215 12424961
19824795 10542856
16382171 9983288
6386315 10852006
3622649 10542863
1393576 12425001
6452561 13818791
6457073 16062955
6371543 10542874
3611610 10542875
1393231 12425022
720115 10542884
6408844 13818812
6421176 10542887
746698 10542899
4731189 10542909
5064576 10542913
14372361 12425145
19808073 12425190
6499708 12521233
21167126 12521235
2461437 12521254
6400768 9983324
797214 9584112
19793886 12425262
6528049 10542944
6421628 14705650
6538485 14705652
4321738 12425402
10481983 14374120
4244372 16066015
15668184 11812213
6394123 14344045
6486584 14344054
2250621 10542976
4250404 12425443
3652666 14344060
6436633 12425479
4379691 12521308
1369581 10542993
5179444 10542994
10483664 14344112
8479382 10543000
21167127 16067334
8438586 10543004
14978726 12425572
5166775 16417341
10477529 12425611
21167128 10037933
16348784 16417344
821096 16177022
901249 10543015
21167129 12425635
21167130 12425666
5163803 12425719
4288588 13617991
4308208 10543035
3422017 10037942
545950 12425780
16381540 12425798
21167131 12425799
5101140 10460717
19450600 10543058
21167132 10543063
1967744 14344313
5109248 9584192
21167133 10543067
3610800 9983363
5082007 12425861
19821191 12425904
6554787 12425907
19756904 16206462
771733 15861982
19211266 13618035
19755613 16417405
19768289 14705969
19792789 12425923
6343609 13618037
6451885 14374234
2248462 10037958
6335087 14979187
1385255 12425924
21167134 13618039
6419943 10543087
6460769 12425937
576016 10543092
10204067 15861986
6433692 9584210
1990524 10852027
3572570 10460806
3643378 10543115
19797892 10543117
14357509 14979701
6433380 9983414
4328179 10543119
5168013 10852137
12616698 10852138
3615488 10543124
6434492 10852149
6510032 10852150
19432816 10543126
19725546 9983418
12617286 10543128
19428221 10543129
21167135 14374288
21167136 10543130
5161810 10852170
3721071 10543131
21167137 10543132
3532524 14374290
19451597 10852184
753698 14374292
6409517 10543137
3082964 10852208
21167138 10543141
21167139 10852229
21167140 10852267
21167141 10852268
4343879 10460840
19457739 10039618
5159772 9983450
21167142 10543149
6553043 10543151
6416401 10543153
6396602 10543156
6474105 10543158
18286242 14344470
19827245 10543160
21167143 14374336
19818416 10543165
19464889 10543171
6522180 14344537
2418142 10543176
5084893 13664795
6534905 9983481
6338022 9983489
6429078 10543182
5155977 16417569
6379442 9584269
19211338 10543190
5107386 10543193
3647689 16417590
6515311 10543194
19211226 10543195
6555658 10543196
801101 9584276
679049 10543197
3098679 16177244
6343406 14706119
6469349 14980602
19414270 10543205
14402542 10041190
6428577 14344599
6416180 14344601
6338064 10543209
19800090 14344612
6536213 10543219
5163382 10852447
14371478 10041575
19796819 10543221
21167144 16417647
14367973 10543222
19809867 10543225
6380901 10543226
18426610 11812265
6408328 9584297
6554509 10543230
6501219 10543232
6342835 10543235
1350581 10543236
1642658 10543237
726846 10543240
6342957 9584301
1422112 9584302
1759331 10543242
1776552 10543243
4383370 10543244
5168099 10543245
19767916 10543246
21167145 10852593
19841357 10543251
3607454 10543254
21167146 16417720
21167147 14374433
21167148 14374434
14372431 16417730
6462430 10543262
3608104 9584321
6519456 10543268
19817883 10543269
14396310 14344803
19457828 14344807
6497502 10041661
6463158 9584324
6508537 12820332
6396351 10543274
3610400 10543277
21167149 15862070
10204065 10543284
19755410 16417787
19725773 16417797
6364192 10543288
6341730 19689365
6409624 10543303
6399390 10852663
6481967 10852707
6539043 10852710
6532557 10852711
5172316 10852712
19427875 12426040
5152696 10852743
19765935 10543331
5058896 10852807
19818051 14344967
3651644 9983829
4301915 10543339
14370719 13664863
21167150 9584391
1758311 10543345
6520484 10543347
6496125 9584392
3080583 10543354
3652697 10852910
6501265 10543357
19741852 10543358
19211367 10543360
1557748 10852992
4334076 10853058
21167151 9984105
14382123 14345101
21167152 10853274
687728 10041705
4375318 10853429
21167153 10853460
6461520 10543440
21167154 10543441
21167155 10853465
4542485 14345236
6494426 10460989
6539161 10543459
4372455 10853623
6551811 16418065
5071659 9584509
19772127 10853670
3620747 10543470
3598660 10543494
6431240 10853850
10484926 10543507
3602955 10543511
1392753 10461032
5109032 10543514
14398415 10543523
3496542 10854080
797334 10854082
6460571 16418145
5074614 10543546
11903167 10461039
765513 10543564
2312822 10543565
19739827 10854289
5082568 10543569
6403098 10854355
1744605 10543583
784426 10543591
687732 10543606
1971653 10854567
1365340 10543625
21167156 10543647
5163558 10854799
21167157 10543652
4299445 10543654
715711 10543656
4451632 9584681
11923812 10543657
4368247 10543666
1964690 10041785
19775396 10543669
21167158 10543671
12618191 10543675
19763492 10855017
14398584 10543696
6353777 10543699
1885599 13618343
6351856 10543704
6471560 10041796
2255463 10855145
687730 10543717
5080839 10543718
19435825 10543722
21167159 10543734
3584998 13618359
4326025 10855374
6434534 10543749
1943292 9584760
4298515 10543752
2006250 14707082
19437571 10543765
21167160 10543781
21167161 10543782
21167162 10543785
4343254 16178149
5161838 16418434
19763347 14707126
6344989 10543811
3548690 10543814
752536 10855674
19775454 10855696
2421636 10855697
21167163 10855732
3565788 10543827
19822739 14707305
4466921 10855772
21167164 12521325
6422480 10041832
19838517 10543834
3533143 10855790
19778749 10543846
3097863 14345700
6424396 14345704
745598 10543852
5080505 10855888
21167165 13664990
5156562 10543869
4310114 10543870
19817193 13618445
5155835 13618447
6512030 14345787
14390678 14345800
5188845 14707378
19779165 14707384
3078777 14374812
21167166 14524692
6411528 10543905
6489497 16207203
19765290 16186833
1424959 10543913
19211348 10543918
3650763 14374867
1365576 10543924
797187 10543933
5064724 13618556
3477369 10041857
16381590 9584952
21167167 10543952
6530823 13618597
21167168 14345876
6520706 16418934
19443112 12820470
5099981 16207242
19761135 14980630
4455694 10543970
21167169 10543975
14395995 14345904
19750330 14524804
19457464 10543984
6389173 10543986
6468948 10543988
3318540 13618675
6363951 10543992
6522746 10543993
3579818 14374958
6355872 18141937
6546042 10544004
21167170 14345965
13618700 13618711
1919747 14345976
4307827 19093357
4497476 20836714
5107360 14707643
5073104 14374994
1970508 10544016
6465069 10544024
10479339 14346008
21167171 9985326
21167172 10544029
10484947 10544030
21167173 10544034
6500653 10544040
764431 10544042
6461224 14375077
21167174 15789612
1861515 16419135
4450398 10544050
6540178 10461125
6349277 10544051
4318732 10544054
3601593 10544058
2406272 9985339
14363076 10544065
3634221 10544066
21167175 10544067
11870372 9985346
21167176 14346089
16346854 10544076
6522905 10544077
3078788 13665064
19733767 10544080
6446808 9985386
6470942 10544082
3580544 10544084
3646460 10544085
6356986 10544087
21167177 10544088
19798205 14375173
5169446 14375183
652501 10544095
6352889 10544097
19751302 12184525
531138 9985453
8477573 10544106
21167178 16419282
8425206 10544112
4378568 9585181
3491002 9585182
3566138 12184555
2022330 10855934
19446470 9585192
5072631 10855961
6377104 10855965
296993 10544130
3534653 10855974
21036745 10544133
14658199 9585204
4381027 10855987
19446468 10855988
19740142 10856006
21167179 10856010
4950515 10856017
756699 10544144
14367520 10544150
1108354 10856111
14373215 9985637
746407 9985639
3564743 10544159
6407956 9985684
1765910 10856151
12617818 10544164
3607630 10544177
21167180 10544178
4378660 10544179
21167181 9985720
19791490 10856265
815149 10856298
19755436 9985738
662738 9985746
10204069 10544196
6545528 10544197
19463584 10544199
19834146 10544201
4300394 10544209
4294718 16419468
3587400 10544221
4339297 10544224
3610919 9585317
673918 10544236
3062130 10856583
5156100 10856639
3604994 10544249
1590385 10544266
6336580 10856838
6407779 10544276
5162990 10544279
21167182 10544286
3085953 10856975
888873 10544296
19211301 10544300
19739653 10544302
5160522 10544305
483460 10857047
545952 10857049
16345700 10544310
4381922 10045170
14356399 10544311
21167183 10544312
14391321 10544314
2322456 10544315
6530853 10857100
19211271 10857128
19807550 10461176
19798760 9986961
3093066 9585463
21167184 9585467
3648109 14346250
2442530 10857204
6502130 9585479
6501484 13619597
19827476 10857259
5109012 10544340
4466212 10857271
14377588 10461186
5100146 10857407
2471171 16178936
2347169 10045190
1421585 10857431
816590 10857470
4374371 14377616
19790623 10857491
4368801 9987402
21167185 20830049
19456538 10857514
21167186 10857520
824242 16178996
14355522 10544388
21167187 10544390
6547872 10544391
19741537 10857574
19735809 10544396
21167188 10857612
3121373 10544406
3570685 10544414
5081052 20830057
4451623 9987478
1860986 18142696
19747297 10544425
14389763 10544434
19455026 14378268
6480292 10045215
5163805 10461216
6453833 10544445
10528970 16207601
5078268 13619779
5153649 10544465
4370764 10544467
4467887 10544468
806594 16179059
21167189 14378746
6516533 13619788
17176094 10544478
4242958 10045223
6359094 10461219
21167190 10544481
21167191 10544483
21167192 14378997
5181168 10544491
774912 14346490
21167193 10544494
19739110 9987690
6425479 14346511
4454521 10544502
6340585 14346530
3721090 14346533
19459980 10544506
21167194 10544508
19810497 14346566
16340799 10544514
19824649 9987715
21167195 9987721
3620958 19468240
5086122 10544543
4501166 10544545
6447438 10544547
4470047 20836751
6393010 10045242
4450475 20995235
8468331 10544561
5076466 16207674
3609002 10544569
4475235 12518093
3104556 20836756
3600623 10544578
5160776 10544584
6405204 10461231
813143 10857617
6446051 9585698
14406290 10591025
3565150 14346838
6461542 10544589
6394175 10591035
6539502 10544590
14365424 10544591
5169453 10857824
3550073 10857850
21167196 10857854
21167197 10045293
19446618 10857855
6441037 10544592
21167198 10857967
6391599 10544594
6528949 10858036
21167199 10858078
3652649 10858098
5154581 10858115
12753193 16207769
5174061 10858149
4378555 10858166
21167200 10858171
19768189 14346996
2493775 9988460
6514800 10591078
4379444 10591085
1969927 13620183
6414543 10544600
3099447 19476941
1787402 19476977
6532901 10858214
6553465 10544603
14374082 12188744
1842249 16207808
19817699 16419770
5189184 10858220
19817561 16419771
6431117 10544604
6548838 13620342
6547624 10591109
10204063 10858228
19757290 10461241
6479717 9988630
3578292 10591112
19764665 9988654
6373831 10858232
4367446 9988695
6337472 10591113
5153752 14347286
6556214 14347292
14976496 14382477
19457521 9988722
19783643 10591128
778334 10858234
1359301 10591130
19424934 10858235
5041326 12184619
19211180 14347337
19766350 10045355
754305 10858238
4459494 9586016
549657 13620486
4449416 10045362
21167201 21167202
6499155 14347404
21167203 14347405
3623449 12188750
19840557 16186917
745840 9586038
4343913 12820582
733589 9988737
6341320 14382990
19751894 10045368
19462325 15790090
6402433 10858246
6455287 12184621
19463242 16186923
6548735 14347434
919744 10544612
19770291 10591141
724077 14525298
6465005 9988819
21167204 9988825
5163694 9988853
3077086 12184628
6461404 14383318
11919841 10544616
6482579 9989016
6393654 9989024
19211177 9586122
5183692 12188757
8470436 19478623
4371559 16420395
5079539 12184638
6525325 10591163
6438513 13620813
748301 10858288
4334993 10591164
6477997 13620821
4381758 10858289
1969877 10858291
1885851 15862264
21167205 18401297
5170921 14347923
6477018 14347931
3590656 13620886
21167206 10858295
1366487 16420545
2391248 10461257
6433719 13621054
6386028 10544641
4470490 10544643
21167207 10544645
3597663 10544648
19458978 10544649
19422582 10544650
5067337 14384462
10204070 16420690
21167208 10544657
3591870 10544658
19455972 10544661
21167209 10544662
21167210 19093739
21167211 10544667
14376134 10544668
5167950 14348144
4377260 14348152
1931505 10544670
21167212 10544676
6494703 14348225
5109181 10544698
6410920 9586265
3085945 13621450
4381924 10544701
1387793 9989324
6336839 10544702
19831417 14384802
6391652 14348244
14372886 10544703
19421706 9586267
21167213 13621467
3062975 14384890
21167214 14348252
3077010 10544713
4465607 10544715
6527692 10544716
704145 10544721
5098248 16421013
21167215 9989392
14364061 10544730
3598617 10544734
4948025 14348344
6414220 14348361
6498217 16421133
21167216 9989468
3627477 9989489
12618804 15790390
19774866 16421225
779203 10045456
6487566 16207968
3590550 10544768
19772621 14348471
19766497 21167217
6417110 9586337
6340540 16421385
1482543 14348487
21167218 10544793
3493154 14385768
16342310 10544799
6507909 14385812
13625445 14385821
5084004 10544802
19821131 14348565
502594 10544813
6556463 10461396
8469536 14385954
5063855 9989688
3494260 9989694
3540614 9989704
6343722 10544826
5065842 12242919
19221422 12242949
3595668 12242963
6456537 10544838
1964233 10544841
21167219 14348596
19829300 10544843
4458263 9586406
19781434 14386212
19805071 14348603
2336918 14527557
5108420 10544849
5158023 12243017
4368389 10544851
19755081 10544852
6477119 10046396
6529314 9989746
11829349 10544856
19727309 10544857
3621057 10544858
3610178 10544859
19724157 10544861
6551118 13622776
14362170 10544874
6386123 10544878
19427878 16421729
14368150 10544879
16387402 14348711
4948392 14348734
11853949 10544885
820425 14386639
919072 14386649
19810601 14527651
16340291 10544892
6448830 10544894
3738618 10544905
6473089 10544906
759072 14348791
19814850 9989790
21167220 14348802
1970779 14527748
638995 10544926
6505206 10461400
16346622 10544927
6408724 13623061
19831561 10544935
3108025 10544936
19441874 13623081
21167221 14348869
21167222 16180173
3576744 10461406
16382089 9989913
5150988 9586486
21167223 10544978
3074740 9586499
21084236 10544981
19784504 10544984
19785325 10544986
21167224 13623213
816039 10544988
19829840 10461423
6485487 14349034
10481412 14527944
4480245 14527954
3729213 14527960
6516033 9989988
19802279 10545000
6454777 9990012
6381777 9990016
21167225 14528012
19814756 14349081
6502640 15790498
576014 9586528
900532 14528073
21167226 9586535
3101909 14528096
19746021 14349155
3639906 13623324
4955393 10545037
3609591 10545053
16302687 9990424
4484202 12426860
6530319 10545057
6485723 14528198
6409208 14388651
19755712 13623363
810685 14349206
1886554 14528204
6431909 9990456
6421267 9990523
4501168 10545082
2406617 10545084
14373388 10545085
6380099 14388863
6483112 9586599
21167227 10545101
14380570 14528314
3611606 10545104
21167228 14528338
8469431 10545112
14377078 9990569
4283354 14389081
19798638 10545119
3570689 14349415
4382483 14528375
19767129 14528376
3721073 9990582
6364668 14528385
16384010 9990608
16383631 14389341
10484622 13623449
16381993 9990631
18473994 9990639
6378550 13623451
21167229 14528453
12609283 13818873
14367584 14389532
19789374 14349526
16382242 14525470
16349864 9586675
18427226 16180725
16382396 14349625
4509243 14349631
813564 9586683
21167230 14349636
6412436 9586687
3641255 14349645
4507842 14349649
5192414 14349654
6386731 14349660
19740550 9586700
21167231 10545198
19830911 10545200
4463060 10545202
5150981 14349701
1912877 14349706
19780282 14349727
4949068 14349729
16323205 14528642
5165509 14528644
4297763 10545216
3580546 10545219
1988230 10048355
21167232 10545223
4298682 10545226
6547927 10545227
21167233 14528678
3548817 10545235
19211372 10545236
3605264 10461503
19746102 10545247
1355288 10545253
2334232 14528763
5129509 10545257
6498468 10545269
3108032 10048379
19836231 14390659
5172077 10461554
4467184 9990905
3642194 14528858
6339806 13623600
702629 14390794
6550592 10545300
3241944 10545311
19771551 10545315
6487732 10545316
1141939 9586800
21167234 9990974
1958304 14528940
18473996 9586805
6515187 14528956
6366162 10461559
4372407 14528989
19850635 10545338
21167235 10545341
6470551 9991015
21167236 10545344
6363332 16422957
6495369 9586819
21167237 14391306
6501771 14529039
19452147 14529042
19211260 10545351
21167238 14529056
4458306 14529060
19778778 14529061
19746819 14529062
6512442 14529063
19718810 16422984
19766173 14391391
19777063 10545359
2264438 10545361
19778464 10048392
5082531 9586830
3089896 9991054
4515903 9991060
5105507 10545368
3186063 10545371
19755761 9991102
6340641 14529114
2454715 10545374
4290375 10545375
4333454 20755996
6542588 9991135
19775240 10545388
19757081 12243321
19211314 10545394
5079911 10048401
16377606 10545395
3767213 10545396
19755492 10545397
3482687 10545405
4325950 10545411
5179729 9586897
19732809 14529208
726850 14392071
19809239 10545422
813562 10048414
6533264 13623750
6375173 12243384
4476705 9991228
3651056 10545433
687726 10545437
19773632 10545440
19832986 10545447
19211350 10858305
3971892 16181282
6465931 14529292
2000947 12243481
19778782 10545452
4461067 12243498
6368201 14350305
3649864 12427026
6547034 10545466
5163367 14392463
5082815 10545468
3089860 10545469
3554924 10545470
5084891 10545471
6394277 10545479
16384461 14529389
5176586 10545486
4010584 10048438
21167239 9991239
6453421 14350384
3579150 10545498
19795116 10545505
6537434 10545506
4470028 20757307
5162743 14392790
6347498 10545511
5084717 14350410
6428431 16423342
19767264 13623850
4301928 10545526
6463661 16208349
18487166 14392981
4459463 10545547
21167240 14529567
6488507 14350483
3533884 14350488
19744356 10545556
14367866 10545557
6458393 10545562
6411184 14350511
6371534 13623891
4324634 14350550
2375358 9587082
19787147 14350552
1504837 10545579
6510460 10545581
16380740 14350573
4321465 10545587
6514309 14529649
19800761 14529660
2539517 10545594
753696 10545595
1388112 10545597
4373588 14350645
1382609 10545601
6510602 14393415
8470393 14350698
3583297 14350700
1373434 10048477
3610820 16423539
21167241 10545620
698752 10545627
5098020 14350770
21167242 9991606
21167243 9991610
4300396 10048480
1561630 10545637
1593693 10545638
3641369 16423577
21167244 9991679
21167245 14350824
813558 10545640
19443315 14350857
19724348 13623975
1885597 14350927
5086286 13623985
16383061 10048493
3490847 14350969
5163087 14529782
21167246 14529787
5086306 9991739
1739362 13623998
6341068 9587157
6355844 14350992
21167247 10545676
6472598 13665217
19726585 14351084
19826884 12521399
790264 14351086
1420562 14529912
4934577 14393937
6449945 14529919
6444543 10545716
6475739 14529944
3094129 13624027
6359631 10048525
6339341 10545727
19753321 10545728
19209658 10545729
14371182 14351151
19836905 14529976
3648541 14529978
8470620 10858306
19729033 10545731
3647361 10545733
3490569 10048530
6440027 10545734
19806605 14394108
3519632 10545736
6491419 14351237
6368289 10545748
6491822 10545749
6446750 10545750
6463644 10545754
6486931 10545755
14656071 10048538
21167248 21081229
766135 10545756
6376890 14351352
4501186 10545764
2233623 10545766
19723879 14351370
21157439 14351372
2322105 10048543
828887 13624081
6549946 10545779
14365036 10545781
4456395 10545788
797399 9587278
21167249 14351487
21167250 10545797
19443252 19690486
5048263 10545814
3605976 14351618
4338120 10545830
6462451 12243605
21167251 12243630
19730217 14530261
5081374 10545892
21167252 9587339
19211312 10050392
19456335 14351838
14355911 12243973
6394713 14351887
4308886 14351928
6367496 9992062
5165094 9992066
5081831 12518762
19461810 10545926
8467983 10545927
11853945 10051400
6347375 10051454
14384764 10545942
6396619 12244166
6508956 14530460
3602097 14530461
6547402 14530463
5165731 12244222
3611353 9587403
5163358 12244332
21167253 9992097
8469528 10545990
816077 14530561
19736999 14352137
19772930 10546002
4486717 10546003
3583897 14352154
4010033 14352157
6380249 14352158
4178107 10546010
21167254 9992218
19722108 9992224
16384133 10546031
5181188 14530627
2492256 12244614
823898 13624315
5082338 14530646
6513960 9992309
21167255 10858308
4455373 20760946
21167256 10546066
794184 9587476
3618927 12244757
19792113 14395694
5182846 10051507
3632379 12244783
3620435 21167257
6337009 10051513
14406452 14530835
19451006 10051518
6481589 14530844
21167258 14530860
4487993 14530867
5098726 14530868
828677 14530873
14377390 10546116
6430954 12244856
19418212 9992465
5098861 9587511
5168065 12244912
5068161 14530940
6397345 20761248
6551839 16424655
21167259 10546168
19753245 14531065
21167260 10546181
21167261 9992588
21167262 14531081
21167263 10546189
21167264 10546191
14374313 13624465
21083957 14396236
1830205 9587583
6442106 14531114
6483084 10546205
6534902 14531132
3620485 14531133
4334799 12245213
21167265 10546209
3099600 14531144
4335243 14531159
1351855 10546217
3154673 10546218
3759159 10546219
21167266 14531175
1129086 14531177
5072420 10546221
6454194 12245260
21036978 10546230
11914963 10546236
11914606 9587602
4301937 10546258
790006 14531332
14396209 9587622
3573647 9992742
2573314 13624506
1461252 14531388
5077447 9992750
1919840 9992758
19824604 12245376
12611383 10546284
3652235 14531415
18286248 14531420
4011282 9992792
21167267 10051599
4300953 9992796
3648506 14531443
14378074 14531459
3716093 9992824
10483364 9992842
5076823 14531493
1983272 9992874
11847879 14396942
21167268 10051617
21167269 14531548
19410747 14531563
14373770 14531565
19769184 14531567
6411918 14531568
3576202 14531583
11846449 20762550
4475850 14352266
6341309 9587670
5166202 14397117
4490355 12245560
296991 10546367
14400733 13624571
4473063 14397164
21167270 16425354
19816290 10546386
14822208 9993034
5128798 14531732
5181036 12427536
12067854 16187128
6476238 9587715
21167271 16425583
4253970 12245734
3591917 19482168
4496366 14531876
19754493 10546443
6448388 10461801
19211329 9993124
3597049 9993146
21167272 10546451
6470990 10546454
19806470 10546456
3089627 10461802
19763277 10546457
2479354 14531922
4943112 9993204
1970499 10546458
19726885 9993231
19760929 9587731
6496012 10461808
6402599 10546469
1843767 10546470
14364059 10546474
3563242 10546477
21167273 9587769
3610175 10546500
5080401 10546502
3618665 10546505
3092327 14532054
3769305 14397763
19773166 10546506
1397489 10546507
722393 10546513
6393501 10461814
3622651 10546516
6532831 10546520
14372015 10546525
4486753 14397865
875403 14397867
3641232 20763657
4468261 14397907
14400953 10546538
725927 10546539
3579931 10546540
3592163 10546541
5163033 14397926
2522902 14397937
3121083 14532159
16345460 9993370
14354343 9993372
3651171 10546548
2399718 9993380
4485776 9993390
3575778 9993404
12617713 10546557
6335103 9993453
5071964 10546562
1925277 14532198
3101254 9587806
3095118 14532199
19793201 21167274
19763989 21081479
5191581 10051710
662740 10546568
14358918 16208888
21167275 14532222
4502931 10051722
6448546 14398152
5104471 9587823
4477150 14532319
5109458 14532325
19462020 14398238
6342239 14398247
782135 13624765
1763498 14398248
1995734 12246122
6492987 12246131
21167276 10546629
6547696 10546630
6453989 10546632
12611936 10546639
4854528 14398336
6449856 9587847
6466223 14532400
21167277 13624839
5081017 14532467
21167278 9587870
19754537 11812641
6531594 9587872
806596 14398512
6356596 9587874
3639913 18150428
6397134 14532515
4499237 12246271
3653112 12246273
6417642 14398604
4012127 9993547
3118998 14532543
6429063 14398667
5066398 14398687
3589803 9587896
6339496 10546752
3620749 10546753
21167279 10051789
5066178 14532640
6437564 13625012
5063281 14398879
480958 10051792
3637956 14532697
1994355 10546777
19736992 10546779
16378701 16426580
5074509 10546780
6334898 16426585
3547104 10546782
2009633 13625090
4380582 10546802
6495549 13625108
6443119 10546806
5062701 14398991
1743835 13625110
19209847 14532801
5151984 20764812
19739443 9587935
6346365 10546814
717245 10546824
5191254 10546831
6484831 14399117
6479983 14532918
1596407 14399134
6510744 13652733
5129605 10546839
4503147 13625170
13836263 13625173
3589022 14532957
5077609 10546848
765388 10546851
3696242 13625229
3094536 10546860
1766107 10546862
6458574 16426821
5084977 9993561
2408224 10546868
4500256 14713120
4731187 10461846
21167280 10546885
19427876 14399388
6377169 10546889
3546803 10546892
1812307 10546893
19422186 18623856
3544647 10546895
19851998 13625320
3575241 10546900
6422563 10546904
3578299 10546909
5181983 17165134
3689271 10546913
19211250 14532998
6382371 16427054
21167281 10546920
6367442 13625385
6540700 9588003
6489259 10052362
6382952 10546937
7586936 10546939
4331977 10546941
6387413 14399551
19211137 10546942
21167282 14533053
6388312 10546948
1926533 14399589
3621998 10546952
21167283 13625443
21167284 16183694
3552484 10461857
14354139 10546968
6458177 14533089
19783724 16427234
21167285 16427242
14305553 9588034
16377797 10546975
21167286 17419373
19210171 14533118
296995 10546987
6405117 10546990
6488938 10546993
19420139 19468397
21167287 14533138
731602 10547000
19455466 10054418
5192982 14352457
4473678 14533157
19463637 14399754
6490426 13625550
899927 13625556
601110 11812659
6504835 14399794
21167288 10547028
6449592 10547029
21167289 10054428
759596 10547041
4484772 12246996
3620751 10547047
4480926 14533243
19724577 9993634
3645419 9588081
21167290 10547051
19838227 14352464
3576703 10547052
21167291 13625689
6530707 10547057
16380727 13625699
14358637 10547058
6511078 10547070
19797613 10461876
1346309 10547073
14978877 16427479
14829485 10547076
21167292 10547077
21167293 10547078
19824148 10547081
3608805 14399964
2234111 10547092
5081279 10547101
19428105 21081687
3770836 10547102
14371072 14400037
6407587 10547103
1631271 10547105
753361 10547107
471427 10547109
3530374 10547112
6398228 10547115
6488496 10547123
882172 10547125
793867 14400107
673425 10547127
3601591 10461877
21167294 10547142
2568866 10547148
1723762 10547158
8477570 10547160
5155870 10547167
3582441 10547170
1394367 10547176
5169123 10547177
5186264 10547179
5070741 10547180
5076263 10547185
19797482 10547187
813902 13625987
19769542 13625998
6414149 20766675
14405193 10547197
6535373 10547198
21167295 21081755
754886 10547218
4013535 13626049
6387681 14526303
6486002 21081758
6479478 18624028
19833477 10547231
2413038 9993686
6368163 13626115
8463986 10547245
19821500 10547249
6524218 10547250
5079176 10547259
6533961 10547264
21167296 9588213
5185846 10547266
6474862 10547268
19812047 13626167
4371489 10547270
1126689 10547276
6349223 10547279
21167297 19690836
2406615 10547292
19800662 10547293
4501194 10547296
6478423 10547299
19452178 10547300
3694566 13626246
6484925 10547301
5069558 21167298
6383225 14400646
6364080 16427932
6489396 21081790
4300200 10547302
6403253 10547303
3495908 10547308
8475411 10547311
360757 20767204
3599676 14400669
4009383 14400716
812372 10461889
821552 9588274
4378510 13626342
19426889 10547355
5171781 18624259
21167299 16187333
19725575 13626365
14356508 10547366
4470030 18150481
3495812 9993844
3610889 10547376
2033015 16428182
6528356 9588318
21167300 14401017
6350542 13626490
6420108 14401026
21167301 16428278
4332507 10547418
19782233 14401034
20070133 16428316
19450714 18624396
21167302 14401076
19451456 10547437
6388419 13626544
4501192 13626546
21167303 14401102
6439797 14401106
19773230 10547448
19440666 13626562
4473072 16428396
2318348 10547461
19457726 10461897
4381683 10547470
3598055 20981888
4482185 14533383
3629483 10547481
21167304 10547484
6494256 16428571
21167305 10547497
21167306 10547498
1783197 16187378
21167307 9994008
6540323 14352589
5185385 21167308
6531532 19690927
20070018 10547549
5170059 14533535
6342122 9588430
6334035 10547561
3604261 14533563
19747882 10547580
6417890 17165160
19810081 10054479
14371853 10547602
19460999 10547603
6340603 20998481
6440452 10547611
19409982 10547616
3624252 10547618
5071558 14533620
5175977 16428994
19758190 9588479
3101193 14401631
6471576 14401667
6376460 16429058
19776274 10547643
19407794 10547644
19823143 10547645
6415338 14533638
1994506 14401678
5172784 10547647
6373956 10547653
6552309 10547654
19798106 10547655
6347953 10547656
21167309 10547664
6385460 21167310
1984434 14533664
14375376 16429165
6491304 10547680
3573653 10547685
4477156 14401804
6337991 10547688
12618475 10547689
6544320 19247296
5181338 9588505
19454939 21035867
6449914 10547693
6511538 14533710
5183638 19247297
740802 10547717
747370 10054483
6443016 19247302
21167311 10547722
696672 10591437
21167312 13627033
21167313 14533818
19789497 10547737
6339176 10547747
6471736 10547750
19805351 10547754
4308855 10547756
5070291 10547758
10204071 10547766
6450679 10547768
19743835 10547769
3638997 10547772
21167314 10547786
3610180 10461926
21167315 9588568
6488409 9588570
21167316 9588573
19768576 10547806
15476071 14402180
1369884 10547807
18286229 9588586
19440304 10054491
4382264 10054492
4380765 10547832
18277003 10547834
5079343 10547836
21167317 10547839
5078567 10461959
6404655 14534120
6483297 16209776
3640086 10461961
21167318 9994462
14391553 20983173
6549645 10547874
3601589 10461966
19834035 10461969
19734552 10054495
6522341 14402454
6552477 10547912
6485771 10547923
6455435 10462005
19782879 10547950
19766970 10547952
19734209 10547953
21167319 10547961
14391318 10547963
3652075 10462022
21167320 10547964
21167321 10547965
21167322 10547974
3078774 10547984
19718596 10547989
19811738 10548008
10204074 19094080
6384392 13627637
744874 10548020
6542914 10548022
8463717 10548023
5166190 10548033
6451861 10548042
5084823 10548043
6350160 13627695
6433543 10548045
4513714 14402724
4481628 10548046
19789490 10548050
5184844 16154555
808581 16154557
6393664 10548051
19726787 10548054
5065659 10548055
19833547 10548056
6521275 10548058
21167323 14402749
5161422 12427754
6422049 10462027
21167324 10548062
2000825 10548067
19821259 10548072
6371952 10548073
4526276 10548075
19832508 10462042
19773049 10548084
21167325 10548085
6445328 10548087
19728458 10548097
6364257 14402856
764686 10462046
6353261 13627829
21167326 13627831
4501202 10548120
3099113 13627836
5155582 10548121
6376634 14402888
16377735 14534295
6474275 20769816
6449093 10548139
6485505 10548140
6408117 18401416
19753907 13627894
12170999 16157437
1329118 9588949
21167327 10462072
6372896 10548194
8469286 10548201
4487689 14534438
21167328 16185434
3596666 10548228
21167329 10548230
751310 10548240
6445409 10548248
5129680 10548258
21167330 10548264
19824945 21082374
6356159 10548279
888170 10548293
6386863 10548302
1341773 10548309
6476326 10057045
21167331 10548310
14362501 10548311
6462791 10591494
3650249 17096714
6402745 10548319
21167332 14403417
6505611 10548325
3564469 9995599
6439543 10548335
19744679 10548340
6398988 10462090
21167333 13628234
19786985 9995680
6372290 13628283
6468286 13628294
19725017 13628295
5170906 10462092
19817406 10548373
6456296 9995821
4010217 17097465
21167334 10858328
3539745 10548406
6526095 9995880
6518969 10548427
6452622 9995936
10526197 10548434
6547380 10548437
6510861 10548444
19828760 10548445
19826432 10548450
19719291 16210215
6520104 10548453
6460593 10548455
5100091 10548456
19446558 10548463
5076871 10548464
3653192 10548467
6435309 10548475
19765789 10057050
6475156 10548482
6538862 10548484
19739235 10548490
6554732 10548494
6392307 10548498
19808469 10548505
21167335 10548513
6554030 10548516
3068172 10548517
797336 10548518
5063969 16210240
6340911 19247573
4375309 14534932
6337727 20771849
19772136 10548529
828033 19247583
21167336 10548539
6372077 14403959
6535823 13628702
19211288 14404054
6498905 12427800
3582464 10548592
6501175 21167337
3650162 10591527
19834081 10548594
19744008 10548595
19818118 10548596
21167338 10548597
5173110 9996299
6483237 17098899
827806 10548605
4015596 13628758
19211358 13628761
19818357 10057058
6468405 14404102
19797487 10548621
6457172 10548623
6333572 17099237
10204066 10548631
4337084 10548638
5108407 10548639
19211352 10548643
12619234 10057060
21167339 17099668
689106 10548653
19832262 10548659
19783930 10548667
6368020 10548671
4497727 10548676
6348160 19247701
6359137 20772566
5083667 10548703
5179053 20772822
18288070 9996374
4324613 10548716
5066425 9996382
585957 10548718
578545 10548726
14368626 10548747
6516273 12188780
19789790 10591541
6414440 21082679
19211336 10548753
19768421 10057064
19211279 10548757
19765363 19247815
19457825 20999172
19732478 10548777
5186014 21082713
3601305 21082719
15519459 21167340
3621535 9589639
4008704 9589674
6391753 10548828
3093606 10548832
3610832 16429429
3589102 10548846
19829146 21082818
4299333 10858337
19449687 16210451
6415033 13629286
16381986 10548872
19789530 10057067
971451 10548873
4332363 10548878
21167341 10548906
14364606 10548909
21167342 10548921
3580397 10548937
6360736 14404682
6441566 20773790
3570225 10104720
745136 10548950
6457695 10462158
6549834 13665715
6468381 9996646
19727668 9996650
3620753 10462162
19407410 9996658
6529794 17886129
6435058 10548958
5106349 9996677
5077109 10548960
5168208 14404767
6523007 10548973
3571493 10548977
10204068 10548990
6368216 18401539
6477426 10548997
14393816 10107635
21167343 10549004
6346486 10549012
19211220 10549014
19433795 10107636
16247468 10549017
21167344 10549019
19797500 21083033
21167345 10549020
11853946 10549021
21167346 10549023
21167347 10549041
6387869 9590051
4344258 10549080
12730445 10549087
6543901 10549088
3602697 10462199
21167348 10549100
6428900 10549108
2491335 10549115
21167349 14405121
3625443 19692424
21167350 17165204
19442135 13629819
21167351 14405124
21167352 16429682
6506170 10549125
6364894 16210639
3716495 9997002
3569035 10549156
6441173 17165272
6356706 16429866
4301990 9997053
19836582 21167353
3639908 9590236
5065382 16429910
12065548 16429918
6418980 13629975
19823317 10549222
4495063 13630000
6376131 9590245
5074231 14405431
3596333 10591632
19452115 10549236
19456384 10549237
4506046 10549240
15510365 9997140
5063230 19248342
19457686 10462243
4012251 13681720
6345605 9590285
3566135 10549260
6359879 21083350
6489848 9997225
3517550 10549269
11830755 10462273
4967826 14405558
6524602 21167354
19743792 10462274
6386978 10462284
6460157 21167355
6413521 21167356
21167357 10549294
10204061 10549295
6434712 21083386
19450996 16430124
21167358 10549300
3108030 10549305
6444438 10549309
3566140 10549315
6541042 13630170
1884374 16430179
14367611 10549348
6353422 19248418
6546393 21083448
1929400 10549367
19816075 20775332
3587770 10549408
6443481 12521592
13622262 10549423
6443657 12521621
19740324 9997648
6534157 20775470
1352051 10549441
19803113 10549446
6473541 9997728
6355449 10549455
19464402 10549456
6422868 10549458
6467754 10549464
3545783 10549469
1460969 19248497
5191914 9590594
6475902 10549500
14396480 9997794
3113693 9997802
4506588 9997804
21167359 14353309
3081435 10549515
815147 10549517
21037021 10591676
6457362 10549523
19457578 10549526
6548663 9590625
6456369 10549527
6415680 10549528
6450975 20775718
19730851 10549538
19792167 9997852
6355081 20775804
6395564 10549559
19760264 9997862
10502166 10549567
6346221 10549568
6395140 10549577
6550790 10549581
19830883 10549588
19727344 10112441
4296932 10549613
19823820 10549618
746094 10549632
3591383 10549634
3586688 9997882
4298014 10462482
14394436 21167360
6536225 9997933
6496815 20999679
6344541 13630644
6443443 13630648
19211275 10549644
