21737795 21737796
21485405 19122701
21485406 12683126
21485408 21485409
21737797 21737798
21737799 21737800
21485414 21485415
21485890 12685044
21485416 12685044
21486960 12685044
21485418 21485419
15924155 21737801
21737802 21737803
21737804 9465779
21485424 21485425
21485426 21485425
21489704 19119425
15936390 4370403
21486972 21737805
21485428 19608916
21485429 15890613
16510658 21737806
21737807 21737808
12636373 16512732
21485432 21485431
21737809 21485431
21485455 15890771
21737810 21737811
21737812 21737811
14814196 15890843
21737813 2646805
21485436 2646805
21485437 2646805
21485438 2646805
15960184 19608946
21485444 2673231
21485445 2673231
14998986 2673231
21488109 2673231
21485446 2677703
2683488 2677703
21485447 2677703
21485448 2677703
16510911 12683534
16510809 12683534
16017206 15991158
15965927 15891161
21485784 21737814
21737815 21737816
3894937 15891174
21485456 21485457
21485467 21485459
21485461 15891190
21485465 21485466
21485504 21485468
15991158 15891230
15923952 15891234
21737817 21737818
21485469 3958668
21485430 21737819
3916739 1078197
2619597 1078197
21737820 21737821
21737822 21737821
21485509 21488584
21486239 21737823
21737824 21737825
21737826 21737827
21737828 21737829
21737830 21737831
21488561 21485475
21485476 19120446
21485477 21485478
21485458 21485480
21485483 21485482
14592441 2614531
15961968 15961967
21485472 21485487
21737832 21485489
21485488 21485489
21737833 12684707
21485490 5149199
21737834 15891709
21737835 21737836
21737837 21737836
21485491 1180819
21485492 20401710
2732674 20401710
15891914 15891909
21737838 21737839
13638068 1083115
21485496 1083115
21485497 1083115
21485498 1083115
21485499 1083115
21485500 1083115
21485501 1083115
1092280 1083115
15961968 21737840
1077494 21737841
15923937 15915429
15930691 16013029
21737842 21737843
21737844 21737845
21737846 21737847
21737848 21737847
21737849 21485505
21737850 21485505
21737851 21737852
21737853 21737854
21737855 21737856
15936665 15936664
21737857 15891101
15960633 15960632
21737858 21485510
21488584 21737859
21737860 12681865
21737861 21485514
21737862 21485514
15028973 12682922
21485516 19609003
21485517 21485518
1077466 1078221
21737863 21737864
21737865 21737866
21485528 19609033
21485529 19609033
21737867 21737868
21737869 21737870
21737871 1180923
21485540 21485541
21737872 19609048
21737873 19609056
21485549 19609056
21737874 21737875
16510756 21485550
15102387 21485550
21485555 1181049
19693725 1181049
21485556 1181049
21485557 1181049
15892861 1181049
21485558 1181049
21485559 16505410
21485560 15893370
21485563 21485564
21485565 21485564
21737876 21485567
21485566 21485567
21485568 21485569
21737877 21737878
21737879 21737880
21737881 21737880
21485570 21485571
21485572 21485573
21485575 13642009
21485576 21485577
21737882 12683046
21488742 21737883
21737884 21737885
21737886 21737887
21737888 15894511
21737889 21737890
21485586 21485587
21737891 4112379
21485597 21485598
15940119 21485599
21487086 21485599
21487087 21485599
21486865 15969027
21486866 15969027
15969029 15969027
21486099 15969027
15947045 15982521
15947046 15982521
16003187 21487002
21485617 21485618
21485619 21485620
20063798 21485621
19613228 20058454
20061592 21737892
20060728 20057300
20061519 20057300
21485630 20059205
21737893 21485624
20067644 21485625
20058300 20058574
20061553 21737894
20061582 21737895
20064770 21737896
19229360 20067132
20062189 21485629
20064076 21737897
20062235 21737898
21737899 21737900
20066207 19609145
19227439 21737901
20065903 21485634
21485637 21485638
20064029 20059211
21485643 15894755
18272396 15894755
21485645 2679435
21737902 2679435
15832926 2679435
21485646 2679435
5147405 5148430
21485647 21485648
21485649 1078904
21737903 12682881
21737904 2683112
21485652 12681083
21737905 12681083
21737906 12681083
21737907 21737908
21488492 12681595
21485654 21485655
21485660 21485661
16013864 1078135
16006757 16518756
21737909 16518756
1084018 12682397
15957987 19121729
21485667 21485668
21485669 21485668
21487572 2664997
21737910 21485670
2650951 5150653
21485671 21485672
21737911 21737912
1077480 21737913
21485673 21485674
21737914 15895152
21737915 19124877
21489830 21485676
1077492 21485676
21485679 19121551
21485680 13637620
21485681 13637620
21485682 21485683
21485684 21485683
21485685 21485683
21485688 21485687
20057890 19609226
20059163 19609226
21485691 21485690
21737916 16505921
21485692 12684949
2660347 12684949
13632723 2705721
4088298 19122394
15943044 21485694
21737917 20411171
21485695 20411171
21485664 5148663
19612855 5147041
21485697 5147041
5173467 21737918
2621769 21737919
15961618 16513502
21737920 16507053
5148440 3891265
21737921 21485699
13632649 16514815
21737922 21737923
1099115 3935734
20061358 13972557
5173467 21737924
21485706 19609283
21485707 19609283
14783402 12685035
14413933 12685035
13633546 15896172
21487866 21737925
21485710 14789393
21485711 16508129
21737926 21737927
21485714 12683077
1077745 12683077
21485715 12683077
21737928 19125285
21737929 12683754
16510844 19609294
21485718 2665939
21737930 21737931
21485720 19609303
21485724 21485725
21485728 21485729
21486131 12683061
21737932 12683061
21485735 21485736
21485737 21485738
21485739 21485738
21485740 21485738
21737933 21485738
21485741 21485738
21485742 21485743
21485744 21485745
21737934 21485745
21485749 1180703
21737935 21737936
21485760 21485761
21485762 21485761
21737937 21737938
2755270 21737939
2755486 21737940
21485765 13633562
21737941 21737942
2761244 2757231
21485773 21485767
21737943 2760479
2753966 2757859
2758854 21485768
21737944 21737945
2625667 21485770
21737946 21737947
21737948 2758412
1077565 21485771
2756234 21485772
21737949 21737950
21737951 21485774
2756707 21485775
21485777 21485778
21737952 21485778
21485779 15897131
21485780 15897131
21485781 21485782
21485783 21485782
15960655 1078518
15953564 1078518
21485786 19609374
21737953 21737954
21485789 21485790
21485791 21485790
21485792 21485790
21485793 21485790
21485799 21485800
14806595 14805122
21486522 21737955
20061545 19609388
21488323 15891648
15928452 15891648
20057963 19227570
20065112 21485804
15922947 21485806
19227437 21737956
20062273 19227564
21737957 21737958
20061474 21737959
21737960 19227471
20061534 21737961
19699774 19699613
21737962 19699613
19702303 19699613
21737963 19699613
21737964 19699613
21485809 19699613
21485810 19699613
21485811 19699613
20061368 20067536
19610557 20067536
21486870 15913721
15955099 15913721
15902929 15913721
20063171 21737965
21485812 1069133
20063915 21737966
20060836 21737967
20063198 19227464
21485815 21485814
20058000 21737968
20065109 21737969
1077470 19609411
20058376 21485818
20058095 21737970
19227568 21737971
21485821 20066866
21737972 21737973
21485822 21485823
21485824 21485825
21737974 21737975
21737976 21737977
21485845 21485846
21485847 19609427
21485850 21485851
21485854 21485855
21485861 21485862
21485866 21485864
21485869 21485870
21485871 21485872
19707414 21485873
21485874 21485875
21485876 21485877
12154271 21485878
21485881 21485882
21485883 21485884
21485885 21485884
21485886 21485887
21485892 21485893
21485899 19609466
21485900 21485901
21485904 21485905
21485906 20419591
21737978 21737979
21485912 21485913
21485856 21737980
16018916 21737981
21737982 21737983
21485914 15898061
21485915 15898061
21737984 16508903
21485916 20420499
21485917 20420499
21485918 21485919
21485920 21485921
21737985 2685860
21489231 2685860
21737986 2685860
15974515 21485922
21485923 1180832
21485924 1180832
21485925 15898710
21737987 2754875
21485926 21485927
21737988 21737989
21737990 21737989
15100603 21737991
21737992 21737993
16511549 16516148
21485928 16516148
21737994 16516148
21737995 21737996
21737997 21737996
21485931 21485932
21485933 21485934
16519027 2618462
19700152 21737998
21485939 21485940
21485941 21485942
19699615 21737999
1174775 15908672
21485944 15908672
21485945 15908672
21738000 21738001
21738002 21485948
1077482 21485952
14580785 1091641
21738003 21738004
21485954 12684554
16510898 12684554
21485955 1077915
21487243 1077915
21485956 21485957
21738005 21738006
21738007 21738008
21485964 19609549
15992670 20059265
21485966 1180957
21485967 1180957
21485968 1180957
21738009 21738010
21485974 15009983
21485975 21485976
21485977 16506454
21485978 16506454
21738011 12681150
21738012 21485980
16511438 21485980
21738013 12681540
21738014 12681540
3927175 3949671
21738015 21738016
1077851 13633711
21738017 3882838
21485981 3882838
21485983 3882838
13638325 3882838
21485984 3882838
21485985 3882838
2733033 3882838
13638595 3882838
21485986 21485987
21738018 21485991
21485994 1101508
21485995 1101508
21738019 21738020
21485996 8313582
21738021 12681513
16505479 3962834
21486001 15901216
21486002 21486003
15912265 16516146
21486004 21486005
21486006 3886637
21738022 21738023
21486007 21486008
15945947 21738024
21738025 3940218
15017340 2661735
2686638 2661735
21486012 2661735
21486013 2661735
21738026 21738027
2613099 16511643
21486014 1180969
13638501 13641882
21486017 13641882
21738028 21738029
21485433 20431039
21738030 21738031
21738032 13633438
3941683 15954817
21738033 21738034
9563339 21738035
21487008 21738036
21486026 12681584
21486027 15902774
20062448 21738037
3778994 12683557
21486028 2619874
21486029 21486030
21486031 21486030
9524173 21738038
15939942 1180933
21486032 2622092
21486033 2622092
21486034 2622092
19611089 2622092
21486035 2622092
21486037 2622092
21486038 2622092
21486039 2622092
21486040 21486041
21738039 21486041
21486042 21486041
21486043 21486041
21486044 21486045
21486046 21486047
21486048 21486047
21486867 15999505
15993516 21486049
21486050 21486051
21486053 12681561
21486054 21486055
21486056 21486057
21738040 21738041
2701614 2645409
2656822 2645409
1299889 2645409
2760645 2645409
2707620 2645409
1091626 2645409
15999505 2604290
20061282 2604290
20064854 2604290
21489539 2604290
15931103 2604290
15923706 2604290
21486587 2604290
21486058 21486059
21486060 21486061
15924604 19609689
21738042 21486064
21486065 21486064
21486066 12681506
21486067 12681506
3907143 15903741
21738043 16002132
14807341 15904579
21486070 1100940
21486072 13633543
21486074 13633543
19612379 13633543
4222053 13633543
21487163 2755788
21486076 2755788
21486077 21486078
21738044 21738045
16510767 12683413
2760645 12683413
21486081 12683413
21738046 19230030
21738047 19230030
21486083 851977
15998010 21486087
21487978 21486087
15963702 21486087
21487058 21486087
21488637 21486087
21738048 21486087
15965902 21486087
21490151 21486087
21486088 2700601
21738049 21738050
21738051 2753759
2625875 1091239
19701278 1091239
15957995 1091239
2604307 1091239
3923356 1091239
21738052 21738053
20491148 21738054
21738055 21486092
21738056 21738057
21486782 19119421
21738058 21738059
21486093 21486094
21738060 21486094
21486095 21486094
15985463 13638604
21486096 13638604
21486097 13638604
21738061 19609744
21738062 19609744
1077661 21486101
15985815 3894592
21486103 12683323
20063249 19609755
21738063 1064249
21738064 19700138
21738065 1180673
2616442 1180673
5148787 1078249
14776558 21486105
2699630 1170635
21486106 1170635
21486107 21486108
21486109 1062871
21738066 1062871
21486110 1062871
2754444 2761183
3958644 12681557
21486114 12681557
21486115 12681557
21486116 12681557
21486117 2696657
21486118 2696657
21486120 21486121
21486122 21486123
21486124 21486123
21738067 19609787
21485958 21486125
21486126 16516797
1086491 1078179
21486129 21486130
20064973 12685127
20067550 12685127
16510811 21486132
21738068 21738069
2655492 21738070
21738071 21738070
21738072 2761191
21738073 2761191
21486676 21738074
21486134 21486135
1086047 3776617
2676082 12682703
15910516 3940642
2705691 2712319
15928668 21486137
21486138 12681658
21486139 12681658
21738075 12681658
21738076 15906965
21486140 15906965
21486141 21486142
21738077 1078231
21486143 1078231
19708627 1078231
21486144 1078231
21486145 21486146
21486147 21486146
21486148 19609823
21486149 21486150
21738078 21486150
21738079 14795547
21738080 14795547
2684082 21486155
21738081 3940460
2599405 21738082
21738083 21738084
21490046 21486156
19611103 19609834
20060008 19609834
20067670 19609834
20066854 19609834
21486158 21486159
21486160 12683104
21486161 12683104
21486162 12683104
21486163 12683104
21486164 12683104
21486165 12683104
14555614 3887467
21486166 3887467
21486167 1097120
21486818 1097120
21486168 1097120
3908731 15907333
21486169 15907333
2620387 21486170
21738085 21738086
21738087 4065098
15009523 19609859
21486173 14773562
18261637 14773562
21738088 21738089
21486174 21486175
21486176 21486175
21486177 1091600
21486178 1091600
1077797 1091600
21486179 1091600
21486180 1091600
21486181 1091600
21486182 1091600
21486183 1091600
21486184 1091600
21486185 21486186
21486189 1091028
21486190 1091028
21486191 1091028
21486192 1091028
21486193 1091028
21486194 1091028
21486195 1091028
21486196 1091028
21486197 1091028
21486198 1091028
21486199 1091028
21486200 1091028
21486201 2620568
18266265 2620568
21486202 2620568
21486203 2620568
21486204 2620568
21486205 2620566
21486207 2620566
14758850 15907493
21486208 15907493
21486209 15907493
21486210 15907493
21486211 15907493
21487319 15907493
21488065 21738090
21487094 21738091
21738092 12684828
21486213 4276905
21486214 4276905
15929375 4276905
19615348 4276905
16003294 4276905
2670196 2668329
2615343 2666627
15949072 2666627
21485513 12681059
2606845 1170574
21486219 21486220
21486221 21486222
21486223 21486222
3594164 1060171
4473174 1060171
16002964 1060171
21738093 1060171
16002310 1060171
21738094 1060171
4377796 1180735
21486224 1180735
21486225 1180735
16002831 1180735
3772840 1180868
21486227 1180868
21486228 21486229
21486230 12683108
21486231 12683108
21486232 12683108
21486233 12683108
21486234 12683108
21486235 12683108
21486236 12683108
21486237 12683108
16014106 20061282
20057401 21738095
20066054 21738096
1077729 21486240
16003302 21486242
21486243 1293707
21487536 21486244
21486245 21486244
21738097 21486244
21738098 20442153
21486246 14783088
21486247 13753445
21486248 13753445
21486249 1062217
21486250 1062217
21486251 1062217
21486252 1062217
21738099 21738100
21486253 21486254
1093158 21486256
21486257 15907897
21486258 21486259
21486260 19610015
21486261 19610015
21486262 19610015
21486263 2620426
21486264 2620426
21486768 12682711
21486266 21486267
21486268 21486269
21738101 21738102
21738103 21738102
1077691 21738104
21486274 14758456
16510947 21738105
21738106 21738107
21486277 21486278
21486279 21486278
21486280 21486278
21486281 21486282
21486283 21486284
21486285 13633586
21486286 13633586
21486289 21486290
21486291 1181659
21486292 21486293
1083840 1078127
21486294 1078127
21738108 21738109
21489309 21738110
21486295 21486296
21486297 21486298
21486300 21486301
19915226 21738111
13639423 13641933
1092266 21486305
21486306 21486307
21486310 21486311
21486312 16511286
15103570 16511286
1077705 21738112
21738113 21738114
21738115 21738116
3890109 21486316
21486317 21486318
21738117 2656309
1077591 21738118
21486322 14758092
21486323 14758092
21738119 14792918
21486324 14792918
21486325 14792918
21486326 14792918
21738120 14792918
21486327 14792918
21486328 14786148
21486329 14786148
21738121 1097805
2620535 1097805
21486331 1097805
21738122 14767475
1105830 14767475
21486332 14767475
21486333 21486334
21486335 21486336
21486337 21486336
21486338 14772362
21486339 14772365
21486340 14772365
2626539 21486341
21486342 21486341
21486343 21486341
21486344 21486345
2651152 12683423
21486346 12683423
20571169 16512221
21486347 16512221
2760522 12683293
19616465 12683293
21738123 2666876
21738124 2666876
21738125 2666876
21738126 19125299
21738127 21738128
21738129 21738130
21738131 12681580
21738132 21738133
1077523 21738134
21738135 21738136
21738137 19121431
21738138 21486356
21486360 21486361
21486362 21738139
9524173 21738140
21486366 12682935
21486367 12682935
21486368 12682935
21486369 12682935
21738141 21738142
21738143 21738142
21738144 21738145
15889545 21738146
21486371 21486372
21738147 21738148
21738149 21738150
21738151 21738152
21486375 21486374
21486376 12683114
21486377 12683114
21486378 12683114
21486379 12683114
21486380 12683114
21486381 12683114
21486382 12683114
21486383 12683114
21486384 12683114
1085973 21738153
21486385 19610193
21738154 21738155
21738156 21486387
21486386 21486387
21738157 21738158
15911938 2608295
1082525 2608295
1077490 2608295
21486389 2608295
21486390 2608295
13632725 2608295
16014343 2608295
21486391 21486392
21486393 12683205
21486394 21486395
21738159 21738160
21486396 19610217
21738161 13633517
21738162 13633517
21486397 13633517
15994621 21486399
21486400 15909564
21738163 21486405
21486409 12682908
21486063 12682908
8313591 12682908
21486410 12682908
12682132 12682808
15908009 12682773
21486411 12682773
21486412 12682773
21486413 16507603
21486414 16507603
21486415 16507603
21485970 15004974
2615399 21486418
21738164 21738165
21738166 21738167
21738168 21738169
21486423 21486424
15328994 21486425
21738170 21738171
21486426 21486427
1077659 21486427
21486429 21486427
21486445 21738172
21738173 21738174
21738175 21738176
21486431 21486432
21486433 21486432
21486434 21486432
21738177 21486432
2758186 21486435
21738178 2760062
2757628 21486436
21738179 21738180
21486439 21486440
9484905 15955047
21486442 12681941
21738181 21738182
21487949 21738183
21738184 21738185
21738186 21486446
21738187 21738188
21738189 21738190
21738191 21486447
21738192 21738193
21486448 21486449
21486450 21486449
15956756 21486449
21486451 21486452
21738194 21738195
21738196 21738197
21738198 21738199
21486456 21486457
21738200 21738201
21738202 21738203
21738204 21738205
2615399 21738206
21738207 12681588
21738208 21738209
21486089 2754465
21486419 15910459
21486460 21486461
21738210 21738211
21738212 21738213
19700449 21486466
20065453 12683272
16503255 3955492
15896984 2758983
21738214 2758983
21738215 21738216
20065060 20063104
21486468 15910852
21486469 15910852
21486471 15910852
21738217 21738218
21738219 21738220
21738221 1180770
2749798 1180770
21486472 1180770
2749470 1180770
2626088 1180770
21738222 4246772
2667951 2677687
21486473 2677687
21738223 21486474
21738224 1180824
4222435 1180824
21488173 3934067
21486441 21738225
2754715 21738226
21738227 12681597
18681405 21486481
21738228 21738229
21738230 21738229
21738231 21738229
21486482 21486483
21738232 21486483
21738233 2610948
21738234 21738235
21490380 21738236
21487172 21486484
21738237 21486486
21486487 21486488
21738238 21738239
21490180 21738240
15937248 21738241
21738242 21738243
3923550 13638760
20603990 21738244
21486171 9501188
21487814 21738245
21738246 21738247
21738248 13642002
1077869 15911807
1085823 12684537
21486493 21486494
15925933 21486495
15925931 21486495
21738249 21738250
21486496 2712052
21486497 13633710
21738251 12683128
21738252 21486499
21738253 21738254
21738255 21738256
21486500 21486501
21486502 21486501
2711329 12683130
21486504 4247852
21486505 4247852
21486506 4247852
21486507 4247852
21486508 4247852
21738257 12681582
21486509 15912782
21486510 15912782
21486511 15912782
21486512 15912782
21486513 15912782
20612008 15912782
21486514 15912782
19693299 19693662
21486515 21486516
21486517 4068826
21486518 20451384
21486519 21486520
21486521 21486520
21738258 21486520
21738259 1180815
21486523 1180815
1061257 1180815
21738260 1180815
21486524 12681518
21486525 12683134
21486526 12683134
1099636 12683134
21486527 12683134
13641916 2659430
13641659 2659430
21738261 12683379
21738262 21738263
21738264 21738265
21738266 21738267
21738268 21738269
21738270 21486529
21738271 21486529
21486530 2618086
21738272 16520432
21486532 21486533
3897549 21486533
21486534 16514177
21486535 16514177
21486536 16514177
21486537 16514177
21486538 16514177
21486539 16514177
21486540 16514177
21486541 16514177
21486542 16514177
21486543 16514177
21486544 16514177
21486545 16514177
21486548 2684654
21738273 2684654
21486550 2684654
21486551 2684654
21487583 1100409
16509018 12683199
21738274 21486553
21738275 15914044
21738276 15914044
21738277 15914044
21486558 21486559
21738278 21738279
21486560 21486561
21486562 21486563
21486564 21486565
21486566 21486567
21738280 21738281
21738282 21738283
21738284 21738285
21738286 21738287
21487769 21486568
21486570 21486571
21738288 21486573
21486572 21486573
21738289 21738290
21738291 21738290
21486574 21486575
3981701 21486576
21738292 21738293
21738294 21738295
21738296 21738297
21738298 21738299
14807123 21738300
13638114 12683396
16006730 12683396
21486578 12683396
21738301 21738302
21738303 21738302
15948822 15915246
21488244 21738304
21738305 21738306
21486579 21486580
21486581 21486580
21738307 21486580
21486582 21486583
21738308 21486583
21485803 15972330
21485813 15972330
21738309 21738310
21486588 1180699
21486589 15915399
21486591 12682351
21486592 12682351
21738311 21738312
21738313 21738314
21738315 21738316
21486604 21486605
21486606 21486605
21738317 19119972
21486569 21738318
21738319 21738320
21738321 21738322
21486609 21486610
21486624 2620913
21486625 21486626
21486627 21486626
21486628 21486626
21486629 21486626
21486630 21486626
21486631 21486626
21486632 21486626
21486633 21486626
21738323 21738324
1077531 21738324
21738325 21738326
21738327 21738328
21738329 1853129
21486638 15010071
19614486 15010071
21486639 21486640
15916958 21486643
21738330 21738331
21738332 21738333
21738334 21738335
21738336 21738337
21738338 21738339
21738340 21738339
21738341 19610484
1077737 19610484
21738342 19610484
21738343 21738344
21486644 21738275
21738345 21738346
21487802 21486648
21486647 21486648
21486649 21486648
21486650 21486648
21738347 21486648
21486651 21486648
21486652 21486648
21486653 21486648
13640397 2626023
16809176 2626023
21486654 2626023
15925483 21738348
21488381 13633555
21486655 2715714
21738349 21486670
21738350 19610511
21486672 4102816
15938397 4102816
1077757 4102816
21486675 852247
2675674 852247
21486479 852247
21489336 15918041
1092234 15918041
21486681 15918041
21486682 21486683
15929691 21738351
21486684 21486685
15956541 3940223
21486686 21486687
21486688 21486687
21738352 2666238
21486689 2666238
14567900 2666238
1299887 2666238
16504168 2666238
21738353 21738354
21485578 20064854
21485599 20064854
21486880 20064854
21488170 20064854
21488416 20064854
21488524 20064854
21489029 20064854
21489568 20064854
21486690 12683153
15918428 15918429
21738355 15918429
21486692 20466889
21738356 21738357
21738358 21738359
21738360 21738361
21486693 21486694
21486697 2703242
21738362 21738363
21738364 2654807
2759689 21738365
21738366 2753626
2753567 2753626
2754356 2753564
21738367 21738368
21486703 20468405
21738369 21486704
21738370 21486704
21738371 21738372
19701596 21738372
21486706 21486707
21486710 21486711
21486712 21486713
21738373 21738374
21486714 21486715
21486717 21486718
21738375 21738376
21738377 21738378
21486719 1169932
16503814 1169932
21486720 1169932
21486721 1169932
21485659 21485658
2757059 2754920
21486722 21486723
21486724 21486723
21486725 21486723
21486726 21486723
21486727 21486723
21486730 3931001
21738379 21738380
21738381 2676215
21738382 21738383
21738384 21486732
21738385 21486732
21486736 21486737
21738386 1180797
21486738 14775794
21490417 12683218
2749470 15922495
21486739 1078057
21486740 19469286
21486741 1104156
21486742 1104156
21486743 1104156
21486744 1104156
21486745 1104156
21486746 1104156
14577058 1078117
21486747 1078117
21486748 14758968
19614879 14758968
19614881 14758968
21486749 14758968
21486750 14758968
12010492 12682979
21486751 12682979
21738387 21738388
21738389 21738388
21489064 1062107
21738390 1062107
21738391 1062107
21486754 1062107
4884364 1062107
21738392 1062107
21486755 1062107
21486756 19123116
21486757 19123116
21486758 21486759
21486762 21486763
21486764 21486763
21486765 21486763
21486766 2703108
1095128 2703108
1077589 2703108
16014431 2703108
21486769 16514130
21486770 16514130
21486771 16514130
21486772 16514130
21486773 16514130
21486774 16514130
21486775 16514130
21738393 21738394
21486776 21486777
1293285 1180817
2736519 2611202
15911525 2611202
21738395 2754146
21486842 21486779
21486778 21486779
21486781 15919965
14774363 1106242
21738396 21738397
21486783 19610805
21738398 21738399
21486113 12683394
21486784 12683394
21486785 12683394
21486786 1169934
21738400 21738401
21738402 21738401
21738403 21486788
21486789 21486790
21486791 21486790
21486792 14781047
21486793 21486794
1083351 13633661
15928190 1170521
1077753 21738404
1100711 21738405
16002960 2599341
4074570 2599341
14765828 2599341
21738406 2599341
16002023 2599341
16002165 2599341
21486795 2599341
16001874 2599341
21486796 21486797
21486798 21486799
21486800 21486799
1077533 12683475
21738407 12683475
21738408 12683475
21486804 12683475
21486805 12683475
21486806 12683475
1086465 12683475
21738409 12683475
21738410 2691246
21738411 1099003
21738412 1099003
21486809 2604708
21486272 2604708
1099414 2604708
21486810 2604708
21486811 2604708
21486812 2604708
21486813 2604708
21489350 2604708
1100764 2604708
21486814 2604708
21486815 2604708
1097815 2604708
21486816 2604708
21486817 2604708
21486818 2604708
21738413 2604708
19611534 2604708
21486819 2604708
21486820 2604708
21486821 2604708
21486822 2604708
21486823 2604708
21486824 2604708
15957182 2604708
15970525 2604708
1094907 2604708
2679968 2604708
2613181 2604708
21738414 2604708
21486825 2604708
21486826 2604708
21486827 2604708
1100277 2604708
1095374 2604708
21489351 2604708
21486828 2604708
21486829 19122009
1100711 21738415
21738416 21486830
1101356 21738417
13813758 21486833
21738418 21486833
15993896 1096916
21486835 1096916
21486836 1096916
21486837 1096916
21486838 1096916
21486839 1096916
16003170 1096916
15968621 16016195
21486840 19122005
21486841 19122474
21738419 19122474
21486844 12683081
21486845 12683081
21486846 12683081
21486847 12683081
21486848 12683081
21486849 12683081
16003749 12683081
21486851 12683081
21486852 21486853
2608538 21486853
21738420 21738421
21486864 12681599
15968621 21489024
21487059 21486870
21486873 21486874
21486875 13633168
21489528 21738422
21738423 21738422
15968621 16009743
21487003 15971365
21487004 15971365
21488328 15971365
21490151 21486086
15968621 16014038
15955100 15955099
15947910 15955099
21488230 16517794
16003187 15974297
1090582 1091543
15907760 15921227
21738424 21738425
21486886 1085671
15891626 1085671
21738426 21738427
21486887 21486888
21486891 12683262
21486892 12683262
21486893 12683262
21486894 12683262
21486895 12683262
20441507 12683262
21486896 12683262
21486897 12683262
21486898 12683262
21486899 12683262
21486900 12683262
21486901 12683262
21486902 12683262
21738428 15921680
21486904 21486905
19610009 1180850
21738429 1180850
21738430 21486911
21486912 21486913
21738431 21738432
14445530 15921783
21486915 21486916
21738433 21486918
21486919 21486920
21738434 21486920
21486921 21486920
21486922 21486920
21486923 21486920
21738435 21486920
21486924 21486920
21486925 21486920
21486926 21486920
21486927 21486920
21486928 21486920
21486930 21486920
21486931 21486920
21486932 21486920
21738436 21738435
21486933 21486934
2755900 2755724
21488770 2650991
21738437 2650991
21486939 15921914
15921913 15921914
21486940 15921914
21738438 2735889
21738439 21486942
21738440 21738441
15335800 4187210
21738442 21738443
2619220 1177324
1084792 21486944
21486945 21486944
21738444 21738445
1077641 2756020
20059848 21738446
21738447 21486947
2749803 21738448
21738449 21486951
21738450 21738451
2754528 2754502
2754530 2754502
18255315 14772337
21486952 14772337
21738452 21738453
21486955 21738454
21738455 21738454
21738456 21738457
21738458 21738459
21738460 21738459
21738461 21738462
21738463 21738464
21738465 21738466
21738467 21738468
21738469 21738470
21738471 21486957
15938354 21486957
21738472 21738473
21486958 21486959
21738474 21486959
21738475 21738476
21738477 12681733
16516290 13641844
21486964 21486965
21738478 21486966
21488091 21486968
21738479 21738480
15920118 12683185
21738481 21738482
21738483 21738482
21486974 16515700
21738484 2756196
2757937 2756196
2757313 2756196
2755915 2754105
21486975 21486976
21486977 21486976
21738485 21738486
21738487 21738488
21486978 21486979
20064815 21738489
21486980 13633648
21738490 13633648
3916793 16520319
1086153 16520319
1088015 16520319
3956188 16520319
21738491 21738492
21486981 2655374
21738493 21738494
21738495 21738496
21486270 21486985
3913259 13638695
21486986 4068415
21738497 4068415
21486987 21486988
21489043 19611090
21487370 12683518
21486993 21486994
21738498 13641284
21487006 15080180
3955668 1086850
21738499 21738500
21486996 2676087
21738501 2676087
21738502 21738503
21738504 21738505
21738506 21738507
21738508 21486999
21486998 21486999
21738509 21738510
21738511 21738512
21738513 21738514
21487383 21487001
20067518 21738515
21738516 21738517
21738518 21738519
20059925 15923656
15971365 21738520
15974297 21738520
21488324 21738520
21488327 21738520
21486868 21738520
21488328 21738520
21486881 21486880
15913723 21486880
21738521 21487007
21738522 21738523
21486157 19611103
19609957 19611106
21485817 19611106
21487008 2710711
1098911 2710711
15010277 2710711
21488399 21488401
5147258 5150660
21487011 21487012
21487013 14775792
15996995 21488320
21738524 21738525
21487015 21487016
21487017 19611115
21487018 19611115
21487019 21487020
19228626 19227500
19611848 14775775
20064099 21738526
20063948 19227481
20068288 21738527
21738528 21738529
20058771 21487021
15894641 21487022
20062858 19227467
21738530 19227467
21738531 2687719
21738532 21487024
21487023 21487024
21487025 21487026
20065169 20058722
21738533 21738534
21487027 21487028
21487029 21487028
21487030 21487031
21487034 21487031
21738535 1097161
21488636 21488635
21488638 21488635
21738536 14784543
1077733 1078061
21738537 21738538
15945398 2757334
21738539 21738540
21487038 21487039
21487040 21487039
1077721 21487039
21487041 21487039
21487042 2672564
21487043 2672564
21738541 2672564
2608959 19611144
21738542 21738543
21738544 21738545
21487045 2704016
21487046 12683573
21487047 12683573
21487048 12683573
21487049 12683573
21738546 21738547
1077535 19611159
21487051 2687192
21738548 21738549
21738550 21487802
21487052 21487053
15958659 21489539
21489563 21489539
21487060 21487061
21487062 21487061
21487063 21487064
21487065 19701381
21487066 21487067
21487068 21487069
21487070 21487071
21488127 20491140
21487073 21487074
21487075 15924701
21487076 21487077
21487078 14759659
21487079 14759659
21738551 21738552
21738553 21738554
21487080 16503081
21738555 21738556
21738557 15924841
21487081 15924841
21487082 1078276
20058709 21487083
20060071 21487083
21738558 21487084
15920122 21487085
2621402 1086634
21738559 21487091
21487090 21487091
21738560 12684753
13641902 12684753
21487093 12684753
21489795 12684753
19615640 12684753
16512402 2703544
21738561 20492450
21487095 20492450
21738562 12681314
21738563 21738564
21487663 21738565
21738566 21738567
21738568 21738569
21487100 20492610
21738570 16516151
21487101 19611209
21490390 21738571
21738572 21738573
21487103 1078093
21487104 21487105
21487108 21487107
2618545 2651099
21487109 21738574
21487112 21487113
21738575 1078245
21738576 1078245
16508895 2708555
21487115 2708555
21487117 21487118
15901225 21738577
21487120 19122362
21738578 21738579
21738580 21738581
21738582 21738583
21738584 21738583
21738585 21738586
21738587 21738588
21486485 1096055
17125752 21738589
21487122 13642132
21487123 16513385
21487124 16513385
21487125 16513385
21487126 21487127
21738590 21738591
21738592 21738593
21738594 21738595
21738596 21738597
21738598 21738599
21738600 21738601
1077460 20058858
21487128 21487129
21487130 21487131
20065309 21487132
21738602 21738603
21738604 21738605
21738606 21738607
21487133 2626656
21738608 12683566
21487134 21487135
21738609 19611257
21487137 19611265
1104658 19611265
15906306 21487139
15913972 21487139
14583370 21738610
21487144 21487145
21487146 21487147
21738611 21487147
21487148 21487147
21487149 21487147
21487150 2760571
21738612 2760571
21738613 21738614
21738615 21487152
21487153 2684019
21738616 2753673
15930530 21487154
15945188 21738617
21487155 12683224
1077462 12683224
1077607 12683224
21487156 12683224
21487157 21487158
21738618 21738619
2757845 21738620
21738621 2757373
21738622 21738623
21487161 1180870
21738624 1180870
21487162 1180870
21738625 1084976
21738626 21738627
21487918 21738628
21738629 21738630
21487164 21487165
21487508 21738631
21487166 21487167
21487168 21487167
16510709 21738632
21738633 21738632
16017150 21487171
21487174 21487175
21738634 21487176
21487932 21487615
21487942 21487615
21738635 21738636
21487177 21487178
1097284 21487178
21487179 2748496
21487180 21487181
21487182 2615170
21487183 21487184
21487185 21487186
18090034 21487188
21487191 21487188
21487192 21487193
21738637 21487193
21489257 3950298
21487197 13633428
21487198 2618669
21738638 20497574
21487199 13633312
21487200 21487201
1085575 16512041
2754994 21738639
21738640 21738641
21738642 21738643
21488862 21738644
21487202 21487203
20065900 19611364
21487206 2616672
21487208 2688667
21487209 2688667
21487210 21487211
21487212 21487211
21738645 21738646
15957989 21487214
21487213 21487214
21485979 2627202
21487215 2627202
21487216 2657915
21738647 21738648
16511543 12683451
16511557 12683451
21738649 12683451
16511547 12683451
21487220 19125340
21487223 21487224
21738650 21738651
21489404 21738652
21487226 1078175
21738653 21738654
21738655 21738656
21487231 21487232
15984430 15929082
20067660 21487233
20057372 21738657
19227471 21737960
21738658 21738659
20066123 21738660
19613226 21738661
19227479 21738662
19228486 21487236
20060615 21738663
19227507 21738664
20066015 19611464
19227496 19227494
13638786 12683505
16505185 12683505
21489081 12683505
21738665 12683505
20057430 20064149
21738660 20066123
21487240 15817600
15944870 15817600
21487241 21487242
21738666 21487244
21738667 21738668
21487245 21487246
15968621 21489025
21738669 21487249
1096776 21738670
21738671 19611491
21487250 21487251
21738672 21738673
1084708 13638659
21487254 21487255
20002016 21738674
21487256 20411397
16017640 21738675
21738676 21738677
21486171 21487258
21487259 21487260
21487263 21487264
21738678 21738679
21738680 21738681
21738682 21738683
21738684 21738683
21738685 21487266
21487265 21487266
21738686 21738687
21738688 21738689
21486009 12684914
21738690 21738691
21738692 12681546
21487267 12681546
21487268 12681546
21487269 12681546
15953470 12681546
14592189 21487270
21738693 15929835
21487273 1180632
21487274 16516130
21487275 21487276
21738694 1064316
21738695 1180669
21487279 19611579
20063215 21738696
20061482 21738697
15931832 12681152
21486358 15009540
21487287 21487288
21487756 21738698
20065149 21738699
3958634 21738700
20604050 21738701
21486950 21738702
21487293 15930350
21487294 15930350
21738703 21738704
21487297 21487298
21487299 21487298
21488707 21738705
21487300 21487301
21485990 21487301
21738706 21738707
21738708 21738709
21487303 21487304
21738710 21487304
21738711 21738712
14997706 15000113
16017258 15000113
21738713 21738714
21738715 21738716
21487305 21487306
21738717 21487306
21738718 21738719
21738720 21738721
15897457 21487307
21738722 21487307
16510081 21738723
19916568 21487310
21490186 13633430
21738724 13633430
21738725 21487314
21487313 21487314
20059392 21738726
21738727 21738728
21487315 21487316
21487317 21487318
21738729 1085979
21738730 21738731
21486401 21487320
21487321 21487322
15922679 21487323
20057373 20062128
19228891 21738732
20059954 21738733
20063221 21738734
20063179 21738735
21487324 14793509
21487325 14793509
21738736 15940041
21486087 15940041
16016195 15940041
21486086 15940041
16014038 15940041
21489025 15940041
21738737 15940041
21489026 15940041
21489027 15940041
15960623 15940041
21489028 15940041
21738738 1180764
21487326 19611653
21738739 12681525
21487327 12681525
21487328 12681525
21487329 12681525
21487330 21487331
21738740 21738741
21487334 21487335
21487336 21487337
21738742 15931306
21487338 15931306
21487339 15931306
4184908 2655319
21487347 1180844
21487348 1180844
21487349 1180844
21487350 1180844
21487351 1180844
21487352 1180844
21487353 1180844
21487354 1180844
4167563 21487355
21487356 1180742
21487358 12683318
21738743 12683318
21487359 21487360
21738744 16514365
21487362 15931542
21487363 15931542
21489805 15931542
21487364 21487365
21487368 14761006
21487369 19611712
21738745 21487371
3969309 2667367
21487372 2667367
21487373 2667367
3980545 3956359
21487374 2686723
21487375 2686723
19616385 2686723
14688203 21487376
21487377 2704477
21487378 13641832
21487379 13641832
21487380 21487381
21487382 3962772
1077655 21487384
21487385 21487386
21738746 21738747
21487387 1840663
16510777 21487388
1077514 21487388
21487389 3940436
15080189 12684863
14771755 16517181
21487390 21487391
21487392 21487393
21738748 21487393
21486470 12683336
21487394 12683336
21738749 21738750
21738549 21738751
21487396 15932296
21487397 21487398
21738752 21487398
21738753 21738754
21487601 21738755
21487399 21487400
21738756 21738757
21738758 21738759
21738760 21738761
21738762 19611752
21738763 21738764
21738765 21738766
21738767 21738768
1096606 2674294
1077713 12683583
21487404 12683583
21487406 19611769
21487407 19611769
21738769 21738770
21738771 21738772
21487411 21487412
21738773 21487412
21487728 21738774
21487413 21487414
21487415 21487414
21487416 21487414
21738775 21487414
21738776 21738777
21738778 21738779
21738780 21738781
21738782 21738783
21738784 21738785
21738786 21487418
21738787 21487419
21738788 21738789
21738790 21487421
21487420 21487421
21738791 21738792
21738793 21738794
21738795 21738796
21738797 21738798
21738799 21738800
21738801 21738802
21738803 21738804
21738805 21738806
21738807 21738808
21738809 21738810
21738811 21738812
21738813 21738814
21738815 21487423
21487422 21487423
21487426 21487425
21738816 21487425
21738817 21487427
21738818 21738819
21487428 21487429
21738820 21487429
21738821 21487429
21738822 21738823
14807130 21738824
21738825 21738826
21738827 21738828
21738829 21738830
21487431 21487432
21487433 21487432
21738831 21487432
21738832 21738833
21738834 21738835
21738836 21738837
15938601 21738838
21738839 21738840
21738841 21738842
21738843 21738844
21738845 21738846
15942926 14807308
1090592 1180677
21738847 1180677
21738848 1169881
21486584 21738849
21487434 21487435
21487442 12643268
15943225 1078169
21738850 12681553
21738851 21738852
2622467 12682915
21487447 12682915
15005389 12682915
21485750 21738853
2758745 21738854
21738855 15102582
21487450 21487451
1077785 2627100
21487455 12681140
21738736 21738856
15988446 21738856
16009743 21738856
21738737 21738856
21738857 21738856
21738858 21738856
15935293 21738856
21488326 21738856
16003660 21738856
2673424 21738859
21738860 21738861
21487458 21487459
21738862 21487460
21738863 21487463
21738864 21738865
21738866 21487465
21738867 21738868
21487468 21487469
21487711 21738869
21738870 21738871
21738872 21738873
21738874 21738875
21738876 21738877
21738878 21738879
21738880 21738879
21738881 21738879
21487688 21738882
21738883 21738884
21738885 21738886
21738887 21738888
15957985 19611870
21487470 19611870
21487471 21487472
9524173 21738889
2607744 1076969
21487473 5148558
21487474 21487475
1300218 21738890
21738891 19611878
21485716 12684818
1080067 19611880
21487478 15933770
21487480 3956823
15893517 1180701
16510881 21738892
21738893 21738894
21487481 21487482
21487484 21487485
21487486 21487487
21738895 21487487
21487490 21487487
21487494 21487487
21738896 2660127
21487495 16518765
19609045 21738897
21738898 21738899
21738900 21738901
16515793 12681534
2667715 2668799
21738902 2668799
16510599 21738903
21487496 1180898
19913023 5150762
21487499 4155016
1829981 21738904
4333368 1170261
21487500 12683075
20446775 12683075
16510853 12683075
4484953 21487501
1721317 19611931
21487502 21487503
2658767 15935041
21738905 15935041
21738906 1181421
21487504 1181421
21738907 21738908
21738909 21738910
21738911 21738912
21738913 21738914
21738915 21738916
21738917 21738918
21738919 21738918
1077573 12683510
20060649 1078005
20066436 1078005
20061668 1078005
21738920 1062611
21738921 1062611
21487505 19611955
1085313 15969264
2758297 1078003
2760958 2624105
21487506 2662627
21487507 15935222
16520399 1298316
16519874 12684979
21487098 21487513
21487512 21487513
21738922 21738923
21738924 19611993
15911855 21487515
14583357 21487515
21738925 21738926
21487680 21487517
21487516 21487517
21487518 21487517
21487519 21487517
21487520 21487517
21738927 21487522
21487521 21487522
21737867 21487522
21738928 21487524
21487523 21487524
21738929 21487526
21738930 19611995
21738931 21738932
21738933 21738932
21487527 12681551
21738934 21487529
21487528 21487529
20451612 19611997
21487530 19611997
13641780 19611997
21487531 21487532
21738935 21487532
21738936 19611999
21487533 21487534
21738937 21487534
21487535 15935764
21487537 15935764
21487538 15935764
21487539 15935764
21487540 15935764
21487541 15935764
21487542 15935764
21487543 15935764
1077561 12681548
21487544 12681548
21738938 21487546
21487545 21487546
21487547 21487546
21738939 21738940
21738941 21738940
21738942 15935786
21738943 21738944
21738945 21487549
21487550 21487549
21738946 21738947
21738948 19612001
21738949 21487551
21487552 21487553
21487554 21487553
21487555 21487553
21738950 21487553
21738951 1060741
21738952 21738953
21738954 21738955
21738956 21738957
21738958 21738959
21738960 21738961
21738962 21738963
21738964 21738965
21738966 21738967
21738968 21738969
21738970 21738971
21487559 2626518
21487563 21487564
21487565 19120878
21738972 21738973
21738974 21738975
21738976 21738975
21738977 21738975
21738978 2703984
21487568 2703984
21487569 2703984
21738979 21738980
21487570 21487571
15994584 15936695
21487573 21487574
21738981 21738982
21738983 21738984
21738985 21738986
20057544 21738987
21487577 12681055
21487578 21487579
16510831 12684107
21487580 21487581
15953497 21487582
1077691 1097078
21487584 1293369
21487585 1293369
21738988 1293369
21487587 13633559
3923417 13633559
21487588 21487589
21487590 21487589
21738989 15937812
21486421 2695658
21487591 2695658
2753755 19612117
21738990 21738991
2662018 2698370
21738992 21738993
21738994 21738995
1097098 21487594
16003746 21487594
21738996 21738997
16510860 21738998
21738999 21739000
21739001 21739002
21739003 21739004
21487610 21487611
21739005 21487611
21487612 21487613
21487617 1078155
21487618 21487619
21739006 21487621
21487622 21487623
21739007 21739008
21487625 21487626
21487631 21487632
21739009 21487633
21487635 2677138
21487456 2677138
21487636 2677138
21487637 2677138
21487638 2677138
21487640 2677138
21487641 2677138
21487642 2677138
21739010 21739011
21739012 21487647
21739013 21739014
21739015 21739016
21739017 21739018
21487648 21487649
21739019 21739020
21739021 21739022
21487652 21487653
21487654 21487655
21487656 21487657
21487658 21487657
21487659 21487660
21739023 21487660
21739024 21739025
21487661 21487662
21739026 21487662
21739027 21739028
21739029 21739030
21739031 21739032
21739033 21739034
15903708 21739035
21487767 21739036
1077681 21487668
21487667 21487668
21739037 21739038
21739039 21739040
21739041 21739042
21739043 21739044
1077563 21739045
21739046 21739047
21487812 21739048
21487673 21487674
21487650 21487674
21739049 21487674
21487676 21487674
21739050 21739051
21739052 21739053
21739054 21739055
21739056 21739057
21739058 21739059
21739060 21739061
21739062 21739063
21487615 21739064
21739065 21739066
21487682 21487683
21739067 21739068
21739069 21739070
21739071 21487687
21739072 21739073
21739074 21739075
21739076 21739075
21739077 21739078
21739079 21739080
21739081 21739082
21739083 21739084
21487690 21487691
21739085 21739086
21739087 21739088
21487693 21487694
21739089 21739090
21739091 21739092
21487669 21739093
21739094 21739095
21739096 21739097
21487696 21487697
21739098 21739099
21739100 21487702
21739101 21487706
21739102 21739103
21739104 21487707
21739105 21739106
21739107 21739108
21739109 21739110
21739111 21739110
21739112 21739113
21487795 21487712
21487713 21487714
21739114 21487714
21487715 21487714
21739115 21739116
21739117 21739118
21487717 21487718
21487719 21487718
21487720 21487718
21739119 21739120
21739121 21739122
21739123 21739124
21739125 21739126
21739127 21739128
21739129 21739130
21739131 21487722
21487721 21487722
21487723 21487722
21739132 21739133
21739134 21487725
21739135 21739136
21739137 21487727
21487726 21487727
21739004 21738548
21739138 21739139
21739140 21739141
21739142 21739143
21739144 21739145
21739146 21739147
21487777 21739148
21739149 21739150
21487730 21739151
21739152 21739153
21739154 21739155
21739156 21739155
21739157 21739158
21739159 21739160
21739161 21739162
21487734 21487735
15949279 21487735
21739163 21487735
16510722 1078235
21739164 21487737
21739165 21487739
21487738 21739166
21739167 21739168
21487744 21487745
21487603 21487747
21487748 21487749
21487859 21487751
21739169 21739170
21739171 21739172
21487752 21487753
21739173 21487753
21739174 21487753
21739175 15923510
21739176 21739177
21487754 21487755
21739178 21739179
21487709 21487757
21739180 21739181
21739182 21739183
15905799 21487762
21739184 21739185
21487781 21739186
21739187 21739188
21739189 21739190
21739191 21739192
21739193 21739194
21739195 21739196
21739197 21739198
21739199 21487770
15948062 21487770
21739200 21739201
21739202 21739203
21739204 21487773
15949908 15960368
21487775 21487776
21739205 21487776
21739206 21739207
21739208 21739209
21739210 21487779
21739211 21739212
21739213 21739214
21487823 21739215
21739216 21739217
15959485 19612150
15994381 21739218
21739219 21487784
21487783 21487784
21739220 21739221
21739222 21739223
21739224 21739225
21739226 21739225
21739227 21739228
21739229 21739230
21739231 21739232
21739233 21739234
21487832 21739235
21739236 21739237
21487785 21487786
21487787 21487786
21739238 21487786
21487788 21487786
21487789 21487786
21487699 21739239
21739240 21739241
21739242 21739243
21739244 21739245
21487798 21739246
21739247 21739248
21739249 21739250
21739251 21487796
21739252 21739253
21487740 21739254
21739255 21739256
21739257 21739258
21739259 21739260
21739261 21739262
21487643 21487797
21739263 21739264
21739265 21739266
21739267 21739268
21739269 21739268
21487801 21487800
21739270 21739271
21739272 21739273
21739274 21487803
21739275 21739276
21739277 21739278
21739279 21739280
21739281 21739282
21739283 21739284
21739285 21739286
21487808 21487809
21739287 21739288
21739289 21739290
21739291 21487813
21739292 21739293
21487818 21487819
21739294 21487820
21487821 21487822
21739295 21487824
21739296 21739297
21739298 21739299
21487825 21487826
15938271 21487826
21739280 21739300
21739301 21739300
21487827 21487828
21739302 12681076
21739303 21739304
21739305 21739306
21739307 21739308
21739309 21739310
21487834 21487833
21739311 21739312
21739313 21739314
21739315 21739316
21487772 21487835
21487836 21487835
21739317 21739318
21487837 21487838
21739319 21487839
21739320 21487843
21739321 21487845
21487943 21490504
21739322 21739323
21739324 21739325
21485953 21487847
21739326 21487849
21487848 21487849
21487620 21487850
21739327 21487850
21739328 21487852
21487851 21487852
21487853 21487852
21487854 21487852
21487855 21487852
21487856 21487852
21739329 21739330
21487857 21487858
21487892 21487859
21487860 21487861
21739331 21487861
21739332 21739333
21739334 21487865
21487864 21487865
21739335 21739336
21739337 21739338
21739339 21739340
15954640 15954639
21739341 21739342
21739343 21739344
15949653 21739345
21487895 21739346
21487868 21487869
21739347 21739348
21487698 21739349
21487872 2709140
21486255 2709140
21739350 21739351
21739352 21739353
21739354 21739355
21739356 21739357
21487665 21739358
21739359 21739360
21487874 1293309
21487875 1293309
21739361 1293309
21487876 1293309
21487877 1293309
21487878 1293309
21487879 1293309
3912813 1293309
21487880 1293309
21487881 1293309
21487882 1293309
21487883 1293309
21487884 1293309
21487885 1293309
21487886 1293309
21487888 1293309
21739362 21487890
21739363 21739364
21487742 21739365
21487607 21487896
15923658 21739366
21739367 21739368
21487897 21487898
21739369 21739370
15938197 21739371
21739372 21487899
16011550 21487899
21739373 21739374
21739375 21739376
21739377 21739378
21487901 21487902
15950377 21487902
21487903 21487902
21487677 21487902
21739379 21739380
21739381 21739382
21739383 21739384
21487904 21487905
21487628 21487906
21487907 21487908
21487909 21487908
21739385 21487910
21739386 21487911
21487912 21487913
21739387 12683469
21739388 21739389
21487916 21487915
21487917 21487915
21739390 21739391
21739392 21739393
21739394 21739395
21739396 21739397
21487921 21487922
21739398 21487922
21487923 21487922
21487924 21487925
21489831 21489830
21487926 21487927
21487806 21739399
21487931 21487930
21487816 21739295
21739400 21739401
21487844 21487933
21487934 21487933
21487935 21487933
21739402 21739403
21487751 21487750
21739404 21739405
21739406 21739407
21487938 21487939
13632703 2666985
21487940 2666985
21739408 21487944
21739409 21487946
21487947 21487948
21739410 21739411
21739412 21739341
21487855 21739413
21739414 21739413
2608387 21487951
16002182 21739415
21739416 21487953
16001035 21487953
21487954 21487955
21739417 21739279
21739418 21739419
21739420 21739421
21739422 21739423
21739424 21739425
21487959 21487960
21487963 21487964
21739426 21487964
21739427 21739428
21739429 21487966
21739430 21739431
21739432 21739433
21739434 12684570
21739435 12684433
21487974 21487975
16507991 21487975
21487976 21487977
21739436 16517270
2607678 2663540
15891648 21487978
15998010 21487978
15930614 21487978
15974088 21487978
21486876 21487978
21486877 21487978
21486878 21487978
16008622 21487978
15891888 21487978
21487056 21487978
21487057 21487978
15931861 21487978
15928452 21487978
21487979 20536702
21739437 21739438
21487980 19612213
21739439 21739440
21739441 21739442
21739443 21739444
21739445 21739446
21487981 21739447
21487936 21739448
21739449 21739450
21739451 21739452
21739453 21739454
21739455 21739456
21739457 21739458
21489343 21739459
21739460 21739461
21739462 21739463
21739464 21739463
21739465 21739466
21739467 21739468
21739370 21739469
21739470 21739471
21739472 21739473
21487983 21739474
14768459 12683417
21739475 21487985
21487986 14774480
21739476 21739477
21487987 1181051
18256334 1181051
21487988 1181051
21487989 12682389
19693484 14783569
21487990 14783569
1105187 14783569
19693251 14783569
21487991 14783567
21487992 14783567
21487993 14783567
21487994 14783567
18248766 14783567
21487995 16514527
13641795 13633653
21739478 21488001
21739479 21488001
16014801 21488001
21488002 13633567
21488003 21488004
21488006 14997695
1085325 13633190
21488008 19612282
3960738 21739480
21488013 21488014
15010277 1095084
15024499 21739481
20425446 12682553
21488019 21488018
21489332 21488018
21488022 12683488
21739482 3908853
21488025 3908853
21488036 21488033
21739483 21488033
21739484 21739485
21739486 21739487
21739488 21739489
1077719 21488045
3960738 21739490
21488047 21488048
21739491 12683500
21739492 21739493
21739494 21739495
21739496 21739497
21739498 21739499
21488067 21488068
13632759 3941844
21739500 21739501
14580185 21488071
21488069 21488072
21488078 21488079
20071318 21739502
21488081 21488082
21739503 19468398
1101936 21739504
21739505 21488086
21488087 21488088
21488093 12683508
15957078 21739506
21739507 15942347
21488096 16508829
21488097 16508829
21488098 21488099
21739508 21739509
15945058 21739510
21739511 2754215
21739512 2760623
15948822 15942637
21488104 1838929
21488105 21488106
21488111 20509649
21488112 21488113
21739513 21739514
21488114 16519063
2760785 21739515
21488115 21488116
21488118 1180711
21739516 21739517
2686113 2656794
21739518 21739519
21739520 16507996
21739521 19125723
2738258 21488120
21739522 21739523
15934344 21488123
21486087 21739524
21486086 21739524
21739525 21739526
21739527 21739528
21485665 21485664
21739529 21739530
21739531 21739532
21739533 21488128
21488131 21488132
21739534 21488134
21488135 21488136
21490349 21739535
21488138 21488139
21488140 21488141
21739536 21739537
21488143 21488144
21488145 15943862
15943861 15943862
21739538 21739539
21488146 19612498
21488147 15943908
21488151 21488152
21739540 21739541
21485601 21485600
15956732 21485600
21488157 21488158
21488159 19612525
21739542 21739543
21488160 15944806
2761232 2753642
2761230 2753642
21739544 21739545
16510689 1107635
21490382 21739546
15009797 21488162
21739547 21739548
21488163 4065440
21739549 4065440
21488164 4065440
21488165 4065440
13640105 1107569
12684446 12681574
21488167 12683893
21739550 21739551
21488168 21488169
21488171 1077995
21488172 19612597
21739552 21739553
1293701 21739554
20611149 21739555
21739556 3902337
2606310 3902337
21739557 21739558
21739559 21739560
21488177 21488178
21488179 21488180
21486586 21486584
1084343 16520462
21739561 21739562
21739563 19612635
21739564 21739565
21488185 16516629
21488194 12684764
16510660 19125211
21486970 21739566
16006098 15946306
21739567 12681383
21486733 21488198
21739568 21738737
21489024 21738737
21739569 21738737
21739570 21738737
21739571 21739572
21488201 21488202
1095372 21488202
21739573 21488202
21739574 12682984
21488204 15946859
21488206 21488207
21488208 21488207
21488209 4820631
1077559 12682509
21488210 21488211
21488212 21488211
21488213 21488211
2599622 18235778
21739575 18235778
21739576 21739577
21739578 21739579
21739580 19612678
21739581 21739582
21739583 21739582
21488215 19612681
21488216 21488217
21488218 19125177
4011135 21488219
21489927 19612682
21739584 21739585
21739586 21739587
21488220 21488221
21488222 3955842
21488225 21488226
21488227 21488228
9563339 21739588
18629625 21488231
21739589 21739590
14580184 21488236
19707976 21739591
21739592 21739593
21739594 21488239
21488240 21488241
1083984 12684836
21488242 3911444
21739595 21254176
21488243 3934757
21739596 19612698
21739597 21739598
21488247 21488248
21488249 21488248
21488252 2620345
21488253 19612723
1077613 21739599
21739600 21739601
21488237 15921798
21739602 21739603
21739604 21739605
21488303 21739606
21739607 21739608
21488254 21488255
16510870 12685031
21488256 21488257
1077474 21488258
21488259 2611013
21739609 21739610
1077464 21739611
21488260 21488261
1077843 12683276
17012806 1086011
1077649 1086011
13641642 1086011
18630423 1086011
15960083 21488264
21488265 21488266
21488267 2685996
21488268 2685996
21488269 2685996
21488271 2685996
21488272 2685996
21739612 19125800
16510923 21739613
1077537 16509909
16510801 21739614
21739615 21488276
21488275 21488276
15948006 13633295
16807159 21488277
21488278 19121231
21739616 16510194
3925725 16510194
10460155 19612782
21488461 1293770
21739617 21739618
21488286 21488287
21488288 21488289
21739619 21739620
21739621 21739620
21486313 19120685
21739622 21739623
21739624 21739625
15963618 15949497
21488296 1180911
21488297 1180911
21488298 1180911
21488299 1180911
21488300 16511681
21488302 16511681
21488317 3920974
21488318 3920974
21739626 3920974
21739627 21739628
21739629 21739630
21739631 21739630
21739632 21739633
21739634 21739635
21488538 3927079
21739636 21739637
1077605 21488319
21488322 21488321
21739638 16507105
16003187 21487003
16003187 15995696
21488325 21488324
15894695 21488329
16003187 15997643
21488325 15935293
21488325 21488326
16003187 21487004
21488325 21488327
21486869 21486868
21486869 16003660
21488325 21488328
21739639 21739640
16003187 15913310
15968621 21489026
15968621 21489027
15968621 15960623
15968621 21489028
15968621 16008624
21487750 21738277
21739641 19124204
16882003 19124203
21739642 20559944
21739643 21739644
21739645 19612851
21488337 1180967
21488338 21488339
21488340 21488339
21488341 21488339
21488342 21488339
21488343 21488339
21739646 21739647
21488223 21739648
21739649 19125603
19701989 21739650
21488354 18124464
21488357 12681497
21488359 12681497
21488360 12681497
21488361 12681497
21488362 21488363
1077777 3955074
21488365 3955074
21488368 21488369
21488370 21488371
21488372 1082447
20604178 21739651
21488374 21488375
21739652 21739653
21488378 21488379
21739654 19612881
2649960 12684562
13641591 3958974
21739655 21739656
2739385 3890780
21739657 3890780
21739658 3781743
21488386 19125561
21488387 21488388
21488389 19612896
15893318 21488391
21488390 21488391
21488392 21488393
21739659 21739660
21739661 19612900
21739662 21739663
2670429 19125242
21488402 21739664
21488404 21488405
21488406 19612928
21488407 19612928
21488408 21488409
14478316 21488409
21488411 21488412
21488413 13633469
15946995 21739665
21488414 21488415
21488417 21488416
15936535 21488419
15917843 21739666
21739667 21739668
21739669 2758618
21488420 12681358
21488421 12681358
21488422 12681358
21739670 21739671
21739672 21739671
21739673 21739671
21739674 21739671
16806447 15953426
21488426 19612959
21488428 21488429
21739675 21739676
21488430 15953461
1105530 21488431
4484886 21488433
21487308 21488433
15936583 15953478
2604831 15953478
15902487 3941581
21739677 21739678
21488434 21488435
21739679 21488436
21739680 21739681
1077673 19612984
21488438 21488439
21739682 19125609
21739683 21739684
21488612 21739685
21488445 2652337
1077500 2652337
21488446 2652337
21739686 21488447
21739687 21739688
21488448 13633510
3896291 13633510
21739689 21739690
21488449 19121239
21488450 12683459
21488451 12683459
21488452 12683459
2717294 15004220
21739691 15004220
21739692 19126323
21488453 19613001
21739693 19613001
3889911 21739694
21739695 21739696
21488458 21739697
21739698 21739699
21739700 19126364
21488465 19126444
21739701 21488466
21488468 21488467
9509617 21739702
21739703 21739704
21739705 19124465
21739706 19124465
21739707 19124468
21739708 19124468
21488470 19124459
21739709 21739710
21739711 21739712
19613154 19122367
21488471 21488472
21739713 21739714
21739715 2611639
21739716 2611639
21490274 2611639
21739717 21739718
1077847 13641998
21487497 2702882
16520429 2702882
5173467 19613044
16000699 2710045
21739719 2710045
21488479 2710045
21488480 2710045
21488481 2710045
13638415 13638200
21739720 1091297
14762359 14779129
21739721 2689593
21485776 19613049
21488482 19613049
1101518 12683481
21486556 3941530
21488483 14792518
14762827 14792518
21488484 14792518
21488485 14792518
21739722 19124463
21739723 3889897
21488486 3889897
21488487 3889897
21488488 3889897
21739724 3889897
21488489 3889897
21739725 3889897
2751386 3889897
4419882 3941557
15926510 2600831
21486217 12682925
2612704 21739726
16509208 21739727
21739728 19119824
15956532 1181515
21488497 1181515
21488498 15957008
2600831 15957061
21488499 15957061
2651404 2651193
21739729 21739730
21490136 21739731
21739732 21739733
21488504 21488505
21739734 2706832
21739735 21739736
20398274 1084944
21739737 15957671
21739738 15957671
21489132 21739739
21488509 2671600
21489132 21739740
21488184 19122968
21739741 21739742
21739743 21739744
21739745 12681740
21488511 21488512
21488513 21488512
1294011 21739746
21739747 19126394
21488514 19126394
21488515 19126394
21739748 1098141
21739749 21739750
21488516 21488517
21739751 21488517
21488518 21488517
21488519 21488520
21488522 21488523
21739752 21739753
21739754 21739753
21488526 2666303
1098394 2666303
21488527 19613152
4234380 12681861
21739755 21739756
21488364 19120102
21488528 12682464
1077577 12682464
1077579 12682464
21488529 12682464
21488530 12682464
21739757 12682464
1077751 12682464
1077697 12682464
21739758 21739759
21739760 19613163
21739761 2613516
21488532 2613516
1077863 16547440
3897748 16547440
21488539 16547440
21489846 19613181
19614533 21488543
15906958 1078330
15945261 1078330
21739762 1078330
15911630 2650394
21488545 2650394
21488546 2650394
1077699 2650394
21739763 2650394
21487830 2650394
21739764 15958454
16510792 12681776
21488548 1078059
1085807 16513507
4377801 19122488
21739765 21488550
21488551 1085997
21488552 19613220
19610034 2626452
21488554 2626452
21739766 21739767
21738661 19613226
21488555 21488556
21488557 19613230
21488558 19613230
1077476 19613230
21488559 19613230
1077657 21739768
3916226 19705423
21485479 21485784
21485474 15891914
21488563 21488562
21485508 21488561
21488564 21488561
15990109 21739769
21488566 16514868
3942025 16514868
3942066 16514868
3942021 16514868
21488567 16514868
3942049 16514868
21739770 19613249
21739771 19613249
21739772 21739773
21739774 21739773
21739775 21739776
21488570 13638866
21488571 14774393
16510836 2609100
19707389 19613273
19705514 21739777
15945261 21739778
1077551 2607589
21739779 21739780
21488575 21488576
21488578 19119541
21488579 19119546
21488580 19119546
21488581 19119546
21488582 19119546
21739781 21738609
21739782 19227550
21488585 19126360
21739783 19613287
21488586 19613287
21488587 19613287
21488588 4122861
20066989 21488589
20059462 21739784
15917227 19613293
14986187 21739785
21488590 15962090
21739786 15962090
21739787 15962090
21488591 15962090
21488592 19613441
21488593 19613441
3917655 21739788
21739789 19613443
21739790 21739791
21488595 15962091
21489452 21488597
21739792 19613445
21739793 19613445
21488598 21488599
21739794 21488599
21488601 21488600
21739795 21488600
21739796 21739797
21488603 21488604
1077619 21488604
21487424 15962092
21487401 19613451
21739798 21739799
21739800 15962094
21488605 15962095
21486528 21739801
21739802 21488606
21488607 21488608
21488609 21488610
21739803 21739804
21739805 21739806
21488616 19119504
21739807 21739808
21739809 21739810
21739811 20550505
21488621 21488620
21488622 21488620
21739812 19613468
21739813 19613470
21739814 19613471
21488624 21488625
3917655 21739815
21739816 19613474
21488629 19613474
21488630 19119489
21488631 19119489
21739817 21739818
21739819 21739820
21739821 21739822
21487417 21488632
21739823 21488632
21739824 21488632
21739825 21739826
21488633 2626751
15902927 15902929
21487055 15902929
15992098 15892802
15892801 15892802
21488321 15892802
21739827 19125295
21488639 21488640
15919494 21739828
21739829 21739828
21739830 21488642
21739831 21739832
21739833 21739834
20508186 21488644
1082517 21488645
21488648 21488647
21488649 21488647
21488650 21739835
21739836 1103065
15896967 1020324
21488654 19126010
21739837 21739838
21739839 21739840
21487790 21488656
1077827 21488656
21488657 21488656
1077653 21739841
21488463 21739842
21488665 21488666
15963745 21488666
21485506 21739843
13632721 13638041
3918647 13638041
21739844 21739845
16510931 2606439
21739846 2606439
16510782 2606439
1077615 2606439
21739847 21739848
21739849 21488669
21488670 21488671
21488673 20576347
21739850 21739851
21488680 21488681
21488683 21488682
21739852 19125251
21488686 21488687
21739853 1087520
21739854 21739855
15964732 15964733
21490004 21488691
4445827 2609094
16510742 2609094
16509641 2609094
15964792 15964793
15914227 15914042
15914227 21739856
21488692 19126475
15955835 19124563
21488693 21488694
15934090 21488695
16510759 1020322
21488696 21488697
13638242 21488698
16506768 21488698
21488074 21488699
21485463 21739857
21488705 21488706
16510823 21488709
21488710 21488709
21488712 19693213
1091622 2601134
21488717 21488718
21488719 21488720
2600152 12681794
15100561 21739858
21488722 21488723
21488724 21488725
21486154 21739859
16510682 21739860
15960179 15917227
21739861 21739862
21739863 21739862
16510956 21739864
21488728 21488727
5146802 5146806
5150577 5150579
5174662 5170166
15030497 21739865
21488729 21488730
21488731 21488732
4013568 19613608
21488733 21488734
21489057 21488739
21488738 21488739
21488741 1083109
21739866 21739867
21739868 21739867
13642022 834733
1083213 834733
16516055 834733
21488744 21488745
21488746 21488747
15931673 2619214
21488754 2619214
21739869 4316119
19616465 19613618
21739870 21739871
21488756 21488757
16512392 19613625
15103737 2661585
2713903 21739872
2713903 21739873
5149536 16509933
21739874 21739875
21488758 21488759
21488763 19613641
21739876 21739877
20063307 21739878
21488764 1091285
21488765 1091285
21488766 1091285
21488767 1091285
21488768 1091285
21739879 21488769
21488772 21488773
19705097 19613660
19705482 19613660
19705483 19613660
21488775 3941597
21488776 4156108
21488777 4156108
21488778 21488779
21488780 21488781
21488782 21488783
21488784 21488783
21488785 21488786
21488788 21488789
21488790 21488791
21489278 3940369
21739880 3940369
21488793 3940369
21488794 15970309
15943740 15970309
21488796 15970384
21739881 21739882
21488867 12681148
1086157 1086155
17190735 12684282
21488797 21488798
21488799 21488798
21739883 21488798
21488596 2651779
21487705 2651779
21488801 15971031
21488802 15971031
21488803 15971031
21485523 19613688
21488805 21488806
21488807 21488806
21739884 21488806
21488808 2732745
21739885 21739886
21488809 1086535
21488810 1086535
21488811 1086535
21488812 1086535
21488813 1086535
21488814 1086535
21488815 1086535
21488816 1086535
21488817 1086535
13638560 1086535
21488818 1086535
21739887 2618146
4485041 21488819
21739888 21739889
19610774 19613695
21488820 19613695
21488821 21488822
21488823 21488824
16516839 2746346
21488825 1297711
17210175 1297711
21488826 1297711
21488827 1297711
17210259 1297711
21488828 21488829
21488700 4067372
19708192 21739890
21739891 21739892
1077669 14986953
21488831 21488832
21488833 21488832
21739893 21739894
16510788 3959131
2666329 21488836
21488748 21488839
21739895 21739896
2624398 1063947
21488840 15016650
2614156 12682913
19706078 12682913
21488841 12682913
16003089 12682913
4087817 2685980
21488843 2685980
21739897 2685980
19615216 2685980
21739898 21739899
1077484 21488849
17859143 2615771
21488850 2615771
16510417 2615771
16509663 2615771
17468522 2615771
21488851 2615771
15102540 21739900
21739901 2676207
1086692 3781021
21488857 13633410
3899324 13633410
21488858 21488859
21488860 21488859
1087776 21739902
21739903 21488863
21488864 21488865
21739904 21739905
19227521 20059254
21488874 19613777
21488875 21488876
21739906 21488878
21488877 21739907
21488879 21488880
21488881 21488882
15972973 15972974
15972975 15972974
15955989 21739908
21739909 21739910
21739911 21739910
21739912 21739910
21488886 1180682
21488887 1170517
21739913 21739914
21739915 21739916
21739917 21739918
21488898 21488899
21488900 21488899
21485486 21488901
21488903 21488904
15906331 2713144
21485434 2713144
21488908 21488909
21488852 12681237
21488910 21488911
21488912 21488913
21739919 2758192
21739920 3898812
3924353 3898812
21739921 12681555
21487548 12681555
21488916 12681555
21488917 12681555
21488918 12681555
15925045 12681555
21488919 12681555
21739922 21488922
21739913 12684182
21739923 21739924
21739925 21739926
21485511 21488926
15890950 2623013
1074955 2623013
16510806 2623013
21488928 2623013
21739927 21739928
21739929 21739930
21739931 21739932
21488931 12683054
21488932 12683054
21488933 12683054
21488934 12683054
21488935 12683054
21739933 21739934
21488936 13640780
21488937 13640780
1085319 13640780
21488942 21488943
21488945 3931761
1095092 3931761
21488946 3931761
21488947 3931761
21739935 21739936
21488951 13633692
21488952 13633692
21489662 21488955
21485484 12684987
21488612 12681544
21488959 12681544
21488960 12681544
21739937 21739938
21488967 21488966
21489017 21739939
3924056 21488970
3905577 21488970
3969662 21488970
21488854 12684550
21739940 2757561
21488977 21488978
21488983 21488984
21488986 21488987
21488988 21488989
21488990 21488989
1829981 12683303
21487639 1078520
21488998 19614058
21739941 21739942
21489000 21489001
21488186 21489001
15967125 21489001
21739943 21739944
21489005 21489006
21739945 21739946
21489016 15923706
15976806 15923706
21488883 21739947
21739948 3962812
21739949 21739950
2601573 12682814
2623210 2621928
21739951 21739952
15890233 12681267
21489014 2688904
21489015 2688904
15909211 2688904
21739953 15980295
21488914 21489018
21489020 2696428
1077901 16516201
21489022 2679211
21489023 12681608
20057816 21739954
21739955 21739956
21489936 12681722
20064250 20060717
21739957 21739958
21487002 1076604
21738520 1076604
15916436 1076604
21738856 1076604
21739959 1076604
15995696 1076604
21488329 1076604
15997643 1076604
15913310 1076604
21487005 1076604
20061577 21739960
21489030 21489031
21489032 21489033
21489034 21489033
19227572 19227578
21739961 1077997
19614121 1077997
21739962 21739963
21489035 21489036
1085010 1084207
21489038 21489039
21489040 21489041
1077809 19614140
21489042 19614140
21739964 21739965
21489045 21489046
14604744 21739966
21739967 15982607
21739968 21489049
19705498 19614148
21489050 21489051
21739969 21489051
21489052 21489051
21489055 21489056
21739970 21739971
21738495 21739972
21739973 21739974
21739975 21739974
15912066 12682863
21739976 21739977
21739978 21739979
1083494 21489061
21489136 21489063
21489062 21489063
1098272 21739575
21739980 21739981
21739982 21739983
19693322 19614160
21739984 21739985
21487829 21739986
1084780 18629244
21739987 3956235
21489067 21489066
21489068 21489066
21739275 21489066
15906039 12682961
21739988 12682961
15906042 19614166
21739989 3941400
15995714 21739990
21489074 21489075
21489076 21489077
21489080 1081571
21739991 21739992
21739993 21739994
21739995 21739994
3955828 3962289
21489089 3962289
2680031 3937650
2664019 2626919
16510848 2626919
21739996 2626919
2614143 2626919
21489091 3774820
21489092 16502963
21489093 1063732
21489094 1063732
843245 1063732
21489096 1299878
1082403 21739997
21489097 21489098
21739998 21739999
20780029 21489099
21485700 2622443
1087798 21740000
21740001 21740002
21740003 21740004
21489101 21489102
21489103 21489102
17210152 21489102
21489104 1082511
1087388 1082511
15996649 14772968
21489105 21489106
15930188 21489106
20060227 20063259
21740005 21740006
21740007 3979598
21740008 3979598
21740009 21740010
21489108 15984953
12683505 1091339
21487510 1091663
21489112 21489113
3954299 3773128
21489115 21489116
21740011 21740012
21740013 19614258
21740014 21740015
21740016 19614261
13638586 1092284
21740017 1092284
21489117 1092284
21740018 21740019
21740020 21740021
21740022 21740021
21740023 21740021
21740024 21740021
21740025 21740021
21740026 19614274
21489118 21489119
21740027 21489121
21738859 2673424
21489125 21489126
21489127 21489128
16510561 14777835
21489129 21489130
21740028 21740029
21487599 15985479
21489131 15985479
21489133 12683392
21489134 12683392
21489135 12683392
20442261 12683392
21740030 21740031
21490512 12684503
21740032 21740033
21489140 12683467
21740034 20059905
20059193 20059905
20065986 19614317
19614676 21740035
20060721 2735433
21489143 13633719
21489144 13633719
21740036 21740037
21740038 21740039
21489145 21489146
21740040 21740041
21489147 21489148
21740042 21740043
21489149 21489150
21489151 14987130
21489152 1759089
21489153 21489154
21489156 21489157
21489158 19614342
21740044 21740045
12009547 21740046
21489160 21489161
20059172 21740047
15992704 19614354
21740048 21489162
21740049 21740050
21489166 21489167
21740051 3954884
3955117 3954884
21740052 21740053
21489173 21489174
21740054 21489174
21740055 21740056
1083071 21740057
21489176 21489177
21489178 19614371
21489179 21489180
21489181 21489180
21740058 21489180
21489182 21489183
21740059 15986940
1074979 12682933
3950004 21740060
21489184 12681764
16506200 12681764
15926888 2672923
21740061 1063730
21489185 21489186
21489187 16505127
21740062 13633368
21740063 3956625
21740064 21740065
21489189 21489190
21489191 21489192
21488026 21489192
21489193 21489194
21486154 21740066
21738495 21740067
1087911 3926498
21740068 21740069
21740070 21740071
21740072 21740073
21740074 20492449
21489201 19614421
21489688 13637275
1086367 13637275
21740075 21740076
1077773 21489202
21740077 12683300
21740078 1083305
21489207 21489208
21740079 2655198
21489209 2655198
21740080 16513679
21740081 16513679
21740082 19614448
1086407 19614448
21489213 19614453
21489214 21489215
21740083 21740084
3954089 21489217
21489218 21489219
21489220 12683257
21489221 12683257
15831421 12683257
21489222 12683257
21740085 4070720
21740086 4070720
21489225 4070720
21740087 21740088
1083408 21489226
21740089 1083408
21489227 21489228
21489229 21489230
1084213 21740090
21740091 21489232
21487218 21740092
21489235 3949272
21489236 2708124
21740093 1083462
21489243 19614493
21489244 21489245
20397983 5147673
21489248 2672707
21740094 21740095
21740096 21740097
21740098 21740097
21740099 21740097
2616132 2667383
21489249 21489250
2711225 12683537
21489251 19614515
21740100 21740101
21489254 1083532
21489256 12684372
15902401 21740102
21740103 21740104
1087135 21489269
21489270 3943746
21489273 21489274
21740105 13640842
3898102 21740106
21740107 21740108
16014398 21740109
21740110 21740111
21489279 16506768
1077877 13633530
21740112 21740113
21489282 16514385
21489284 16514385
21738726 20059392
21740114 21489286
21489285 21489286
20065078 12683071
21489288 12684346
21489289 12684346
21489290 21489291
15026259 1293590
14771247 1293590
21489292 1293590
13638990 1085683
13638206 1085683
21487479 1085683
3896307 1085683
21489293 1085683
21489294 1085683
21740115 21740116
21485410 21489299
20066118 19614666
21740117 1091245
1095961 1091245
21489302 21489303
21489306 21489307
21740118 21740119
21489308 19614695
21485561 1180836
16510750 1180836
21489311 1180836
21489312 1078219
15896966 21489314
21488643 21740120
15991712 15858457
21485702 2609358
20065017 20060538
21489318 21489319
21488044 21740121
21489320 12681709
21489322 2739160
20059265 15992670
14611303 21489323
21489324 21489325
16506262 16507783
21738495 21740122
3967425 21489329
21485650 12683691
21489330 12683691
1082673 12681857
21489331 12683086
15930568 12683086
21489334 21489335
21486835 2607041
21489338 2607041
21489339 2607041
20535877 21740123
21740124 21740125
16511936 12682486
21489340 21489341
15993806 12683735
21740126 21740127
21489345 21489346
21489348 12684044
21740128 21740129
21489349 2608066
15993963 1077991
15993984 1078107
21485807 12684413
21489353 21489354
21489355 21489354
21489356 12683477
21489815 21740130
21738696 20063215
21740131 21740132
21740133 21740134
21489359 21489360
21740135 19614825
21489363 21740136
21740137 21740138
21489363 21740139
21740140 21740141
21740142 3907330
15922947 20060459
21487605 21489365
15856087 21489368
21489369 21489370
21740143 12683242
2613097 21740144
21489371 21489372
21489373 21489372
21489374 2731976
21740145 2731976
21489375 19614857
21489377 21489378
21740146 21489378
21489379 21489378
21740147 21740148
21490197 21740149
21489383 21489381
21487221 21740150
16510827 19228288
12684046 12681691
21740151 21740152
21485689 3904276
21489387 3904276
21489388 3904276
21740153 3904276
2665291 1170519
21489389 21489390
21489391 21489392
1077695 1084535
16508724 21740154
21489394 21489395
21740155 21740156
21740157 21740158
21489401 19614996
16013743 12681166
21489402 21489403
21740159 21740160
21489406 3962897
1077627 1078137
21489410 3956462
21740161 13641862
2702594 16502126
1077555 21489413
21489414 21489415
21740162 21740163
21740164 21486831
21486832 21486831
15996976 21486831
21489418 1180909
21489419 21489420
21489421 15997307
21487402 15997307
21740165 2754390
21489313 2754390
19976908 1180783
1087470 13642000
21489422 4068548
4379453 4068548
21489423 1065517
21489574 1065517
21740166 3962055
21489425 21489426
21740167 12681563
21489427 12681563
21489428 12681563
3958638 12681563
16014076 19615025
15896895 21740168
21740169 21740168
21740170 21740168
2603836 1181657
21489430 1181657
21740171 21740172
21489433 12683119
21489436 21489435
21740173 21740174
21740175 2654287
21489437 21489438
21489439 21489440
21489441 19615094
21489442 19615094
21489443 21489444
21740176 21740177
15896232 15920726
21489450 21489451
1104781 1078181
21740178 21740179
21489452 2664394
15903592 2664394
19610392 2664394
21489453 2664394
21740180 2664394
21489454 2664394
3969099 2664394
15950157 2664394
21487736 2664394
21489455 2664394
21489456 2664394
21487692 2664394
1077547 2664394
21489457 2664394
21489458 2664394
21489459 2664394
21489460 2664394
3958646 2664394
21489463 21489464
21489465 21489466
21489467 21489466
21489468 21489469
21489470 21489471
14564331 21489472
21489473 21489474
21489475 21489476
21489477 21489478
21489479 21489480
21489481 21489482
21489483 21489484
21489485 21489486
21489487 21489488
14577056 21489489
21489490 21489489
21489491 21489489
21740181 21740182
21740183 21740184
21489492 21489493
21740185 21740186
21489494 21489495
21489498 21489499
21489500 21489501
21740187 21740188
21489502 21489503
21489504 19615116
21740189 21740190
21740191 21740192
14577059 21489505
21489506 2755161
5072697 5149169
5149166 5149169
15936390 19119939
4384054 19119939
21740193 19615120
21740194 19615120
21489508 19615122
21489509 19615122
21740195 21740196
16519974 1293283
21489510 1293283
21489511 1293283
21740197 1293283
21489513 1295949
21740198 12684855
21485495 12681080
21740199 21740200
16004727 21489514
2717340 21740201
21489519 16511634
21489521 21740202
15016922 2617611
21489523 2617611
21489524 2617611
12684761 2617611
12683715 2617611
12683800 2617611
21489525 2617611
12683713 2617611
21489526 2617611
16516415 2617611
12684890 2617611
12684015 2617611
21489527 2617611
21740203 21740204
15892873 4067003
2619730 1180913
21489532 1180913
21490250 1180913
21489533 1180913
21489534 1180913
21740205 2626035
2614364 21740206
21740207 21740208
21489536 21489537
21740209 21489537
21740210 21740211
21740212 21740213
21740214 21740215
1077709 21489538
16520340 2626826
21740216 2679968
21740217 21740218
14766104 21740219
21740220 21740219
15923937 15960182
21486879 15958659
15925967 15958659
21487119 15958659
21738697 20061482
1084838 21489541
21740221 21740222
21489544 1180929
2760564 12682457
21489545 12682457
21740223 12682457
21489546 12682457
14792878 12682457
21740224 21740225
21489398 21489549
21489548 21489549
21740226 2615161
21489550 21489551
21489554 21489555
21489558 21489559
21489560 21489561
21486948 13637173
21489562 2672210
21740227 21740228
20059185 16000185
21489564 16000185
20057362 16000185
20063819 16000185
20067586 16000185
21489566 21489567
21489569 21489570
21740229 16000236
21489572 12684333
21489573 4846247
2624241 2703608
15895243 12682937
21489576 12682937
21489577 12682937
21740230 12682937
1100309 12682937
21489578 12682937
21489579 12682937
21489580 12682937
21489581 12682937
21489583 12682937
21489584 12682937
21489585 12682937
21489586 12682937
21489587 12682937
21489588 12682937
1077665 21740231
21740232 21740231
21740233 21489590
21489589 21489590
21740234 21740235
21490168 13633423
21489591 21489592
21489595 12683065
21489596 12683065
21489597 12683065
21489598 12683065
21489599 12683065
21489600 12683065
21489601 12683065
21489602 12683065
21489603 12683065
21489604 12683065
21489605 12683065
21489606 12683065
21489607 12683065
21489608 12683065
21489609 12683065
21489610 12683065
21489611 12683065
21489612 12683065
21489613 12683065
21489614 12683065
21489615 12683065
21740236 21489617
21489616 21489617
21740237 21489617
21489618 21489617
21489619 21489620
21489621 12681761
21740238 21740239
21489622 3209749
21489623 21489624
21489090 4042064
1293346 4042064
2658368 4042064
20057551 21740240
4074570 21740241
21489627 12681755
21489628 12681755
21489629 3915898
21485623 20057376
21489631 20061726
21740242 1085379
21489632 21489633
21740243 21740244
21740245 2619751
21489634 2619751
21740246 21740247
21488668 21740248
21740249 19615284
21489636 1180723
21740250 20597850
21489637 2613275
21489638 2613275
21489639 2613275
21489640 2613275
21489641 2613275
4484893 4219246
21485992 1921344
21740251 21740252
21489642 19615305
21489643 21489644
21489645 12683559
21740253 21740254
2623802 21740254
2613507 1180826
21486677 1180826
21488155 1180826
21740255 21740256
1077743 21740257
21740258 3921876
21740259 21740260
1084341 19615319
21740261 21740262
1077787 21489655
21489656 21489657
21489658 21489659
21740263 21489663
21740264 4173630
21489664 21489665
16001741 21489666
21489673 21489672
16001228 16508662
21489676 21489675
13633502 13633401
21740265 19615343
2700997 2706654
3958783 21489679
21486641 21489679
21489680 12683352
16000016 12683352
21489681 12683352
21489682 19615353
2607543 2732105
21489683 12684084
21740266 19615378
21740267 21740268
3897967 21489684
19913490 21489685
15972208 21489685
21489686 19615384
21489687 19615384
21740269 21740270
16002555 19615394
21489689 14787921
21489082 21740271
21489650 3772709
21740272 3773285
21740273 21489693
21489694 21489693
21489695 21489696
21740274 21740275
21740276 21489697
15939951 21740277
16003181 21489698
21740278 16002354
2613420 12683515
1085477 21489699
21740279 21489701
21489702 21489703
21740280 21740281
21489706 21489707
21489709 21489710
21738882 21489712
21489711 21489712
21489713 21489712
21487675 21489712
2620503 12681719
21489717 21489718
21740282 21740283
21489726 12683455
21740284 21740285
2690159 21740286
16003103 12683079
21489730 21489731
21489732 21489733
21488270 21740287
1088013 21740287
21740288 1081923
21740289 21740290
16000702 21489734
21489735 1078498
21740291 1078498
21740292 21489737
21489738 21489739
21489740 2748712
21489741 2748712
21489742 2748712
21489743 19615446
1918777 2601023
1096213 2601023
16002945 16002946
4484830 12681742
4484839 12681742
21489744 12681742
1077667 21489745
21489746 19122956
21740293 21489748
21489747 21489748
21740294 21740295
21740296 21740297
21489749 21489750
16510846 12683110
15852203 21489754
21489755 21489756
21489757 21489756
21740298 19615466
21489758 19615466
21740299 1078145
21740300 2620594
21740301 2620594
1107640 12683005
21489760 21489761
21740302 21740303
21489769 21489770
15902215 21489771
1077597 21740304
21489772 16003358
21740305 21740306
21740307 21740308
21489773 21489774
21740309 3929886
21489776 1077929
21489778 12682927
2711309 12682927
21489780 1180813
21740310 21740311
16003638 16003639
2714974 8313577
21489781 21489782
1085879 1085877
21740312 21489784
15899882 2623677
21488119 2681343
19609366 15007270
21489787 21489788
21489789 21489790
21489791 21489792
21489793 21489794
1077885 3959266
21740313 21740314
21740315 21740316
21740317 19615529
21488195 21740318
21740319 21740320
21489796 16514075
21740321 21489798
21489799 21489798
21489800 21489801
1077645 21740322
21489802 16003968
21740323 16003970
21489396 21489804
21740324 12682870
16002885 12682870
15899641 21740325
21740326 19615564
21489100 19615564
21489811 21489812
21489813 21489814
21740327 19615566
21488456 21740328
21489817 21489816
16000072 21489816
21489818 21489816
21489819 21489820
1086103 21489821
21489822 21489823
21489824 1078167
21740329 1078167
21740330 3956744
21740331 21740332
1086614 21740333
2664744 12684648
4010081 21489834
4014200 21489837
21489836 21489837
21489838 21489839
21489840 21489841
21489842 21489841
21740334 21740335
21740336 1086191
3941973 21489910
21740337 21740338
3954731 13638460
21740339 21740340
21489847 21489848
21489849 21489848
21489850 21489848
21489327 21740341
21489853 12683183
21489854 12683183
21489855 12683183
21740342 12683183
21740343 12683183
21740344 21740345
14574964 21489857
21489858 21489859
21489860 21489861
21740346 19615602
1087840 19615602
21489862 3969557
15917179 3969557
21489863 3969557
21487810 3969557
21489864 21489865
21740347 21740348
21740349 21740350
21489866 21489867
21489868 21489869
21740351 21740352
21740353 21740354
21740355 19126328
1083363 3957383
21489872 3957383
21489873 3957383
3938935 3957383
21489874 21489875
21740356 21489875
21489876 21489877
21489878 12682993
21489879 12682993
21489880 12682993
21489881 12682993
21489882 12682993
21489883 1078386
21489884 21489885
20474725 2620907
1077629 12683148
21489886 12683148
21489887 12683148
1077581 12683148
21489888 21489889
21740357 3958954
21740358 21740359
21489896 12685112
21740360 21740361
21740362 21740363
15791053 3956829
21740364 21740365
21487461 21489897
21489898 2702086
21740366 21740367
21489899 21489900
21489901 21489900
13638575 21740368
21489902 21489903
21489904 21489905
21740369 21489905
21489906 21489905
16510949 12681748
13637111 21489911
21488698 3954731
21489912 19615647
21740370 21740371
19700150 12681538
21740372 21489918
21489919 21489920
21489923 21489924
21489931 1180656
21740373 1180656
21740374 21740375
21740376 19615660
19705524 21489933
21740377 12681725
21486443 21740378
21489934 21489935
21489938 21489939
21489940 21489939
21740379 21740380
21489943 21489942
21489944 21489942
21489947 2620935
21489948 21489949
21740381 1090232
21740382 1086151
21489950 21489951
21489952 2605206
21489953 2605206
21486700 2605206
1077725 2605206
16510841 2605206
16510693 21489954
20057964 21740383
21489955 21489956
21740384 2760956
2622445 2760956
14997435 21489958
21486024 12681316
20910432 12681179
21740385 12681066
21487116 21740386
21740387 21740388
21489965 21489966
21740389 21740390
21489967 1078027
21489968 1078027
21489412 16007148
1087308 21489970
21489971 19615731
21740391 19615731
21489972 3977003
21489973 3977003
21740392 21740393
21489974 14987386
1082613 21740394
21489975 16007206
21489976 21489977
21740395 21489979
21740396 21489979
21489978 21489979
3956150 21489979
21489980 3899556
21489981 21489982
21489983 21489984
21489985 16007217
21489986 16007217
21489445 13639010
21489987 21489988
21489989 21489990
21489991 3954362
1077821 3925651
21489992 21489993
21489994 19615747
1077865 21489995
21740397 21740398
21489996 21489997
21740399 21740400
21490002 21490001
21740401 21490001
1086678 21740402
1077867 19615758
3959973 19615761
21740403 21740404
21490003 19615762
21740405 21740406
21487774 3923292
21740407 21740408
16517188 21490007
21489783 21490007
21490006 21490007
16006225 21490007
21490008 21490009
21488250 21740409
4183202 12683007
21740410 21740411
21740412 21740411
21740413 21740414
1299902 2675074
21740415 21740416
21740417 21740418
21740419 21740420
21490013 21490014
21740421 21740422
3895099 19615793
21490015 19615793
21490017 21490018
21490019 21490020
18098244 21490021
21490022 21490021
21490023 21490021
21740423 21490021
21490024 16519139
1077833 2626524
1087502 2626524
13638982 21740424
19699732 21740425
1077539 21490026
21740426 21740427
21740428 21740429
21490028 21490029
15989549 21740430
21740431 21740432
20058077 21740433
21740434 21490035
15970146 2651152
20063886 19615818
19227534 19615818
21740435 21740436
4076595 1180760
21489197 1087133
21740437 19615826
21740438 21740439
21740440 21490039
3955614 21740441
21488385 2625117
21740442 21740443
21490041 21490042
21490043 3957187
3987814 3957187
21486453 12681490
21490044 21490045
14466660 21490045
3903549 21490045
19703895 21740444
21740445 21740444
21490048 21490049
21490050 21490049
21740446 21490049
1102016 21490049
10460155 3970714
1077685 13633522
21740447 1086775
21740448 21740449
21740450 21740451
21490053 21490054
21490055 21490056
16003187 21487005
21490058 21490059
21490060 21490059
21740452 21740453
1077707 21740454
21490061 21490062
21740455 21740456
21490063 21490064
21740457 19615857
1088069 21490065
21740458 3957099
21490066 3957099
1077765 21490067
21740459 21740460
15956880 21740461
21740462 21740463
21490073 12681947
21490074 2619322
21490077 21490078
21740464 21490080
21490079 21490080
1086173 21740465
21490081 21490082
21490083 21490082
21490084 21490082
15921540 19615879
21738267 21740466
21740467 21740468
21740469 21490086
21490085 21490086
21490087 21490086
21490088 21490089
21740470 21740471
21490090 16590641
21490091 16590641
1082477 16590641
21490092 16590641
21740472 21740473
21740474 19615886
21490093 21490094
21740475 2651429
21490096 15006158
4069152 21740476
21490097 21490098
21487596 19615895
21740477 19615895
21740478 19615895
21490101 3964338
21490102 3964338
21490103 3964338
21486698 21740479
21490106 21490107
21490109 12684973
15984221 12684973
21740480 12684973
21740481 21740482
21490110 21490111
18627751 1085999
1082677 1085999
21490112 19615922
3971423 1087548
21740483 21490114
21490116 16009750
21740484 21740485
21490119 14794858
21490120 14794858
21740486 21740487
19908864 21490123
2758506 21740488
21490124 21490125
21740489 21740490
21740491 21740490
21490127 21490128
21490129 21490130
21740492 21740493
21740494 21740495
21740496 21740497
21486215 19615939
1086415 21490134
21490133 21490134
21740498 13633536
3924090 13633536
21490135 2623980
21490136 2623980
15993845 1076588
15948620 1076588
15997606 1076588
15982521 1076588
21740499 1076588
15913721 1076588
21486087 1076588
15987687 1076588
21740500 1076588
21488320 1076588
21488635 1076588
21485600 1076588
15899043 1076588
15945878 1076588
15924029 1076588
21488352 1076588
15958427 1076588
15892802 1076588
21486831 1076588
21740501 21740502
21490139 21490140
21490141 2667385
15981557 2667385
12681839 2625871
21740503 3931659
15974429 19615949
21490142 21490143
21490144 21490143
21490145 21490143
21490146 14762756
21490147 21490148
21490149 2670352
21490150 2670352
12682368 2670352
21740504 2685978
21490153 2685978
21490154 3903012
21490155 3903012
21740505 3903012
21740506 3903012
21490156 3903012
21490157 3903012
21490160 21490161
21490162 21490161
21740507 21490164
21490163 21490164
21490173 21490174
21740508 21740509
3898597 21490176
21490175 21490176
21490177 21490176
21486908 21740510
21740511 21740512
21740513 21740514
21740515 21740516
21490179 14762284
19913492 14762284
21740517 21490181
3956253 21740518
1077819 1078414
1077717 1087885
21490183 21490184
21740519 21740520
21490196 21490191
21490199 21490200
21740521 21490200
21490202 21490200
21490203 21490204
21490206 21490207
21490208 21490207
21488307 21740522
21490209 2699712
21740523 21740524
21740525 21740526
21487525 12681559
21740527 21740528
21489715 21740529
21490215 1078420
1103067 21740530
21490218 21490219
21740531 21490219
1084279 1078422
2742989 21490220
21487440 19125189
21740532 16011572
15017310 21490223
1077498 16011766
21740533 21740534
21490225 13637913
21490226 21490227
21740535 21740536
15972330 21486587
21488634 21486587
21490235 21490236
21486546 12682461
21490237 21490238
21740537 21740538
21487614 21490239
2617081 2755776
3897982 2755776
21740539 2755776
21490240 12684292
21489785 21490241
21740540 21490241
2675905 3940342
17185708 2606691
21490242 2606691
15927122 21490244
21487261 3940618
21486188 21740541
15930568 16012605
21490252 21490253
21740542 21740543
21740544 3929024
21486554 2685936
20058543 14999899
20062168 14999899
20059176 14999899
21740545 21740546
21490246 21740547
21740548 21740549
21740550 21740551
21490257 21490258
21490259 21490260
15912083 21490260
16012983 21490260
21490262 21490263
21490264 16012705
21490265 21490266
21490267 19616094
21490268 19616094
21490269 19616094
21490270 12683193
21490271 12683193
21490272 21490273
21490277 16012766
21490278 21490279
21490280 21490281
21740552 21740553
21486100 21740554
16003746 21740555
21740556 21740557
21740558 12681051
21740559 12681051
13638126 1092168
21490287 1092168
21490288 1092168
21490289 1092168
21489910 2680875
21490290 1077951
21490291 21490292
16510937 16511606
21490295 16511606
21488107 12683018
21740560 21740561
21490297 21490298
21490299 21490298
21490300 2671708
21490301 2671708
21490302 1180707
21490303 1174080
1077601 19616203
21740562 21740563
21490305 21490306
15908798 12681478
21490307 12681478
21740564 12681478
13638198 2685137
21490308 2685137
21490216 14807109
15901251 2664591
15924559 21740565
13637177 12683049
13637883 12683049
13638914 12683049
19610565 12683049
13638059 12683049
3937948 12683049
21490309 12683049
21490310 12683049
21490311 12683049
14583360 16506576
16510774 1180971
21490312 1077947
21490313 16013532
21490314 16013532
21740566 14779812
21490316 21490317
21740567 16013550
21490318 16013550
21490320 16013624
21490321 16013624
16013645 16013646
21490322 12684038
21490323 1293638
21490324 19616232
21490325 19616236
21490328 21490327
15009561 16579368
21490331 21490332
21740568 21740569
21740570 21740569
12677774 21740571
21740572 21740573
21490334 2660752
21490335 2660752
20067440 2660752
3919792 21490338
21740574 21740575
15929843 12681939
21490339 12681939
21740576 21740577
21740578 21740579
15028699 2660298
21490340 21490341
21489246 21740580
21740581 1084816
21490343 13633656
21740582 1300248
21490344 21490345
21488740 2702322
16002634 12681744
4484949 21490346
21490351 21490352
21490254 21490352
21490353 21490354
21490355 16014125
21740583 2704848
21490356 21490357
21489241 4343765
21740584 21740585
15984717 4224850
15915210 16014316
21490358 16014318
21490359 16014318
21490360 21490361
21740586 3934426
21740587 21740588
21490365 21490366
21490367 16014417
21490368 16014420
21740589 21740590
21490369 21490370
21490371 21490372
21740591 12683561
15967739 21490373
21490375 19616292
2611661 21740592
2613097 2600963
1102326 21740593
21490376 21490377
21490378 21490379
21485420 21740594
21740595 21740596
21740597 1102300
21489582 21740598
21490384 21490385
21740599 12683704
2753962 2744732
2755427 2744732
2687692 2744732
2756282 2744732
13641913 13637943
13632739 13637943
21740600 1077943
21490387 1077943
21740601 1077943
2608538 21490389
15897114 15007287
15897494 15007287
13642189 2739174
21490392 2739174
21490394 2739174
21490395 2739174
19489947 2739174
21490396 2739174
21486464 2739174
21490397 12683479
21490398 12683479
21490399 12683479
21490400 12683479
21490401 12683479
21490402 21490403
21490405 12683247
21490406 12683247
21486834 12683247
1077541 12683247
21490407 12683247
21740602 12683247
21490408 12683247
21490409 19616322
18273646 19616322
21490275 21490274
21490410 1078141
21740603 16014911
21740604 16014911
21740605 4248885
21740606 4248885
21740607 4248885
21740608 4248885
21740609 4248885
21740610 4183936
16510921 964783
4446256 964783
16510814 964783
21490414 21490415
21490418 21490419
21490420 13633679
21490421 13633679
21490422 13633679
16598329 21490423
21490424 14783563
14805337 14783565
21490426 21490427
21490429 21490430
21490428 19616350
21490431 14782492
21490432 21490433
21490434 21490435
21490436 14791360
21490437 21490438
21490440 3935510
21490441 3935510
21490443 12682333
21490444 1101812
21490445 1101812
21490446 1101812
16016018 1101812
15973376 15973440
21740611 15973440
21740612 21490448
21740613 14775826
21490449 21490450
21740614 21740615
21740616 21740615
20417902 21490462
21490463 3781396
21490464 21490465
21740617 21490465
21740618 16510070
21490466 21490467
21490468 21490467
21490469 21490470
20065884 12683463
21490471 21490472
20061661 16510627
20058043 16510627
21490476 13633683
21490136 16510040
21740619 21740620
21490479 19120444
21740621 21740622
21740623 21740622
21740624 21740622
19708395 21740622
21740625 21740622
21740626 21740622
21740627 21740622
21740628 21740622
21740629 16503818
21740630 21740631
21487000 21740632
2633869 16017318
21740633 21740634
21740635 21740634
21740636 1096307
21490488 2664366
21740637 2664366
21740638 2664366
21490489 21490490
21490492 19616428
21490493 19616428
21740639 19616428
2759356 21490494
2616747 1078201
21740640 21740641
21490497 21490496
21740642 21490496
21490498 12681565
21490499 21490500
21490501 21490500
21740643 21740644
21740645 16519631
21490502 16519631
21490503 12681542
21740646 12681542
21490504 12681542
21490505 12681542
3958636 12681542
21740647 3886725
3900138 3886725
21490507 2713142
21490509 15010497
21490510 21490511
21489851 21490513
21490514 21490515
21740648 21490515
21490516 21490515
21740649 21490515
2621238 1180973
21490517 12683718
21490518 12683718
21740650 19616443
21490519 19616445
16511545 21490520
21490521 15030504
21740651 1180665
19613293 19616465
21490526 2754945
2614364 14559798
21490527 21490528
19615257 21490528
1083343 12682959
21486476 12682959
21490531 21490532
12682366 2626430
21740652 12682405
21740653 12682405
21490533 12682405
21489255 12682405
21490534 12682405
21740654 3773143
21490535 1180713
21490536 21490537
21740655 19616489
1077603 20060553
21490538 21490539
1087486 21490540
