195613 11457385
646160 11478461
494314 11478461
803380 11478461
148627 11490961
287064 11502419
142651 11502419
379738 11562932
240301 11562932
4790370 11562932
3052388 11562932
447608 11562932
564095 11562932
3511052 11562932
181897 11562932
745292 11562932
11901769 11562932
912998 11562932
434741 11562932
238022 11562932
10202163 11562932
3245937 11562932
151853 11562932
10217815 11562932
133324 11562932
550586 11562932
604108 11562932
618150 11562932
10209304 11562932
319899 11562932
281836 11562932
238714 11562932
223760 11562932
421655 11562932
209779 11562932
353911 11562932
790642 11562932
94068 11562932
418158 11562932
136086 11562932
2560353 11562932
906759 11562932
3497986 11562932
11890265 11562932
188736 11562932
6950448 11562932
11924165 11562932
123556 11562932
302532 11562932
2003427 11562932
174900 11562932
10209381 11562932
174298 11562932
11847971 11562932
195617 11562932
417206 11562932
15929765 11562932
11924172 11562932
10209404 11562932
10222584 11562932
138989 11562932
724269 11562932
397127 11562932
288347 11562932
529457 11562932
173539 11562932
10217817 11562932
1910961 11562932
433427 11562932
162365 11562932
648665 11562932
426962 11562932
479140 11562932
149719 11562932
304518 11562932
655027 11562932
10170271 11562932
114957 11562932
556346 11562932
10170274 11562932
588590 11562932
166553 11562932
566664 11562932
105681 11562932
123486 11562932
10218575 11562932
252265 11562932
234047 11562932
15968251 11562932
15968263 11562932
530856 11562932
371323 11562932
648663 11562932
294828 11562932
176132 11562932
648935 11562932
626808 11562932
488430 11562932
180217 11562932
134982 11562932
2097185 11562932
10217821 11562932
298096 11562932
458097 11562932
503944 11562932
1911126 11562932
604208 11562932
547887 11562932
339268 11562932
241259 11562932
10217822 11562932
10173725 11562932
100879 11562932
11887649 11562932
11901450 11562932
3657888 11562932
11902313 11562932
11909488 11562932
21783972 11562932
21783973 11562932
21783974 11562932
21783975 11562932
11916569 11562932
10209600 11562932
357083 11562932
3489254 11562932
3455623 11562932
558199 11562932
275422 11562932
11915828 11562932
2097219 11562932
252263 11562932
10170293 11562932
10209620 11562932
175160 11562932
733695 11562932
2060818 11562932
10201233 11562932
448699 11562932
1990274 11562932
1932479 11562932
10170324 11562932
358061 11562932
2528842 11562932
217028 11562932
10218032 11562932
1741187 11562932
1628966 11562932
10170297 11562932
10217828 11562932
1499937 11562932
486160 11562932
180765 11562932
577608 11562932
1943664 11562932
10170325 11562932
133476 11562932
11870392 11562932
274470 11562932
566869 11562932
11859817 11562932
246793 11562932
567664 11562932
181951 11562932
10170327 11562932
4855349 11562932
263861 11562932
217026 11562932
495659 11562932
3345423 11562932
10170849 11562932
2096815 11562932
351853 11562932
2554803 11562932
10217833 11562932
11870976 11562932
205243 11562932
266555 11562932
165963 11562932
502891 11562932
514446 11562932
4210657 11562932
253328 11562932
10173734 11562932
1930258 11562932
371325 11562932
1822524 11562932
483326 11562932
524293 11562932
10170854 11562932
2262878 11562932
11861313 11562932
772794 11562932
249014 11562932
377699 11562932
10170857 11562932
300788 11562932
142327 11562932
650989 11562932
1983736 11562932
402127 11562932
10170859 11562932
530792 11562932
711074 11562932
146612 11562932
483546 11562932
1312876 11562932
161106 11562932
105183 11562932
2561751 11562932
1328938 11562932
357364 11562932
10170862 11562932
1971058 11562932
600180 11562932
462142 11562932
4765008 11562932
88704 11562932
312933 11562932
214470 11562932
165965 11562932
305080 11562932
153124 11562932
558682 11562932
536232 11562932
87258 11562932
578379 11562932
712016 11562932
352463 11562932
402155 11562932
11901940 11562932
1889315 11562932
2548349 11562932
593759 11562932
542281 11562932
1405261 11562932
113637 11562932
426960 11562932
470728 11562932
198230 11562932
183117 11562932
102747 11623403
10170831 11623403
99742 11623403
10170833 11623403
10170834 11623403
596601 11623403
3565793 11623403
445116 11623403
726525 11623403
404598 11623403
2096741 11623403
465647 11623403
4230989 11623403
915930 11623403
92394 11623403
290188 11623403
1354748 11623403
591584 11623403
3396179 11623403
396633 11623403
255870 11623403
15123956 11623403
436533 11623403
409099 11623403
11855485 11623403
340880 11623403
129811 11623403
3768996 11623403
295361 11623403
690021 11623403
101119 11623403
143461 11623403
100321 11623403
270211 11623403
10174402 11623403
630637 11623403
887429 11623403
10217814 11623403
3659867 11623403
232221 11623403
557727 11623403
342562 11623403
394171 11623403
1827335 11623403
347901 11623403
375391 11623403
525167 11623403
471058 11623403
91230 11623403
240127 11623403
381870 11623403
144855 11623403
183825 11623403
746765 11623403
296149 11623403
302288 11623403
147131 11623403
297017 11623403
594047 11623403
442169 11623403
382207 11623403
438112 11623403
562975 11623403
131444 11623403
224664 11623403
591196 11623403
136104 11623403
2198436 11623403
1393044 11623403
422905 11623403
674542 11623403
264744 11623403
3513967 11623403
294031 11623403
256012 11623403
184029 11623403
641501 11623403
237166 11623403
716766 11623403
10205244 11623403
315254 11623403
11901771 11623403
10202171 11623403
152476 11623403
307720 11623403
877091 11623403
355597 11623403
988370 11623403
11833973 11623403
275630 11623403
10209308 11623403
659131 11623403
20056928 11623403
3395277 11623403
11848757 11623403
621001 11623403
347899 11623403
319274 11623403
383681 11623403
1981722 11623403
212693 11623403
131834 11623403
393385 11623403
10215538 11623403
240661 11623403
383459 11623403
304330 11623403
504883 11623403
193394 11623403
505612 11623403
193047 11623403
265946 11623403
551785 11623403
215464 11623403
132016 11623403
10171514 11623403
313159 11623403
98412 11623403
141012 11623403
15196681 11623403
2434411 11623403
952248 11623403
2520051 11623403
548931 11623403
563492 11623403
466183 11623403
191194 11623403
10880324 11623403
297894 11623403
3527367 11623403
451953 11623403
19619903 11623403
790108 11623403
201201 11623403
138111 11623403
671566 11623403
3067340 11623403
11847084 11623403
1998758 11623403
923342 11623403
1829623 11623403
7094865 11623403
279282 11623403
433735 11623403
11870536 11623403
731732 11623403
433799 11623403
543626 11623403
2367308 11623403
784259 11623403
408578 11623403
291713 11623403
385561 11623403
155342 11623403
10209360 11623403
678047 11623403
353735 11623403
15283515 11623403
274472 11623403
136430 11623403
790724 11623403
329993 11623403
452439 11623403
287452 11623403
21783976 11623403
245243 11623403
918206 11623403
163398 11623403
3640139 11623403
11860636 11623403
233566 11623403
984283 11623403
2569281 11623403
11900286 11623403
3674495 11623403
499397 11623403
3381335 11623403
611759 11623403
354001 11623403
253188 11623403
223758 11623403
21783977 11623403
541607 11623403
550876 11623403
11830104 11623403
757061 11623403
196055 11623403
3391106 11623403
295397 11623403
675815 11623403
814579 11623403
288168 11623403
563322 11623403
4693403 11623403
15287585 11623403
423539 11623403
374505 11623403
303749 11623403
148307 11623403
871924 11623403
2530500 11623403
464245 11623403
450136 11623403
184043 11623403
18506158 11623403
418558 11623403
300550 11623403
560297 11623403
113725 11623403
186775 11623403
137695 11623403
165783 11623403
450290 11623403
171400 11623403
226171 11623403
592076 11623403
579729 11623403
10170321 11623403
10218014 11623403
402909 11623403
440149 11623403
266402 11623403
2524211 11623403
96292 11623403
560422 11623403
294197 11623403
641485 11623403
471707 11623403
414585 11623403
553988 11623403
266004 11623403
618190 11623403
129883 11623403
147327 11623403
152129 11623403
85670 11623403
315978 11623403
917567 11623403
156351 11623403
244227 11623403
369609 11623403
656364 11623403
249455 11623403
10172300 11623403
2564087 11623403
291787 11623403
821681 11623403
3397968 11623403
3492611 11623403
3759170 11623403
394510 11623403
114695 11623403
743443 11623403
131562 11623403
11867910 11623403
185712 11623403
765931 11623403
11863544 11623403
447986 11623403
2370718 11623403
671831 11623403
974819 11623403
627729 11623403
306680 11623403
343678 11623403
471050 11623403
675708 11623403
471783 11623403
11925617 11623403
152908 11623403
1534352 11623403
475874 11623403
396565 11623403
166305 11623403
172920 11623403
568533 11623403
343061 11623403
11902093 11623403
485011 11623403
128152 11623403
450790 11623403
266016 11623403
291607 11623403
184996 11623403
299836 11623403
207269 11623403
10220034 11623403
167025 11623403
1653999 11623403
143651 11623403
11879455 11623403
618080 11623403
21783978 11623403
106099 11623403
10206393 11623403
155128 11623403
409119 11623403
1164158 11623403
2250357 11623403
175386 11623403
485682 11623403
1930587 11623403
975689 11623403
578913 11623403
11863563 11623403
10175089 11623403
177907 11623403
1925166 11623403
696458 11623403
479643 11623403
3406231 11623403
136741 11623403
147661 11623403
181903 11623403
1776859 11623403
4331454 11623403
667953 11623403
11895630 11623403
439337 11623403
175268 11623403
297846 11623403
173489 11623403
252926 11623403
2435808 11623403
376721 11623403
264617 11623403
147463 11623403
217889 11623403
538093 11623403
3194534 11623403
441122 11623403
11899125 11623403
152101 11623403
370913 11623403
391678 11623403
477314 11623403
489902 11623403
4793286 11623403
3388154 11623403
224168 11623403
1763781 11623403
468494 11623403
300538 11623403
1461942 11623403
166829 11623403
3110557 11623403
10170280 11623403
441364 11623403
10202510 11623403
547953 11623403
10203297 11623403
151667 11623403
7025620 11623403
7107820 11623403
3581180 11623403
265902 11623403
11855655 11623403
787680 11623403
232777 11623403
560518 11623403
307710 11623403
137419 11623403
297395 11623403
719752 11623403
168406 11623403
125598 11623403
119979 11623403
1824070 11623403
499611 11623403
269595 11623403
586471 11623403
2536936 11623403
143589 11623403
221005 11623403
427592 11623403
434757 11623403
723722 11623403
398765 11623403
11851385 11623403
478785 11623403
246373 11623403
341645 11623403
3326341 11623403
660500 11623403
147127 11623403
184866 11623403
2190497 11623403
1917926 11623403
138633 11623403
968831 11623403
563486 11623403
394267 11623403
279136 11623403
276180 11623403
11855664 11623403
475700 11623403
2568358 11623403
249368 11623403
619236 11623403
800747 11623403
128595 11623403
169913 11623403
10209588 11623403
503834 11623403
3062287 11623403
211831 11623403
3516932 11623403
7034805 11623403
11861250 11623403
966018 11623403
11855671 11623403
11866948 11623403
432900 11623403
10202312 11623403
465407 11623403
735099 11623403
534001 11623403
1987553 11623403
2572029 11623403
21783979 11623403
700718 11623403
582042 11623403
270944 11623403
196109 11623403
599640 11623403
538325 11623403
380721 11623403
10220036 11623403
703691 11623403
11854068 11623403
914047 11623403
10170323 11623403
231255 11623403
11902620 11623403
128637 11623403
1718595 11623403
352079 11623403
10217823 11623403
2551199 11623403
10170292 11623403
252924 11623403
399811 11623403
10209614 11623403
295377 11623403
11835213 11623403
266288 11623403
11899154 11623403
11830495 11623403
4710152 11623403
402097 11623403
3415427 11623403
601902 11623403
123754 11623403
1930734 11623403
120320 11623403
489019 11623403
4150794 11623403
157057 11623403
776213 11623403
3526874 11623403
10170295 11623403
426828 11623403
1758536 11623403
245783 11623403
10170843 11623403
741027 11623403
333156 11623403
240759 11623403
723432 11623403
11900969 11623403
239143 11623403
430344 11623403
11901885 11623403
11921119 11623403
735059 11623403
92468 11623403
300554 11623403
11924221 11623403
10202336 11623403
1651915 11623403
420507 11623403
723740 11623403
329298 11623403
308480 11623403
1755633 11623403
156255 11623403
973946 11623403
774495 11623403
21783980 11623403
193606 11623403
240947 11623403
536680 11623403
573603 11623403
297818 11623403
3540313 11623403
205001 11623403
148169 11623403
589755 11623403
11830497 11623403
3489504 11623403
423577 11623403
391686 11623403
913789 11623403
10217827 11623403
1856568 11623403
7380620 11623403
321701 11623403
413271 11623403
11838718 11623403
778182 11623403
672026 11623403
10170298 11623403
92138 11623403
445370 11623403
145552 11623403
422142 11623403
240791 11623403
367747 11623403
341188 11623403
680924 11623403
232900 11623403
192693 11623403
463655 11623403
10217829 11623403
300880 11623403
10170299 11623403
145986 11623403
498580 11623403
10209656 11623403
398934 11623403
101153 11623403
3444588 11623403
133791 11623403
11866201 11623403
99046 11623403
11910547 11623403
189394 11623403
4964259 11623403
243777 11623403
3112171 11623403
3391638 11623403
208626 11623403
3684949 11623403
265900 11623403
660454 11623403
720639 11623403
342357 11623403
1308236 11623403
415476 11623403
11830118 11623403
10170848 11623403
304576 11623403
2435287 11623403
3449678 11623403
10170326 11623403
21783981 11623403
549429 11623403
11830508 11623403
10170303 11623403
11860434 11623403
958456 11623403
776718 11623403
106751 11623403
575906 11623403
11830335 11623403
214754 11623403
18442938 11623403
177483 11623403
2097332 11623403
145980 11623403
553611 11623403
493878 11623403
418156 11623403
10215325 11623403
194911 11623403
10209673 11623403
161648 11623403
209689 11623403
489031 11623403
357644 11623403
419966 11623403
21783982 11623403
282511 11623403
2569225 11623403
3532928 11623403
119561 11623403
585235 11623403
159274 11623403
975161 11623403
108779 11623403
396563 11623403
403627 11623403
11901115 11623403
11899204 11623403
365945 11623403
4837130 11623403
3348795 11623403
11835996 11623403
659388 11623403
675813 11623403
17436728 11623403
10202373 11623403
4453050 11623403
564701 11623403
707594 11623403
4945324 11623403
503616 11623403
297445 11623403
3095296 11623403
399447 11623403
518278 11623403
10202378 11623403
538612 11623403
121062 11623403
232414 11623403
132146 11623403
497926 11623403
149015 11623403
468496 11623403
292347 11623403
11860328 11623403
10170307 11623403
315888 11623403
10168557 11623403
3683962 11623403
562593 11623403
254080 11623403
611619 11623403
447723 11623403
165071 11623403
624293 11623403
11878950 11623403
462212 11623403
671174 11623403
178185 11623403
11898957 11623403
568619 11623403
413321 11623403
11830510 11623403
10212908 11623403
144553 11623403
326209 11623403
581438 11623403
606007 11623403
2521754 11623403
10170328 11623403
643296 11623403
21783983 11623403
981141 11623403
11882866 11623403
589021 11623403
11899859 11623403
131170 11623403
887719 11623403
10202384 11623403
918096 11623403
418438 11623403
2532117 11623403
365278 11623403
228112 11623403
11909683 11623403
1860662 11623403
10170856 11623403
3657077 11623403
461431 11623403
1912711 11623403
495823 11623403
283020 11623403
314411 11623403
636493 11623403
1391537 11623403
11915094 11623403
11899230 11623403
296457 11623403
276678 11623403
11916951 11623403
3238670 11623403
11833210 11623403
1939474 11623403
274462 11623403
3398612 11623403
895456 11623403
906649 11623403
2570032 11623403
984236 11623403
4542676 11623403
439445 11623403
120220 11623403
426122 11623403
265974 11623403
11895694 11623403
2562183 11623403
403003 11623403
564875 11623403
3609000 11623403
10211718 11623403
10217835 11623403
3166142 11623403
528839 11623403
4914787 11623403
643557 11623403
10211719 11623403
109909 11623403
11867605 11623403
192691 11623403
431135 11623403
2547376 11623403
10170863 11623403
803240 11623403
3121897 11623403
10202397 11623403
268339 11623403
10202398 11623403
270009 11623403
256828 11623403
1974152 11623403
503068 11623403
1941006 11623403
597206 11623403
1945564 11623403
258996 11623403
330132 11623403
701854 11623403
123818 11623403
628348 11623403
120858 11623403
3106968 11623403
167751 11623403
417204 11623403
216376 11623403
3453289 11623403
655184 11623403
239307 11623403
502039 11623403
266278 11623403
313151 11623403
149933 11623403
246363 11623403
10202401 11623403
221139 11623403
153739 11623403
2373925 11623403
700084 11623403
2254459 11623403
225169 11623403
576980 11623403
667730 11623403
608724 11623403
394001 11623403
470738 11623403
722459 11623403
362161 11623403
187344 11623403
157699 11623403
365949 11623403
2425851 11623403
542961 11623403
10209995 11623403
3559102 11623403
10211838 11623403
16016968 11623403
692607 11623403
647374 11623403
89876 11623403
11886648 11623403
191702 11623403
526195 11623403
881023 11623403
136326 11623403
358245 11623403
2546273 11623403
399534 11623403
562359 11623403
3353290 11623403
16017022 11623403
608032 11623403
142419 11623403
10201642 11623403
469827 11623403
357737 11623403
475766 11623403
156939 11623403
634208 11623403
100449 11623403
402225 11623403
146773 11623403
121491 11623403
194223 11623403
165035 11623403
129535 11623403
702529 11623403
557673 11623403
729640 11623403
563009 11623403
478391 11623403
256163 11623403
128322 11623403
710255 11623403
10170864 11623403
241349 11623403
430408 11623403
290526 11623403
123276 11623403
387106 11623403
266964 11623403
337941 11623403
1733341 11623403
2550171 11623403
486156 11623403
119845 11623403
179430 11623403
652389 11623403
96780 11623403
140870 11623403
496659 11623403
103945 11623403
11870853 11623403
357630 11623403
192291 11666346
376519 11666346
224336 11666346
695904 11666346
2559689 11666346
347237 11666346
407796 11666346
513968 11666346
592008 11666346
187021 11666346
592390 11666346
2008791 11666346
393177 11666346
341008 11666346
380861 11666346
628700 11666346
401847 11666346
790712 11666346
512464 11666346
7565696 11666346
515365 11666346
480034 11666346
682959 11666346
101633 11666346
984363 11666346
1391966 11666346
3350572 11666346
187148 11666346
579899 11666346
11915053 11666346
315522 11666346
210356 11666346
485692 11666346
2165970 11666346
533999 11666346
265964 11666346
1845658 11666346
2529923 11666346
115241 11666346
15896540 11666346
361173 11666346
779947 11666346
358247 11666346
299834 11666346
4903846 11666346
3620191 11666346
814135 11666346
297401 11666346
475712 11666346
569148 11666346
201843 11666346
524812 11666346
102519 11666346
630777 11666346
210594 11666346
126779 11666346
274826 11666346
256155 11666346
108129 11666346
515099 11666346
337285 11666346
240713 11666346
177759 11666346
167263 11666346
595728 11666346
969688 11666346
588237 11666346
495014 11666346
3114619 11666346
1971190 11666346
443128 11666346
113625 11666346
170535 11666346
352323 11666346
232065 11666346
303417 11666346
154484 11666346
333838 11666346
152321 11666346
136446 11666346
346907 11666346
270946 11666346
822063 11666346
154818 11666346
271056 11666346
119799 11666346
575996 11666346
526193 11666346
461461 11666346
644596 11666346
445694 11666346
270940 11666346
474650 11666346
897506 11666346
1921897 11666346
3121913 11666346
93378 11666346
122235 11666346
435523 11666346
11898996 11666346
11855492 11666346
428608 11666346
180113 11666346
201833 11666346
978526 11666346
110059 11666346
85372 11666346
684977 11666346
527472 11666346
144501 11666346
183861 11666346
424734 11666346
465405 11666346
265944 11666346
227368 11666346
183793 11666346
485797 11666346
134752 11666346
630775 11666346
415996 11666346
304334 11666346
3439406 11666346
521264 11666346
542057 11666346
701120 11666346
791570 11666346
657965 11666346
505374 11666346
781252 11666346
2568802 11666346
210016 11666346
521250 11666346
213121 11666346
182635 11666346
610312 11666346
866329 11666346
713326 11666346
697945 11666346
360299 11666346
347957 11666346
213219 11666346
3114621 11666346
651255 11666346
376311 11666346
122471 11666346
192629 11666346
149931 11666346
388604 11666346
271442 11666346
281782 11666346
10209326 11666346
694959 11666346
11870506 11666346
18491808 11666346
292345 11666346
139431 11666346
11868573 11666346
360923 11666346
240281 11666346
11834689 11666346
11831178 11666346
4926815 11666346
3362269 11666346
276578 11666346
782171 11666346
132810 11666346
384729 11666346
10211702 11666346
714299 11666346
3737288 11666346
360367 11666346
142753 11666346
235559 11666346
265932 11666346
265852 11666346
10170318 11666346
162355 11666346
219263 11666346
954112 11666346
410615 11666346
352329 11666346
218173 11666346
655858 11666346
1806972 11666346
552725 11666346
265161 11666346
542001 11666346
729289 11666346
11855531 11666346
322197 11666346
11895595 11666346
113147 11666346
556712 11666346
460917 11666346
11899680 11666346
593475 11666346
104633 11666346
470516 11666346
772572 11666346
719650 11666346
701856 11666346
170893 11666346
1506715 11666346
702163 11666346
1828440 11666346
631964 11666346
3487000 11666346
402199 11666346
1989241 11666346
229550 11666346
550129 11666346
214125 11666346
132980 11666346
1924428 11666346
232219 11666346
659400 11666346
133296 11666346
17435229 11666346
16329530 11666346
667941 11666346
653567 11666346
533993 11666346
11841028 11666346
1819044 11666346
10209378 11666346
881620 11666346
10216346 11666346
11860637 11666346
3408483 11666346
11841182 11666346
882519 11666346
3112309 11666346
346489 11666346
2565723 11666346
11868593 11666346
11915569 11666346
21336994 11666346
11853622 11666346
2445210 11666346
10209382 11666346
11883850 11666346
4155335 11666346
434197 11666346
736921 11666346
135950 11666346
355679 11666346
120916 11666346
206618 11666346
102715 11666346
389080 11666346
298552 11666346
1845197 11666346
727020 11666346
525431 11666346
887341 11666346
776518 11666346
11895604 11666346
11866727 11666346
596280 11666346
11888292 11666346
440147 11666346
346085 11666346
510152 11666346
294750 11666346
260950 11666346
342139 11666346
396635 11666346
684783 11666346
726293 11666346
518363 11666346
11849134 11666346
286453 11666346
10209422 11666346
255803 11666346
4955133 11666346
7308016 11666346
7236948 11666346
6956726 11666346
7474146 11666346
768874 11666346
11840740 11666346
7121267 11666346
11840741 11666346
7113116 11666346
309169 11666346
150993 11666346
2009447 11666346
647157 11666346
578477 11666346
541019 11666346
11856622 11666346
206624 11666346
556216 11666346
652371 11666346
283438 11666346
134646 11666346
258864 11666346
447684 11666346
113755 11666346
2512925 11666346
494254 11666346
490285 11666346
2538500 11666346
225485 11666346
108457 11666346
867879 11666346
1718479 11666346
176238 11666346
115293 11666346
414385 11666346
11909616 11666346
6981322 11666346
7126779 11666346
7386092 11666346
7083553 11666346
469275 11666346
6902453 11666346
386998 11666346
7089307 11666346
419273 11666346
529441 11666346
618070 11666346
275348 11666346
138781 11666346
1957190 11666346
7251547 11666346
7367212 11666346
523101 11666346
495985 11666346
735047 11666346
1316409 11666346
7481303 11666346
7031734 11666346
682927 11666346
126671 11666346
6977498 11666346
130419 11666346
450470 11666346
7432524 11666346
677323 11666346
6928686 11666346
11840749 11666346
230451 11666346
762806 11666346
2170191 11666346
11840750 11666346
6938214 11666346
7270624 11666346
7396800 11666346
86142 11666346
11840755 11666346
129047 11666346
6936758 11666346
7100607 11666346
367390 11666346
904367 11666346
11840760 11666346
298900 11666346
412243 11666346
10220063 11666346
126909 11666346
151659 11666346
2569782 11666346
3640931 11666346
122239 11666346
374676 11666346
2571353 11666346
301437 11666346
173777 11666346
10171054 11666346
1706152 11666346
464387 11666346
422146 11666346
902776 11666346
10203759 11666346
136897 11666346
278908 11666346
443196 11666346
143105 11666346
2096917 11666346
752224 11666346
277820 11666346
440999 11666346
95670 11666346
4215748 11666346
496364 11666346
325562 11666346
381868 11666346
218849 11666346
266016 11666346
105945 11666346
207649 11666346
548003 11666346
195367 11666346
428852 11666346
119035 11666346
663039 11666346
619180 11666346
1828444 11666346
114663 11666346
419367 11666346
11868665 11666346
588877 11666346
665568 11666346
576682 11666346
295345 11666346
17431131 11666346
728669 11666346
589286 11666346
206612 11666346
422713 11666346
183421 11666346
793591 11666346
492934 11666346
344490 11666346
262918 11666346
566728 11666346
644594 11666346
565192 11666346
295753 11666346
428181 11666346
608546 11666346
473344 11666346
422711 11666346
754660 11666346
381575 11666346
11901852 11666346
665594 11666346
10220035 11666346
443442 11666346
174310 11666346
114955 11666346
137891 11666346
168418 11666346
176482 11666346
4941561 11666346
154490 11666346
180017 11666346
361735 11666346
3357824 11666346
3646653 11666346
271525 11666346
494474 11666346
136483 11666346
137151 11666346
464753 11666346
670366 11666346
1773126 11666346
2016962 11666346
217762 11666346
295363 11666346
744026 11666346
391596 11666346
893983 11666346
12685482 11666346
258526 11666346
293408 11666346
694557 11666346
163007 11666346
152384 11666346
877961 11666346
1991883 11666346
11924602 11666346
177187 11666346
2528435 11666346
292329 11666346
241786 11666346
442707 11666346
2564244 11666346
11839054 11666346
497189 11666346
284820 11666346
186272 11666346
314944 11666346
3308332 11666346
466045 11666346
123462 11666346
328145 11666346
787515 11666346
293751 11666346
3481362 11666346
265990 11666346
289840 11666346
644255 11666346
270007 11666346
171446 11666346
565592 11666346
326897 11666346
87686 11666346
291485 11666346
1321985 11666346
320571 11666346
429460 11666346
2207326 11666346
610242 11666346
466723 11666346
11851385 11666346
196101 11666346
441436 11666346
2561181 11666346
347561 11666346
683568 11666346
197560 11666346
865560 11666346
127267 11666346
673734 11666346
88050 11666346
735217 11666346
896456 11666346
166779 11666346
1916220 11666346
199574 11666346
332897 11666346
616668 11666346
407742 11666346
123748 11666346
247955 11666346
603432 11666346
283572 11666346
492089 11666346
427398 11666346
774366 11666346
10170290 11666346
574381 11666346
2559908 11666346
2568358 11666346
134117 11666346
3733449 11666346
118963 11666346
392512 11666346
546442 11666346
84588 11666346
319248 11666346
11870700 11666346
775308 11666346
731269 11666346
592214 11666346
195809 11666346
274460 11666346
146168 11666346
410609 11666346
472152 11666346
246799 11666346
87358 11666346
296145 11666346
704099 11666346
665796 11666346
3349100 11666346
547118 11666346
3326144 11666346
10168377 11666346
426209 11666346
11924495 11666346
3245288 11666346
11867550 11666346
10217824 11666346
436627 11666346
3403892 11666346
548431 11666346
331496 11666346
469331 11666346
10202332 11666346
332895 11666346
11900010 11666346
481884 11666346
266006 11666346
593151 11666346
371339 11666346
188870 11666346
652837 11666346
156355 11666346
11916614 11666346
7203516 11666346
2513445 11666346
291721 11666346
685624 11666346
102669 11666346
605745 11666346
968271 11666346
131592 11666346
549337 11666346
479709 11666346
212647 11666346
169384 11666346
206622 11666346
633260 11666346
1914354 11666346
402139 11666346
411647 11666346
757744 11666346
291963 11666346
484191 11666346
490463 11666346
259206 11666346
778236 11666346
319258 11666346
496055 11666346
466117 11666346
149829 11666346
2097241 11666346
191502 11666346
571208 11666346
3315652 11666346
10209888 11666346
255285 11666346
608820 11666346
568879 11666346
237644 11666346
133540 11666346
668531 11666346
400704 11666346
178941 11666346
283480 11666346
102623 11666346
295215 11666346
21783984 11666346
10209660 11666346
11841249 11666346
448591 11666346
462671 11666346
10211714 11666346
103495 11666346
663547 11666346
817610 11666346
121641 11666346
166415 11666346
1331604 11666346
127424 11666346
344396 11666346
170827 11666346
170227 11666346
1329167 11666346
775394 11666346
18482010 11666346
11830334 11666346
616961 11666346
897484 11666346
2497858 11666346
683548 11666346
459592 11666346
334818 11666346
754932 11666346
384557 11666346
256149 11666346
10215554 11666346
167303 11666346
355863 11666346
405582 11666346
161738 11666346
358797 11666346
166295 11666346
3405442 11666346
11853826 11666346
713402 11666346
641189 11666346
866704 11666346
4375823 11666346
6518012 11666346
17441426 11666346
654825 11666346
3553933 11666346
108943 11666346
4685644 11666346
10209678 11666346
11906781 11666346
11853543 11666346
11860721 11666346
10209681 11666346
432352 11666346
1648785 11666346
1840378 11666346
619210 11666346
326249 11666346
147141 11666346
189568 11666346
3619575 11666346
220845 11666346
11845860 11666346
488827 11666346
1636539 11666346
164228 11666346
445872 11666346
341186 11666346
11915745 11666346
451629 11666346
148513 11666346
424887 11666346
3496351 11666346
3108054 11666346
2525867 11666346
814781 11666346
669952 11666346
266703 11666346
7074079 11666346
491829 11666346
377703 11666346
177643 11666346
606227 11666346
489826 11666346
344229 11666346
527878 11666346
3495466 11666346
432232 11666346
726175 11666346
655398 11666346
593465 11666346
11900063 11666346
11868753 11666346
3405188 11666346
10215558 11666346
11861011 11666346
3528408 11666346
11899856 11666346
266290 11666346
139817 11666346
627194 11666346
577111 11666346
256143 11666346
186899 11666346
873745 11666346
137833 11666346
401361 11666346
664803 11666346
657312 11666346
21783985 11666346
16007420 11666346
3484621 11666346
385087 11666346
433753 11666346
667957 11666346
11860727 11666346
714595 11666346
698991 11666346
731271 11666346
3288589 11666346
206170 11666346
10209696 11666346
16349951 11666346
115373 11666346
230781 11666346
21783986 11666346
132216 11666346
503728 11666346
4379618 11666346
688896 11666346
3435386 11666346
352727 11666346
11850430 11666346
790622 11666346
252423 11666346
243377 11666346
383217 11666346
563498 11666346
607042 11666346
10209894 11666346
529401 11666346
456636 11666346
293857 11666346
300540 11666346
751034 11666346
241534 11666346
638947 11666346
579384 11666346
3489304 11666346
246401 11666346
430492 11666346
394185 11666346
505438 11666346
1971984 11666346
904398 11666346
173883 11666346
336629 11666346
957528 11666346
413577 11666346
124685 11666346
983120 11666346
337805 11666346
119981 11666346
583769 11666346
292994 11666346
147257 11666346
775306 11666346
105841 11666346
409313 11666346
626512 11666346
139683 11666346
208396 11666346
308534 11666346
183483 11666346
180557 11666346
1766957 11666346
2011236 11666346
984423 11666346
774658 11666346
359375 11666346
690829 11666346
2422668 11666346
10202404 11666346
185102 11666346
10212909 11666346
11899236 11666346
3385497 11666346
475264 11666346
357747 11666346
295399 11666346
569066 11666346
561032 11666346
367968 11666346
10209709 11666346
945436 11666346
154842 11666346
481766 11666346
2507034 11666346
190608 11666346
554046 11666346
10211840 11666346
201207 11666346
496725 11666346
307494 11666346
10170317 11666346
518016 11666346
329925 11666346
730006 11698601
2484475 11698601
129851 11698601
751566 11698601
115977 11698601
186254 11698601
345352 11698601
595728 11698601
119241 11698601
139495 11698601
408632 11698601
381667 11698601
384012 11698601
357568 11698601
92476 11698601
512088 11698601
108767 11698601
297569 11698601
191194 11698601
454204 11698601
137307 11698601
359277 11698601
219263 11698601
334047 11698601
355125 11698601
214125 11698601
200018 11698601
281886 11698601
100835 11698601
409237 11698601
885598 11698601
229642 11698601
373410 11698601
584279 11698601
2008030 11698601
208740 11698601
259332 11698601
2009451 11698601
3329859 11698601
257296 11698601
94004 11698601
357378 11698601
150993 11698601
105995 11698601
3400623 11698601
140590 11698601
2512925 11698601
3586830 11698601
597539 11698601
695902 11698601
7408008 11698601
6885989 11698601
674464 11698601
1118129 11698601
3088673 11698601
11862274 11698601
504875 11698601
1471441 11698601
480198 11698601
3111534 11698601
681532 11698601
201553 11698601
187242 11698601
396575 11698601
298396 11698601
138047 11698601
1539456 11698601
155100 11698601
128669 11698601
414587 11698601
428852 11698601
106099 11698601
583961 11698601
713776 11698601
644594 11698601
295753 11698601
667981 11698601
458362 11698601
275070 11698601
650065 11698601
524864 11698601
6942416 11698601
244591 11698601
146648 11698601
129893 11698601
6984056 11698601
346409 11698601
206312 11698601
358509 11698601
98232 11698601
441152 11698601
214029 11698601
808511 11698601
293052 11698601
366301 11698601
174534 11698601
110623 11698601
139399 11698601
205948 11698601
823680 11698601
988191 11698601
174127 11698601
137733 11698601
282019 11698601
2321438 11698601
532533 11698601
571576 11698601
126663 11698601
133618 11698601
1946838 11698601
125936 11698601
130706 11698601
414029 11698601
201773 11698601
409313 11698601
11853874 11698601
651621 11698601
171576 11698601
422857 11698601
144797 11698601
136491 11698601
203228 11698601
154842 11698601
149393 11725819
488867 11725819
399662 11725819
456384 11725819
784911 11725819
126799 11725819
1974043 11725819
1545806 11725819
2524236 11725819
1332845 11725819
147627 11725819
456386 11725819
279682 11725819
715124 11725819
10203340 11725819
458288 11725819
112695 11725819
482668 11725819
185318 11725819
526657 11725819
119973 11725819
135528 11725819
163496 11725819
2008235 11725819
516961 11725819
122471 11725819
542241 11725819
182287 11725819
1325997 11725819
363475 11725819
495821 11725819
473438 11725819
734101 11725819
396875 11725819
205392 11725819
1415152 11725819
1026588 11725819
1967568 11725819
276604 11725819
736629 11725819
235940 11725819
732284 11725819
471615 11725819
110555 11725819
512557 11725819
1280266 11725819
462268 11725819
103461 11725819
2008220 11725819
2008583 11725819
3091827 11725819
988073 11725819
2361978 11725819
1622361 11725819
136719 11725819
606775 11725819
450620 11725819
90336 11725819
559510 11725819
1977847 11725819
148339 11725819
588893 11725819
609026 11725819
652027 11725819
7469589 11725819
1119939 11725819
197256 11725819
328279 11725819
1831519 11725819
113879 11725819
281020 11725819
738363 11725819
715032 11725819
2242214 11725819
729926 11725819
496959 11725819
501524 11725819
949640 11725819
247727 11725819
2499611 11725819
122299 11725819
2440346 11725819
1112705 11725819
422140 11725819
452443 11725819
231109 11725819
1108708 11725819
472677 11725819
234589 11725819
1334228 11725819
249628 11725819
111393 11725819
1318266 11725819
402669 11725819
369875 11725819
109951 11725819
1337753 11725819
353065 11725819
699662 11725819
3352939 11747934
624281 11747934
606243 11747934
407334 11747934
753206 11747934
716196 11747934
149127 11747934
1515175 11747934
530306 11747934
534154 11747934
407004 11747934
578857 11747934
1627554 11747934
133296 11747934
21783987 11747934
461549 11747934
1475839 11747934
386732 11747934
310137 11747934
377874 11747934
136318 11747934
143963 11747934
825912 11747934
430810 11747934
462268 11747934
460919 11747934
1913139 11747934
509022 11747934
2008562 11747934
655252 11747934
872316 11747934
484135 11747934
755363 11747934
768518 11747934
430149 11747934
239405 11747934
746166 11747934
1156617 11747934
993174 11747934
280772 11747934
416962 11747934
1963970 11747934
217456 11747934
321223 11747934
173072 11747934
268971 11747934
1456671 11747934
259437 11747934
124153 11747934
581418 11766796
554384 11766796
1832813 11766796
234075 11766796
1547679 11766796
910107 11766796
414275 11766796
87714 11766796
739077 11766796
377074 11766796
327848 11766796
1967581 11766796
495038 11766796
376857 11766796
956055 11766796
108211 11766796
2008673 11766796
986360 11766796
3521028 11766796
192937 11766796
541673 11766796
427054 11766796
166951 11766796
1491250 11766796
2347766 11766796
1998939 11766796
244421 11766796
164094 11766796
137339 11766796
479950 11766796
423167 11766796
222693 11766796
217458 11766796
417814 11766796
127291 11766796
471499 11766796
409307 11766796
4935317 11766796
10168622 11766796
818754 11783189
444120 11783189
298212 11783189
112929 11783189
979511 11783189
438805 11783189
104645 11783189
122363 11783189
592579 11783189
196194 11783189
781033 11783189
2029548 11783189
1976982 11783189
145618 11783189
2233816 11783189
1475223 11783189
1298919 11783189
4754057 11783189
2367943 11783189
682803 11797484
2504005 11797484
163548 11797484
1632989 11797484
172988 11797484
682678 11797484
374115 11797484
202019 11797484
879569 11797484
469275 11797484
807420 11797484
152031 11797484
556934 11797484
192697 11797484
2483578 11797484
