3490860 10532618
1195194 10532631
18631179 10532633
1595756 10532642
129109 10532654
245497 10532667
3489548 10532679
1559359 10532697
431115 10532702
453003 10532706
18186138 10590248
776121 10532709
632367 10848629
1422235 10532710
780763 10532711
3793972 12183623
2474868 12183625
3093280 10848637
1850541 10532712
95676 10532714
229784 10848645
604008 10532715
287314 11811231
155819 13818137
1585621 10848653
335597 10532716
1664444 10532717
246279 10532719
457827 10532726
1401638 10532739
162785 10532749
1305616 10532752
455803 10532766
156929 10532779
539860 10532808
129503 10532819
578269 10532828
1812580 10532832
103233 10532841
1162574 10532843
246757 10532852
2206838 10532858
642155 10532871
18914545 9964350
730278 9964368
18914330 10532913
227410 10532924
765082 10532933
1460959 9964396
1464308 10532946
247785 10532966
18914382 9964398
1002285 9964400
18905885 10532997
201893 10020114
3791578 10533020
87622 10533026
294590 10533030
18914347 10533037
1410576 10533047
249056 10533064
288888 10533076
575930 10533078
485270 10533089
291931 10533101
371437 10533113
578947 10533121
1552469 10533130
250013 10533141
3788954 10533150
1713361 10533170
175922 9571655
241692 10533174
1583695 10533177
318334 10533181
1491702 10533186
124677 10533188
624036 10533198
3540502 10020916
248478 10533208
3805948 10533230
1015297 10533250
3799386 10533252
167875 10533253
1574621 9964577
12184941 10533259
1594603 10533262
144675 10533263
14858167 10533271
1168279 10533272
749752 10533273
1612530 10533275
1424117 10533284
406915 10021184
188225 14312534
2534233 10533302
1634949 10533311
674426 10533321
423445 10533340
121585 10533359
2442960 9571761
1014352 9964600
176138 10021510
1591388 10533371
3835328 9964634
1294405 10533374
629837 10533383
3515285 10848678
336437 10533389
2078411 10533397
14858017 10533400
578337 10533403
1297541 10533409
21818746 10533412
2359537 10533413
157149 10533423
3490093 10533435
992054 10021870
345927 10533444
3879892 14355735
130275 10533454
18914416 10533457
19029185 10533458
125539 9964642
3788077 10533460
349483 10533470
428840 9964648
18914407 9964652
194501 10533498
3848241 10533505
1638512 9964656
1365594 10533519
15358051 9964664
153699 10533520
159768 10533530
1164669 10533539
18896348 10533543
3852017 10458071
18914363 9964686
392926 9964688
1460047 10533557
366273 10533561
1778880 10533564
18902309 9964723
160327 10533575
693932 10533584
2162475 10533595
1618087 9964748
140396 10533615
253052 10533625
5059961 10533632
174270 9964777
10682619 14314197
18631490 10533643
3797651 10533645
3619307 10533651
1012736 10533652
172581 10533661
431479 9964798
827672 9964800
272714 10533662
2091601 10533667
146658 10533668
14846751 10533673
18914482 10533674
182985 9964828
1369463 10533681
474260 10533687
745538 10533691
1302460 10533699
17028275 10533707
607806 12183797
1638699 10533710
14647835 10533711
21818747 10533714
14853527 10533719
184539 10533720
2576538 9964879
1311280 9964887
18825694 10458075
534655 10533729
21818748 9964903
4503644 9964916
160832 10533732
449328 13617108
1596291 10533736
763524 10533741
1377728 10533749
1521216 9964950
291545 10533758
816364 10533759
1522035 10533770
1519693 10533775
1535501 10533778
261132 10533790
16346321 10533791
3787962 10533800
724151 10533806
1298890 10533812
18914571 9964988
142857 10533817
3853174 10024036
3801924 10533826
262137 10533836
2007878 9965023
1617288 9965027
702989 10533862
702991 10533863
3856849 10533867
1511664 10533874
3793316 10533880
262467 9965031
573487 9965039
1325245 10533908
14858042 10533909
2367448 10533914
370691 10533920
1357959 9965076
144677 10533942
1444817 10533955
264279 10533963
18914357 10533969
18907752 10533973
1620761 9965122
109833 10533978
1603631 10024044
470478 10533990
998752 9965226
18940812 9965258
164868 10534019
396621 10534027
1620754 10534032
1779465 10534033
21818749 10534034
608358 10534036
3785856 10534050
21818750 10534051
607296 10534062
637509 10534079
1005508 10534086
136575 10534091
95134 10534105
320216 10534108
148637 10534112
19031625 10458078
123644 10534120
266643 10534133
21818751 10534134
2037058 10534146
162181 10534151
3836777 10534160
1165501 10534174
18907939 10534175
3839089 10534185
4926188 9965483
21818752 10534190
643232 10534192
160836 10534198
21818753 10534200
191852 10534202
2262807 10534211
101557 10534213
21818754 10534215
3799562 10534216
266272 10534218
21818755 10534221
1572604 10534231
635246 10534241
19021187 10534242
321412 10534253
18911589 10534263
1530937 10534267
18910557 10534270
341939 10534281
1165572 10534297
1535467 10534300
1359122 10534307
439371 10534315
14931396 10534322
241684 10534323
3582840 10534326
265207 10534327
270872 10534336
19013832 10590385
271308 10534347
998841 10534360
149303 10534370
161886 10534381
1326321 10534384
1462596 10534386
242878 10534395
272942 10534402
18186532 10534415
425811 10534427
273156 10534436
273164 10534449
1397175 10534458
14855508 10534460
19028778 10534461
1412606 10534465
18907956 10590400
18907961 10534466
170777 10534471
720051 10534475
196576 10025065
273454 10534487
180211 10534501
485903 10534512
1003412 10534520
1161759 9965786
3307247 9965788
273664 10534526
157695 10590416
222785 10534538
467059 10534551
136915 10534565
156397 10534578
1811704 10534592
274404 10534629
3788598 10534643
1165991 10534655
134626 10534668
1852801 10534675
184317 10534680
1594661 9965832
419464 9965834
143397 9573792
3786063 10534721
214173 9573822
814755 10534734
556098 10534736
2084313 10534739
159602 10534745
2473158 9965895
452453 9965899
142167 10534751
1166223 10534752
654451 10534753
275598 10534756
551433 10534758
177467 10534767
514712 10534772
18918888 10534773
281186 10534776
18914332 10534782
1064560 10534786
189686 10534791
205596 10534798
753616 10534800
955314 10534802
1511900 10534813
1357820 10534814
18911583 10534818
281434 10534829
2471792 10534832
1572535 10534834
1013163 10534841
237030 10534845
761284 9965935
1006144 9965937
361987 10534852
213705 10534859
1166423 10534864
607906 10534888
19065475 10534898
3838046 10534902
95744 10534917
152287 10534931
16345028 10534932
1168351 10534944
640799 10534946
3788427 10534960
1425823 10534971
183670 10534987
12007774 12214207
2411253 10590470
612390 10534993
354704 10534996
182703 10535007
227544 10535012
3874186 10535019
3793238 10535020
275362 10535024
1536459 10535037
283284 10535050
3849207 10535063
14862465 10535069
18911525 10535070
18631633 10535074
1392674 10535076
171358 10535090
1472230 10535104
1532914 10535110
1566543 10535118
3804280 10535132
1612676 10535140
166409 10535146
1397546 10535162
3792940 10535172
141684 10026047
233574 10535196
1288535 10535204
1346225 10535219
1356685 10535222
322676 10535238
167871 10535245
183965 10535255
166623 10535265
1522033 10535291
1812588 10535307
4874639 10458083
2447715 10535320
1472763 10535332
550816 10535342
3817738 10535353
1472158 10535363
1014552 10535364
608606 9966272
1368681 9966287
284546 10026050
332472 10535378
3854651 10535382
131366 10535387
607394 10535391
286395 10535400
991117 10026052
1619835 10535420
19064334 10535423
14854067 10026053
2126600 10535429
267100 10535430
208540 10535438
18630960 10535443
363207 10535447
3790875 10535458
2311796 10535477
644634 10535483
243022 10535490
2415322 10535499
678874 10026347
386140 9966323
3811289 10535516
21818756 9966329
1333693 10535517
590331 10535519
1368368 10535523
403651 10535525
287956 10535526
465495 10535529
1525258 10535536
437383 10535537
664987 10535547
16428227 10535554
3742715 10535559
14863583 10535560
3587229 9966353
3805792 10535561
970693 9574645
1881761 10535565
508828 10535578
128677 10535594
139907 10535604
1008993 10535606
349505 9966380
172645 10535614
218299 10535625
218301 10535635
2345060 10535646
3799358 10535657
432598 10535661
2089232 10535666
1341761 10535677
3835176 10535679
1010560 10028175
3806722 10535698
599010 10535712
1598469 10535717
640207 10028177
3861661 10535730
3790145 10535743
2008050 10535756
608650 10535757
289666 10535767
719468 10535774
1168395 10535790
193508 10535802
14855334 10028181
378215 10535820
622972 9966448
3829090 9966450
16427996 9966452
235313 9966472
621549 9966476
696544 10535834
1001804 10535836
2432563 10535842
291412 10535843
11998165 10535847
647690 10535848
143643 10535856
436555 10535868
227802 10535872
3838936 10535884
2717357 10590567
1599615 10535890
3846480 10535898
1541328 10535912
14860108 10535929
627517 10535942
1396789 10535950
1367918 10535956
998635 12420914
14858013 10535977
14864396 10536008
1090823 10536021
103471 12420915
1411813 9966492
1311293 10536029
14874132 10536045
3786470 9966531
3826000 10536073
18908106 10028189
1661424 10536085
14862312 10536111
15343386 10536126
14862649 10536155
756309 10536156
408574 10536157
1005945 10536158
1605360 10536170
21818757 10536171
14856805 9966545
16327038 10536195
662906 9966551
229728 10536201
11830980 10536208
1443187 9966593
1436192 9966595
1570704 10536215
734895 9966619
1294220 9966621
18898362 10536230
1330328 10536244
18631456 9575353
242242 10536251
140740 10536273
1932611 10028194
415084 10536297
14863618 9966662
1007151 10028196
278419 10028197
16423281 10536319
18423614 10536321
1011285 10536329
1601080 10536339
3854406 10536351
14864448 10536360
168068 10536364
18914294 10536373
3826870 10536392
1833183 10536407
1459916 9966698
246635 10536435
1601662 10536460
1425733 10536463
18914302 10536467
18907728 10536470
339854 10536487
1601085 10536532
103255 10536540
1475205 10536557
717081 10536560
252355 9575651
18631182 10536564
3746263 10536583
3826812 10536613
489301 10536618
3852754 10536639
14858117 9966882
18907704 10536675
18914314 10536705
1569634 10536719
1420681 10536729
18914514 9966925
14860248 9966932
1378156 9966942
14863698 10536744
18900015 10536746
16330222 10536750
1424102 10536763
2218135 10536769
717079 10590671
18914385 10536774
1383427 10536814
3851941 10536825
235473 9967055
3852006 10536829
18870440 9967091
3852412 10536831
18914258 9967099
3736177 10536836
131600 10536838
14855146 10536857
18631208 10536889
18868224 10536898
652523 9967130
253100 9967134
18914486 10536938
433727 10536964
4351639 10030394
1011559 10536979
19086863 10536981
3851515 10536982
1010607 12420944
3851521 10536984
344798 10536990
15343386 10537005
144013 10537023
1459235 10537051
675833 10537076
18850129 9967301
2447591 10537090
629167 10537094
3866503 10537097
1459888 10537100
21818758 10537103
189978 10537121
261549 10537123
362323 10537127
3859359 10537129
3319582 10537130
216520 10537131
108797 10537133
111745 10537140
147091 10537141
176438 10537143
1451611 10537155
264774 10537157
199244 10537158
117911 10537167
316034 10537178
1395671 10850273
3689741 10537202
18632012 10537233
768346 10537237
686159 10537310
3802860 10537335
14858047 10537351
18631339 10537390
426389 10537398
1625688 10537404
1405463 10537418
18835717 10537423
801165 10537440
18900353 10537468
1609150 10537495
2297563 10537511
1431793 10537517
3744778 10537519
3819601 10537526
1394648 10537551
189978 10537555
3837166 10537560
168492 10537562
740528 9576877
213237 10537570
1403146 10537572
139713 10537573
146252 10537575
1361586 9576879
1603449 10537577
14855462 9967536
18864490 10537600
1461553 10537606
18896560 10537622
1505375 10537645
4499213 10537699
1394277 10031147
681038 10850293
636555 10537803
21818759 9967651
445092 10537833
3799773 10537834
1999007 10537855
202820 10031642
568036 10850300
18631134 10537869
2308177 9967703
729666 10537879
1559866 9967713
18484614 10850309
14862848 9967719
14846412 9967723
1595172 9967741
439577 10537944
263583 10537946
1001500 10537947
18631035 9967785
331362 10537954
14858327 10537973
19021234 9967844
1009595 10537990
1157113 9967887
3851959 10538003
1654522 9967909
1006982 10538010
14861525 9967911
708344 10538018
1091115 10538020
1823825 10538051
1556138 9967917
18631742 10538092
3493700 9577343
428153 12421340
16332166 10538110
18835735 10850326
227358 9967941
18186911 10538132
8463578 10538172
18914477 10538192
1425785 10538204
1589934 10538233
400501 10538245
19031257 10538259
144685 10538281
18914552 9577638
21818760 10538348
1582547 10538450
241235 10538457
721680 10538463
19029390 10538465
14863661 10538487
985198 10538500
3840728 10538511
18631807 10538538
21818761 10538593
3855092 10538615
2526666 10538622
192961 10538641
15347537 10538645
273126 10850405
1570610 10538658
1462041 10538666
18981247 9968326
134193 10032936
14855365 10538684
2481905 10538709
2254803 10538711
18901756 10538719
19064099 10538728
1574034 10850423
18835785 10538771
223716 10538779
1416272 10538786
1636216 10538815
1501862 10538833
2339821 9968423
1845037 10538909
19034150 10538922
1298516 10538930
1405465 10538941
1513577 10538953
1620112 10538991
185724 10539010
224386 10539021
1460779 10539030
16328745 10539074
19032688 10539108
672883 10539138
1187439 10539154
3778741 10539187
1381692 10539199
835520 10539211
1536508 10539229
3805475 10539241
459292 10539258
14863765 9578924
10881923 10539283
3838456 10539299
673700 10539307
663079 10539312
19059574 10539315
1391420 10850461
1296165 10539346
14859568 10032950
15514813 10539451
3835776 10032952
1650800 10539480
3878575 10539494
14860216 10539520
1639468 10539548
3854497 10539565
794565 10539570
18914460 10539581
14858035 10539596
3299982 10539626
1599750 10539638
661510 10539639
14862453 10539651
1000577 10539663
12600491 10539667
19021280 10539681
14889073 10539699
3501529 10539700
14864342 9969210
16349956 9969235
1392951 9969245
18852794 10539791
14855032 10539796
14852252 9969283
1573416 10539811
3498098 10539823
2575943 10539834
505064 10539853
664787 10539865
642189 9969328
1559953 9969345
1014938 10850515
649380 10539931
14855437 10539945
1419571 10539958
713226 10539966
19060906 10539973
1300007 10540006
18835801 10540025
18940739 10540028
19016990 10540075
14858053 10458131
18631685 10540094
18901870 10032976
873368 9969614
18835710 9969618
10589390 10540116
3629250 10540128
1348907 10540137
2198389 10540148
14861946 10540153
740082 9579874
566180 9969663
1599299 10540157
407880 9969670
323596 9969674
18973104 10540161
502343 10540165
18631720 10540173
18631859 10540174
4873776 9969678
1089701 10540191
155316 10540192
18835821 10540211
1010184 10540212
21204237 10540217
1007444 10540223
1434545 10540234
1397576 9969684
4875732 10540239
18897549 10540246
1335459 10540262
987981 9579977
18631745 10540292
268337 10540303
1003623 10540305
1643570 10540314
14863437 10540323
1310472 10540334
1547503 10540345
14858169 10540355
14858329 10540377
1630085 10540385
185022 10540403
18914222 9969830
1311638 9969834
3868068 10540425
18914403 10540445
18864476 10032988
14861171 10540471
308364 10540476
364020 10540493
1743281 10540507
18914538 10850543
1491589 10540518
224388 10540526
186666 10540533
273092 10540542
18630956 10540547
21818762 10540557
1511866 10540587
14862185 9970168
1153423 9970191
15345036 10540623
18896445 9970222
1297548 10540634
593889 9970247
1657732 10540667
3827094 9970338
1564519 10540680
708167 9970380
18914591 9970394
1382925 14324627
1295139 10540713
246195 9970471
21818763 9970481
14862793 10540755
1577662 12183973
328153 10850604
1625042 9970541
1406333 10540813
593931 10540815
14863734 10540827
746114 10540835
1519551 10540840
797085 10540853
3878693 10540860
2467048 10540863
2000708 10540890
14858136 10540913
18901622 10540928
14861367 10540956
168778 10540960
3829079 10540966
18914411 10540976
1518549 10540985
420144 10540996
18914550 10541008
1629893 10541021
14861444 10541034
14862796 10541043
18964525 10541057
1592551 10541059
3631421 10541071
1619597 10541072
14854088 10541083
3854623 10850619
494648 10541099
14983165 10541103
18914305 10541105
18914613 10541117
18907736 10541122
3860607 10541129
1369082 10033011
301986 10541151
18907686 9970830
1515732 10541167
1283520 10541168
2576236 9970836
14864345 9970842
3836518 10541203
1933987 10541224
1663233 10541226
1316510 10541238
1452972 10541249
1365965 10850631
3804589 10541253
1459330 10541256
750990 10541268
1460218 10541269
14846448 10541283
297762 10541290
1418875 10541293
14846956 10541304
1523921 10541314
795983 10541320
562171 10541341
18835795 10541347
14862820 10541349
3839050 10541360
3829131 10541370
438565 10541374
601046 10541380
3826501 10541390
18896794 10541400
1460385 10541410
1567218 10541413
18902230 10541420
18826656 10541431
1154700 10541434
3788242 10541440
21818764 10541441
18914615 10541455
2312839 10541458
18914497 10541464
359003 10850637
492884 10850641
3855741 10541465
1307719 10541468
3569567 10541473
1576011 10850649
1566481 10541474
1418933 10541476
3829681 10541478
18914464 10541481
18914273 10850671
3855322 10541482
18911531 10541483
1618660 10541485
18914566 10541487
592643 10541488
3801689 10541489
134424 10541490
1364510 10541491
14855358 10541492
1297231 10541493
1613759 10541494
1512609 10541496
18914576 10541498
3856400 10541499
14855098 10541500
19076451 10541501
3858023 10541502
1568799 10541503
1631449 10541504
542492 10541505
3790898 10541506
18907655 12818357
1315411 10541508
18914491 10850787
14855314 10033039
699150 12818384
14855139 10541509
235305 10850798
2301469 10541511
1835341 12421687
18914296 10541514
3860076 10541516
18914376 10541517
18914327 10541518
14864373 9580886
18914569 10541519
3842700 10541520
3345152 10850846
21818765 10850847
1559747 9971557
3071052 10850851
3824560 10541522
3852013 10541524
3851947 9971559
18631665 10541535
3846776 10541547
1672265 10541549
252876 10541555
1520072 10541563
1542254 9971563
1576345 9971565
1674725 10541596
1460890 10541622
18835722 9971603
14861568 10541632
18914466 10541639
18914276 10541649
1741699 10541660
18896725 10541673
520583 10541682
18902136 10541697
18914433 10541709
14873277 10541724
1164922 10033046
18908106 10541731
14855110 10541736
19031285 10458157
18914325 10541749
1407786 10541762
1362601 10541771
5075578 9971899
1844644 10033047
622616 10541774
1884160 10033048
14856811 10541795
425485 10541797
137907 10541798
14864374 10541806
568399 10541811
1609862 10541817
552359 10541823
14863404 9971993
1438466 10541835
18896626 10541843
16346174 10541846
10494269 10541848
157685 10541849
233723 10541854
18914237 10541855
402013 10541867
1469651 10541905
1013607 10541913
18631067 10541932
3845827 10541944
14855295 10541946
16598541 10541947
17441329 9972188
18631962 10541954
19075950 10541959
18914600 10541979
313981 10541988
18845584 10541991
18835719 9972305
18835760 9972307
1461311 10541995
18835813 10850859
18835839 9972313
18631941 10541999
1666408 10542000
1277160 10033058
18896613 10542001
1574535 10542002
3739282 12421724
14863085 12183993
18914242 10542003
554234 10542004
631040 10850893
1287537 10542005
3565762 10542006
390116 10850903
14858011 10542007
1647004 10542008
1307721 10542009
1561610 10542010
1744757 10542011
18631758 9972579
1543161 10542012
1642707 9972607
916992 9972613
18631485 9972623
1498444 10542015
3857080 10542016
3612833 9972627
14855428 9972645
3619369 10542017
14861770 9972655
1595174 10542018
3609252 10542019
14858049 10542021
422218 10850977
699140 12422124
18835764 10850978
3791838 10542022
18902111 9972699
542770 10542023
229335 10850993
312056 10850994
588455 10850995
143953 10850996
4283451 10542024
274346 10850997
243893 10850998
14862538 9972711
18907672 10542026
19022517 9972719
1616201 10542027
4348569 10033067
1348838 10542028
3828858 10542029
1644440 10542030
1064560 9972769
18914323 10542031
1933974 10542032
6315216 13818498
18914340 9972842
4836918 10542033
18914378 10542034
18186998 10033072
14861935 10542035
3794689 10542036
1516747 10542037
14862293 10542038
1612638 10542039
1424909 10542040
2617638 10851077
262135 10542041
18914342 10542042
18845689 10851093
1413268 10542043
2110237 10590747
3119320 10851108
14581923 10851113
18900804 10542046
21818766 10851115
1566118 10542047
1670477 10542048
14859243 10542050
1416730 10542051
3832358 10542052
14855203 10542053
1420654 10542054
14863221 10542055
3834974 10542057
1327815 10542058
1617659 10542059
14862768 10542060
11918401 10542062
1634153 10851293
14862401 10851304
16331002 10033668
1628984 10542065
560952 10851351
1302545 10542079
705553 10851378
20804565 15406329
1418844 10542084
18914498 10851390
3416452 10542085
1135060 10542087
14858176 10851420
688820 10851433
1012153 10851439
998835 12422217
16428956 10851443
1425294 12422226
2526460 9581322
15104615 12422229
1010435 9973745
14863620 10542106
403483 10542109
793216 10851523
3806191 10851528
2092995 10851543
1835458 10851544
4888187 10851551
509920 10851552
15129872 10851553
19216535 10851565
3777652 10851566
2617388 10851572
659659 10542124
166151 12422267
177098 12226918
819026 10851582
18835769 9974143
18981261 10851588
728019 12227143
1462039 10851648
1457084 10542136
1389869 10851651
18907668 10851668
999096 10851670
1152432 10542141
1117695 9974465
180897 12227443
18835842 9974559
146919 10542148
241488 10542150
1997359 10542151
272293 9974806
363001 10542152
272383 10542153
231743 9974950
277009 10542158
261392 10542174
172826 10851806
1002268 10851807
148081 10851809
417840 12818751
283762 14334396
7838428 10542201
818515 12422458
237434 10542218
235061 10542219
1591192 10542221
14851905 10037682
233973 10542225
148619 10542226
245355 10542230
229524 10542233
140764 10542234
156933 10542240
1522794 10542245
146126 10542246
715409 10542248
21818767 15408131
124629 10542256
251126 10542258
14862563 10542259
2038059 12422578
474364 10037692
3832110 13617613
1349444 10542263
279650 10542264
15322503 10542265
14869390 10542266
282471 10542267
984585 10542268
500937 10851946
261096 10542270
16342354 10851951
1441715 13818529
161359 10542277
274350 10542278
167235 10542279
179317 10542280
177012 10542282
18835799 12422667
19215157 12422669
579130 10542286
3873194 10542294
236240 9977471
1566264 12818890
289556 12818892
605232 9977488
242222 10542301
289284 10542302
240915 10542304
296061 10542305
14864702 12422752
271258 10542310
359001 13617641
336767 10542311
151071 10542314
173915 10542320
316790 10542321
208526 10542322
692204 10542323
18832980 15408988
18914321 14692033
440667 10542329
246291 10542331
452313 10542333
187360 10542335
263252 10542336
21818768 13663101
288299 9581934
21818769 12818950
1435566 12422885
3794558 12818959
1619098 9978418
148649 10542343
608706 10542344
2514680 12184104
1535509 12184105
258814 10542346
16476748 10542347
194803 10542351
2718719 12422907
3622041 10542353
1324703 12422910
14864110 10542356
1389947 10542358
21818770 10542361
10684798 9581992
243583 10542371
272567 10542372
989138 9979209
3847159 10542373
21491793 12422966
1168539 10542374
168628 10037720
21818771 10542376
1613162 10542378
234505 10542381
1433369 12423009
283404 10542382
182113 10542383
1634024 10037725
675724 10542387
770285 15409662
736488 10542389
786514 10542392
1414421 10542396
3749314 12423074
18835818 12423076
2213306 10542399
376967 12423085
14855360 12423094
16339961 14339642
3790630 12423118
200264 10542406
155687 10542410
1546736 10542421
601944 10542423
3836787 12423203
1550385 10542433
719955 9582205
128721 10542448
353731 9980789
19886187 10542451
1812096 9980873
1497650 12521106
14854094 10542454
617946 12423306
1058390 12423307
1417500 12423310
582044 10542457
17170114 15410462
1566222 10542459
3800816 14370723
251876 10542464
1003705 9981049
731952 12423358
18860869 10542465
1282186 10542466
579152 12423359
470596 9582284
248580 14370765
199119 10542469
662914 10542483
21818772 10542484
2137922 12423457
706405 14341002
3503408 10542494
16343173 10542497
1304097 10542498
14859967 12423502
796330 12423503
18898372 12423507
276566 10542499
583369 12819196
14863190 9981119
224224 10542506
1479907 10542507
574479 9582435
2544442 14524172
1169498 10542514
241191 10542515
4469543 12423594
1301582 12423601
540433 10542518
3303268 14524178
350417 13617723
460875 12423607
326405 12423612
261539 9582489
303221 12423616
368996 12423617
3373092 15411171
439717 12423620
14863727 14371297
680538 12423623
648768 15411193
14855426 12423626
757474 13617730
21818773 13617733
12172653 12423632
322055 10542526
575676 10542529
892727 12423646
281432 10542535
2419385 9582550
21818774 12423709
1747387 12423719
3644774 14341813
768522 12423736
446309 10037784
547362 10542555
16332277 10542556
1299845 10037788
1364618 12423783
1460405 10542563
1351209 10542565
173178 10459346
228224 10037794
1607725 12423807
206112 12423815
310015 15411675
1559858 12423817
245805 12423818
1475975 12423819
163134 14342146
192267 13617778
350619 13818580
556266 14371730
184337 12819320
351497 12423820
3860153 12423821
1163609 12423822
1135246 14371759
1304099 9981550
1160791 13617786
1163369 14371778
1168802 9582680
1167882 12423832
4357546 12521142
1167470 13617795
795965 10037798
3784157 12423843
913306 12423846
1788668 13818583
1812534 14371845
1551578 13617806
21818775 15411860
1163844 15411868
691107 12423857
1168827 15411877
1013008 12423858
3851548 15411882
1497487 12423860
1776634 13818589
393439 14371911
486164 13617818
1005231 15411940
2043916 15411963
1163671 14371955
2531113 12423881
2480280 12423882
18835773 14342519
281982 14342526
17440336 10542595
1013758 12423901
184031 14703415
424668 10542599
238632 13617829
242052 9981661
140906 12423905
1361453 14703530
144883 12423916
489367 12423917
433729 10542602
378040 9582801
3848381 12423931
311908 10542604
148015 12423938
232509 10542605
16332353 10542607
404642 12423951
3762101 10542608
15349026 12423959
16326889 12423962
788036 12423968
16332168 10542611
307246 12423970
315820 9981878
3524788 12423971
7743217 13818594
1549239 14342751
1801477 9582847
95826 12423975
14858020 12423978
21818776 14372164
18059501 12424032
18911763 13617859
10682741 12819414
18914290 12424055
3915336 14524216
21818777 14979166
453179 10542633
21818778 12819463
1462037 10542635
20392474 12819473
1572691 10459637
11347162 14979167
18914418 12819478
14857954 10542637
738541 15412503
1461882 12424107
288065 10542643
1562802 10037817
980696 10542649
174162 10542652
18186071 12424165
1008155 10542653
21202710 12424178
3593010 10542656
625021 10542657
1008655 12521147
894508 10542658
1015596 10542659
18630936 12424200
18631164 9583034
2576374 10542663
630444 10542664
762110 9583049
1012550 10542666
18835791 12819692
18937180 10542667
998639 10542669
21818779 12424227
1005818 10542670
1008895 10542676
315650 10542678
825714 12424266
729134 15412897
4949478 12424278
1051528 9583081
107591 12819785
1064544 12424294
18474625 12819818
359497 10542688
779889 10542689
18936712 9982816
3817167 9583134
1372150 10542697
213235 10542699
2302360 12424375
2577035 10542700
1015027 10542703
206738 9583179
282467 12424394
1616161 10542707
742046 13617942
1004065 10542708
867872 12424417
156845 10542710
1378421 12424423
21818780 14343548
19061563 14343553
18940928 14343560
763167 15413427
3779481 9583266
370192 10542730
1359274 9583317
1164046 12424529
18914458 15413621
14854100 9983213
21818781 12424566
19061157 10542749
3625560 14343676
1461819 14373568
750066 14343699
780125 12424619
2115582 12424621
505090 9983235
245197 14343713
1053881 14343714
14855460 16417129
3872104 10542765
794120 13664482
808037 12424638
1622498 10542769
817313 12424658
702637 16417146
14860237 12521155
3841549 9583501
343374 10542782
14987713 12424695
632516 10542784
464094 16176674
1939076 10037869
3790519 14838688
1005409 16206135
943484 10542785
507475 12424706
3863441 10542786
1003100 10542789
1460164 13818625
2618448 12424733
972829 10542791
1375018 12424735
18631592 12424743
998849 12424748
2259958 13818633
21818782 10542799
18835776 10542802
3807816 12424788
12184020 16417176
1001658 10542811
225545 12424814
247961 10542815
3852035 10542818
118129 12424841
756959 13818693
343200 16206209
139717 10542835
215504 14343827
19216384 9583774
14855175 10542838
20497792 12819989
19072806 10542843
921664 10542844
1167971 10542852
19058864 10542863
1595341 10542867
14853210 10542871
21818783 16063178
21818784 16063184
3840689 10542883
2574897 10542889
801367 12425073
19034158 14343919
1621328 12425103
3785366 10542905
14862785 10542906
448179 12521186
1164138 12425179
3852033 10542929
1002035 10542935
380865 10542938
192991 10542941
10881025 10542952
8477963 12425344
3825486 10542953
96872 10542960
2438864 10542961
2286146 10542962
1005161 10542964
999895 10542968
1013325 10542969
3874547 10542970
580949 10542971
296389 10542973
344534 10542975
376245 9983332
787806 12425441
251758 10542979
254196 9983336
3834583 10542981
14855518 10542985
237494 9983340
166017 9983342
774318 14344101
1598052 10542997
1560498 10543001
900438 10037931
14858140 10543009
618461 10590821
1571585 10543015
1419784 10543016
85206 10543026
21818785 10543038
141164 10543040
900595 10543044
775757 16206423
1517746 10543049
21818786 10543062
16344305 10543063
14861061 10543064
1502644 9584192
1456853 10543074
1005324 10543096
1571622 9983390
137801 10543100
1643598 10543118
3848633 9983414
3842092 9983426
3805149 14374295
1542942 10543145
642000 10039590
14855178 10460840
3860081 10543149
268169 10543162
12152201 14344494
10168159 10543174
2530456 10543197
336631 10543199
2228070 10543211
12172556 10543213
21818787 10543215
503474 10543216
1292072 10543219
1536017 10543220
10464899 10543222
14855443 10041647
1419888 10543229
126022 10543230
3845418 10543231
152486 10543232
255669 10543233
624160 10543235
144681 10543237
1699832 10543242
377729 10543243
647440 10543244
155933 10543245
14855151 10543249
516893 10543251
223395 10543252
1004454 10543254
1001451 10543255
273576 10543259
150447 10543260
1564004 10543262
1425260 10543264
626996 10543266
268169 10543275
14857888 10543282
170119 10543287
267238 10543293
21818788 10543301
1161167 10543304
452761 10543319
1002310 10543321
493062 10543328
1006596 9584373
1609236 10543331
536392 10543334
430583 10543335
92714 10543338
1634653 9584391
3860490 10543342
219037 10543349
1007581 10543359
2317931 10543361
1013304 10543367
209619 10543370
14855368 10460951
1363563 9984087
1030671 9984105
15360322 10543381
308938 9984115
7847293 10543382
127265 9584438
162401 10543386
272593 10543393
153723 10543394
253248 10543397
148071 10543398
1632565 10543400
716200 10543403
647590 10543407
436519 10543408
591288 10543411
150569 10543412
18835823 10543413
573359 10543416
809198 9984137
463619 10543420
128088 10543421
308738 10543425
1982315 10543428
194607 10041705
19072334 10543431
707628 10543432
1012057 10543439
308738 10543443
637593 10543448
477450 10543454
137829 10543460
165159 10543461
210354 10543464
155002 10543465
370679 10543467
2537348 10543471
485218 10543472
667850 10543474
490989 10543475
758329 10590908
88896 10543478
172135 10543480
160520 10543482
148617 10543483
179958 10543484
232251 10543486
242212 10543488
236024 10543489
3785708 10543495
161423 10543496
791236 10543497
258452 10543502
21818789 10461025
216986 10543504
463146 10543510
603536 10543513
21818790 10461032
2370092 10543515
809228 10543517
421966 10543518
135572 10543519
2229429 10543520
1012083 10041730
1346376 10543523
240579 10543525
120160 10543526
500515 10543528
644678 10543529
747422 10543533
255713 10543536
160810 10543538
208534 10543541
246557 10543542
2176944 10543543
220505 10543544
1000147 10041748
688106 10543545
668019 10543546
1370763 10041750
1001317 10543547
336032 10543548
2120927 10543549
1004896 10543550
253542 10543552
123530 10543555
189506 10543556
616247 10543557
457438 10543562
417194 10543564
414887 10543570
1013243 10543571
271543 10543574
180349 10543578
222307 10543580
456896 10543587
319118 10543589
292622 10543591
390914 10543595
563077 10543596
1051502 10543600
166999 10543601
249006 10543604
432326 10543611
721841 10543613
519139 10543617
1008811 10543625
139783 10543627
2245659 10543628
1438480 10543632
583855 10543637
1056674 10543639
138961 10543644
610300 10543645
492938 10543647
2373646 10543648
266954 10543652
1052172 10041782
804977 10543654
432236 10543656
1553960 10543657
204121 10543658
1011082 10543659
255447 10543661
470438 10543663
361089 10543673
1278794 10543675
127083 10543679
261284 10543681
177639 10543684
538976 10543686
794525 10543687
600368 10543688
127830 10543692
163522 10543693
536432 10543694
308730 10543698
3873662 10543699
1475920 10543702
308934 10543703
1640075 10543704
17171473 10543705
672737 10543708
229714 10543709
1379579 10543711
268600 10543715
18858888 10543717
264979 10543719
217905 10543725
122515 10543727
246557 10543730
229730 10543731
101373 10543732
140232 10543733
236766 10543734
191370 10543740
628744 10543741
204955 10543742
151935 10543744
91416 10543746
159112 10543747
14848657 10543748
226371 10543755
255695 10543756
1014054 10543757
827176 10543758
615250 9584769
613742 10543764
2574594 10543767
473974 10543770
235265 10543778
188540 10543786
195615 10543787
3248039 10543788
85570 10543791
1560402 10543793
1338099 10543795
368848 10543799
453388 10543801
3835135 10543804
1319492 10543806
128367 10543811
215266 10543813
1166909 10543814
217582 10543815
19092105 10543820
1559142 10543821
732266 10543822
542894 10543823
1165620 10543824
199580 10543832
3374422 10543836
278297 10543840
297187 10543844
708472 10543846
1628234 10543849
999257 10543850
646979 10543854
167247 10543856
719201 10543860
490244 10543863
1606831 10543867
1009147 10543868
440520 10543871
882027 10543879
21818791 10543882
1556085 10543883
236798 10543884
201671 10543886
14860239 10543888
1161631 10543891
3634841 10543894
1560721 10543900
19064101 10543901
1297681 10543909
229674 10543916
484616 10543917
1327678 10543922
1523761 10543923
1015248 10543928
542227 10543935
93106 10543936
18918857 10543947
184890 10543950
148779 10543954
714081 10543956
285380 10543966
1578827 10543968
220227 10543969
229313 10543994
3810741 10543997
1160639 10543998
230066 10544001
1008809 10544006
1580025 10544017
557767 10544019
3580412 10041875
194391 10544021
146929 10544022
150083 10544023
273562 9985322
185836 10544025
148643 9985324
230731 10544027
2236819 9985326
476349 10544030
717137 9585049
440845 10041877
116343 10544035
3745198 9985330
4357949 10544042
324725 10041881
14863871 10544044
274250 10544046
391364 10544048
781991 10544051
372781 9585082
163968 9985333
176508 10544054
109465 10544055
1513572 10544056
1503733 10544057
1374802 10544059
136649 10544063
255715 9985339
255872 10544064
235857 10544065
136495 10544066
135650 9585114
547400 10544071
555686 10544074
165433 10544075
261410 9985386
131860 10544083
155803 10544084
1786669 10544085
3837874 10544087
156867 10544088
239045 10544089
686233 10544091
98468 10544093
148093 10544096
489752 10544099
1002535 10544103
229660 9985453
227986 10544104
1005359 10544106
149327 10544108
99478 10544113
18497083 10544115
232573 12188737
481184 10544117
16416597 10544118
1554656 10544122
187777 10544126
1472844 10544130
14852168 10544131
1335835 10544132
395555 10041907
236780 10544134
1569407 10544142
158009 10544147
176222 10544148
1305014 10544149
735339 10544150
148087 10544152
237448 10544154
301317 10544155
772356 10544157
430402 10544162
145660 10544168
633236 10544181
180627 10544189
88350 10544193
244675 10544195
285366 10544197
1481507 10544200
773642 10544201
1283358 10544205
128222 10544216
337200 10544218
1166980 10544219
721336 10544220
733901 10544223
131550 10544231
233546 10544237
556828 10544242
189944 10544244
449774 10544245
253280 10544247
713842 10544249
139831 10544251
659709 9585349
1188083 10544253
162163 10544254
370663 10544258
1167141 10544259
230176 10544260
707231 10544262
183153 10544263
314453 10544264
19047096 10544266
136006 9585370
727367 10544269
533124 10544282
343660 10544283
581162 10544292
14858894 10544297
166861 10544301
84482 10544303
175030 10544304
3835265 10544310
18631058 10544312
3290777 10544315
228382 9585434
1532367 10544319
3856247 10544320
152630 9585455
91684 10544322
1459452 10544323
229898 10544324
1624028 10544327
1329362 10544333
160756 10544336
3731801 10544338
18901864 10045179
171780 10544341
3792297 10544345
1399523 10544346
3609500 9585494
1002281 10544347
816734 10544348
2102986 10544352
191376 10544359
163478 10544361
1511879 10544362
1580965 10544363
1335873 10544366
3546179 10544369
1579053 10544370
14862828 10544372
129867 10544373
155821 10544378
601622 10544384
619074 10544388
4890417 10544391
1311730 10544395
377685 10544399
21818792 10544402
1494560 10544405
715413 10045200
18911529 10544408
191990 10544409
493125 10045204
3829246 9585559
244729 10544410
1009318 10544419
972942 10544426
790348 10544427
1568086 10544432
3805224 10544433
551907 10544436
1162982 10544439
1513084 10544440
257676 10544443
146356 10544445
126246 10544446
207477 10544448
3828485 10544449
1282022 10544453
1573982 10544455
1007204 10544457
1441597 10544462
1164568 10544463
18914391 10544465
1194713 10544474
140776 10544477
231216 10544478
1440322 10544484
14862268 10544493
3807669 10544503
3802480 10544504
293134 10544507
1517797 10544509
2266741 10544510
682983 10544517
1829424 10544520
184141 10544522
166767 10544524
18896868 10544526
420823 10544532
148787 10544533
1574478 10544537
3795713 10544538
1435589 10544539
3801566 10544542
652133 10544547
1469995 10544552
670242 10544554
2005173 10544559
1367916 10544562
3838101 10544564
218591 10544567
632204 9987835
3839497 9585672
1000644 10544576
8496185 10544579
656104 9987856
457200 10544581
1809908 10045257
540063 9585679
762625 9987859
19021216 10544584
1541685 10857614
243555 9585688
3495979 10857615
1000217 12242694
1292094 10857629
797374 10857633
1004399 10591035
3343417 10857731
141494 10591043
1276918 10857823
21818793 10591047
1294682 10857928
1358539 9585768
1792824 12521390
85248 9585793
1609715 10591064
1522104 10591066
18631582 12184611
277736 10858140
1402991 10891339
18631915 10591070
1633093 9988241
3858282 9988265
14853430 10858200
1613195 10544598
14870443 10858203
375749 10544599
3840074 10591078
3841684 12521392
1348732 10591084
1850431 10591088
1166861 10591093
1533627 10591094
258854 10045327
772340 13620338
1840177 10858222
303808 13611278
16330718 9988608
1844839 10858230
421818 10891755
188021 10591116
1643222 10591119
165153 10591120
1645142 9988716
1645145 9988718
1405404 10591124
999395 10858237
122884 9586016
800150 14347388
3816669 10544612
518923 10544613
1518894 10544614
1001173 10858260
240263 10858263
236668 10591146
90278 10591147
814631 10591148
148783 10591155
721326 10591158
1548170 10544617
580369 13611328
14849486 10461248
1053411 10858269
1184329 10858271
3819773 10544618
308940 12184633
3831271 10461250
3837966 12188756
1357641 10858284
234689 12188757
1002274 10858285
1438480 12188758
18914543 10544620
2447532 12242794
1662392 10544621
18186888 10461257
149873 10544625
825728 10544633
1533002 10544644
1619194 10544655
14858138 10544666
727069 10544677
1933968 10544678
517039 10544679
641978 10544685
14864062 10544688
1169507 10544689
269941 10544694
88424 10544695
727375 10544697
1166635 10544703
1165373 10544707
451959 10544709
710700 9586272
1489239 10544710
18186939 10544714
503462 10544716
682103 10544720
138709 10544728
14862547 10544730
588451 9989424
314033 10544732
296433 10544734
434719 10544735
201031 10544737
625855 10544738
163680 10544740
445340 10544741
286407 10544743
212359 10045448
153369 10544744
14863218 10544745
1339825 10544747
18914318 10544754
385223 9989519
340786 10045458
663591 9989535
14855327 10544766
236462 10544767
999351 9989563
1349137 9989565
747072 10544772
18948024 10461347
1014627 10544773
189944 10544779
1418455 10461364
189944 10544782
509299 10544793
3740126 10544799
171726 10544800
18914307 10544802
211396 10544804
396961 10544806
1015826 10544808
233580 10544809
21172922 10544810
2211144 10544811
167911 10544812
2144098 10544813
18914349 10461396
735430 10544819
463883 10544821
2295079 10544826
283198 10544836
14858887 10544838
3828656 10544840
346611 10544841
356897 10544843
353321 9989722
1006574 10544847
1621921 10544849
999120 10544853
18914380 10544859
2253655 10544861
544954 10544868
1003829 10544869
18914564 10544870
3860130 9586429
135572 10544882
185930 10544885
358563 10544887
579733 10544888
181091 10544890
336149 10544894
14851717 10544905
491185 10544906
287906 10544907
216834 10544910
198046 10544911
3809072 10544912
18186817 10544916
349995 10544918
241820 10544919
230839 10544920
1014251 10544921
99544 10544922
241816 10544923
364879 10544924
14859376 10461400
779610 10544928
273254 10544936
729624 10544938
1514454 10461406
298180 10544951
181273 10544956
613141 10544957
18914562 10461420
346413 10544960
231019 10544964
18914249 9586486
14858439 9586499
163482 10544984
14861430 10461423
3791290 10544993
14852410 9989988
776025 9989990
1005650 9989996
247365 9989998
1528463 9990016
249529 9990022
320122 10545002
1006104 10545003
739273 10545004
1006104 10545006
251114 10545009
1003897 10545011
999982 10545012
1307724 10461431
1005699 10545026
14855130 9990143
14855402 10545037
2065144 10545040
258774 10545041
259959 10545043
1547952 10461434
661248 10545050
968816 10545052
1053179 10545055
14858142 10545057
367456 10545058
1012180 10545065
363009 10545066
18914405 9990456
1008306 10545069
203523 10545071
266052 10545073
207223 9990513
18914560 9990523
2518918 10545082
388614 9990537
1457756 10545084
243745 10545085
18902005 9586599
810144 10545100
715026 10545101
738487 10545104
1011682 9990557
214898 9990559
1000490 10545108
628654 9990569
3803345 10545118
2447585 10545119
1161145 10545122
3803837 9990606
255311 10545136
560063 10545145
3805209 9990639
1003347 10545151
1014274 10545152
3851966 9990661
547378 10545158
282006 10545159
1688064 10545162
291162 10545163
608904 9990699
14862776 9586675
14868723 10545180
2575826 10461473
473180 10545193
548479 10545202
1551257 10461474
1501882 10461501
1328543 10545226
1668200 10545235
240089 10545248
1010527 10545252
1432685 10545254
14860101 10545258
186428 10545260
3839509 10545267
3851954 10545269
764862 10545274
442873 10545277
1331552 10048379
291559 10545283
291557 10545284
1007590 10545287
14854102 10461554
177751 10545292
17167421 10545293
1012326 10545294
3858386 10545300
1161053 10545301
14855309 10461556
1004783 10545314
14860259 10545317
1636837 10545318
272185 10545320
3848245 10461557
85328 10545322
150279 10545325
311368 10048387
14863702 10545327
14863926 10545330
235317 10545332
552553 10545335
232249 10545336
125421 10545337
1666475 10545343
254753 10545344
1485111 10545346
1165257 10545347
248198 10545349
1355799 10545350
3858495 10545351
257710 10545352
225267 10545355
268704 10545356
1279117 10545357
148841 9991050
232281 10545359
155006 10545360
290762 10545361
1190202 10048392
2016114 10545362
199562 10545363
198344 10545365
142699 10545366
84874 10545367
18914523 9586837
1291331 9586839
1543052 10545371
548489 10545372
182801 10545374
1473733 9586843
1348749 10545376
1634742 10545377
345129 10545378
3847514 9991110
154069 9991112
1550071 10545386
824878 10545394
1000649 10048401
608998 10545395
14854106 10545398
2265526 10545401
1483311 10545403
1560860 10545404
283000 10545405
14862501 10545407
286881 9586894
2087143 10545408
225095 9586897
1534108 10461586
3798065 10545420
400187 10545423
14861595 10545426
14862798 10545436
3850494 10545447
2251737 10545455
1297894 10545470
1282149 10545482
1414837 10545493
141226 9586985
3858313 10545501
1006389 10545503
1331259 10545514
1512554 10545515
18914245 9587054
3829732 10545555
14848519 10545580
4360449 10545590
1014281 10545596
1282141 10545599
459196 10545605
2205386 10545610
3619809 10545612
1009734 10048477
3708399 10545619
14863042 10545623
552193 10545627
14854108 10461605
1527943 10545644
267923 10545658
18907664 10545664
1463039 10545673
1188720 10545694
3858595 10545701
3808447 10545713
1164809 10545716
14863919 10545723
3851951 10461623
3835411 10545739
314733 10545741
18914435 10545752
14855137 10545764
1855107 10545768
1844642 9587253
1451767 10545781
165179 10545783
449616 10545789
1627305 10545790
3860008 10461629
910659 10545810
3099256 10545821
1470182 10545825
2125129 10858307
1315384 10461640
395964 10545832
14850214 10591273
1441905 10545842
1007678 10545843
3785030 10545850
687724 10545859
18631204 10545860
1514378 10545868
488392 10545872
18914309 9991936
1339153 9991957
14861161 9992001
226095 10545901
195677 10545911
18914505 9992042
1541430 9992062
551067 9992076
500339 10545935
999378 10545939
629609 10545942
756771 10545950
18914431 10545965
272954 10545983
487730 10545996
3851963 10461695
497826 9992412
3869574 10546073
152494 10546080
132192 10546088
1283596 10546103
1006276 10546104
1429274 9992439
186356 10546108
109693 10051518
84288 10546117
18914453 9992473
1302754 9992477
136066 10546133
439843 10546142
767861 10546143
1297398 10051541
255527 10546146
595076 10546147
184023 10546149
1376700 9992527
212207 9992531
1642462 10546159
1533015 10546166
395458 10546167
229353 10461729
227172 10546173
585706 10546179
647063 10546181
225095 10546187
583903 10546189
339346 9992594
18907739 10461732
459468 10546194
151315 10546195
139367 10546199
176830 10546201
216570 10546203
156771 10546204
780213 10546205
14855322 10546206
229169 10546207
171702 10546213
1160974 10546214
142619 10546216
161357 10546240
405766 10546252
1542595 10546254
708163 10546256
3873081 9992718
236158 9992742
299978 9587627
452803 10546301
1431347 9992824
487503 10546307
3785696 10546324
160383 9992884
1828765 9992892
293280 10546342
291909 10546345
1667340 10546357
308932 10546377
649788 10546390
567842 10546398
1191444 10546399
1574929 10546402
377272 10546404
356082 10546409
502033 10546413
1600921 10546414
2039844 10546422
582456 10546429
1005650 10546430
1006362 10546431
1004629 10546432
541871 10546434
19066185 10546436
1530494 10546453
1335124 10546455
1003367 10546456
18914298 10461802
404863 9587731
1000138 9993266
254572 10546465
605416 10546471
14860235 10546475
1009813 10546498
3798501 10546505
1518226 10546506
134862 10461814
238522 10546525
1808174 10546529
1856416 10546548
208562 10546570
1390730 10546571
1014425 10546583
311060 10546596
745206 10546608
1287065 10546613
151937 10546624
3805976 10546639
1361427 10546648
18860036 10461839
21818794 10546683
1367743 10546686
219299 10546689
2435654 10546693
3795848 10546694
1015564 10546699
3794258 10546701
156393 10546709
16325281 9993547
258682 9587887
2338457 10546713
84342 10546717
241802 10546718
200370 9587895
110457 9587897
561821 10546720
268977 10546721
14870148 9587901
395493 10546735
623149 10546738
664048 10546745
1610734 10546747
708500 10546749
1059401 10546756
1000382 10546757
1348778 10546759
285045 10546760
281188 10546765
1470896 10546774
3797529 10546781
292295 10546782
1546500 10546785
375917 10546788
225459 10546795
3808469 10546801
142481 10546804
18932093 10546806
3739821 10546807
339422 10546809
515677 10546810
165427 10461843
671046 10546815
162569 10546822
227232 10546823
266268 10546828
628086 10546832
368546 10546839
3816131 10546846
1288947 10546857
269551 10051818
292642 10546863
1010785 10546864
1617014 10546865
87082 9993557
1012453 9993561
149667 10546872
179370 10546873
243609 10546875
139889 10546877
181323 10546878
17169928 10461846
150711 10546880
727071 10546884
18896741 10546889
246027 10546900
598519 10546911
1959084 10546921
246723 10052894
470824 10546953
3605859 10546954
1480854 10461857
317354 10053572
1596547 10546972
277734 10546974
1010759 10546975
211324 10546983
1165157 10546986
257090 10546988
291907 10547003
18186066 10547014
563792 10547015
3790807 10461871
293280 10547021
608360 10547022
130155 10547030
21818795 10547041
21818796 10547047
18419544 10547049
644117 10547050
21818797 10054437
229141 10547054
263084 10547057
357638 10054441
370695 10547060
152073 10547061
1571595 10547063
408716 10547066
384195 10547079
3859941 10547080
14862295 10547081
1321950 10547082
1548607 10547087
1363554 10547092
181657 9993643
12606691 10547100
1461235 10547103
364600 10547108
400962 10547110
1471401 10547111
168064 10547115
640013 9993647
18631558 10547122
3852020 10547127
705064 10547138
1569837 10547148
1365707 10547151
820463 10547152
2575316 10547158
214890 10547183
456772 10547185
1672860 10547194
251326 10547198
622250 10547203
1348544 10547204
306807 10547205
2284339 10547207
2372041 10547236
19031387 10547245
191802 10547246
2164589 10547258
1518324 10547264
1448746 9588215
588245 10547273
1461600 10547281
1388631 10547285
497703 10547287
14984858 10547288
916312 10547292
1306593 10547301
713463 10547302
488235 10547312
613724 10547316
2123321 10547320
159590 10461889
3850280 10547351
19777553 10547353
3871977 10547354
1440556 10547356
1449625 10547357
2297896 10547359
1655685 10547362
613722 10547393
759108 10547396
1574320 10547397
3617863 9993874
1588490 10547401
1369247 10547402
1450711 10547409
530994 10547410
1291454 10547413
1671221 10547414
5090427 10547415
21818798 10858311
3709036 10547420
3860358 10461897
1610797 10547470
1475768 10547478
15354434 10547485
817341 10547489
386706 10547491
267096 10054477
18859860 10547507
3494801 10547512
513372 10547513
14862180 10547524
14862778 10547536
3568425 10547547
1375349 10547559
1276891 10547577
240909 10547580
807676 10547582
14858022 10547588
3821877 10547592
18907954 10547595
19021054 12184912
473250 10547608
14859858 10547609
21818799 10547615
2334229 10547637
1477553 10547648
1631246 10547653
188227 10547657
650404 10547665
1562193 10547673
21818800 10547682
5159619 10547693
1516990 10547700
597998 10547704
822911 10591437
3680580 10547745
2433381 10461925
18052540 10547784
21818801 9588568
1544518 10547796
1787932 10547813
4602737 10547838
2237176 10547840
2257740 10461959
1195106 10461961
1495936 10461966
217720 10547923
1418900 10462005
138907 10462006
3745614 10462023
3787061 10462024
1337215 10548003
227650 9588794
3747918 10548024
3795018 10548033
21818802 10548040
217120 10548042
528130 10548051
670652 10462037
10687287 10548114
158473 10548171
1856115 10462072
3809462 9588960
189032 10548206
122455 10057038
2028675 10548226
189874 10548237
15354371 10548245
10207244 10548246
502221 10548248
1429600 10548258
266113 10462085
150771 10548286
3806366 10548293
3626259 10548302
3805624 10548311
1007955 10548319
1011972 10548322
4997016 10548328
207333 10548335
774704 10462090
14862640 10548348
14846752 10548349
999809 9995680
441694 10462092
3823790 10548373
1165997 9995817
21202489 10548389
205992 9995821
18945583 10548399
1467282 10548406
19822070 10548415
727085 9995880
18940666 10548417
437395 9589162
1166481 10548427
232960 10548437
455721 9995973
224328 10548445
233482 10548455
144045 10548464
142089 10548467
308728 10548468
208718 10548475
793120 10548479
10880743 10548481
233735 10548485
21818803 10548493
21818804 9589258
233925 10548494
233933 10548505
677243 10548508
1523607 10548516
18914589 10548518
14859566 9996228
1589405 9996244
18914367 10462113
1387760 10548539
485790 10548540
1347416 10548551
234123 10057053
1506515 10057055
21818805 10548572
127848 9996262
1285961 9996276
981737 9996282
176140 10858330
320499 10548592
141102 9996299
318868 10548607
235031 10057058
21818806 10548619
562214 9996321
171826 10548621
1378833 10548624
1377014 10548625
1168198 10548631
17027458 10548633
1459774 10548642
184007 10548645
299565 10548647
86562 10548649
1435414 10548650
346999 10858331
235749 10057060
670228 10548654
14863070 9996351
3861653 9996353
1490488 9996355
730604 10548656
1888515 9996357
18914369 10548659
20392464 10548661
734453 10548663
14859240 10057061
192561 10548668
917490 9996361
640805 10591533
356897 10548677
441844 10548688
1585618 10858332
201665 10548698
1912785 10548701
18907714 10548705
3797867 10548708
531020 10548710
201939 9996370
418278 10548713
19072356 9996386
10211477 9996388
18911527 10548717
18918846 9996394
294219 10548726
1007715 10548737
3820532 10548746
1316807 10548751
1562467 10548753
1007174 10548754
18631625 10057064
247089 10548758
621607 10591544
694559 10548760
180417 10548763
436217 10548768
18914312 10858334
3652307 10548773
1003592 10548784
18631711 9996404
356579 9996408
1387767 9996412
1914116 9996420
764459 10548789
137031 10548790
1059249 9996432
1492245 10548797
267967 10548798
749329 10548800
2950420 9589646
653622 10548810
236762 10548813
2534142 10548816
3786816 10591563
15496718 10858336
580893 10057065
1009670 10548820
1506283 10548825
1114448 10548833
3571837 10462150
328616 10548836
134388 10548843
243471 10858337
1338289 10548852
1328189 10548854
623747 10548859
191546 10548863
1728423 10548868
597575 10548870
232437 10057067
237616 10462151
1346676 10462154
158737 10548878
719977 9996506
14860212 10548880
1544780 10548883
412237 10548884
3749927 10548890
1673999 10085911
1133008 10548894
1003478 10548897
2524122 10548899
3630076 10548903
1674728 10548910
14859368 10548915
1564679 10548917
1585400 10548921
21818807 10858338
14846799 10548936
1188459 10104720
185378 10548941
1011779 10548947
238312 10462158
1418851 10548953
400215 10548955
202301 10462162
238402 10548960
1843880 10462164
1052281 10548977
327001 10548980
651814 10548983
14855248 10548986
238702 10548988
149937 10548997
790870 10549002
18865879 10549008
3807836 10549013
3612951 10462189
178005 10549026
1499825 10549027
3112941 10549031
1163616 10549032
3830892 10858339
158907 10549041
1542413 10549047
150757 10549051
199059 10549058
14858028 10549063
14858015 10549071
14879686 10549074
3839301 10549080
239263 10549087
18962937 9996886
1549938 10549088
18186530 9996888
3808479 10462199
14858164 10549103
18186534 10549105
1648692 10549108
21818808 10107649
1336704 10549115
14855430 10549120
1812450 10549125
670427 10549129
139891 10549136
1382139 9996978
2221329 10549144
252477 10549146
999448 10549151
171221 10549156
357638 10549165
195943 10549166
18631558 10549168
18939664 10549170
653648 10549171
365801 10549173
1196675 10549177
19031422 10549197
1434333 10462216
598036 10549204
721396 10549208
150917 9590229
317552 9997057
3811339 10549222
178303 10549232
16349961 10549242
518515 10462238
4163901 10549246
1415481 10549249
1635995 10462243
180287 10549257
1346980 10549260
2159367 10549269
333490 10462273
3808949 10462274
173713 10549286
162545 10462284
1163521 10549287
4092824 10549289
2318973 10549291
1111737 10549293
18914365 10549295
1002717 10549299
1168235 10549305
448217 9997323
183795 10549315
1546259 10549325
1376053 10549326
398936 10549335
1163776 10549346
3804770 10462309
698805 10549364
316026 10549367
1607350 10549369
150871 10549372
18914489 10549374
1390113 12247980
1000422 9590437
2332488 9997525
128807 10549398
242038 10549406
268894 10549408
437745 10549415
594882 10549422
314137 10549423
1360138 10549433
1853223 9997654
185504 10549434
1583987 9997705
168780 10549437
436797 10549444
375206 10549445
2117636 9590557
868612 10549446
457224 9997728
197590 10549464
243465 9590594
1010870 10549478
1673452 10549483
3590166 10549491
1495643 10549503
3856408 10549504
1169178 10549515
1619667 10462479
607788 10549526
754335 10112439
3787682 10549548
282025 10549550
298600 9997856
1163822 9997858
505074 9997860
603763 10549552
157039 10549553
126585 10549554
262740 10549555
1183371 10549557
3824802 10549558
3794756 10549562
3759960 10549563
168200 9997862
244161 10549571
3806726 10549580
175346 10549592
3834581 10549603
304702 10549612
208532 10549613
686297 10549621
958007 10549623
631100 10549626
244777 10549632
210702 10462482
2310582 10549635
467077 10549637
1591417 10549640
1012073 10549647
3796121 10549651
1337217 10549657
794651 10549660
474820 10549661
