11969714 11451799
1093096 21917450
2142 11933552
21041469 21917451
11981311 21917452
11987344 21917453
11979223 21917454
11964618 11451821
11991631 21917455
11949090 11451902
11964596 11451904
11981381 21917456
11992053 21917457
11948162 21917458
11967093 11452082
11955647 21917459
11947518 21917460
11952228 11453252
11977050 21917461
11949108 21917462
21046650 21917463
11969575 11454268
21917464 11454301
11969608 11455027
11972223 11455172
11950309 11455779
11990167 11456048
11964631 21917465
1092782 21917466
21040683 21917467
11970447 21917468
11979458 21917469
11991180 21917470
11974657 11457305
21046584 21917471
11988295 11457327
11991538 11992215
11951768 21917472
11962431 21917473
11962431 21917474
11983281 21917475
15822727 11457385
11951801 21917476
11950224 21917477
11947507 21917478
11953659 21917479
11962167 21917480
11988219 21917481
11992114 21917481
11977440 21917482
11951886 21917483
11957923 21917484
11958010 21917485
11957940 21917486
11986198 21917487
11967081 21917488
11979262 21917489
11991427 21835460
11953541 21917490
11964681 21917491
11986211 21917492
11984987 21917493
11987308 21917494
11951977 21917495
11958136 21917496
11957990 21917497
11983303 21917498
11981253 21917499
11964717 21917500
11950282 21835538
11969561 21917501
11962097 21917502
11981343 21917503
11955733 21917504
11972936 21917505
11955785 21917506
11967203 21917507
11987269 21917508
11992055 21917509
11962324 21917510
11977030 21917511
11972157 21917512
11983362 21917513
15823114 12823288
15823115 12823288
11969708 21917514
11951772 21835793
11991788 21917515
11974645 21917516
11982119 21835821
11953649 12823312
11962137 21917517
11967069 21917518
11972251 21835909
11950257 21917519
11967134 21917520
11974708 21917521
11970392 21917522
21046569 21917523
11990737 21835949
11979231 21917524
2740379 21917525
11958008 21917526
11962209 21917527
11991343 21917528
11979321 21917529
11984973 21917530
11950259 21917531
11990172 21917532
11972294 21917533
11957942 21917534
11988172 21917535
11976936 21917536
1016842 21917537
11964663 21917538
11955648 21917539
11951352 21917540
11990197 21917541
11948147 21917542
11981289 21917543
11967142 12823382
11967207 21917544
11987265 21836401
11953818 21917545
11947151 21917546
11972155 21917547
11960131 21917548
11990921 21917549
11980072 21917550
11962059 21917551
11953653 21917552
11969699 21917553
11977087 21917554
11964677 21917555
11948203 21917556
2637260 21917557
11956692 21917557
11962061 21917558
11986213 21917559
11957843 21917560
11950359 21917561
11967144 21917562
11955639 21917563
11960221 21917564
11977034 21917565
11977102 21917566
11955627 21917567
11988174 21917568
11990256 21917569
11950228 21917570
21046617 21917571
11953551 21917572
11962045 21917573
11949018 21917574
11957859 21917575
11952540 21917576
11966975 21917577
11979282 21917578
11955556 21917579
3935106 21917580
11953612 21917581
11974606 21917582
11987314 21917583
11991188 21917584
11974734 21917585
11960123 21917585
11967111 21917586
11953693 21839144
11991672 21917587
11955550 21917587
11969619 12823536
11962249 21917588
11953529 21917589
21917590 21917591
11955635 21839275
11948205 21839275
11956126 21917592
11979209 21917593
11948213 21917594
11951795 21917595
11962265 21917596
11948112 21917597
11977094 21839410
11962111 21917598
17447094 21917599
11948960 21839436
11989880 21917600
11986243 21839538
11953553 21917601
11976976 21917602
11972324 21917603
11957829 12823702
11960330 21917604
11948991 21917605
11962408 21917606
11986440 21917607
11991901 21917608
11974613 21917609
11957825 21839717
11979215 21917610
11960279 21917611
11962227 21917612
11967177 21917613
11951692 21917614
11951811 12823706
11981278 21917615
11979193 21917616
11976946 21839906
11992226 21917617
11974686 21917618
11972322 21917619
11988238 21917620
11977092 21917621
11989492 21840013
11979300 21840014
11977088 21917622
11977887 21917623
11949022 21917624
11988930 21840043
11988945 21917625
11955658 21917626
11949066 21917627
11981391 21917628
11962069 21917629
11991645 21840185
11984934 21917630
11991393 12823879
1092954 21917631
11988186 21917632
11987224 21917633
11981315 12823932
11950365 11490961
11990449 21917634
11984885 21917635
11983861 21917636
11990471 21917637
21917638 21917639
11979329 21917640
11986258 21917641
11974580 21917642
11967181 21917643
11984904 21917644
11991524 21917645
11953622 21917646
11962095 21917647
11950314 21917648
11990982 21917649
11969604 17069807
11969679 17069807
11967043 21843166
11981339 21917650
11950351 21917651
11991825 21917652
11976925 21917653
11984883 21917654
11992156 21917655
11991929 21917656
11988223 21917657
11989637 21917657
11992264 21917658
11988178 21917659
11979266 21917660
11989562 21917661
11988205 21917662
11960528 21917663
11955689 21917664
21040654 21917665
11981405 21917666
11983341 21917667
11964191 21917668
21917669 17069817
16550106 21917670
11950319 21917671
21917672 12824291
11983360 21843662
11955752 21917673
11987252 21917674
11960179 21917675
11977058 21917676
2672287 12824379
11972161 21917677
11951866 21917678
21041431 17069828
11984926 21917679
11969651 21917680
11987375 21917681
21046567 21917682
21917683 21917684
11987324 21917685
11947184 21917686
11989872 21843893
11957974 21917687
11962091 21917687
11979290 21917688
11968662 21917689
11972191 21843977
11984875 21843977
11988964 21917690
11979288 21917691
11989885 21917692
11990438 12824560
11972284 21917693
11971715 21917694
11969653 21917695
11988207 21917696
11966999 21844090
11991939 21844100
11984994 21917697
11964598 21917698
11991682 21917699
11991345 21917700
11984975 21917701
11960273 21917702
11977009 21917703
21917704 21917705
11989846 21917706
2680880 21917707
11979181 21917708
11951086 21917709
11949033 21917710
2680880 21917711
2709737 21917712
11960311 21917713
11972169 21917714
10239324 12475542
11948140 12475542
2712298 11502419
11964538 21917715
11988913 21917716
1016844 21917717
11974706 21846628
11951799 21917718
11953531 21917719
11960191 21917720
11964647 21917721
11964629 21917722
11988896 21917723
11953581 21917724
11969750 21917725
11955613 21917726
11991594 12824958
11947540 21917727
11969920 21917728
11981325 21917729
11960254 21917730
11951842 21917731
11974692 21917732
11992000 21917733
11991176 21917734
11948944 21917735
11946507 21917736
11972302 21917737
11953493 21847165
11972538 21917738
11955554 21917739
11986967 21917740
11981238 21917741
11972263 21917742
11969695 21917743
11984952 21917744
11962261 21917745
11955776 21917746
11992150 21917747
11981349 21917748
11960252 21917749
11962406 21917750
11991400 21847394
11986184 21917751
11991888 21917752
11948102 21917753
11977082 21917754
11964578 21917755
11991057 21917756
11988240 21917757
11982179 21847538
11987280 21917758
11967124 21917759
11977243 21917760
11972205 21917761
11984899 21847581
11958018 21917762
11950341 21917763
11974572 21917764
11949011 21917765
11953562 21917766
11955605 21917767
11991910 21917768
11992064 21847784
11962067 21917769
11981282 21917770
11972330 21917771
11981341 21917772
11953579 21917773
11981295 21917774
11976831 21917775
11962239 21917776
11953701 21847818
11953572 21917777
11967039 21917778
11950436 21917779
11987336 21847933
11953477 21917780
11992090 12826035
11989459 21917781
11984985 21917782
11981403 21917783
11953655 21917784
11962125 21850040
21046634 21917785
11959236 21917786
11983331 21917787
11948116 12826088
11983315 21917788
11962639 21917789
11953575 21917790
11953543 17070002
11950317 21917791
11986180 21917792
11967033 21917793
11983293 21917794
11947536 21850180
11976835 21917795
11962245 21917796
11962043 21917797
11969577 21917798
11957892 21917799
11969641 21850252
11981472 21917800
11951704 21917801
11967005 21917802
21041475 21917803
11977122 21917804
11967380 21917805
11981329 21917806
11958026 21917807
11981367 21917808
11955667 21917809
11953583 21917810
11974584 21917811
11948177 21917812
11988940 21917813
11986245 21917814
11972151 21917815
11991864 21917816
11964564 21917817
11969567 21917818
11974649 21917819
11964691 21917820
1093014 21917821
11988909 21917822
11976913 21917823
2710214 21917824
11955584 21917825
11983265 21917826
11953678 21917827
21917828 21850755
11958848 21917829
11964725 21917830
11962205 21917831
11957886 21917832
11991166 21917833
11955620 21917834
11989842 21850830
11948174 21917835
11948145 21917836
11947558 21917837
11988231 21917838
11950367 21917839
11960896 21917840
11987250 21917841
11978839 21917842
21917843 12475814
11964687 21917844
11960267 21917845
21917846 21917847
11960248 21917848
11988235 21917849
11987392 21917850
11953547 21917851
11951770 21917852
11955724 21917853
11991065 21917854
11971027 21917855
11972265 21917856
11974859 21917857
11947551 21917858
11955737 21917859
11977003 21917860
21917861 21917862
11988355 12826991
11962149 21917863
11960313 21917864
11953592 21854259
11962213 21917865
11962201 21854297
11974748 21917866
11970935 21917867
11991548 21917868
11969621 21917869
11990460 21917870
11988209 21854381
11962221 21917871
11960559 21917872
11967185 21917873
11962173 21917874
11986354 21917875
11987277 12827061
11990182 21917876
11957896 21917877
11992088 21854452
11977116 21854465
21046608 21917878
11969602 21854476
11984908 21917879
11964612 21854486
11990162 21917880
11948974 21917881
11974239 21917882
11972037 21917883
11987411 21917884
11960290 21917885
11979278 21917886
11972183 21917887
11960338 21917888
11991851 21917889
11957910 21917890
11989488 21917891
2680880 21917892
11979296 21917893
11972312 21854760
11987306 21917894
11964639 21917895
11989864 21917896
11991702 21917897
11957884 21917898
11964623 21917899
11962099 21917900
11986208 21917901
11991067 21917902
11976948 21917903
11983275 21917904
11947527 21917905
11955829 21917906
11983277 21917907
11960260 21917908
11967195 21917909
11979317 21917910
11960292 21854958
11987235 21917911
11951700 21917912
11986169 21917913
11960151 21917914
11960269 21917915
11991756 21917916
11948531 21917917
11950450 21917918
11964895 21917919
11979235 21917920
11981540 21917921
11986134 21917922
11990158 21857019
11983370 21917923
11951672 21917924
2624784 21917925
11977048 21917926
11979197 21917927
11951822 21917928
21917929 21917930
1093074 21917931
11979233 21857049
11962089 21917932
11977032 21917933
21917934 21857108
11981365 21917935
11948127 21917936
11989456 21917937
1092950 21917938
21917939 21917940
11987409 21917941
11955611 21917942
21046637 21917943
11987613 21917944
11990439 21917945
11960233 21917946
11955566 21917947
11979280 21857429
11987256 12827264
12211652 21917948
11960350 21917949
11986175 21917950
11989480 21917951
11988270 21917952
11991059 21917953
11984936 21917954
11987318 17070138
11987278 21917955
11969727 21917956
11948166 12827276
11953549 21917957
11969762 21917958
11988906 21859244
11953697 21917959
21917960 21917961
16001897 21917962
11964705 21917963
1016852 21917964
11990527 21917965
21917966 12827292
11980107 21917967
11977738 21917968
11972207 21859532
11950206 14552784
1092928 21917969
11964867 21917970
11974562 21917971
11967103 21917972
11947152 21917973
11987352 21917974
11969504 21917975
1092904 21859772
11949579 21917976
11983991 21917977
11990451 21917978
11983333 21917979
11955662 21917980
11969758 21917981
11969693 21917982
1016850 21917983
11946559 21917984
11973148 21917985
11949077 21917986
11949015 21917987
11947154 21917988
11964550 21917989
11969683 21917990
21046582 21917991
11947570 21917992
11951696 21917993
11958170 21917994
11989868 21917995
11992141 21917996
11957950 21917997
11987245 21917998
21917999 21918000
11987322 21918001
11991257 21918002
11972211 21918003
11947430 21918004
11947516 21918005
11974643 21918006
11974698 21918007
11976889 21918008
11977028 21918009
11990912 21918010
11970136 21918011
11974702 21918012
11962169 21918013
11990705 21918014
11979201 21918015
21041470 21861928
11951762 21918016
1016846 21918017
11987340 21918018
11950288 21918019
11957863 21918020
11992219 21918021
11947862 21918022
12211641 21918023
11977291 21918024
11991727 21918025
11991184 21862111
11991262 21918026
12211644 21918027
11950237 21918028
11957803 21862169
11989888 14552803
11983279 21918029
11955718 21918030
11991460 21918031
11979245 21918032
11955582 21918032
11948982 21918033
11991866 21918034
11960173 21918035
11990929 21918036
11969590 21918037
11991641 21863543
11992051 21918038
11957966 21918039
11957853 21918040
11962189 21918041
11951702 21918042
11991721 21918043
11990917 21863712
11991500 21918044
11985238 14552809
11950176 21918045
11947560 21918046
11955652 21918047
11969618 21918048
11947557 14552810
11991740 21918049
11988344 21918050
11992238 21918051
11960201 21918052
11981409 21918053
11962199 21863851
11949158 21863892
11969743 21918054
11974574 21918055
11988200 21918056
11992228 12147103
11952162 21918057
11967205 21863988
21041432 21918058
11979122 21918059
11992086 21918060
11991843 21918061
11983154 21918062
11983321 21918063
11981581 21866098
11979268 21918064
11992236 21918065
11991752 14552821
11991550 21918066
11976905 21918067
11951678 21918068
11951782 21918069
11976885 21918070
11991558 21918071
11969733 21918072
12211645 21918073
11991998 21918074
11974560 21918075
11991960 21918076
11949122 21918077
11949013 21918078
11972145 21918079
11988951 21918080
11986233 21918081
11986231 21918082
11947191 21918083
11974197 21918084
11983285 21918085
11969625 21918086
11983263 21918087
11972296 21918088
11980826 21918089
11988966 21918090
21040658 21918091
11967209 21918092
11981259 21918093
11989461 21918094
11987090 21918095
11984930 21918096
11959738 21918097
11967199 21918098
11991335 21918099
11964655 21918100
11949016 21918101
11983625 21918102
11953630 21918103
11983307 21918104
11960277 21918105
11953669 21918106
11947568 21918107
11974667 21918108
11960063 21918109
11949036 21918110
11960149 21918111
11960675 21918112
11981303 21918113
11978874 21918114
11953642 21918115
11992136 21918116
11977076 21918117
11990174 21918118
11967189 21918119
21041450 21918120
11992198 21918121
11988936 21918122
11967007 21918123
11980427 21918124
11951764 21869367
11951857 21918125
11947538 21918126
11987286 21918127
11988227 21918128
11967079 21918129
11991349 21918130
11974862 21918131
11991127 21918132
11951785 21918133
11990733 21918134
11989373 21918135
11948114 21918136
11991264 21918137
11951844 21918138
11964637 21869536
16808104 14552843
11955572 21918139
11967193 21918140
11948164 21918141
11978875 21918142
11991600 21918143
2671060 21918144
11979335 21918145
11974659 21918146
11947360 21918147
11976915 21918148
11988960 21918149
11962171 21918150
11967065 21918151
11955739 21918152
17070257 21918153
11953555 21918154
11951737 21918155
11974682 21918156
11979304 21918157
11955508 21918158
11992128 21918159
11960552 21918160
11990808 21918161
11992021 21918162
11964727 21918163
11992179 21918164
11983364 21918165
11983291 21918166
11989862 21918167
11983347 21918168
11976805 21918169
11976034 21918170
11990431 21918171
11990712 21918172
11967183 21918173
11992177 21918174
11991080 21918175
11976980 21918176
11964719 21918177
11962255 21872164
11987302 21918178
11992007 21918179
11990164 21918180
11947172 21918181
11967128 21918182
11987316 21918183
11977036 21918184
11976926 21918185
11985210 21918186
11990412 21918187
11972306 21918188
11989884 12827356
11953573 21918189
11947176 21872269
11972130 21918190
11977955 21918191
11977068 21918192
11992015 21918192
11979333 21918193
11949009 21872363
21044645 21918194
11992214 21918195
11988982 21918196
11986816 21918197
11986652 21918198
11974738 21918199
11957801 21918200
11982447 21918201
11991983 21918202
11952543 21918203
3913269 11590133
11979185 21918204
11977112 21918205
11947628 21918206
11991397 21918207
11990699 21918208
11987254 21918209
11947670 21918210
11974746 21918211
11991885 21918212
11974760 14552869
11966985 21918213
11990904 21918214
11967132 21873493
12211643 21918215
11991270 21918216
11948188 21873535
11949085 21918217
11949031 21918218
11991534 21918219
11980184 21918220
11947668 21918221
11967179 21918222
11962323 21918223
11991829 21918224
11984895 21918225
21040657 21918226
11991943 21873645
11987420 21918227
11980521 21918228
11983201 21918229
11957906 21918230
11951849 21918231
11952792 21918232
1016854 21918233
11972326 21918234
11990709 14552875
11991255 21918235
11988949 21918236
11983374 21918237
11951828 21918238
11958014 21918239
11962314 21918240
11988188 21918241
11983380 21873780
11949089 14552878
11974694 21918242
11977120 21918243
11949095 21918244
11991491 21918245
11951451 21918246
11948816 21918247
21039436 21875465
11989840 21918248
11950339 21918249
11987496 21918250
11984932 21918251
21046660 21875502
21918252 21918253
11946524 21918254
11979254 21918255
11988198 21918256
11947579 21918257
11981274 21918258
11988182 21875575
11972328 21918259
11969595 21918260
11967011 21875585
11947506 21918261
21918262 21918263
11979241 21918264
11991748 21875622
11948106 21918265
11991063 21918266
11989486 21875660
11992206 21918267
11969616 21918268
21046636 21918269
11964554 21918270
11977062 21918271
11979292 21918272
11949025 21918273
11990668 21918274
11960125 21918275
11969670 21918276
11964699 21918277
11992095 21918278
11967412 21918279
11960113 21876832
11974754 21918280
11979187 21918281
11967267 21918282
21040491 21918283
11991697 21876981
11986200 21918284
11988978 21918285
11969760 21877008
11991324 21918286
11991467 21918287
11949058 21918288
11974619 21877077
11959772 21918289
11991876 21918290
16010235 21918291
11981333 21918292
11962820 21918293
11992069 21918294
11967024 21918295
11976944 21877226
11947556 12827364
11952768 21918296
11960306 21918297
11960266 21918298
11949618 21918299
11951891 21918300
11948662 21918301
11966891 21918302
11961806 21918303
11955504 21918303
11960165 21918304
11957984 21918305
11955845 21918306
11981192 21878224
11960332 21918307
11979363 21918308
11969655 21918309
11992046 21918310
11952411 21918311
11972257 21918312
21040653 21878357
11952209 21918313
11977129 21918314
11979325 21918315
11984981 21918316
1092986 14552913
11991734 21918317
11966927 21918318
11990188 21918319
10239466 21918320
3909693 14552914
11961795 21918321
11980910 21918322
11967156 21918323
10239354 21879222
3957573 21879222
10239389 21879222
10239390 21879222
10239485 21879222
10239459 21879222
10239391 21879222
3956227 21879222
10239939 21879222
10239464 21879222
10239392 21879222
3955024 21879222
10239415 21879222
10239355 21879222
10239601 21879222
3954705 21879222
10239356 21879222
10239741 21879222
10239423 21879222
10239568 21879222
10239416 21879222
10239511 21879222
10239395 21879222
10239617 21879222
10239357 21879222
10239425 21879222
10239498 21879222
10239418 21879222
2658335 21918324
11955754 21918325
3953650 14552915
10240118 14552915
11950248 21918326
10240031 14552916
10239724 14552916
11967190 14552916
10239639 14552916
10239935 14552916
10239977 14552916
10239358 14552916
10239822 14552916
10239494 14552916
10239740 14552916
10239833 14552916
10239721 14552916
10239563 14552916
3954701 14552916
3954711 14552916
10239823 14552916
10239313 14552916
10239497 14552916
10239315 14552916
10239460 14552916
11969705 21918327
11972067 21879311
11974743 14552917
11992031 21918328
11947146 21918329
11991170 21918330
11992002 21918331
21045743 21918332
11957841 21918333
11960296 21918334
11991633 21918335
10239487 21879381
10239336 21879381
10239515 21879381
10239308 21879381
3950456 21879381
10239335 14552919
10239332 14552919
3947193 14552919
11973624 21918336
11964586 21918337
11988276 21918338
21037035 21918339
11969591 14552921
11960256 21918340
11990911 21918341
11972195 21918342
11955547 21918343
11957925 21918344
11991868 21918345
11953618 21918346
21918347 21918348
11973592 21918349
11989603 21918350
11986206 21918351
11985187 21918352
11974676 12827373
11992094 21882868
16550101 14552931
11986346 21918353
11976901 21918354
21043111 21918355
11967088 21918356
11988919 21918357
11974647 21918358
11976978 21882998
11992188 21918359
11992126 21918360
11991818 21918361
11967122 21918362
11976987 21883064
17070233 21918363
12211642 21918364
11969710 21918365
11991805 21918366
11953557 21918367
11957831 21918368
11958201 21918369
11978222 21884033
11951472 21918370
10239331 14552942
3920984 14552942
11962131 21918371
11957486 21918372
11950349 21918373
11984950 21918374
11986256 21884159
11955710 21918375
11979183 21918376
15823102 14552944
3948955 14552944
2712563 11633883
11983004 21918377
11954744 21918378
11974608 21884637
11948159 21918379
11953830 21918380
11961796 21918381
11947162 21918382
11946480 21884777
11987260 21884789
11967166 21918383
11950011 21918384
11950888 21918385
10239662 21918386
10239653 21918387
11991331 21918388
10239567 14552951
10239857 14552951
3916949 14552951
10239811 14552951
15823156 14552951
3964694 14552951
15823161 14552951
10239655 14552951
15823100 21884958
10239326 21884958
11986272 21918389
11950290 21884981
11974629 21918390
21046571 21918391
11951482 21918392
11984861 21918393
11955596 14552955
11979302 21918394
11976993 21918395
11969664 21918396
21041412 21918397
11981257 21918398
11968513 21918399
11955675 21885780
11957839 21918400
11991883 21918401
21918402 21918403
11948930 21918404
11969756 21885881
10239777 14552960
1016856 21918405
11953577 21918406
11981371 21918407
11991463 21886352
11962083 21886422
1092860 21918408
11972286 21918409
11979252 14552963
11957888 21918410
11948118 21918411
10239457 21886485
11986194 21886497
11969631 21918412
11974736 21918413
11985073 21918414
2709740 21918415
11992071 21886646
11955697 21918416
11990479 21918417
11950273 21887646
11987863 21887662
11960197 21918418
11991766 21918419
11962065 21918420
11972165 21918421
11957815 21918422
11975384 21918423
11969585 21918424
11979239 21918425
11990490 21918426
11955744 21918427
11957805 21918428
11981355 21918429
11962085 21918430
11955589 21918431
12209761 21888634
11991053 21918432
11964536 21918433
11974671 21918434
11981539 21918435
11984968 21918436
11991742 21918437
11957795 21918438
11969735 21918439
11969506 21918440
11965527 21918441
11981375 21918442
11962181 21918443
11950241 21889195
11991573 21918444
11961319 21918445
11981299 21918446
11948929 21918447
11948186 21918448
11980083 21918449
11984996 21918450
11953687 21918451
11974578 21918452
11951874 21918453
11983211 21918454
11947574 21918455
11988917 21918456
3909213 21889691
3909215 21889691
11949164 21918457
11951760 21889807
11951688 21918458
11962157 21918459
11969620 21918460
11991674 21918461
11991736 21918462
11979256 21918463
11974588 21918464
11960516 21918465
11948970 21889960
17070282 21918466
11966973 21918467
11970430 21918468
11990937 21918469
11951996 21918470
10239406 21890388
10239424 21890388
10239455 21890388
10239314 21890388
10239468 21890388
10239428 21890388
10239633 21890388
11962129 21918471
11958069 21918472
11988915 21918473
11983267 21918474
11964709 21918475
11988972 21918476
11951777 21918477
21046635 21918478
11992068 21918479
11969799 21918480
11991914 21918481
11970455 21918482
10239669 11665494
11947531 21918483
11969691 21918484
10239325 14553005
11972508 21918485
11972217 21918486
11951682 21918487
11989878 21918488
11951807 21892379
11968039 21918489
16807053 14553008
11991723 21918490
11987358 21918491
11960643 21918492
11974665 21918493
21918494 21918495
11969200 21918496
11991775 21918497
11976974 21918498
11969614 21918499
11972367 21918500
11984958 21918501
11991880 21918502
11964229 21918503
11960143 21918504
11988904 21918505
21046626 21918506
11948966 21893159
11991326 21893171
11946521 21918507
21040659 21918508
11979213 21918509
11991838 21918510
11991981 21918511
11973233 21918511
11969706 21918512
11948940 21893600
11977080 21918513
2638880 21918514
11964528 21893644
11992082 21918515
11949068 21918516
11972338 21918516
11955714 21918517
11960242 21918518
11983250 21918519
11960319 21893708
11960283 17070223
3981558 14553018
11953648 12827419
10239698 11677588
11976179 21918520
11947496 21918521
11977001 21918522
11983295 21918523
11959214 21918524
11983483 21918525
11961285 21918526
11991701 21918527
11948975 21918528
11948215 21918529
11974661 21918530
11970824 21918531
11972132 21918532
1092852 21918533
11954626 21918534
21041474 21918535
11960177 21918536
11981397 21894678
11947545 21918537
11981287 21918538
11953689 21918538
21918539 21918540
11984989 21918541
1092894 21918542
11951680 21918543
11991780 21918544
11964574 21918545
11962193 21918546
21046624 21918547
11991429 21918548
11988970 21918549
11974688 21918550
11981272 21918551
11960121 21918552
11960271 21918553
11951870 21918554
11947497 21918555
11983339 21918556
11953661 21896169
11964590 21918557
11962161 21896205
21918558 21896241
11949055 12827440
11981401 21918559
11964643 21896551
11988958 21918560
11989471 21896597
11978899 21918561
11974623 21918562
11991532 21918563
11949001 21918564
11992038 21918565
11987292 21918566
11983372 21918567
11981263 21918568
11979371 21918569
11984877 21918570
11950321 21918571
11983173 21918572
11990482 21897048
11969666 21897048
11977056 21918573
11964487 21918574
11952519 21918575
11992147 21918576
11990464 21897134
11962133 21918577
11951797 21918578
11969598 21918579
11976550 21918580
11991346 21918581
11981597 21918582
21046581 21918583
11960199 21918584
11979175 21918585
11967109 21918586
11951853 21897525
11987271 21918587
10239429 14553050
11955580 21897545
21918588 21918589
11972469 21918590
21040681 21897567
21918591 21897567
11950244 21918592
11974610 21918593
11974612 21918593
11967035 21918594
11980913 21918595
11955746 21918596
11969893 21918597
11984940 21897600
11990716 21918598
10239654 21898248
11980941 21918599
11977046 21918600
11989838 21918601
11966948 21918602
11955673 21918603
11949005 21899481
15857020 21899506
11976940 12827469
11967589 21918604
11972149 21918605
10239928 21900214
11964540 21918606
11979225 21918607
11983252 21918608
15857034 21900310
11983319 21918609
10239645 21900320
10239872 21900320
10239999 21900320
10239365 21918610
3967638 21918610
10239944 21918611
10240049 21918611
15857024 14553057
10239899 21918612
10239820 21918612
10239919 21918612
10239770 21918612
10239991 21918613
10239888 21918613
10239400 21918613
10240052 21918613
10239879 21918613
10239901 21918613
3967627 21918613
10239556 21918614
10239672 21918614
10239870 21918614
10240035 21918614
10239788 21918614
10239819 21918614
10240000 21918614
10239661 21918614
10239557 21918614
10239746 21918614
10240048 21918614
10239674 21918614
10239518 21918614
10239943 21918615
10239923 21918615
10239915 21918615
10239486 21918615
10239864 21918615
10240240 21918615
10239431 21918615
10239946 21918615
10239886 21918615
10239675 21918615
10239828 21918615
10240014 21918615
10239648 21918615
10239660 21918615
10240063 21918615
10239649 21918615
10239722 21918615
10239432 21918615
10239817 21918615
10239657 21918615
10239723 21918615
15817580 21918615
10239527 21918615
10239838 21918615
10239818 21918615
10239787 21918615
10239894 21918615
10239895 21918615
10239821 21918615
10240002 21918615
10239904 21918615
3967692 21918615
10239638 21918615
10239827 21918615
10240041 21918616
10239906 21918616
10239834 21918616
3931238 21918616
10239918 21918616
10239806 21918616
10239880 21918616
10239764 21918616
3936196 21918616
10239475 21918616
10239912 21918616
3967694 21918616
3940858 21918616
10239637 21918616
3910668 21918616
3946928 21918616
10239830 21918616
10239813 21918616
10239658 21918616
10239659 21918616
10239862 21918616
10240001 21918616
10239867 21918616
3912759 21918616
10239666 21918616
10239543 21918616
3931964 21918616
10240037 21918617
10239646 21918617
10239812 21918617
3911124 21918617
15817581 21918617
10239863 21918618
10239309 21918618
10239927 21918618
10239920 21918619
10240077 21918619
3913434 21918619
10239990 21918619
10239742 21900335
3957590 21900341
10239412 21900341
10239701 21900341
3957588 21900341
10239484 21900341
10239679 21900341
10239327 21900341
10239761 21900341
10239993 21900341
10239352 21900341
3965484 21900341
3955084 21900341
10239985 21900341
10239656 21900341
10239755 21900341
10239729 21900341
3956967 21900341
10239778 21900341
10239434 21900341
10239374 21900341
10239525 21900341
10239526 21900341
10239710 21900341
3957571 21900341
10239849 21900341
10239730 21900341
10239353 21900341
10239844 21900341
10239754 21900341
10239896 21900341
2686314 21900341
10239887 21900341
15823150 21900341
3890390 21900341
10239711 21900341
10239414 21900341
10240047 21900341
10239317 21900341
3959260 21900341
3959262 21900341
10239712 21900341
10239767 21900341
10239897 21900341
10239399 21900341
10239851 21900341
10240080 21900341
10239422 21900341
10239796 21900341
10239318 21900341
10239837 21900341
3903846 21900341
10239542 21900341
3967668 21900341
10239995 21900341
10239713 21900341
10239926 21900341
10239376 21900341
10239786 21900341
3957583 21900341
10239794 21900341
3967655 21900341
10239505 21900341
10239757 21900341
3913382 21900341
3967666 21900341
3967609 21900341
10239330 21900341
10239987 21900341
3967647 21900341
10239419 21900341
15857031 21918620
10239743 21918621
10239509 21900350
11988926 21900352
11981305 21900352
10239508 21918622
15857017 14553058
15857025 14553058
15857026 14553058
15857030 14553058
15857032 14553058
11948180 17070238
15857018 21900372
3949647 21900372
10239769 21900372
11950343 21918623
11971003 21918624
11953667 21918625
11974641 21918626
11988192 21918627
11960183 21900692
12213454 21918628
11965049 21900727
11964552 21918629
11948201 21918630
11969723 21918631
11947492 21918632
11979125 21918633
11979315 21918634
11991792 21918635
11972221 21918636
21041410 21918637
11981574 12827480
11955735 21918638
11967019 21918639
11955854 21918640
11972177 21918641
11969505 21918642
2710212 21918643
11984902 21918644
11962407 21918645
11962633 21918646
11960346 21918647
11976966 21918647
11981393 21918648
21040663 21918649
11979217 21901190
11955601 21918650
11974728 21918651
11990467 21918652
11964546 21918653
11991815 21918654
11955576 21918655
11989702 21918656
11977064 21918657
11970803 21918658
11964741 21918659
11974553 21918660
11976956 17070252
11967590 21901477
11981261 21918661
21043940 21918662
11976950 21918663
11962081 21918664
11977158 21918665
11984920 21918666
11960223 21918667
21040662 21918668
11957912 21918669
11960145 21918670
11948157 21918671
11966989 12827500
11955543 21918672
11987243 21918673
11974663 21918674
11990176 21918675
11967197 21918676
11990707 21918677
11960334 21918678
11955598 21918679
11974752 21918680
2706969 17070260
11947156 21918681
11964576 21918682
11957797 21918682
11985103 21918683
11967029 21918684
11969737 21918685
11972143 21918686
11960102 21902347
11960106 21902347
11960107 21902347
11960108 21902347
11960109 21902347
11960110 21902347
11960111 21902347
11960112 21902347
11960114 21902347
11960115 21902347
11974789 21918687
3956229 21902396
11991867 21902407
11979284 21918688
11969645 21902419
11947510 21918689
11991857 21918690
11970688 21918691
11957931 21902436
11962191 21918692
11981323 21918693
11987356 21918694
11991209 21918695
11960091 11718198
11960093 11718198
11960094 11718198
11960095 11718198
11960101 11718198
10239417 21902704
10239413 21902704
10239458 21902704
3954707 21902704
3909148 21902704
10239462 21902704
3954709 21902704
10239393 21902704
10239394 21902704
10239361 21902704
10239463 21902704
10239290 21902704
10239421 21902704
10239362 21902704
10239359 21902704
10239408 21902704
10239488 21902704
10239409 21902704
10239795 21902704
10239316 21902704
11991074 21918696
11992043 21918697
11987237 21918698
11963007 21918699
11979195 21918700
11981453 21918701
11955564 21918702
11976795 21918703
11964679 21918704
11975392 21918705
11976919 21918706
11958000 21918707
11964622 21918708
11969754 21918709
11949520 21918710
11969874 21918711
11967570 21918712
11948995 21918713
11988284 21918714
11991536 21918715
11981249 21918716
11972267 21918717
11970529 12827535
11985105 21918718
11983248 21918719
11986247 21918720
11949100 21918721
11953483 21903392
11953539 21918722
11983305 21918723
11969195 21918724
11948182 21903415
11955568 21918725
11948946 21918726
11964715 21918727
11962354 21918728
11960171 21918729
11962215 21918730
11969748 21918731
11950216 21918732
11970933 21918733
11958004 21918734
11985204 21918735
11979258 21918736
11988255 21918737
11983299 21904657
11947501 21918738
11960127 21904686
11953491 21918739
11985995 21918740
11992045 21918741
21041479 21904704
11977005 21918742
11984979 21918743
11976989 21918744
11981337 21918745
11960321 21918746
11977104 21918747
11953517 21918748
21044737 21904736
11969606 21918749
11951793 21918749
11948255 21918750
11989478 21905200
11960309 21918751
11968151 21918752
11981317 21918753
11962165 21918754
11974905 21918755
11987288 21918756
11974669 21905284
11989465 21918757
10239360 21905464
11979311 21918758
11977044 21905498
11975396 21918759
11986237 21918760
11964625 21918761
11989469 21918762
11957929 21918763
11947529 21918764
11960336 21918765
11977108 12827568
21918766 21918767
11977096 21918768
11991913 21918769
11968574 21918770
11991479 21918771
11987354 12827577
11982054 21918772
11967097 12827582
11962243 21918773
11974722 21918774
11960323 21918775
11962179 21918776
11948136 12827585
11951748 21918777
11950355 21918778
10239310 14553112
3944908 14553113
10239510 14553113
15857027 21918779
10239503 21918779
11991498 21918780
10240270 21918781
15857033 21918781
15857035 21918782
11946518 14553114
11946487 14553114
15857028 14553114
3912672 14553114
10240016 14553114
16805887 14553114
11947563 21918783
11974744 21918784
11955704 21918785
10239366 21906424
10239810 21906424
11962071 21918786
3887887 21906554
11958002 21906577
11949053 21918787
11953533 21918788
11955607 21918789
11967089 21906900
11981331 21918790
11948108 21918791
11949184 21918792
11953657 21918793
11983297 21918794
11954069 12827615
11981284 12827615
11988242 21918795
21040682 21918796
11986264 21918797
11969668 21918798
11948948 21918799
21918800 21918801
11989473 21918802
11991990 21918803
11965926 21918804
11988922 21918805
11972269 21918806
11947514 21918807
11960213 21918808
11992152 21918809
11969685 21918810
11984879 21918811
11962241 21918812
11955660 21918812
11988211 21907445
11987296 21918813
21041480 21918814
11988990 21918815
11968172 21918816
21041421 21907493
11951698 21918817
11990486 21918818
11967053 21918819
11984910 21918820
11967148 21918821
2648706 21918822
11983242 21907740
11950226 21918823
11972243 21918824
21918825 21918826
17447722 21907793
11958397 21918827
11949027 21907802
1016848 21918828
17070244 21918829
11964703 21908888
11969681 21918830
11947542 21918831
11962077 21918832
11992050 21918833
11964645 21918834
11951724 21918835
11969739 21918836
21040652 21918837
11967265 21908946
11983301 21918838
11948129 21918839
11991955 21918840
2706969 21918841
11981301 21918842
11960302 21918843
11951714 21918844
1092778 21918845
11978254 21918846
11950363 21918847
11969600 21918848
11981369 21918849
11957902 21918850
11967158 21918851
11947189 17070335
11972466 21918852
11972147 21918853
21046631 21918854
11981309 21918855
11990089 21918855
11981313 21918856
11960181 21909836
11992254 21918857
11992258 21918858
11964685 21918859
11970332 21918860
21918861 21918862
11988233 21918863
11979270 21918864
11955541 21918865
11967160 21918866
11951740 21909890
11951832 21918867
11966177 21918868
11955683 21918869
11976972 21918870
11967049 21918871
11991808 21910070
11960281 21910094
11960474 21918872
11960294 21918873
11987615 21918874
11985010 21918875
11955558 21918876
15804503 21910435
11985398 21918877
11981321 21918878
11951859 21918879
21046610 11933694
11964707 21918880
11969612 17070351
11991635 21918881
11950596 21918882
11991968 21918883
11988974 21918884
11987338 21918885
11967055 21918886
11980134 21910751
11959059 21918887
11981353 21918888
11960141 21918889
11988256 21918890
11983463 21910793
11960133 21918891
11950357 21918892
11981245 21918893
11955729 21918894
11984924 21918895
11962247 21918895
11952308 21918896
11972316 21918897
11967095 21918898
11949057 21918899
11974617 21918900
11957706 21918901
11960217 21918902
21040860 21918903
11981407 21918904
11990168 21918904
11992246 21918905
11983343 21911168
11990566 21918906
11967041 21918907
11962143 17070372
11985002 21918908
11990965 21918909
11967201 17070374
11967154 21918910
11974904 21918911
11979620 21918912
11957819 12827749
11990475 21918913
11953808 21918914
17444273 21918915
11976958 21918916
11986241 21918917
11987495 21918918
11957996 21918919
11957807 21918920
11979298 21918921
1092956 21918922
11967150 21918923
11969721 21918924
11983376 21918925
11977011 21918926
11988215 21918927
11988194 21918928
11951834 21918929
11960175 21918930
11986196 21918931
11948993 21912498
11987328 21912498
11958127 21918932
11983283 21918933
11967136 21918934
11957817 21918935
11991465 21918936
11951836 21918937
11951815 21918938
11964566 21918939
11953663 21918940
11955631 21918941
11948432 21918942
11960317 21918943
11990701 21918944
21040664 21918945
11974625 21918946
11960315 21918947
11964673 21918948
11987330 21918949
11951787 21918950
11974594 21913177
11957833 21918951
11977015 21918952
11960119 21918953
17008222 21913207
11948460 21918954
11962183 21918955
11950301 21918956
21918957 21918958
11986188 21918959
11949003 21918960
11987294 21918961
11990753 21918962
11972163 21918963
21041424 21918964
11949081 21918965
11946483 11774150
21046632 21918966
11956049 21918967
11972173 21918968
11953487 21918969
11972448 21913505
11974598 21918970
11981754 21918971
11972219 21913545
11992166 21918972
11950210 21918973
11966926 21913556
11985688 21918974
11955637 21918975
11953851 21918976
11986202 21918977
11972332 21918978
11969573 21918979
11985000 21918980
11960229 21913821
11960965 21918981
11952507 21918982
11977227 21918983
11986274 21918984
11976903 17070423
11964729 21918985
11985004 21918986
11962263 21918987
11975521 21918988
11988176 21918989
11950275 21914053
11974631 21918990
11981413 21914078
11984977 21918991
11981247 21918992
11951752 21918993
11983345 21918994
11981385 21918995
11976968 21918996
11960187 21918997
11991836 21918998
11988928 21918999
11958020 17070438
21919000 21914271
11984942 21919001
11951868 21919002
11974633 21919003
11984887 21919004
21046625 21919005
11960153 21919006
11978473 21914418
21919007 21914451
11960147 21914465
11987298 21919008
11991777 21919009
11989852 21919010
11976848 21919011
11987222 21919012
11964556 21919013
11960103 21914631
11960105 21914643
11960117 21919014
11960118 21914656
21045919 21919015
11990978 21919016
11955574 21919017
11960116 21914673
11960104 21914674
21919018 21914677
21919019 21914677
11972282 21919020
11962423 21919021
11947354 21919022
11953537 21919023
11955570 21919024
11951718 12827911
11992159 21919025
11972308 21919026
11964534 21919027
11967146 21919028
11983495 21919029
11968153 21919030
11981377 21919031
11969563 17070460
15816259 11785537
11974678 21919032
11980367 21919033
11981255 21919034
11950331 21919035
11957948 21919035
11989458 21919036
11991923 21919037
11972175 21919038
11960246 21919039
11948178 21919040
11955915 21919041
11948138 21919042
11972181 21919042
11957904 21919043
11957837 21919044
11953506 21919045
11960100 21915875
11951818 21919046
11986266 21919047
11967037 21919048
11986278 21919049
11972199 21919050
11987320 21919051
11964614 21919052
11962217 21919053
11979276 21919054
11990494 21919055
11983410 21919056
11991281 21919057
11972153 21919058
11982967 21919059
11951686 21919060
11977022 21919061
11967618 21919062
11953632 21919063
11981270 21919064
11986225 21919065
11957976 21919066
11991784 21919067
11986217 21919068
11981280 21919069
11964584 21919070
11948221 21919071
11953519 21919072
11960489 21919073
11955633 21919074
11958391 21919075
11991609 12147123
11954150 21919076
11984954 21919077
11958689 21919078
11972134 21919079
15835912 21916616
11972068 21919080
11990722 21919081
11955560 21919082
11962459 21919083
11951684 21919084
11953527 21919085
11969677 21919086
11951826 21919087
11984938 21919088
11981327 21919089
11986250 21919090
11949286 21919091
11964562 21919092
11988141 21919093
11983244 21919094
11955891 21919095
15853556 21916903
11988213 21916907
15852538 21919096
15823086 21916916
15837873 21916916
11962153 21916921
11972233 21919097
14803776 21916943
11954262 21919098
11986260 21919099
15817416 14553182
11969744 12828021
11960205 21919100
11978315 21919101
11957944 21919102
11969689 21919103
21044186 21919104
11958012 21919105
11951813 21919106
11947521 21919107
