2645841 11960092
2608996 11457385
11814477 22568923
11814958 22568924
11814762 22568925
11814692 22568926
11814535 22568927
11814650 22568928
11815069 22568929
11814577 22568930
11815200 22568931
11815252 22568932
11814884 22568933
11814578 22568934
11814539 22568935
11814693 22568936
11815015 22568937
11814652 22568938
11815302 22568939
11815351 22568940
11815121 22568941
11815472 22568942
11815421 22568943
11814765 22568944
11814907 22568945
11814540 22568946
11815178 22568947
8021443 22568948
11814885 22568949
11814579 22568950
11814654 22568951
11814695 22568952
11815201 22568953
11814541 22568954
11814768 22568955
11815253 22568956
11815079 22568957
11814968 22568958
11814580 22568959
11815018 22568960
11814655 22568961
11814542 22568962
11815174 22568963
11814696 22568964
11815303 22568965
11814890 22568966
11815352 22568967
11815074 22568968
11815473 22568969
11815422 22568970
11815530 22568971
11814581 22568972
11814543 22568973
11814771 22568974
11815006 22568975
11815202 22568976
11814657 22568977
11814906 22568978
11815254 22568979
11814903 22568980
11814582 22568981
11814698 22568982
11815116 22568983
11815029 22568984
11814773 22568985
11815304 22568986
11814658 22568987
11815186 22568988
11815353 22568989
11814699 22568990
11814583 22568991
11814956 22568992
11815474 22568993
11815583 22568994
11815423 22568995
11815027 22568996
11815531 22568997
11814879 22568998
11815080 22568999
11815203 22569000
11814597 22569001
11814660 22569002
11814776 22569003
11815256 22569004
7617704 22569005
11815171 22569006
11814701 22569007
11814661 22569008
11815010 22569009
11814892 22569010
11814586 22569011
11814960 22569012
11815305 22569013
11814598 22569014
11814778 22569015
11815354 22569016
11814702 22569017
11815204 22569018
11815123 22569019
11815475 22569020
11815424 22569021
11816635 22569022
11814662 22569023
11815064 22569024
11815584 22569025
11815258 22569026
11815532 22569027
11814963 22569028
11814895 22569029
11815179 22569030
11815026 22569031
11814663 22569032
11814780 22569033
11815306 22569034
11814704 22569035
7955461 22569036
11815356 22569037
11815120 22569038
11814883 22569039
11815205 22569040
11814705 22569041
3885197 22569042
11814664 22569043
11814782 22569044
11815425 22569045
11815476 22569046
8052053 22569047
11814966 22569048
11814666 22569049
11815188 22569050
11815260 22569051
11815585 22569052
11815533 22569053
11815680 22569054
11814674 22569055
11814675 22569056
11814706 22569057
11815307 22569058
8018341 22569059
11814929 22569060
11814784 22569061
11814833 22569062
11815122 22569063
11815206 22569064
11815357 22569065
11815987 22569066
11814973 22569067
11814707 22569068
11815262 22569069
11815170 22569070
11815426 22569071
11814786 22569072
11815477 22569073
11814837 22569074
11815111 22569075
11815586 22569076
11815682 22569077
11814933 22569078
11815534 22569079
11815308 22569080
11815071 22569081
11815008 22569082
11815636 22569083
11814709 22569084
11815359 22569085
11815208 22569086
11814710 22569087
11814789 22569088
11815184 22569089
11814838 22569090
11814934 22569091
11815264 22569092
11815427 22569093
11814711 22569094
11815478 22569095
11815066 22569096
11814728 22569097
11815104 22569098
11814792 22569099
11815024 22569100
11815587 22569101
11815535 22569102
11815209 22569103
11814839 22569104
11815683 22569105
11814729 22569106
11815309 22569107
11815637 22569108
11815361 22569109
11815130 22569110
11814936 22569111
11815266 22569112
11814795 22569113
11815022 22569114
11815114 22569115
3891237 22569116
11814798 22569117
11815428 22569118
11814840 22569119
11815479 22569120
11814940 22569121
11815311 22569122
11814799 22569123
11815239 22569124
11815169 22569125
11815536 22569126
11815588 22569127
11815363 22569128
11815059 22569129
11814801 22569130
11814841 22569131
11815684 22569132
11815011 22569133
11815267 22569134
11815638 22569135
11815118 22569136
11815754 22569137
11814802 22569138
11815429 22569139
11814942 22569140
11814816 22569141
11815212 22569142
11815481 22569143
11815014 22569144
11815187 22569145
11814817 22569146
11815313 22569147
11814842 22569148
11815078 22569149
8102202 22569150
11815537 22569151
11815269 22569152
11815589 22569153
11814943 22569154
11814843 22569155
11815365 22569156
11815685 22569157
11815807 22569158
11815639 22569159
11815980 22569160
11815755 22569161
11814844 22569162
11815192 22569163
11815061 22569164
11814992 22569165
11815240 22569166
11815432 22569167
11815315 22569168
11814845 22569169
11815483 22569170
11815107 22569171
11814946 22569172
11815367 22569173
11817599 22569174
11815271 22569175
11814846 22569176
11815981 22569177
11814947 22569178
11814993 22569179
11815539 22569180
11813162 22569181
11814847 22569182
11815591 22569183
11815214 22569184
11815060 22569185
11815180 22569186
11815115 22569187
11815434 22569188
11815686 22569189
11814949 22569190
8150278 22569191
11815640 22569192
11814899 22569192
11815808 22569193
11815881 22569194
11815317 22569195
11815756 22569196
11815485 22569197
11814900 22569198
11813192 22569199
11815272 22569200
11814950 22569201
11814995 22569202
11815056 22569203
11815369 22569204
11815541 22569205
11815177 22569206
11814952 22569207
11815592 22569208
11814997 22569209
11815238 22569210
11815125 22569211
11814953 22569212
11815318 22569213
11813068 22569214
11815642 22569215
11815687 22569216
11815436 22569217
11815976 22569218
11815810 22569219
11814999 22569220
11815295 22569221
11814954 22569222
11815758 22569223
11815068 22569224
11815487 22569225
11815882 22569226
11815399 22569227
11815241 22569228
11815129 22569229
11814971 22569230
11815131 22569231
11815000 22569232
11815058 22569233
11815543 22569234
11814972 22569235
11815593 22569236
11815437 22569237
11815338 22569238
11815001 22569239
11815292 22569240
11815047 22569241
11815173 22569242
11815489 22569243
11815002 22569244
11815644 22569245
11815688 22569246
11815081 22569247
11815237 22569248
11815397 22569249
11815811 22569250
11815926 22569251
11815048 22569252
11815759 22569253
11815883 22569254
11815544 22569255
11815003 22569256
11815117 22569257
11815345 22569258
11815594 22569259
11815004 22569260
11815245 22569261
11815439 22569262
11815049 22569263
3882457 22569264
11815242 22569265
11815398 22569266
11815645 22569267
11815094 22569268
11815491 22569269
11815005 22569270
11815690 22569271
11815050 22569272
11815152 22569273
11815025 22569274
11815812 22569275
11815760 22569276
11816651 22569277
11815095 22569278
11815927 22569279
11815293 22569280
11815343 22569281
11815884 22569282
11815051 22569283
11815985 22569284
11815546 22569285
11815441 22569286
11815236 22569287
11815596 22569288
11815052 22569289
11815154 22569290
11815493 22569291
11815391 22569292
11815096 22569293
11815979 22569294
11815221 22569295
11815647 22569296
11815053 22569297
11815340 22569298
11815693 22569299
11815155 22569300
11815097 22569301
11815294 22569302
11815547 22569303
11815054 22569304
11815813 22569305
11815762 22569306
11815444 22569307
11815991 22569308
11815598 22569309
11815929 22569310
11815390 22569311
11815098 22569312
11815222 22569313
11815156 22569314
11815885 22569315
11815275 22569316
11815077 22569317
11815992 22569318
11815495 22569319
11815099 22569320
11815648 22569321
11815344 22569322
11815157 22569323
11815695 22569324
11815223 22569325
11815446 22569326
11815276 22569327
11815549 22569328
11815100 22569329
11815763 22569330
11815815 22569331
11815395 22569332
11815339 22569333
11815158 22569334
11815600 22569335
11815931 22569336
11815498 22569337
11815101 22569338
11816043 22569339
11816641 22569340
11815886 22569341
11815224 22569342
11815993 22569343
11815277 22569344
11815159 22569345
11815392 22569346
11815650 22569347
11815102 22569348
11815225 22569349
11815468 22569350
11815550 22569351
11815346 22569352
11815700 22569353
11815103 22569354
11815161 22569355
11815278 22569356
11815602 22569357
11815765 22569358
11815500 22569359
11815816 22569360
11815226 22569361
11815341 22569362
11815162 22569363
11815127 22569364
11815393 22569365
11815461 22569366
11815983 22569367
11815984 22569368
11815279 22569369
11815933 22569370
11815982 22569371
11815888 22569372
11815651 22569373
11816042 22569374
11815227 22569375
11815994 22569376
11815702 22569377
11815163 22569378
11815528 22569379
11815501 22569380
11815401 22569381
11815342 22569382
11815164 22569383
11815280 22569384
11815604 22569385
11815767 22569386
11815466 22569387
11815228 22569388
11815817 22569389
11815325 22569390
11815569 22569391
11815281 22569392
11815165 22569393
11815229 22569394
11815934 22569395
11815889 22569396
11815400 22569397
11815526 22569398
11815653 22569399
11816046 22569400
11815463 22569401
11815995 22569402
11815166 22569403
11816137 22569404
11815606 22569405
11815705 22569406
11815230 22569407
11815283 22569408
11815326 22569409
11815387 22569410
11815167 22569411
11815523 22569412
11815770 22569413
11815568 22569414
11815654 22569415
11815820 22569416
11815231 22569417
11815419 22569418
11815284 22569419
11815191 22569420
11815327 22569421
11815707 22569422
11815624 22569423
11815893 22569424
11815937 22569425
11815396 22569426
11815232 22569427
11815567 22569428
11815465 22569429
11816047 22569430
11815520 22569431
11816189 22569432
11815285 22569433
11815999 22569434
11815771 22569435
11816139 22569436
11815328 22569437
11815233 22569438
11815823 22569439
11815656 22569440
11815394 22569441
11815622 22569442
11815286 22569443
11815710 22569444
11815524 22569445
11815894 22569446
11815329 22569447
11815940 22569448
11815234 22569449
11815470 22569450
11815566 22569451
11816051 22569452
11816000 22569453
11815287 22569454
11815388 22569455
11815235 22569456
11815657 22569457
11816190 22569458
11815773 22569459
11816310 22569460
11816140 22569461
11815619 22569462
11815826 22569463
11815460 22569464
11815330 22569465
11815712 22569466
11815518 22569467
11815564 22569468
11815288 22569469
11815244 22569470
11815389 22569471
11815897 22569472
11815331 22569473
11815943 22569474
11815774 22569475
11815627 22569476
11815658 22569477
11815289 22569478
11815522 22569479
11815464 22569480
11815828 22569481
11816054 22569482
11816002 22569483
11816640 22569484
11815563 22569485
11815378 22569486
11816372 22569487
11815714 22569488
11816192 22569489
11815290 22569490
11815332 22569491
11816141 22569492
11816265 22569493
11815898 22569494
11815467 22569495
11815659 22569496
11815945 22569497
8092790 22569498
11815291 22569499
11815471 22569500
11815379 22569501
11815333 22569502
11815577 22569503
11815775 22569504
11815716 22569505
11816003 22569506
11816057 22569507
11815831 22569508
11815297 22569509
11816195 22569510
11816317 22569511
11816143 22569512
11815334 22569513
11816423 22569514
11815462 22569515
11815380 22569516
11815517 22569517
11815579 22569518
11816267 22569519
11815678 22569520
11815899 22569521
11815776 22569522
11815570 22569523
11815335 22569524
11815947 22569525
11815381 22569526
11815834 22569527
11815448 22569528
11815719 22569529
11816004 22569530
11815669 22569531
11815519 22569532
11816059 22569533
11815336 22569534
11815529 22569535
11815618 22569536
11815900 22569537
11815382 22569538
11816197 22569539
11816144 22569540
11816318 22569541
11815777 22569542
11815337 22569543
11815449 22569544
11815949 22569545
11815721 22569546
11816378 22569547
11816268 22569548
11815525 22569549
11815383 22569550
11815836 22569551
11815630 22569552
11816005 22569553
11815452 22569554
11815347 22569555
11815665 22569556
11815571 22569557
11816061 22569558
11816639 22569559
11815778 22569560
11815384 22569561
11816145 22569562
11816199 22569563
11815901 22569564
11815521 22569565
11816430 22569566
11816320 22569567
11815725 22569568
11815951 22569569
11815838 22569570
11816269 22569571
11816379 22569572
11815453 22569573
11815576 22569574
11815675 22569575
11815385 22569576
11815629 22569577
11815509 22569578
11817300 22569579
11816006 22569580
11815455 22569581
11815902 22569582
11816062 22569583
11815747 22569584
11815386 22569585
11815726 22569586
11815620 22569587
11815572 22569588
11815952 22569589
11816146 22569590
11816201 22569591
11815679 22569592
11815841 22569593
11815402 22569594
11815510 22569595
11817600 22569596
11815456 22569597
11816322 22569598
11816432 22569599
11816504 22569600
11816270 22569601
11816007 22569602
11816380 22569603
11815780 22569604
11815573 22569605
11816064 22569606
11815457 22569607
11815511 22569608
11815729 22569609
11815625 22569610
11815904 22569611
11815666 22569612
11815842 22569613
11816147 22569614
11815954 22569615
11816203 22569616
11815458 22569617
11815575 22569618
11815512 22569619
11816324 22569620
11816271 22569621
11816434 22569622
11815628 22569623
11816505 22569624
11815730 22569625
11815748 22569626
11816381 22569627
11815905 22569628
11816008 22569629
11815459 22569630
11815667 22569631
11816066 22569632
11815513 22569633
11815574 22569634
11815955 22569635
11815845 22569636
11815623 22569637
11815469 22569638
11816148 22569639
11815783 22569640
11816204 22569641
11815676 22569642
11815514 22569643
11815742 22569644
11816009 22569645
11815565 22569646
11816326 22569647
11816560 22569648
11816272 22569649
11815908 22569650
11816436 22569651
11816068 22569652
11815847 22569653
11815632 22569654
11816382 22569655
11816506 22569656
11815515 22569657
11815958 22569658
11815558 22569659
11815739 22569660
11816149 22569661
11815670 22569662
11815749 22569663
11816205 22569664
11815516 22569665
11815909 22569666
11815580 22569667
11816010 22569668
11816273 22569669
11816328 22569670
11815559 22569671
11816561 22569672
11816652 22569673
11815850 22569674
11816438 22569675
11815527 22569676
11816071 22569677
11815677 22569678
11816383 22569679
11815961 22569680
11816507 22569681
11815750 22569682
11815741 22569683
11815631 22569684
11817302 22569685
11815560 22569686
11813163 22569687
11816150 22569688
11816011 22569689
11816637 22569690
11816206 22569691
11815866 22569692
11815852 22569693
11813069 22569694
11815671 22569695
11815743 22569696
11816072 22569697
11815626 22569698
11815561 22569699
11813225 22569700
11816274 22569701
11815751 22569702
11816329 22569703
11815963 22569704
11816440 22569705
11816563 22569706
11816384 22569707
11816653 22569708
11815668 22569709
11816151 22569710
11815562 22569711
11816508 22569712
11815867 22569713
11815617 22569714
11816208 22569715
11815738 22569716
11815854 22569717
11816012 22569718
11815752 22569719
11815964 22569720
11815578 22569721
11816275 22569722
11816073 22569723
11813261 22569724
11816331 22569725
11815581 22569726
11815664 22569727
11815740 22569728
11816442 22569729
11816385 22569730
11816565 22569731
11815856 22569732
11816654 22569733
11815868 22569734
11816509 22569735
11816013 22569736
11816152 22569737
11815582 22569738
11815753 22569739
11815672 22569740
11816209 22569741
11816074 22569742
11815966 22569743
11815737 22569744
11816638 22569745
11815621 22569746
11816276 22569747
11815869 22569748
11815785 22569749
11816333 22569750
11815796 22569751
11815634 22569752
11816153 22569753
11813193 22569754
11815633 22569755
11816444 22569756
11816386 22569757
11816014 22569758
11815733 22569759
11816210 22569760
11816566 22569761
11815967 22569762
11816510 22569763
11816655 22569764
11815635 22569765
11816077 22569766
11815797 22569767
11815787 22569768
11816277 22569769
11815870 22569770
11816335 22569771
11815736 22569772
11816015 22569773
11815673 22569774
11816154 22569775
11816387 22569776
11816446 22569777
11815788 22569778
11815969 22569779
11816714 22569780
11816568 22569781
11816211 22569782
11816511 22569783
11816079 22569784
11815798 22569785
11815735 22569786
11816656 22569787
11815871 22569788
11815674 22569789
11816278 22569790
11816155 22569791
11816336 22569792
11816016 22569793
11815789 22569794
11815972 22569795
11815681 22569796
11815745 22569797
11815799 22569798
11816212 22569799
11815872 22569800
11816388 22569801
11816448 22569802
11816081 22569803
11815744 22569804
11815790 22569805
11816570 22569806
11816715 22569807
11816512 22569808
11816797 22569809
11816279 22569810
11816017 22569811
11816657 22569812
11815800 22569813
11816337 22569814
11815915 22569815
7927932 22569816
11816156 22569817
11815734 22569818
11817604 22569819
11816083 22569820
11815791 22569821
11816389 22569822
11816213 22569823
11816450 22569824
11815801 22569825
11816513 22569826
11815746 22569827
11816572 22569828
11815916 22569829
11816717 22569830
11816019 22569831
11816798 22569832
11815792 22569833
11816658 22569834
11815873 22569835
11816157 22569836
11816280 22569837
11816339 22569838
11815802 22569839
11816085 22569840
11816188 22569841
11815793 22569842
11815874 22569843
11816021 22569844
11816390 22569845
11815917 22569846
11816452 22569847
11816281 22569848
11815803 22569849
11816645 22569850
11816159 22569851
11816574 22569852
11816514 22569853
11815794 22569854
11816340 22569855
11816087 22569856
11816718 22569857
11816659 22569858
11816799 22569859
11815875 22569860
11816214 22569861
11815918 22569862
11816024 22569863
11816391 22569864
11815804 22569865
11815795 22569866
11816453 22569867
11816161 22569868
11816282 22569869
11815876 22569870
11816515 22569871
11816576 22569872
11816092 22569873
11815805 22569874
3950528 22569875
11815919 22569876
11816720 22569877
11816215 22569878
11816341 22569879
11816660 22569880
11816025 22569881
11816800 22569882
11815877 22569883
11816392 22569884
11816642 22569885
11816636 22569886
11815806 22569887
11816123 22569888
11816283 22569889
11815920 22569890
11816454 22569891
11816094 22569892
11816027 22569893
11816342 22569894
11815865 22569895
11816517 22569896
11816216 22569897
11815878 22569898
11816577 22569899
11816721 22569900
11816661 22569901
11816124 22569902
11815921 22569903
11816393 22569904
11816801 22569905
11816098 22569906
11816028 22569907
11816455 22569908
11816643 22569909
11816264 22569910
11815879 22569911
11816217 22569912
11815922 22569913
11816518 22569914
11816343 22569915
11816579 22569916
11815880 22569917
11816101 22569918
11816125 22569919
11816723 22569920
11816662 22569921
11816885 22569922
11816030 22569923
11816284 22569924
11816802 22569925
11816394 22569926
11815923 22569927
11816456 22569928
11816221 22569929
11816345 22569930
11815914 22569931
11816032 22569932
11816126 22569933
7927864 22569934
11816519 22569935
11815924 22569936
11816580 22569937
11816395 22569938
11816285 22569939
11816664 22569940
11816226 22569941
11816726 22569942
11816887 22569943
11816457 22569944
11817031 22569945
11816107 22569946
11816034 22569947
11816804 22569948
11815925 22569949
11816346 22569950
11816127 22569951
11816520 22569952
11816644 22569953
11816581 22569954
11816286 22569955
11816035 22569956
11815977 22569957
11817301 22569958
11816396 22569959
11813070 22569960
11816230 22569961
11816665 22569962
11816109 22569963
11816729 22569964
11816128 22569965
11816889 22569966
11816349 22569967
11816458 22569968
11816805 22569969
11817032 22569970
11815978 22569971
11816036 22569972
11816111 22569973
11816521 22569974
11816290 22569975
11816237 22569976
11816397 22569977
11816582 22569978
11816129 22569979
11816037 22569980
11816459 22569981
11816350 22569982
11816668 22569983
11816732 22569984
11816114 22569985
11816891 22569986
11816293 22569987
11816807 22569988
11816522 22569989
11816130 22569990
11816977 22569991
11816242 22569992
11816038 22569993
11816585 22569994
11816400 22569995
11816115 22569996
11816316 22569997
11816669 22569998
11816460 22569999
11816039 22570000
11816734 22570001
11816247 22570002
11816131 22570003
11816294 22570004
11816894 22570005
11813164 22570006
11816808 22570007
11816978 22570008
11816116 22570009
11816401 22570010
11816525 22570011
11816040 22570012
11816587 22570013
11816132 22570014
11816354 22570015
11816461 22570016
11816250 22570017
11816295 22570018
11816117 22570019
11816041 22570020
11816671 22570021
11816737 22570022
11816527 22570023
11816403 22570024
11816133 22570025
11816896 22570026
11816356 22570027
11816252 22570028
11816810 22570029
11816589 22570030
11817040 22570031
11816118 22570032
11816979 22570033
11816297 22570034
11816464 22570035
11816673 22570036
11816134 22570037
11816119 22570038
11816739 22570039
11816404 22570040
11816187 22570041
11817605 22570042
11816529 22570043
11816358 22570044
11816298 22570045
11816813 22570046
11816899 22570047
11816465 22570048
11817095 22570049
11816591 22570050
11816980 22570051
11816122 22570052
11816120 22570053
11817148 22570054
11816254 22570055
11816360 22570056
11816407 22570057
11816530 22570058
11816675 22570059
11816121 22570060
11816300 22570061
11816135 22570062
11813288 22570063
11816742 22570064
11816593 22570065
11816467 22570066
11816256 22570067
11816815 22570068
11816902 22570069
11816408 22570070
11817042 22570071
11816303 22570072
11816362 22570073
11816136 22570074
11813226 22570075
11816982 22570076
11813194 22570077
11816677 22570078
11817149 22570079
11816257 22570080
11816531 22570081
11816744 22570082
11816470 22570083
11816185 22570084
11816594 22570085
11816819 22570086
11816363 22570087
11816304 22570088
11816904 22570089
11816409 22570090
11817045 22570091
11816258 22570092
11816984 22570093
11816532 22570094
11817102 22570095
11816186 22570096
11816679 22570097
11816305 22570098
11816472 22570099
11816748 22570100
11816598 22570101
11816365 22570102
11816259 22570103
11816410 22570104
11816821 22570105
11816906 22570106
11816680 22570107
11816535 22570108
11813262 22570109
11816306 22570110
11816475 22570111
11816366 22570112
11817047 22570113
11816260 22570114
11816986 22570115
11817197 22570116
11816750 22570117
11817104 22570118
11816412 22570119
11816600 22570120
11817289 22570121
11816308 22570122
11816261 22570123
11816825 22570124
11816536 22570125
11816908 22570126
11816368 22570127
11816479 22570128
11816414 22570129
11816682 22570130
11816988 22570131
11817049 22570132
11817198 22570133
11816603 22570134
11817105 22570135
11816309 22570136
11816262 22570137
11816753 22570138
11816369 22570139
11816482 22570140
11816539 22570141
11816828 22570142
11816263 22570143
11816416 22570144
11816683 22570145
11816311 22570146
11816911 22570147
11816370 22570148
11816606 22570149
11816755 22570150
11816990 22570151
11817052 22570152
11816540 22570153
11817152 22570154
11816418 22570155
11816485 22570156
11817107 22570157
11816312 22570158
11816829 22570159
11816371 22570160
11816914 22570161
11816685 22570162
11816609 22570163
11816313 22570164
11816992 22570165
11816487 22570166
11817054 22570167
11816757 22570168
11816419 22570169
11816542 22570170
11817153 22570171
11817108 22570172
11816373 22570173
11817245 22570174
11816686 22570175
11816314 22570176
11816832 22570177
11816420 22570178
11817590 22570179
11816612 22570180
11816917 22570181
11816490 22570182
11816543 22570183
11816374 22570184
11816759 22570185
11816315 22570186
11816994 22570187
11817056 22570188
11816837 22570189
11817155 22570190
11816421 22570191
11817110 22570192
11816492 22570193
11816688 22570194
11816614 22570195
11817290 22570196
11816375 22570197
11817200 22570198
11816923 22570199
11816545 22570200
11816761 22570201
11816997 22570202
11816422 22570203
11816376 22570204
11817057 22570205
11816689 22570206
11816494 22570207
11817111 22570208
11817156 22570209
11816617 22570210
11816546 22570211
11816840 22570212
11817201 22570213
11816926 22570214
11816763 22570215
11816377 22570216
11816424 22570217
11816496 22570218
11816999 22570219
8072261 22570220
11816691 22570221
11817060 22570222
11816548 22570223
11816425 22570224
11816844 22570225
11817113 22570226
11817158 22570227
11816930 22570228
11816497 22570229
8052133 22570230
11817247 22570231
11817203 22570232
11816549 22570233
11817000 22570234
11816692 22570235
11816621 22570236
11816426 22570237
11817061 22570238
11816498 22570239
11816847 22570240
11817114 22570241
11817159 22570242
11816768 22570243
11816427 22570244
11816933 22570245
11817248 22570246
11816623 22570247
11816551 22570248
11817204 22570249
11816694 22570250
11816499 22570251
11817002 22570252
11816848 22570253
11816428 22570254
11817064 22570255
11816552 22570256
8048891 22570257
11816938 22570258
11816429 22570259
11816500 22570260
11816625 22570261
11817116 22570262
11816695 22570263
11817162 22570264
11817251 22570265
8052141 22570266
11817206 22570267
11817334 22570268
11817065 22570269
11816553 22570270
11816851 22570271
11816501 22570272
11816626 22570273
11816772 22570274
11817117 22570275
11816941 22570276
11816697 22570277
11817163 22570278
11816502 22570279
11816554 22570280
11817207 22570281
11817252 22570282
8052016 22570283
11817006 22570284
11816627 22570285
11817313 22570286
11816503 22570287
7923525 22570288
11817067 22570289
11816698 22570290
11816944 22570291
11816555 22570292
11817118 22570293
11816628 22570294
11817166 22570295
8052143 22570296
11813077 22570297
11816556 22570298
11816858 22570299
11816775 22570300
11817209 22570301
11817254 22570302
11817069 22570303
11816700 22570304
11817370 22570305
11817314 22570306
11816947 22570307
11816557 22570308
11816629 22570309
11817119 22570310
11817167 22570311
11816558 22570312
11816862 22570313
11816701 22570314
11816630 22570315
8052131 22570316
11817011 22570317
11817211 22570318
11817255 22570319
11817071 22570320
11816948 22570321
11817338 22570322
11817315 22570323
11816559 22570324
11816631 22570325
11817291 22570326
11816703 22570327
11817121 22570328
11816781 22570329
8052139 22570330
11816866 22570331
11817168 22570332
11816632 22570333
11816704 22570334
11817072 22570335
11817591 22570336
11817212 22570337
11816951 22570338
11817256 22570339
11816633 22570340
11817339 22570341
11816783 22570342
11817122 22570343
11817316 22570344
11816869 22570345
11816705 22570346
11817169 22570347
11817017 22570348
11813165 22570349
11816634 22570350
11816785 22570351
11816953 22570352
11816706 22570353
11817073 22570354
11817214 22570355
11817257 22570356
11816796 22570357
11817340 22570358
11817317 22570359
11816786 22570360
11817125 22570361
11816976 22570362
11816707 22570363
11817402 22570364
11817170 22570365
11816955 22570366
11816872 22570367
11817074 22570368
11816787 22570369
11816708 22570370
11817215 22570371
11817258 22570372
11817129 22570373
11816956 22570374
8051951 22570375
8051930 22570376
11816788 22570377
11816709 22570378
11817318 22570379
11817341 22570380
11817171 22570381
11817288 22570382
11817077 22570383
11817403 22570384
11816710 22570385
11816789 22570386
11816874 22570387
11817019 22570388
11816958 22570389
11817218 22570390
11817259 22570391
11817130 22570392
11817078 22570393
11816711 22570394
11817319 22570395
11816790 22570396
11816960 22570397
11817342 22570398
11816875 22570399
11817172 22570400
11817023 22570401
11816712 22570402
11817373 22570403
11816791 22570404
11817131 22570405
11816877 22570406
11817220 22570407
11817081 22570408
11816963 22570409
11817260 22570410
11817025 22570411
11817173 22570412
11816713 22570413
11816792 22570414
11817320 22570415
11817343 22570416
11816878 22570417
11816964 22570418
11817221 22570419
11817082 22570420
11817132 22570421
11816793 22570422
11817429 22570423
11817261 22570424
11817374 22570425
8051957 22570426
11816879 22570427
11817177 22570428
11816965 22570429
11817321 22570430
11817134 22570431
11817344 22570432
11816794 22570433
11817297 22570434
11817085 22570435
11817026 22570436
11817225 22570437
11816880 22570438
11817375 22570439
11817178 22570440
11816967 22570441
11817430 22570442
11816795 22570443
11817263 22570444
11813079 22570445
11817086 22570446
11816881 22570447
11817135 22570448
11817027 22570449
11817298 22570450
11817226 22570451
11817322 22570452
11817589 22570453
11816968 22570454
11817345 22570455
11817265 22570456
11817179 22570457
11817028 22570458
11816882 22570459
11817136 22570460
11817088 22570461
11817376 22570462
11817431 22570463
11816969 22570464
11817295 22570465
11817323 22570466
11816883 22570467
11817227 22570468
11817346 22570469
11817180 22570470
11817089 22570471
8051955 22570472
11813195 22570473
11816970 22570474
11817267 22570475
11817137 22570476
11813227 22570477
11817377 22570478
11816884 22570479
11817432 22570480
11817029 22570481
11817296 22570482
11817228 22570483
11817292 22570484
11816971 22570485
11817324 22570486
11817090 22570487
11817183 22570488
7911853 22570489
11817347 22570490
11817268 22570491
11816972 22570492
11817030 22570493
11817091 22570494
11817378 22570495
11817184 22570496
11817325 22570497
11817229 22570498
11817433 22570499
8068620 22570500
11816973 22570501
11817033 22570502
11817348 22570503
11817269 22570504
11817092 22570505
11817230 22570506
11817138 22570507
11817379 22570508
11817185 22570509
11813310 22570510
11816974 22570511
11813289 22570512
11817434 22570513
11817034 22570514
11817326 22570515
11817093 22570516
11817270 22570517
11816975 22570518
11817349 22570519
11817035 22570520
11817186 22570521
11817139 22570522
11817231 22570523
11817094 22570524
11817327 22570525
11817380 22570526
11817406 22570527
11817140 22570528
11817036 22570529
11817272 22570530
11817350 22570531
11817187 22570532
11817096 22570533
11817232 22570534
11817037 22570535
11817381 22570536
11817328 22570537
11817273 22570538
11817188 22570539
11817141 22570540
11817407 22570541
11817097 22570542
11813263 22570543
11817242 22570544
11817351 22570545
11817038 22570546
11817461 22570547
11817142 22570548
11817098 22570549
11817329 22570550
11817189 22570551
11817039 22570552
11817274 22570553
11817382 22570554
11817233 22570555
11817408 22570556
11817352 22570557
11817143 22570558
11817099 22570559
11817190 22570560
11817275 22570561
11817330 22570562
11817437 22570563
11817383 22570564
11817243 22570565
11817489 22570566
11817144 22570567
11817100 22570568
11817409 22570569
11817353 22570570
11817191 22570571
11817331 22570572
11817234 22570573
11817276 22570574
11817101 22570575
11817438 22570576
11817145 22570577
11817192 22570578
11817384 22570579
11817490 22570580
11817354 22570581
11813179 22570582
11817146 22570583
11817277 22570584
11817410 22570585
11817517 22570586
11817244 22570587
11817336 22570588
11817193 22570589
11817385 22570590
11817439 22570591
11817235 22570592
11817150 22570593
11817355 22570594
11817464 22570595
11817278 22570596
11817306 22570597
11817411 22570598
11817194 22570599
11817151 22570600
11817492 22570601
11817544 22570602
11817440 22570603
11817386 22570604
11817279 22570605
11817356 22570606
11817236 22570607
11817587 22570608
11817195 22570609
11817465 22570610
11817304 22570611
11817412 22570612
11817237 22570613
11817493 22570614
11817196 22570615
11817387 22570616
11817280 22570617
11817545 22570618
11817357 22570619
11817303 22570620
11817441 22570621
11817413 22570622
11817466 22570623
11817239 22570624
11817199 22570625
11817281 22570626
11817358 22570627
11817400 22570628
11817337 22570629
11817494 22570630
11817442 22570631
11817240 22570632
11817518 22570633
11817282 22570634
11817414 22570635
11817467 22570636
11817312 22570637
11817401 22570638
11817359 22570639
11817241 22570640
11817495 22570641
11817283 22570642
11817443 22570643
11817519 22570644
11817415 22570645
11817246 22570646
11817360 22570647
11817311 22570648
11813078 22570649
11817468 22570650
11817546 22570651
8067004 22570652
11817284 22570653
11817444 22570654
11817496 22570655
11817310 22570656
11817416 22570657
11817361 22570658
7494990 22570659
11817520 22570660
11817285 22570661
11817469 22570662
11817547 22570663
11817586 22570664
11817309 22570665
11817362 22570666
11817445 22570667
11817497 22570668
11817417 22570669
11817287 22570670
11817405 22570671
11817521 22570672
11817588 22570673
11817470 22570674
11817308 22570675
11817548 22570676
11817363 22570677
11817446 22570678
11817436 22570679
11817564 22570680
11817388 22570681
11817498 22570682
11812868 22570683
11817307 22570684
11817471 22570685
11817364 22570686
11817522 22570687
11817418 22570688
11817459 22570689
11817372 22570690
11817335 22570691
11817549 22570692
11817499 22570693
11817565 22570694
11817365 22570695
11817472 22570696
11817523 22570697
11817389 22570698
11812869 22570699
8067115 22570700
11817419 22570701
11817366 22570702
11817550 22570703
11817500 22570704
11817566 22570705
11817473 22570706
11817420 22570707
11817390 22570708
11817524 22570709
11817458 22570710
11812870 22570711
11817371 22570712
11817501 22570713
11817391 22570714
11817551 22570715
11813196 22570716
11817491 22570717
11817421 22570718
11817462 22570719
11817567 22570720
11817525 22570721
11812871 22570722
11817392 22570723
11817422 22570724
11812890 22570725
11817515 22570726
11817474 22570727
11817552 22570728
3894057 22570729
11817568 22570730
11817526 22570731
11817404 22570732
11817423 22570733
11817502 22570734
11812872 22570735
11813066 22570736
11817475 22570737
11817447 22570738
11812891 22570739
11817553 22570740
11817527 22570741
11817424 22570742
11817569 22570743
11817596 22570744
11817476 22570745
11817516 22570746
11813228 22570747
11817460 22570748
11812873 22570749
11817554 22570750
11812892 22570751
11817435 22570752
11817528 22570753
11817570 22570754
11817448 22570755
11812929 22570756
11817477 22570757
11817503 22570758
11817595 22570759
11812874 22570760
11817555 22570761
11812893 22570762
11817529 22570763
11817478 22570764
11817449 22570765
11817571 22570766
11817504 22570767
11812930 22570768
11817556 22570769
11817450 22570770
11812875 22570771
11813337 22570772
11817593 22570773
11817530 22570774
11817479 22570775
11817505 22570776
11812894 22570777
11817572 22570778
11817594 22570779
11812913 22570780
11817480 22570781
11812949 22570782
11817531 22570783
7930194 22570784
11812876 22570785
11817506 22570786
11812895 22570787
11817573 22570788
11817481 22570789
11812914 22570790
8110438 22570791
11817507 22570792
11817532 22570793
11812933 22570794
11812877 22570795
11813180 22570796
11812950 22570797
11817574 22570798
11812896 22570799
11817592 22570800
11817533 22570801
11817508 22570802
11817601 22570803
11817557 22570804
11813264 22570805
11817602 22570806
11812915 22570807
11813290 22570808
11812878 22570809
11812934 22570810
11817575 22570811
11817509 22570812
11812897 22570813
11817534 22570814
11817558 22570815
11812951 22570816
11812970 22570817
11812916 22570818
11812879 22570819
11817576 22570820
11812935 22570821
11817535 22570822
11817510 22570823
8101805 22570824
11812898 22570825
11812952 22570826
11812971 22570827
11813311 22570828
11812880 22570829
11817536 22570830
11817577 22570831
11812917 22570832
11817559 22570833
11812936 22570834
11812899 22570835
11817537 22570836
11812953 22570837
11817578 22570838
11812881 22570839
11812918 22570840
11812972 22570841
11817560 22570842
11812937 22570843
11812989 22570844
11812900 22570845
11812882 22570846
11817579 22570847
11817561 22570848
11812954 22570849
11812973 22570850
11812919 22570851
11812901 22570852
11812938 22570853
11812990 22570854
11813008 22570855
11817580 22570856
11812883 22570857
11817562 22570858
11812920 22570859
11812955 22570860
11812902 22570861
11812974 22570862
11812939 22570863
11817581 22570864
11812884 22570865
11812991 22570866
11813009 22570867
11812956 22570868
11812921 22570869
11812903 22570870
11817582 22570871
11812975 22570872
11812885 22570873
11812940 22570874
11812992 22570875
11813010 22570876
11812922 22570877
11812904 22570878
11812957 22570879
11813062 22570880
11812886 22570881
11813025 22570882
11812941 22570883
11812976 22570884
11812905 22570885
11812923 22570886
11812993 22570887
11812958 22570888
11812887 22570889
11813011 22570890
11812977 22570891
11812942 22570892
11813026 22570893
11813059 22570894
11812924 22570895
11812911 22570896
11812994 22570897
11812959 22570898
11813012 22570899
11812943 22570900
11813027 22570901
11812978 22570902
11813044 22570903
11812912 22570904
11812925 22570905
11813081 22570906
11813159 22570907
11812960 22570908
11812995 22570909
11812944 22570910
11813013 22570911
11812979 22570912
11812931 22570913
11813028 22570914
11813045 22570915
11812996 22570916
11813005 22570916
11812961 22570917
11813092 22570918
11812945 22570919
11813014 22570920
11812932 22570921
11812980 22570922
11813029 22570923
11813046 22570924
11812962 22570925
11812946 22570926
11813082 22570927
11812997 22570928
11812981 22570929
11813015 22570930
11812947 22570931
11812963 22570932
11813030 22570933
11812998 22570934
11813047 22570935
11813083 22570936
11813016 22570937
11812982 22570938
11813061 22570939
11812964 22570940
11813031 22570941
11813048 22570942
11812999 22570943
11812983 22570944
11813084 22570945
11813099 22570946
11813017 22570947
11812965 22570948
11813000 22570949
11813032 22570950
11812984 22570951
11813049 22570952
11813018 22570953
11813093 22570954
11813106 22570955
11812985 22570956
11813001 22570956
11813033 22570957
11813050 22570958
11813019 22570959
11813085 22570960
11813002 22570961
11813100 22570962
11813034 22570963
11813211 22570964
11813020 22570965
11813051 22570966
11813006 22570967
11813094 22570968
11813035 22570969
11813107 22570970
11813052 22570971
11813021 22570972
11813119 22570973
11813007 22570974
11813095 22570975
11813108 22570976
11813036 22570977
11813022 22570978
11813053 22570979
11813111 22570980
11813123 22570981
11813037 22570982
11813096 22570983
11813024 22570984
11813109 22570985
11813054 22570986
11813120 22570987
11813129 22570988
11813086 22570989
11813038 22570990
11813229 22570991
11813101 22570992
11813055 22570993
11813121 22570994
11813039 22570995
11813130 22570996
11813097 22570997
11813056 22570998
11813102 22570999
11813065 22571000
11813122 22571001
11813087 22571002
11813131 22571003
11813060 22571004
11813103 22571005
11813112 22571006
11813098 22571007
11813124 22571008
11813160 22571009
11813104 22571010
11813088 22571011
11813113 22571012
11813064 22571013
11813125 22571014
11813105 22571015
11813138 22571016
11813114 22571017
11813126 22571018
11813110 22571019
11813133 22571020
11813115 22571021
11813127 22571022
11813116 22571023
11813134 22571024
11813141 22571025
11813128 22571026
11813135 22571027
11813142 22571028
11813212 22571029
11813132 22571030
11813150 22571031
11813136 22571032
11813265 22571033
11813143 22571034
11813146 22571035
11813153 22571036
11813137 22571037
11813144 22571038
11813071 22571039
11813291 22571040
11813147 22571041
11813365 22571042
11813154 22571043
11813157 22571044
11813145 22571045
11813338 22571046
11813148 22571047
11813063 22571048
11813151 22571049
11813161 22571050
11813155 22571051
11813149 22571052
11813152 22571053
11813156 22571054
11813312 22571055
11813072 22571056
11813073 22571057
8052030 22571058
11813075 22571059
11813074 22571060
11813076 22571061
11813166 22571062
11813191 22571063
11813167 22571064
11813266 22571065
11813292 22571066
11813383 22571067
2636519 22571068
2636519 22571069
11813168 22571070
11813197 22571071
11813339 22571072
11813313 22571073
11813366 22571074
11813248 22571075
11813169 22571076
11813170 22571077
11813171 22571078
11813198 22571079
7923710 22571080
11813172 22571081
11813173 22571082
11813199 22571083
11813174 22571084
11813175 22571085
11813176 22571086
11813278 22571087
11813293 22571088
11813200 22571089
11813230 22571090
11813314 22571091
11813201 22571092
11813340 22571093
11813384 22571094
11813417 22571095
11813279 22571096
11813367 22571097
11813231 22571098
11815989 22571099
11815413 22571100
11813202 22571101
11813307 22571102
11813203 22571103
11813232 22571104
11813260 22571105
11813204 22571106
11813329 22571107
11813205 22571108
11813341 22571109
11813442 22571110
11813233 22571111
11813385 22571112
11813206 22571113
11813207 22571114
11813368 22571115
11813418 22571116
8052145 22571117
11813308 22571118
11813209 22571119
11813208 22571120
11814216 22571121
11813234 22571122
11813210 22571123
11813235 22571124
11814824 22571125
8292615 22571126
8052034 22571127
11813330 22571128
11813236 22571129
11813342 22571130
11813237 22571131
11813776 22571132
11813267 22571133
11813482 22571134
11813238 22571135
11813443 22571136
11813369 22571137
11813386 22571138
11815414 22571139
11813239 22571140
8254187 22571141
8273762 22571142
11813419 22571143
11813770 22571144
11813268 22571145
11813240 22571146
11813241 22571147
11813343 22571148
11813269 22571149
11813294 22571150
11813242 22571151
11813773 22571152
11813243 22571153
11813249 22571154
11813370 22571155
8254185 22571156
11813270 22571157
11813510 22571158
11813772 22571159
11813387 22571160
11813271 22571161
11813444 22571162
11813483 22571163
11813295 22571164
11813420 22571165
11813356 22571166
8273754 22571167
11813296 22571168
11813775 22571169
11813272 22571170
11813774 22571171
11813273 22571172
11813297 22571173
11813274 22571174
11813379 22571175
11813354 22571176
11813275 22571177
11813388 22571178
11813331 22571179
11813298 22571180
11813280 22571181
11813445 22571182
11813511 22571183
11813276 22571184
11813315 22571185
11813421 22571186
11813544 22571187
11813771 22571188
11813484 22571189
11813281 22571190
11813382 22571191
11813277 22571192
11813299 22571193
11813357 22571194
11813300 22571195
11814213 22571196
11813389 22571197
11813316 22571198
11813355 22571199
11813301 22571200
11813317 22571201
11813302 22571202
11813422 22571203
11813446 22571204
11813381 22571205
11813574 22571206
11813512 22571207
11813613 22571208
11813485 22571209
11813545 22571210
11813303 22571211
11813332 22571212
11813304 22571213
11813318 22571214
11813408 22571215
11813377 22571216
11813305 22571217
11813306 22571218
11813333 22571219
11813319 22571220
11813309 22571221
3899430 22571222
11813436 22571223
11813447 22571224
11813378 22571225
11813320 22571226
11813334 22571227
11813321 22571228
11813486 22571229
11813513 22571230
11813646 22571231
11813723 22571232
11813575 22571233
11813546 22571234
11813358 22571235
11813614 22571236
11813434 22571237
11813335 22571238
11813409 22571239
11813322 22571240
11813323 22571241
11813448 22571242
11813336 22571243
11813324 22571244
11813407 22571245
11813487 22571246
11813380 22571247
11813325 22571248
11813514 22571249
11813327 22571250
11813437 22571251
11813326 22571252
11813344 22571253
11813547 22571254
11813576 22571255
11816646 22571256
11813647 22571257
11813359 22571258
11813688 22571259
11813615 22571260
11813449 22571261
11813345 22571262
11813390 22571263
11813435 22571264
11813346 22571265
11813360 22571266
11813481 22571267
11813347 22571268
11814820 22571269
11813391 22571270
11813450 22571271
11813515 22571272
11815403 22571273
11813348 22571274
11813361 22571275
11813438 22571276
11813349 22571277
11813548 22571278
11813577 22571279
11813350 22571280
11813351 22571281
11813648 22571282
11813392 22571283
11813488 22571284
11813616 22571285
11813689 22571286
11813362 22571287
11813478 22571288
11813423 22571289
11813516 22571290
11815990 22571291
11813363 22571292
11813393 22571293
11814214 22571294
11813549 22571295
11813364 22571296
11813477 22571297
11813578 22571298
11813508 22571299
11813371 22571300
11813440 22571301
11813729 22571302
11813617 22571303
11813649 22571304
11813394 22571305
11813690 22571306
11813372 22571307
11813517 22571308
11813373 22571309
11813395 22571310
11813424 22571311
11813375 22571312
11813374 22571313
11813507 22571314
11813479 22571315
11813396 22571316
11813550 22571317
11814217 22571318
11813579 22571319
11813518 22571320
11813397 22571321
11813451 22571322
11813441 22571323
11813618 22571324
11813650 22571325
11813730 22571326
11813778 22571327
11813505 22571328
11813398 22571329
11813691 22571330
11813425 22571331
11813399 22571332
11813551 22571333
11813400 22571334
11813519 22571335
11813452 22571336
11813401 22571337
11813580 22571338
11813506 22571339
11813426 22571340
11813402 22571341
11813410 22571342
11813819 22571343
11813619 22571344
11813453 22571345
11813427 22571346
11813651 22571347
11813731 22571348
11813540 22571349
11813779 22571350
11813568 22571351
11813692 22571352
11813504 22571353
11813428 22571354
11813454 22571355
11813581 22571356
11813429 22571357
11813455 22571358
11813489 22571359
8101738 22571360
11813430 22571361
11813539 22571362
11813431 22571363
11813610 22571364
11813652 22571365
11813856 22571366
11813432 22571367
11813456 22571368
11813820 22571369
11813582 22571370
11813433 22571371
11813490 22571372
11813732 22571373
11814221 22571374
11813520 22571375
11813693 22571376
11813457 22571377
11814218 22571378
11813780 22571379
11813439 22571380
11814219 22571381
11814222 22571382
11813569 22571383
11814220 22571384
11813491 22571385
11813458 22571386
11813611 22571387
11813459 22571388
11814212 22571389
11813521 22571390
11813653 22571391
11813605 22571392
11813902 22571393
11813492 22571394
11813543 22571395
11813460 22571396
11813461 22571397
11813857 22571398
11813694 22571399
11813821 22571400
11813522 22571401
11813733 22571402
11813493 22571403
11813781 22571404
11813462 22571405
11813641 22571406
11813583 22571407
11813463 22571408
11813567 22571409
11813494 22571410
11813480 22571411
11813523 22571412
11813495 22571413
11813654 22571414
11813524 22571415
11813552 22571416
11813640 22571417
11813496 22571418
11813573 22571419
11813903 22571420
11813724 22571421
11813497 22571422
11813734 22571423
11813822 22571424
11813858 22571425
11813525 22571426
11813655 22571427
11813782 22571428
11813553 22571429
11813584 22571430
11813498 22571431
11813526 22571432
11813499 22571433
11813609 22571434
11813554 22571435
11813695 22571436
11813500 22571437
11813527 22571438
11813501 22571439
11813735 22571440
11813585 22571441
11813656 22571442
11813904 22571443
11813528 22571444
11813823 22571445
11813612 22571446
11813783 22571447
11813509 22571448
11813859 22571449
11813555 22571450
11813586 22571451
11813529 22571452
11813556 22571453
11813720 22571454
11813657 22571455
11813530 22571456
11813736 22571457
11813642 22571458
11813557 22571459
11813587 22571460
11813531 22571461
11813532 22571462
11813784 22571463
11813824 22571464
11813719 22571465
11813558 22571466
11813905 22571467
11813620 22571468
11813981 22571469
11813860 22571470
11813684 22571471
11813588 22571472
11813533 22571473
11813759 22571474
11813541 22571475
11813559 22571476
11813542 22571477
11813589 22571478
11813687 22571479
11813785 22571480
11813639 22571481
11813560 22571482
11813718 22571483
11813825 22571484
11813590 22571485
11813906 22571486
11813861 22571487
11813621 22571488
11813944 22571489
11813561 22571490
11813762 22571491
11813562 22571492
11813658 22571493
11813721 22571494
11813591 22571495
11813786 22571496
11813563 22571497
11813622 22571498
11813592 22571499
11813760 22571500
11813564 22571501
11813659 22571502
11813826 22571503
11813623 22571504
11813570 22571505
11813722 22571506
11813907 22571507
11813862 22571508
11813593 22571509
11813985 22571510
11813571 22571511
11813787 22571512
11813945 22571513
11813660 22571514
11813594 22571515
11813572 22571516
11813827 22571517
11813624 22571518
11813763 22571519
11813725 22571520
11813595 22571521
11813661 22571522
11813625 22571523
11813863 22571524
11813596 22571525
11813908 22571526
11813812 22571527
11813766 22571528
11813986 22571529
11813946 22571530
11814032 22571531
11813728 22571532
11813597 22571533
11813626 22571534
11813662 22571535
11813828 22571536
11815410 22571537
11813606 22571538
11814819 22571539
11813627 22571540
8091895 22571541
11813696 22571542
11813663 22571543
11813607 22571544
11813761 22571545
11813864 22571546
11813608 22571547
11813909 22571548
11813628 22571549
11813829 22571550
11813664 22571551
11813629 22571552
11813987 22571553
11814071 22571554
11813737 22571555
11813947 22571556
11813697 22571557
11813413 22571558
11814033 22571559
11813815 22571560
11813898 22571561
11813665 22571562
11813630 22571563
11814831 22571564
11813910 22571565
11813698 22571566
11813849 22571567
11813631 22571568
11813814 22571569
11813738 22571570
11813666 22571571
11813948 22571572
11817293 22571573
11813988 22571574
11813632 22571575
11816647 22571576
11813699 22571577
11813667 22571578
11814072 22571579
11813894 22571580
11814034 22571581
11814117 22571582
11813851 22571583
11813739 22571584
11813643 22571585
11813911 22571586
11813700 22571587
11813818 22571588
11813668 22571589
11813644 22571590
11813645 22571591
11813855 22571592
11813740 22571593
11813669 22571594
11813949 22571595
11813788 22571596
11813852 22571597
11813989 22571598
11813701 22571599
11815988 22571600
11813912 22571601
11813741 22571602
11813670 22571603
11814073 22571604
11813702 22571605
11814210 22571606
11814035 22571607
11814118 22571608
11813671 22571609
11813950 22571610
11813830 22571611
11813897 22571612
11813813 22571613
11813990 22571614
11813742 22571615
11813703 22571616
11813672 22571617
11813913 22571618
11813685 22571619
11813789 22571620
11813704 22571621
11814036 22571622
11813854 22571623
11813743 22571624
11813850 22571625
11814074 22571626
11814152 22571627
11813686 22571628
11814263 22571629
11814119 22571630
11813951 22571631
11813914 22571632
11813705 22571633
11813831 22571634
11813991 22571635
11813744 22571636
11813790 22571637
11813706 22571638
11813891 22571639
11813745 22571640
11813952 22571641
11813791 22571642
11814037 22571643
11813707 22571644
11814075 22571645
11813936 22571646
11813832 22571647
11813992 22571648
11813895 22571649
11813708 22571650
11813746 22571651
11814324 22571652
11814153 22571653
11814120 22571654
11814225 22571655
11813792 22571656
11813833 22571657
11814038 22571658
11813709 22571659
11813747 22571660
11813940 22571661
11813980 22571662
11813726 22571663
11813793 22571664
11814076 22571665
11813896 22571666
11813727 22571667
11813993 22571668
11813748 22571669
11815415 22571670
11813834 22571671
11814121 22571672
11814830 22571673
11813979 22571674
11814154 22571675
11813749 22571676
11814325 22571677
11813892 22571678
11813794 22571679
11813941 22571680
11814367 22571681
11814226 22571682
11814039 22571683
11814823 22571684
11813835 22571685
11813994 22571686
11813750 22571687
11813795 22571688
11814077 22571689
11813414 22571690
11813751 22571691
11813937 22571692
11813893 22571693
11813978 22571694
11813764 22571695
11814122 22571696
11813836 22571697
11814040 22571698
11813796 22571699
11813765 22571700
11814155 22571701
11814026 22571702
11814078 22571703
11814428 22571704
11813797 22571705
11813865 22571706
11814267 22571707
11813416 22571708
11814227 22571709
11813837 22571710
11814368 22571711
11813977 22571712
11813939 22571713
11814123 22571714
11813798 22571715
11814069 22571716
11813983 22571717
11813838 22571718
11814156 22571719
11813866 22571720
11813799 22571721
11813938 22571722
11814079 22571723
11814228 22571724
11813974 22571725
11814215 22571726
11813839 22571727
11813800 22571728
11814827 22571729
11814821 22571730
11814268 22571731
11814429 22571732
11813867 22571733
11814472 22571734
11813801 22571735
11814330 22571736
11814041 22571737
11813900 22571738
11814828 22571739
11814124 22571740
11814027 22571741
11813816 22571742
11814822 22571743
3891693 22571744
11813840 22571745
11813817 22571746
11813412 22571747
11814113 22571748
11814157 22571749
11813868 22571750
11813841 22571751
11813935 22571752
11814229 22571753
11814025 22571754
11813842 22571755
11813869 22571756
11814269 22571757
11814065 22571758
11814125 22571759
11813976 22571760
11813843 22571761
11814372 22571762
11814826 22571763
11814331 22571764
11814158 22571765
11814473 22571766
11814114 22571767
11813901 22571768
11813844 22571769
11813870 22571770
11814042 22571771
11813943 22571772
11813845 22571773
11814028 22571774
11814230 22571775
11813871 22571776
11813942 22571777
11814270 22571778
11813853 22571779
8052112 22571780
11814115 22571781
11814332 22571782
11813872 22571783
11814159 22571784
11814538 22571785
11813995 22571786
11814373 22571787
11813975 22571788
11814434 22571789
11813915 22571790
11813873 22571791
11814070 22571792
8052127 22571793
11813916 22571794
11814231 22571795
11813874 22571796
11813953 22571797
11814110 22571798
11814271 22571799
11813875 22571800
11814160 22571801
11813996 22571802
11814064 22571803
11813917 22571804
11813876 22571805
11814333 22571806
11814374 22571807
11813877 22571808
11813918 22571809
11813954 22571810
11814232 22571811
11813997 22571812
11814111 22571813
11814145 22571814
11814481 22571815
11814596 22571816
11814435 22571817
11813080 22571818
11813899 22571819
11814272 22571820
11813955 22571821
11813919 22571822
11814066 22571823
11814161 22571824
8273760 22571825
11813920 22571826
11814334 22571827
11813998 22571828
8049151 22571829
11813956 22571830
11814375 22571831
11814107 22571832
11813921 22571833
11814068 22571834
11817597 22571835
11816648 22571836
11814233 22571837
11813922 22571838
11813957 22571839
11814436 22571840
11813999 22571841
11814673 22571842
11814162 22571843
11814482 22571844
11814273 22571845
11814544 22571846
11813923 22571847
11813958 22571848
11813924 22571849
11814106 22571850
11814000 22571851
11814146 22571852
11814067 22571853
11814335 22571854
11814234 22571855
11813959 22571856
11814376 22571857
11814001 22571858
11814274 22571859
11814163 22571860
11814043 22571861
11817294 22571862
11813960 22571863
11814437 22571864
8052012 22571865
11814484 22571866
11814105 22571867
11813961 22571868
11814002 22571869
11814601 22571870
11814336 22571871
11814545 22571872
11814727 22571873
11814044 22571874
11815416 22571875
11814235 22571876
11813962 22571877
11814003 22571878
11814377 22571879
11814108 22571880
11814164 22571881
11813963 22571882
11817286 22571883
11814045 22571884
11814275 22571885
11814004 22571886
11814438 22571887
11814147 22571888
11813964 22571889
11814486 22571890
11813982 22571891
11814109 22571892
11814005 22571893
2638928 22571894
11814236 22571895
11814046 22571896
11814546 22571897
7932758 22571898
11814602 22571899
11814815 22571900
8046934 22571901
11814207 22571902
11814678 22571903
11814006 22571904
11814378 22571905
11814104 22571906
11814276 22571907
11814047 22571908
11814007 22571909
3921266 22571910
11814440 22571911
8049423 22571912
11814048 22571913
11814008 22571914
11814112 22571915
11814337 22571916
11814259 22571917
11814488 22571918
11814009 22571919
11814049 22571920
11814379 22571921
11814080 22571922
8052104 22571923
11814548 22571924
11814321 22571925
11814010 22571926
11814605 22571927
11814150 22571928
11814260 22571929
11814731 22571930
11814029 22571931
11814050 22571932
11814679 22571933
11814441 22571934
11814081 22571935
11814051 22571936
8052116 22571937
11815404 22571938
11814489 22571939
11814365 22571940
11814151 22571941
11814328 22571942
11814082 22571943
11814262 22571944
11814052 22571945
11814380 22571946
11814550 22571947
11814126 22571948
11814053 22571949
11814609 22571950
11814083 22571951
11814208 22571952
7927849 22571953
11814323 22571954
11814680 22571955
11814237 22571956
11814732 22571957
11814444 22571958
11814054 22571959
11814084 22571960
11814127 22571961
11814835 22571962
11814381 22571963
11814055 22571964
11814491 22571965
11814206 22571966
11814128 22571967
11814085 22571968
11814322 22571969
11814030 22571970
11814329 22571971
11814266 22571972
11814552 22571973
11814446 22571974
11814031 22571975
11814086 22571976
11814612 22571977
11814209 22571978
11814129 22571979
11814382 22571980
11814493 22571981
11814681 22571982
11814238 22571983
11814087 22571984
11814277 22571985
11814364 22571986
11814130 22571987
11814734 22571988
11814205 22571989
11814088 22571990
11814554 22571991
11814898 22571992
11814462 22571993
11814383 22571994
11814614 22571995
11814131 22571996
11814278 22571997
11814165 22571998
11814261 22571999
11814089 22572000
11814495 22572001
11814361 22572002
11814683 22572003
11814132 22572004
11814090 22572005
11814166 22572006
11814730 22572007
11814239 22572008
11814465 22572009
11814116 22572010
11814555 22572011
11814832 22572012
11814279 22572013
11814384 22572014
11814133 22572015
11814363 22572016
11814497 22572017
11814616 22572018
11814167 22572019
11814134 22572020
11814240 22572021
11814280 22572022
11814684 22572023
11814426 22572024
11814168 22572025
11815411 22572026
11814464 22572027
11814556 22572028
11814241 22572029
11814736 22572030
11814135 22572031
11814362 22572032
11814908 22572033
2645130 22572034
2645130 22572035
11814618 22572036
11814136 22572037
11814836 22572038
11814281 22572039
11814499 22572040
11814169 22572041
8101905 22572042
11814242 22572043
11814470 22572044
11814425 22572045
11814685 22572046
11814137 22572047
11814170 22572048
11815412 22572049
11814282 22572050
11814738 22572051
11814557 22572052
11814138 22572053
11814243 22572054
11814501 22572055
11814909 22572056
11814902 22572057
11814171 22572058
11814385 22572059
11814977 22572060
11814620 22572061
11814366 22572062
11814148 22572063
11814466 22572064
11814283 22572065
11814149 22572066
11814172 22572067
11814244 22572068
11814558 22572069
11814714 22572070
11814338 22572071
11814537 22572072
11814284 22572073
11814805 22572074
11814245 22572075
11814386 22572076
11814173 22572077
11814433 22572078
11814671 22572079
11814174 22572080
11814910 22572081
11815076 22572082
11814894 22572083
11814974 22572084
11814246 22572085
11814339 22572086
11814387 22572087
11814285 22572088
11814721 22572089
11814480 22572090
11814590 22572091
11814175 22572092
11814810 22572093
11814247 22572094
11814471 22572095
11814176 22572096
11814286 22572097
11814670 22572098
11814340 22572099
11815408 22572100
11814887 22572101
11815409 22572102
11814911 22572103
11814388 22572104
11814211 22572105
11815418 22572106
11814588 22572107
11814248 22572108
11815067 22572109
11815016 22572110
11815126 22572111
11814536 22572112
11814469 22572113
11814287 22572114
11814713 22572115
11814249 22572116
11814341 22572117
11814668 22572118
11814389 22572119
11814813 22572120
11814288 22572121
11815417 22572122
11814508 22572123
11814250 22572124
11814342 22572125
11814589 22572126
11814468 22572127
11814893 22572128
11814722 22572129
11814959 22572130
11814251 22572131
11814289 22572132
11815190 22572133
11815406 22572134
11815407 22572135
11815063 22572136
11814390 22572137
11815405 22572138
11815012 22572139
11815113 22572140
11814600 22572141
11814806 22572142
11814343 22572143
11814461 22572144
11814290 22572145
11814252 22572146
11814593 22572147
11814510 22572148
11814825 22112082
11814391 22572149
11814264 22572150
11814880 22572151
11814344 22572152
11814905 22572153
11814291 22572154
11814724 22572155
11814669 22572156
11814265 22572157
11814512 22572158
11815013 22572159
11815075 22572160
11815181 22572161
11814479 22572162
11815119 22572163
11815243 22572164
11814292 22572165
11814392 22572166
11814804 22572167
11814591 22572168
11814345 22572169
11814293 22572170
11814723 22572171
11814460 22572172
11814346 22572173
11814393 22572174
11814896 22572175
11814672 22572176
11814514 22572177
11814595 22572178
11814964 22572179
11814294 22572180
11814811 22572181
11815007 22572182
11815070 22572183
11814347 22572184
11814394 22572185
11814295 22572186
11815172 22572187
11814463 22572188
11814516 22572189
3969542 22572190
3969542 22572191
11815110 22572192
11815193 22572193
11814667 22572194
11814348 22572195
11814889 22572196
11814326 22572197
11814715 22572198
11814592 22572199
11814395 22572200
11814957 22572201
11814478 22572202
11814327 22572203
11814814 22572204
11814349 22572205
11815020 22572206
11814518 22572207
11815055 22572208
11814725 22572209
11814396 22572210
11814599 22572211
11814350 22572212
11814676 22572213
11815175 22572214
11815108 22572215
11815296 22572216
11815194 22572217
11814467 22572218
11813181 22572219
11814881 22572220
11814519 22572221
11814397 22572222
11814812 22572223
11814962 22572224
11814351 22572225
11814449 22572226
11814630 22572227
11814352 22572228
11814594 22572229
11814717 22572230
11815023 22572231
11816650 22572232
11814398 22572233
11815072 22572234
11814834 22572235
11814521 22572236
11815185 22572237
11814369 22572238
11815124 22572239
11814399 22572240
11814450 22572241
11814969 22572242
11814564 22572243
11814818 22572244
11815246 22572245
11815195 22572246
11814633 22572247
11814716 22572248
11814370 22572249
11814522 22572250
11814451 22572251
11814975 22572252
11814400 22572253
11815028 22572254
11814371 22572255
11814888 22572256
11814807 22572257
11814635 22572258
11814401 22572259
11814566 22572260
11815106 22572261
11815182 22572262
11814524 22572263
11814453 22572264
11814961 22572265
11814712 22572266
11815248 22572267
11815196 22572268
11815298 22572269
11814402 22572270
11814567 22572271
11814454 22572272
11814525 22572273
11814891 22572274
11815021 22572275
11814636 22572276
11814403 22572277
11815057 22572278
11814808 22572279
11814726 22572280
11814970 22572281
11814455 22572282
11815109 22572283
11814527 22572284
11814430 22572285
11814569 22572286
11815168 22572287
11814638 22572288
11814456 22572289
11815009 22572290
11814803 22572291
11814431 22572292
11815249 22572293
11815197 22572294
11815986 22572295
11814886 22572296
11814528 22572297
11815348 22572298
11815073 22572299
11814719 22572300
11814570 22572301
11815299 22572302
11813067 22572303
11817598 22572304
11814432 22572305
11814457 22572306
11814965 22572307
11815112 22572308
11814640 22572309
11815176 22572310
11814530 22572311
11814458 22572312
11814718 22572313
11814897 22572314
11814809 22572315
11814572 22572316
11815017 22572317
11815198 22572318
11815250 22572319
11814642 22572320
11814531 22572321
11814955 22572322
11815065 22572323
11815349 22572324
11815300 22572325
11814459 22572326
11814573 22572327
11814757 22572328
11814474 22572329
11817299 22572330
11814720 22572331
11814532 22572332
11815105 22572333
11814882 22572334
11814976 22572335
11814644 22572336
11815183 22572337
11814575 22572338
11815062 22572339
11814533 22572340
11814475 22572341
11814967 22572342
11814690 22572343
11815199 22572344
11815251 22572345
11814760 22572346
11814646 22572347
11814476 22572348
11814901 22572349
11814576 22572350
11815350 22572351
11815128 22572352
11815301 22572353
11814534 22572354
11815420 22572355
11815189 22572356
11815019 22572357
