200338 10532617
704466 10532641
2503948 10532699
282786 10590242
216466 10532707
283936 12183613
129979 15394873
1751455 12420621
1750987 14312280
133298 10848628
138105 10018635
1751027 17412367
513228 10532710
153405 10848634
557285 12183622
2193101 14353608
604599 10848637
206052 10590257
741277 10590260
6504830 13615966
23162359 10848649
16409149 12520537
11874353 20841718
137193 9964099
748541 19235959
212583 16020978
133586 12816892
513770 10848657
141366 13818140
3823681 17412484
173819 17412490
16366694 19561387
143053 10532735
1333762 14353805
1290330 20842006
16365727 10532750
378349 10532759
351381 10884517
1775266 16415342
359167 10532779
149903 19236010
504170 10532792
340632 10532797
2506516 10532806
132902 10532817
1761364 19086745
133985 10532828
2391234 10532862
681600 9964320
134400 16021528
430176 10532875
532230 10532876
1128055 16415587
11853001 14354041
535534 14354114
127077 9571438
230861 9571440
144731 10532938
3069234 16022036
23162360 10590289
23162361 9571452
148227 19126623
3755935 14354175
16368931 16022158
267254 10532962
129091 16415712
133907 10532964
246593 10532975
102025 10532979
154193 9964400
124885 10532997
128931 10533020
130479 10533023
382213 10533048
306841 9571557
275616 9571558
174330 10533057
340600 10590297
394638 9571569
1530865 20843163
1807145 10533089
523123 10533095
184603 13616428
612446 16022979
16408712 14354918
1616744 16023051
158861 10533124
1142077 20002870
6437600 16203608
6339859 16023144
533371 10848670
1550619 10533167
310780 9964527
478719 9964546
376389 9964548
3599815 14312497
3503676 9964554
23162362 16416106
523949 10533230
1429048 16024180
607300 23162363
1849974 14355426
1868066 20002956
127265 16024569
153659 10533328
140484 10533329
132896 13610521
155611 10533333
1546537 14355500
529267 10533348
175136 16024874
2529931 14312806
720220 10533376
219577 10848676
168982 20002988
371103 10533404
200540 10533405
144541 10533409
1909778 14313173
6533056 16416369
300486 10533420
127620 10533431
490519 10021870
435340 12183761
157543 10533456
1327363 10884729
128921 10533477
145930 10533480
129367 10533486
167531 10533495
238804 10533499
23162364 13656694
146446 16025801
385193 10533529
274368 10533533
128845 13656720
128433 23162365
1816198 20990429
136234 10533559
4534058 9964715
674646 9964723
271472 14313968
1578034 10533639
1989772 13617051
130706 10533656
230871 10533659
1915916 10533675
22368088 10533679
597587 10533681
396495 10533685
557943 10533688
417088 10533690
776219 10533710
2523702 10533713
276480 10533723
621661 9964897
16367909 19236483
760526 13617127
355433 18146965
168256 10533761
130918 22585335
1722343 14356207
143261 9572058
119031 9572062
436713 16027732
3231339 16028015
383711 19087013
179349 16203938
169937 10533895
4863974 16028391
161938 10024042
16409702 12213948
1781012 10533991
546688 10533992
167335 9965240
260902 10534023
386268 9965267
179724 9965269
744402 10534031
174556 10534046
23162366 14356610
258526 9965325
3325045 10534083
136575 9965382
2516357 10534114
2462783 10534135
154782 10534151
230487 9965497
16335983 12515912
10312138 9965514
10300665 9965518
195043 9965528
147893 9965532
129705 10534220
19221825 10534221
212817 10534242
431365 10534244
228961 10024051
239821 10534257
596697 10534278
183333 10534306
989655 10534313
137501 10534322
310794 10534325
381283 10534342
610284 10534343
10494115 19301210
385691 10534366
559390 10024053
142355 10534376
238740 10534384
230491 10534386
219771 10534387
130097 9965722
167653 9965724
1819149 9965736
168394 9965756
156437 10534423
556948 10534429
523523 10590399
2039555 19301243
625176 9965766
196288 9965812
3468526 10534604
16367020 10534633
1959526 10534688
168492 10534693
16368119 10534712
131216 10848714
231013 10534719
704592 10534720
645902 10534722
347785 10534724
460791 10534725
121158 9965847
382425 10534732
261939 10534733
110079 9965889
4854971 10534752
562218 10534794
270668 10026035
338502 10534833
164232 10534834
2357309 10534841
230493 9965937
178303 12420831
382108 10534863
141226 10534871
5113898 10590452
270650 10534883
431339 10590454
311968 10534910
370744 10534911
385253 10534914
523299 10534916
16409278 10534918
371415 10534919
378086 10026041
717117 10534933
132466 10534939
557909 10534946
1551959 10534961
488243 10534966
377665 10534969
16366149 10534978
782433 10534996
1747738 10534997
156689 10535000
14401654 10535003
16408714 10535065
229211 10535071
429810 10535083
2236427 10535085
3313673 10535107
317750 10535108
10311966 10535152
1427285 10535213
1455898 10535218
146534 10850232
533205 10535234
584669 9966112
208608 12420838
181413 14316457
274360 10026049
566139 9966160
206892 9966174
203883 10535298
1629724 10535300
190980 10535304
3687727 10535307
134868 10535320
815111 10535346
3376062 9966268
309090 9966308
309801 10535385
680864 10535387
1347970 10535392
340414 10535393
243080 10535394
704536 10535395
377657 10535398
376539 10535424
274372 10535437
349619 10535439
485610 10535440
407402 10535450
135794 10590509
377809 10026056
2152409 10026057
710812 10535475
386254 10535502
133372 10026347
600122 10535531
606358 9574595
595656 10535535
3081462 9574612
155226 10590516
126663 9966367
1818947 10028171
183638 10535573
3059317 10535584
597451 10535599
152380 10535600
1808697 10535615
532879 10535621
1557951 10535633
606408 10535646
2495926 10535653
638541 10535668
131602 10535681
16365349 10535697
141128 10535709
119593 10535711
350879 10535717
203569 9966418
152752 10535756
154263 10535820
2522510 9966470
408778 10535882
3472149 10535928
195025 10535977
139509 10535995
717175 10536009
125936 10536057
2507066 10536105
23162367 10536118
4233205 10536180
1542627 10590592
1664657 9966539
658864 10536195
519071 10536215
3053179 10536258
513574 10536296
308632 10536305
139065 10536334
1819471 10536359
442779 10536363
10312174 10536403
313041 10536492
307368 10536505
169500 9575587
643783 10536517
139925 10536557
553938 9966770
540804 9966840
609426 10028207
1780915 10536604
219267 10536613
355125 9575737
532519 10536735
253126 9966946
654389 10536750
1343001 10536761
577604 10850260
420361 9967057
219787 10536884
126579 10536889
161319 10536914
308892 10030390
270662 10536938
1803392 10536950
126953 12183908
372895 10536971
349617 10536980
130253 10458095
1795796 10537045
659833 10537052
23162368 10537110
2347167 10537202
19222392 10537221
1408599 10537232
130746 10537241
135894 10537247
138513 10537249
134464 10537261
16409703 9576583
255111 10537306
140428 10537320
130824 10537338
221361 10537418
121847 10537423
131876 10537440
271513 10537477
586835 10537499
1597954 10537529
195601 10537542
10303869 10537548
227025 10537549
138641 10537560
306678 10537581
658940 10537591
4812561 10537611
656612 10537672
152111 10537741
2510673 23162369
274944 10537744
1783685 10537776
175930 10537792
189022 9967685
230441 10537834
658262 10537856
127402 9967707
6536045 10537885
378853 10537888
435997 10537910
196152 9967741
547783 10537928
1380863 10537965
267236 9967805
278560 10537980
270678 10538009
151899 10538022
2252688 9577285
1719175 10538056
310632 13617505
254524 10032921
120210 10538211
147085 10538217
181393 10538221
3731398 9577507
370328 10538251
3443241 10538253
310754 10538261
137829 9967989
376403 10538279
353509 10538319
3756322 10538325
138185 9968056
4487246 9968070
470444 10538344
547026 9577646
217050 9577723
277816 9968125
386898 10538479
152842 10538511
149013 9968203
128322 10538577
986011 10538585
1851027 10538590
183614 10538600
496669 10538611
149437 10538622
240951 10850399
704594 10538630
347389 9968324
126957 10538704
370742 10538708
216618 10538734
128312 10850423
4805212 10538795
247727 10538803
165242 10538804
2240142 10538811
643839 10538812
270848 10538832
516953 10850429
306682 9968460
1808678 10538880
358973 10538882
130495 10538894
23162370 10538909
129893 10458130
352659 10538923
94136 10538927
270700 10538930
198900 9968506
198908 9968508
376315 9968552
16408750 9968558
417954 10538990
16367074 10539037
385551 10539040
431467 10539046
523543 12421355
642898 10539083
3534298 10850441
479308 10539116
124349 10539124
479459 10539141
10303831 10539180
87042 10539183
11889855 10539208
127504 10032947
1486901 10539302
179854 10850457
164862 10539310
1884601 10032951
168922 10032952
159826 10539575
1328187 10539581
557819 10539596
412845 10539606
4314777 10539626
340608 10539657
155014 10539667
548169 10539683
16367135 10539751
270658 10539759
383695 9969235
475326 9969245
10494121 10850503
1981429 10539796
16368050 10539809
1550790 10539881
377008 10539955
4247684 10539978
7566314 10539984
393465 10539993
1353031 10539994
336473 10540004
279396 10540010
139607 10540011
349627 9969563
1934159 9579775
272373 10540062
260912 12183951
142027 10032977
166645 10540189
126955 12421384
4344414 10540202
137003 10540212
147907 10540316
260876 10540490
16368565 14323834
270568 10850545
263631 10540509
16409175 10540512
774436 10540548
171219 10540549
16368021 10540571
16365623 10540653
645248 9970247
150923 10458141
257842 9970300
383201 10540711
3472197 10540713
346633 13660643
180341 12421601
166357 10540724
12720043 10540748
16409277 10540765
2476580 10540781
431191 10850605
383187 9970532
140007 10540840
131300 10540863
173436 10850610
164524 10850613
132828 10540967
152680 10540972
205872 10540976
142379 10541034
187648 10541036
408760 10541037
547314 10541039
386142 10541040
274828 10541041
603197 10541043
128983 10541044
659563 10541072
1766305 10541111
2548250 9970828
3695189 10541191
822057 10541210
546666 10541264
130411 10541268
151921 10541290
311460 9970920
160908 10541321
1915710 10458148
3543368 10541330
16366961 10541331
300476 10541389
3325042 10541404
137111 10541407
609336 10541440
131868 10541443
145750 10541450
121479 10541465
1331751 10033025
10312176 10033027
16365458 13818490
1355129 10541477
23162371 10541487
10171935 9971254
294367 14838542
10207053 12421674
219777 14406627
267290 15404550
566686 9971302
158421 10541501
559814 12818395
98988 10541516
388698 14328410
351079 10541524
2538332 9971559
10311763 10541560
3297730 10541616
159768 10541627
164522 9971597
149601 9971603
94008 9971619
4373039 9971667
1574232 13661259
2299310 10541649
476727 10541660
7593311 10541693
131128 10541707
271408 10541728
665292 10541733
3436805 10541740
151553 10541742
1542929 10541743
3752890 10541756
139911 10541773
690841 10541789
147305 10541799
153527 10541800
166565 10541808
16366181 10541840
158327 10541848
270690 10541859
136983 10541864
270696 10541874
1717344 10541993
3752029 9972309
261138 10850872
682526 12421726
514752 12421729
161664 14691120
700514 12421767
16368970 9972645
583797 12422119
1295307 9972671
329955 9972675
147325 10851004
136649 10851023
138709 9972759
129239 9972799
1595237 10851031
383924 13661629
210154 10851055
159030 10851083
1122006 10851142
376021 12225223
1715699 10851170
230431 14331386
217074 9972958
400958 10851276
534353 10851313
2519766 10851322
130405 9973044
10216213 12422192
1729907 10851335
163128 14331978
698377 12422220
23162372 10542100
128703 14523541
131292 10851486
16368641 10851500
482780 10542114
109511 10851523
148223 10851528
160806 10851539
3473636 10851573
563338 10035836
418798 10851652
277057 10035883
399697 14523607
133354 10542150
147091 10851716
230437 10542155
150351 10851726
4454887 10851733
537797 14406682
611767 12422322
230449 13617577
100877 9975186
111577 14334014
10219188 10851783
1780859 10851784
377150 10542182
523339 10851786
592458 14367909
1923461 10542186
807676 14691753
147285 12422430
278876 12422470
4314402 10851890
121347 10851907
234235 9976122
10303851 9976148
1792456 14368530
552201 12422523
1498789 10851924
283814 10458190
1781064 15408031
166589 12521043
459741 9976302
121010 12422541
417500 9581699
10303777 9976428
4907165 9976517
279716 10851940
379089 9976579
2527598 12422577
407816 12422590
231469 14336526
1609326 12422594
133342 14368807
3407382 10851947
1510961 12422622
540081 14368816
286927 14523833
147237 9976884
278784 9976916
16408751 10542276
377601 13617619
131590 12422649
146967 14336907
10303349 13662824
10303359 15408487
10312340 12422674
1761360 10851992
130475 12422715
4503464 14369098
674808 12422743
536954 12422763
409237 9977799
3054027 12422823
408218 13663070
1326714 13663075
16368674 13663078
1525351 12422870
3715045 12184089
179436 12184102
139001 13663144
137293 12422895
16365106 12422896
132720 15409247
10312328 12818996
441007 12184127
10312315 12422965
3319074 10542374
126472 9979403
490877 10037724
19222481 10542383
176518 12423020
16365869 13617677
523301 12423061
162467 15409744
12630656 13617682
171119 10037726
133841 10037727
167994 12423085
271386 13818553
158157 12423097
100875 12423099
275704 12819052
381984 12423102
617926 9979894
6553961 9582115
698933 12423107
704526 9979957
7572773 12423109
23162373 14524043
1825021 12423131
251945 12423140
303157 13818555
539878 12423146
357895 12423152
372725 9980105
135758 12423162
289048 12423171
10303770 15410008
274370 10037734
16368654 12423183
391104 12423190
2347162 10542422
385277 14339996
213883 12423199
110619 9980324
4953405 14406755
146072 14370308
16365429 9980516
577448 15410224
230879 10542441
272375 10542444
137707 12423273
144883 10542451
4486560 12423310
128643 12521120
16221113 12423320
2118728 9981007
157685 12423332
131304 12521132
454984 12423388
144903 10542480
157873 10542482
308404 12423438
588399 12423439
125976 10542484
1915524 10542487
147035 12423461
158275 15410764
158737 15410770
1781296 9582358
648381 10542494
3462260 12423487
3334171 12819180
132174 12819182
136184 10542504
158789 9981119
213873 10542505
4248127 12423538
165517 12819243
549541 10542511
351603 10542517
16367566 12423605
543950 14371302
162617 12423643
145568 10542532
1883079 12423651
528488 12423653
169188 12423658
474176 14524182
539782 12423676
737205 14371425
23162374 12423686
148857 12423690
230497 12423691
1406421 9981376
663015 12423741
613319 14371524
145121 10542551
357320 10542561
178361 10542563
145776 14371691
254284 9582669
194547 20862422
3648536 10542580
265071 12423932
10305473 12423965
502245 14342751
182933 12424002
4233252 12424003
100473 12424009
768666 15412295
3612922 12819385
124111 12819392
170735 10542631
170653 12424102
561743 12819509
699658 10542646
441152 9582998
270882 10542650
188468 10542652
386564 10542656
648076 12819655
134988 10542663
96166 10542669
143403 10542670
383477 10542672
157971 10542676
1373201 10037823
1333755 9982619
150073 12184151
278836 10542681
1770903 12424291
140960 12424306
137893 12424309
191258 12424319
164774 9583117
139009 10037830
106951 10542718
3571672 12424461
170205 10542726
230667 10542727
182803 10542728
1491074 10542734
3431820 12424524
500159 13664410
1347665 12424536
84440 9583329
1775413 12424540
479278 9583339
169997 9583342
23162375 14373478
348373 13664425
504376 9583365
369168 15413754
576854 12819947
393399 14343686
3374259 12424595
226665 14979172
232691 12424605
270686 12424606
1987533 12424610
535682 9583408
181853 16206083
199664 10542772
279401 10852004
145952 10542776
4383062 10542786
404849 9583546
352439 13818626
139277 11812179
1967672 12424763
1819348 12424765
323565 14524294
372911 12424813
625119 16417183
221605 13818672
131776 14373974
2266171 10542815
133620 16061838
576036 12424866
144851 12424872
231691 12424884
10125280 12424895
536562 16176781
162633 12424911
16365630 12424946
365194 12424956
350075 9583842
718520 12424971
2529508 12424972
128475 13664639
412383 14374031
407928 10037889
496112 12425034
1791730 12425048
2538652 13818808
133072 10542887
16408739 10037898
213297 12425068
3272051 9583947
1452523 12425076
1689459 13664696
267226 12425131
16367402 12521173
216866 9983318
16409186 12425189
3363562 12521208
2462600 12521248
351489 10542933
495609 10542937
313045 10542941
149375 12425355
1449731 14344012
142157 10542957
131826 12425419
268462 14344046
214187 14705759
326675 14705762
621712 12425449
3054057 12425450
100553 12425456
191270 12425458
3528522 16066309
300492 10542983
704544 14344081
10280958 14344095
1426175 12517263
180451 10542996
16408905 14344165
648357 12425638
308292 12425639
149979 12425641
430188 16417356
560442 14344255
597034 10543066
3361672 13664757
4878959 16417400
1467207 9983374
101411 10037958
175028 12425935
3313676 12425955
2446536 12425962
276030 9584210
2484048 14374261
2255366 9983418
142973 14706007
2253915 13618065
120326 10852182
23162376 10852209
121431 16206515
137883 10460840
127644 10543156
3538699 10852321
158843 10543158
226733 9584238
284254 10852328
109759 14344540
670887 14374352
4851124 16206566
10217720 10543180
230863 14374356
264543 9983489
85486 16417613
3302090 16417623
136731 10543210
216874 10543212
315558 10852417
129313 10852418
278576 10852436
136230 10543221
129435 10543223
1721871 10852477
16367022 9584298
485959 10852495
496462 10543234
16369634 10041648
2549773 14344694
1353905 10543247
3339403 10852603
356513 10543248
4300022 10852608
606450 10852613
232469 13618148
223137 13618156
277202 10543261
558798 10543271
733248 9983667
133150 10543288
331614 16417808
11914835 16417810
284766 12517507
131980 12820340
188051 14344885
127992 10460932
339598 16417864
129079 14344942
170971 10852813
1511295 9584390
616431 10852833
370587 9983887
191168 10852906
2533146 10852926
10263658 10852957
161355 10543370
152386 10853050
386570 10460951
1805183 9584427
316758 10853107
238792 10543381
551419 10853110
16367277 10543384
100403 10543385
16365420 10853160
158783 10543405
146686 10543408
141222 10543410
159947 10543412
163888 10543415
1996046 10853261
1671079 10543417
506902 10460981
313069 10543423
590984 10853335
1718146 10543425
1781285 10543427
253232 10543431
10312321 10853389
649941 10853401
1725449 14345216
11905054 10853460
228925 10543442
154069 9984167
10300636 10853487
129057 10853503
23162377 10853537
2309596 10853556
356697 10853573
16368244 10853581
264403 10041711
232503 10853591
349277 10853606
152910 10543469
16367738 10543473
2527561 12426065
3720800 10853707
2496374 12184340
589765 10853769
4489476 10853813
1934866 10853820
144459 10543491
387320 10543500
752216 10543501
194271 10853887
300480 10543504
3116821 10543509
2366602 10853982
191834 10543520
718194 10854047
16365983 10854070
4319452 10854079
86616 14374632
1810838 10854142
197374 10543541
225577 10041745
1559972 10543544
16360046 15862106
2505230 10543545
664925 10543546
407404 10041750
273488 10543549
129675 10543551
504748 10543555
4958090 9584589
151865 10543559
125586 10543561
130487 10854269
669253 10854290
3518348 10543573
19222244 14980607
139891 10543601
3279348 10854503
134223 10041768
4854333 10854568
164114 10854614
225197 10854622
128367 9584652
522525 10854651
3345711 10854652
270664 10543638
588673 10543640
2223365 10854742
137863 16418248
656598 10543650
558551 10543651
744751 10543652
657892 10041782
270692 10543654
564893 10854859
382601 10854869
139145 10854870
155711 16186820
263659 10854974
2461930 10855018
1838968 10855026
468000 10855063
577210 16207033
125708 10855091
524391 10855101
16367134 10855142
3407668 10855159
123977 16418342
179219 10855210
1371406 9584751
175122 10855360
529821 10543747
19222501 10855392
369130 13664947
14835620 13618374
2165823 10543775
605552 10543782
7609149 10855561
2491369 10543786
130912 14524618
128677 14374767
524453 16178156
990118 10855613
133626 10855616
2259429 16418441
10300631 10543797
130313 9584800
557305 10543819
571140 10543835
756148 10543836
446965 10543837
418774 10855862
657013 16418561
533213 10543854
379127 14345715
1398347 10855879
274502 10543858
1946250 10543863
3640066 16418586
11848870 10543865
4381337 16418594
251917 10543866
214960 13618435
518242 16418646
16366435 14707390
323020 16418680
533807 13618472
2200519 14345805
382593 10041845
368974 14374813
22425430 13665012
386096 14374817
691251 9584887
2267115 13665028
1868079 14374862
311972 14524708
11905066 16418775
754069 12521338
2538742 9584919
4535747 13618553
140844 16207217
172812 14707502
170893 16418836
16408737 14345836
157165 10543940
427056 9584942
155244 10461107
16369498 14374911
2303215 10543966
454400 16207246
459094 12820490
246843 14524784
331662 18141866
16365794 14374931
1534058 10543989
11905082 14374955
163426 10543993
11905072 10543996
508461 14374961
147863 14374965
4025480 20836712
1555196 14345961
618465 10544004
3175662 10041872
646679 16419064
1789108 12426135
1754893 9985324
3338608 10544028
3081525 15789616
522706 9985333
506077 16419216
2287789 14346099
381383 14346103
638585 10544079
16365593 12184534
22384122 16419277
3451926 10855921
343033 10544121
292782 10544128
289696 10855965
144195 10544130
140226 10544132
264477 10856074
237754 10856089
1606301 10856090
3069662 10856175
155511 10544167
23162378 10856213
372455 10544177
3531852 10856242
174794 9985732
16365785 10856312
255099 10856319
624814 10856339
16366052 20836725
159914 10544211
350071 10856441
536388 10043429
153937 10856513
3755999 10856602
16366496 10856607
160874 10856635
1667303 10856637
3617637 10856661
4138616 10856769
3563190 14346217
3660143 10856927
161750 10856931
270676 10856932
342329 10857033
1773030 10544306
509675 10857050
3535357 10544310
1727515 10544314
666399 10857129
259465 10045175
232125 10544342
308902 10461185
11877605 13619623
3468038 10544361
1724868 10857437
195259 9987362
241534 10857466
3064239 13619647
158877 10857472
2491315 14377864
347309 20836733
536950 16207560
352657 19093420
720346 9987493
93486 9987500
138269 18142685
114045 14378014
3521850 20830059
3543441 21080035
308626 10544434
113491 10544435
181179 10544445
230304 14346399
181753 10544455
129515 10544456
137383 9987607
23162379 19689864
340416 14378685
4535742 14378731
135050 10544480
16367172 14378942
1882911 10544487
231899 10544490
126991 14379010
652690 13619818
158441 10544494
120724 10544512
526191 14346571
110171 10544516
197700 9987725
10215455 14346581
350253 10544522
226589 10544526
122325 10544531
148441 10544534
10312343 19093533
746639 14346624
3226308 14346681
502507 19093553
1918933 14379951
553751 20830104
128581 10045257
164502 10544582
128090 14346761
139045 10857614
138339 10891264
3572719 14346786
16367702 14380289
2508062 19093573
1715066 14380380
642804 21033434
2144418 14346830
19222179 10045268
1718813 19475842
137295 10544590
228887 10857706
208941 10591040
514876 10857726
645724 10857748
3697539 10857769
198986 10591047
121851 10857883
543944 12242704
3646709 10857979
4908830 10858064
121180 14346956
738919 10858186
1356321 19093606
254030 14525225
2411918 17164389
1712289 13620155
482640 14347047
427696 10045319
183375 10591095
131500 14347114
130614 16419699
2336141 13620232
286485 13620292
452118 14382072
16368775 16419797
252990 10858228
2503152 9988618
153531 14525249
3539760 9988662
146264 15790067
676457 10591113
11905059 19093653
4864860 14347309
219773 9988720
16369119 14382578
3547112 19477677
431353 10544608
690955 14347337
167307 16419872
750628 16419885
2528327 13620567
553477 10858261
306686 10544616
1774987 13620639
600186 10544617
1717346 14347674
14374525 9989057
347485 16420259
230489 10544618
143333 12184633
3696849 13620726
1379774 14347752
270680 10858282
3559964 14347790
23162380 9586142
255779 9586144
1912467 10858287
147565 10858288
220837 10461251
407344 12188759
1809836 12184643
136056 12184644
138287 10858298
105265 10544622
137571 9586211
16367412 14348032
16367198 14348033
23162381 13620987
420865 15790307
1412341 19093737
15510675 16420698
277300 14348141
16367557 13621281
670736 14384680
226923 14348221
342868 19479759
16366936 16421013
3626845 10544729
135400 9989424
1505091 16179821
552183 16421144
130984 9989501
127800 10544754
3640148 10045454
10312145 14385438
1119464 14385448
456956 16421290
2230619 10544766
158907 9989581
126585 9586339
12609643 15790404
164784 9586359
16408704 14348553
136394 10544814
133795 9989696
16367853 10544838
10312019 14527533
1985239 14386162
545418 10544867
439991 16421727
238738 14348703
1783400 14527625
1846460 14527627
380006 14527653
208410 14348776
146953 14527662
408236 10544901
179726 14348801
115283 9989834
138433 10544913
648007 10544914
238732 10544921
1526092 14348828
129213 10544922
525838 10544926
11905069 10544929
662446 16421845
514736 10544930
326665 10544934
146356 14348861
16368677 14387208
229918 16421851
10494116 13623089
671896 14387419
2506168 9586483
16367688 9989945
687762 14348987
131986 14348988
1718810 9586500
540085 10544990
1572479 14349034
3594638 14387871
121587 13665160
609424 14528027
531844 14388199
3425257 10545016
16368716 14349122
433067 14388360
418678 10545029
10303924 10545035
522927 10545036
1546893 13623349
139669 9586579
130183 10545096
134990 10545097
213875 10545101
10170943 14528329
134482 10545112
187458 9990569
785359 14349451
16367732 9990627
10363028 9990673
4869768 14528478
779729 10545172
624359 13623501
10165238 16180755
376205 10545216
526128 9990790
561777 14349838
123620 10545261
1850573 14349906
10166322 14528802
433441 9586772
1791007 14390651
163936 10545304
214324 14390879
380112 10545321
4510294 10048387
236946 9991034
611036 13623667
3569185 14350082
138659 14529138
170119 12426926
146076 12243308
284408 10545392
878340 14391772
1780770 10048401
23162382 10545404
1965401 10545408
12520560 10545411
143253 9586897
188384 14529207
639913 10048411
118677 14529249
423805 14350275
1843124 10545433
3568666 12243415
1510299 12243441
308576 10545444
149619 14529285
16365487 10545450
479168 14350309
203889 14392387
214209 9586958
137941 10545471
108131 14529351
1771311 14529365
753277 9586972
3450534 13623824
3594207 16423268
148895 13623827
16408763 10048438
88444 14350376
1774510 18401322
399500 18401323
2550574 16181352
2546956 14529441
672183 9991268
279970 10545526
1141257 14529562
23162383 14393102
350251 14529574
10303808 17164940
414943 9587069
2077083 10545577
231184 10545580
2004774 9587090
1647594 9991486
3553276 14529652
348363 10545589
494926 10545595
271883 14529687
3604274 9991528
133020 10545617
2155186 14350714
2496351 10545643
494380 14350858
255994 10545667
4902564 10048495
6541782 9587164
3554051 14393787
156883 14529815
133408 10545696
162853 12521397
159794 10545719
137835 10545721
157403 10048524
522511 16208458
3570180 13624031
266557 16423755
349923 10545737
10312043 14351249
1862202 14351342
3647039 14530030
2028582 14530037
16366651 14351438
525541 14351541
1508766 14351619
481212 10858307
354197 10545835
471260 9991838
270670 10545840
485981 15862371
553457 14530257
16409230 14530281
154944 10545885
615492 14351814
10207012 12243991
1928432 12244025
157149 9587364
23162384 12244069
192291 14530428
913867 12244257
177751 14352008
175346 13624280
11851834 9992108
653744 10545986
217126 10545988
150569 14530566
129801 14352155
503021 10546011
147257 9992188
182693 10051482
138527 10546027
203322 10461695
11905086 12244682
16367593 12244686
270702 10546047
162545 14530697
699404 10546077
758084 14530855
242878 9587509
2408700 9992475
149303 14530901
19222363 16424599
128547 12244943
129867 20997421
126773 10546170
661932 10546172
314683 13624447
143789 9587565
188540 12245135
172581 14531085
180417 14531087
183740 14396195
16409705 14396328
2444873 14531156
4888230 14531158
1485083 14531167
1746247 14531203
16367695 16424907
385073 10546263
179370 14531348
591194 12245344
136915 9992792
220813 10546298
1427276 12245415
132544 9992824
1911962 12245430
2467682 9992834
255653 14531475
613662 10546311
189452 9587642
23162385 9992872
165603 14531516
138485 9992892
4885591 14531571
358385 14531575
1504413 10546349
163910 10546360
127037 16425304
16409646 13624570
251118 14531707
1571209 14531708
3572585 14531750
16220493 14531767
143761 10546426
644423 14531839
18519403 9993122
255769 10546438
132328 10546442
312172 14397466
305793 13624642
3618594 14397543
370581 10461808
364022 10546476
1860234 14531997
10303753 10546492
210204 16425795
136134 12427548
126030 10546534
134662 10546548
16409331 9993394
6443186 9993419
159356 10546559
3638918 14398058
648704 9587823
23162386 16208921
749455 14532325
10303921 9993462
607014 10461837
16366860 12246155
504412 12246164
148377 9587841
19221876 14532384
16369091 14532386
1973982 14532435
306340 10546659
381403 13624861
231863 10546678
1771230 13624900
134221 12246268
240045 12246285
270698 10546699
134944 10546700
216746 10546704
582122 10546711
1852523 13624969
23162387 10546728
3053596 9993551
124541 10546748
451761 10546749
1885840 12246600
532513 14398827
173404 13625010
346627 16426534
558980 10546802
121861 10546811
3086258 10461843
2501281 13625150
1807356 10546837
388416 10546842
563420 10546854
261933 10546857
168620 10546858
456526 10546859
128451 10546868
16367165 13625283
23162388 17165113
337739 10546900
91768 10461847
3755773 9588003
559632 10546935
1917868 14399549
380338 10546944
230427 10052894
228611 10546950
347077 10546952
1789086 10546954
3608172 13625480
467077 18623923
1484530 16183756
3584482 13625510
15321710 14399720
150757 14533140
460849 18623939
164094 13625547
173986 12246967
136320 10547034
210290 10547040
129943 10547044
157987 16427440
376683 16187231
630689 10547050
129229 10547054
156574 16183993
122139 10547066
498540 10547071
386554 10547072
216738 10547074
138961 10547084
277340 13625770
2004016 20766279
779277 10547097
448940 16187267
10367508 18623979
238908 14400076
216284 9588125
728134 19093999
23162389 13625845
149901 16184158
131518 14400167
3463707 10547143
752550 10547148
136460 10547175
16368376 14400280
156909 20064957
147049 10547214
3363525 10547217
119599 10547237
213881 10547260
547186 10547267
349611 10547270
120862 10547272
277214 18624141
1112558 13626251
1752579 14400670
315768 21081797
230503 10547333
7589031 10547339
402643 14400798
230877 10547360
16409261 14400855
119627 10547376
1939569 10547378
206558 10547379
592663 10547384
19222247 16184987
1808757 13626466
3860590 16428251
10367493 14401034
15477631 16428298
144025 10547428
152784 10547439
141460 19690899
227168 10547456
120298 22701967
564587 14401174
138827 16209573
4535772 10547473
3492975 14401224
154848 16428536
130095 10547499
270654 10547515
268417 14533467
1849370 16428685
86964 16428692
159378 14401359
1775268 9994020
16408792 9994022
533401 10547536
10256683 13626736
2323955 10547561
540083 10547567
431187 9588440
650224 16209650
193796 10547615
596657 14401659
431777 22710765
3637896 13626964
582144 10547688
23162390 14401857
3600884 10547711
532869 10547716
4886912 14401955
521276 14402036
711244 10547788
148735 10461926
176478 9588570
181723 14352657
625877 14534070
126066 14402293
2489218 14402354
16368717 9994468
665538 9994486
16409279 14402418
156531 17419496
755902 9994506
127023 10547901
942745 13627391
269433 9588655
92286 10547920
120226 10547921
149963 12247361
152349 19247449
253740 13627561
10312057 16209873
534091 10547984
1591381 16152642
310756 10462024
3097378 12247462
385057 21082270
2459681 9588798
2515764 14534208
654815 9994743
536316 10548048
324164 16154788
3605160 17094100
164750 10548103
6507678 17094416
23162391 14534242
158903 14534249
201659 17094476
180811 10462046
136314 14402878
16366935 16156590
216520 10548124
1785227 10548126
749189 10548136
168422 19247512
2538774 16157331
1322894 14403076
16366002 16157688
1578563 16157870
638254 16157880
782571 17095261
129827 10548221
741830 14403193
1810610 14403236
3264724 13665520
2152006 14534488
508117 9995454
96346 10548243
162697 14534512
380116 10548267
605080 10548268
134257 10591489
165324 10548294
1667650 17096399
407954 17096411
131144 10591494
16409180 17096688
275008 9995559
346705 10548338
191554 14403481
2496260 9995672
16367723 16210160
1939141 14534687
1628790 14534689
16368821 14534708
244591 10858328
2023272 14534720
3334133 9995823
10312113 17097634
515838 13665571
1849012 10548430
215402 10548435
1787705 10548437
11852166 10548438
238884 10548447
3616633 10548454
599016 13628500
148643 17097993
597425 10548463
317888 17098081
1482901 10548475
170601 9589246
14882950 17098744
23162392 9589278
1672457 9996234
589929 20771812
15649496 9589305
4901815 14403989
469811 21809303
473084 20934869
717183 14404009
698481 14404059
1760603 10548596
16409741 17099138
1836760 17099151
2515785 9589412
506191 10057059
786578 17099309
567725 10548631
508902 9996335
241123 17099640
10304024 17099705
364264 17099768
1448879 10548658
767203 17099941
2526414 17099979
606157 19247665
174712 13628904
16365194 9589501
139369 13819063
526760 9996388
745109 10548720
16369624 20773120
138535 10548768
217046 10548769
139285 10548770
383816 9589602
376197 16210405
549543 9996434
532408 16210413
2031969 19247879
11835378 14404464
10312329 19692042
16408738 19247957
138163 10548873
109715 9996486
387731 9996502
676425 20999239
4536652 9589758
16365239 13629408
16369660 17886049
410862 10097088
1655680 9996652
122964 9996660
163774 9996664
169248 10548960
464898 9996683
16367620 10548963
23162393 10548984
2028210 10548987
788050 14404813
522379 10548989
1710518 21082992
16368687 9996742
160441 13629646
16369159 13629681
531300 10549036
382415 10549038
16366974 16429503
16366355 16429505
769761 9590010
221351 10549051
23162394 21083097
1602565 20774454
205173 19692420
282141 22702397
180401 10549115
289606 21083172
133222 13629828
132192 16429694
577208 13629837
16366799 10549144
577030 21083194
598156 16429726
230439 10549151
525607 10549204
16369613 14405417
1840123 10549232
160520 10549266
1773979 16430107
136216 10549291
3252703 10858352
255787 10549296
252994 10549299
608116 10549303
680291 12427870
154690 20774938
1425192 10549313
165627 10549337
148607 9590416
2228460 10549364
204921 9590439
423227 10549389
136727 19692741
142475 16210797
173294 12521612
1384492 12521639
16408807 12521664
10303940 12521685
3553506 12521728
16409200 20775407
394049 9997660
3657718 20775432
157143 14405923
10486201 14405934
1450552 14405956
133622 10549459
174896 19692829
702133 10858356
4875534 10549495
308714 16430567
278472 10549508
267441 10549521
11905094 14406130
234727 13630435
197186 20775634
150465 13630445
240843 20775638
556404 10858358
394462 13630458
1565733 17420713
1548319 14406270
352907 10591681
168552 14406390
4534055 20776293
4377975 23162395
154229 9997878
139017 10549637
177805 14353360
4884152 17421412
569600 17421441
