6613971 23176263
19413702 23176264
6778177 23176265
6636879 23176266
15629368 23176267
19444665 23176268
17614484 23176269
6662819 23176270
6680244 23176271
15667793 23176272
6630351 23176273
6718369 23176274
4002644 23176275
6683862 23176276
15651786 23176277
2914933 23176278
6679653 23176279
6682187 23176280
15499034 23176281
15499054 23176282
6635750 23176283
6750270 23176284
6762719 23176285
15552249 23176286
6773165 23176287
3894554 23176288
6676367 23176289
15552248 23176290
17716705 23176291
6697550 23176292
6752104 23176293
6631039 23176294
6728669 23176295
6746728 23176296
2915447 23176297
11348265 23176298
15649945 23176299
15696078 23176300
15530192 23176301
6614811 23176302
6690712 23176303
17564543 23176304
17568949 23176305
3922901 23176306
15729055 23176307
15628306 23176308
6783019 23176309
6650783 23176310
19424442 23176311
6698810 23176312
6661492 23176313
19207484 23176314
6659427 23176315
6678612 23176316
6608195 23176317
6621326 23176318
19451412 23176319
6779010 23176320
6708102 23176321
2915290 23176322
6696803 23176323
6728349 23176324
2009505 23176325
6704433 23176326
6729145 23176327
6698602 23176328
6742232 23176329
6626536 23176330
4546812 23176331
6666005 23176332
6562377 23176333
6687123 23176334
6684300 23176335
15548659 23176336
6633167 23176337
6708276 23176338
6676503 23176339
6601458 23176340
2915414 23176341
15586559 23176342
15630358 23176343
19436707 23176344
6682643 23176345
15434217 23176346
6609137 23176347
3894684 23176348
6697082 23176349
6766098 23176350
15664924 23176351
17641074 23176352
17467463 23176353
6612597 23176354
6702954 23176355
19419598 23176356
6749348 23176357
6672351 23176358
15728328 23176359
6597504 23176360
6604948 23176361
19436710 23176362
6655216 23176363
6703091 23176364
6760295 23176365
3911729 23176366
6620426 23176367
6650251 23176368
6759470 23176369
4001511 23176370
15440501 23176371
18381566 23176372
15650604 23176373
15528926 23176374
15630594 23176375
15695765 23176376
6669868 23176377
6774180 23176378
19453316 23176379
6753488 23176380
15580258 23176381
19452484 23176382
6786435 23176383
6622141 23176384
6722622 23176385
6739444 23176386
6632968 23176387
15630646 23176388
6616247 23176389
6705738 23176390
6742900 23176391
6733405 23176392
15476898 23176393
6668133 23176394
6630052 23176395
6738087 23176396
15445337 23176397
17599766 23176398
6742191 23176399
19423718 23176400
4548079 23176401
15499051 23176402
6647708 23176403
17614485 23176404
6655029 23176405
4001869 23176406
19408629 23176407
6742191 23176408
6694086 23176409
6702915 23176410
17489060 23176411
15510359 23176412
6604838 23176413
15667671 23176414
15667596 23176415
19207236 23176416
6610721 23176417
15729062 23176418
6786127 23176419
6641663 23176420
6756766 23176421
6668952 23176422
6661705 23176423
6778939 23176424
6596855 23176425
2592983 23176426
4001248 23176427
17578657 23176428
6611372 23176429
6620464 23176430
6785679 23176431
15629240 23176432
15552381 23176433
3967501 23176434
6743327 23176435
6741810 23176436
6626915 23176437
15667662 23176438
6662694 23176439
6643396 23176440
6779793 23176441
6706082 23176442
15619892 23176443
6609432 23176444
6767774 23176445
6700261 23176446
6582504 23176447
4006066 23176448
6635354 23176449
6642808 23176450
6732031 23176451
3993337 23176452
4007415 23176453
6692856 23176454
3894516 23176455
6688039 23176456
19432805 23176457
6748499 23176458
6685744 23176459
6650879 23176460
15667624 23176461
17501226 23176462
19451149 23176463
15630798 23176464
3936333 23176465
6694968 23176466
3046074 23176467
6669220 23176468
6762946 23176469
6657101 23176470
6734951 23176471
17689610 23176472
6766036 23176473
15586543 23176474
6699854 23176475
17492075 23176476
6724628 23176477
6679017 23176478
6761876 23176479
6748245 23176480
4548851 23176481
6619017 23176482
6778417 23176483
4548417 23176484
17612823 23176485
15951223 23176486
6662309 23176487
6605045 23176488
6730747 23176489
6609982 23176490
17547448 23176491
3048759 23176492
6655261 23176493
15695917 23176494
4005764 23176495
6635112 23176496
18578996 23176497
19436283 23176498
15641034 23176499
6781241 23176500
3048200 23176501
6767868 23176502
19460065 23176503
6749746 23176504
6670186 23176505
6761141 23176506
6696452 23176507
3908898 23176508
6647488 23176509
6708522 23176510
6631116 23176511
6638299 23176512
6683866 23176513
6617031 23176514
4546808 23176515
17664337 23176516
6730269 23176517
15657508 23176518
18364658 23176519
3930382 23176520
18578996 23176521
6717086 23176522
6679924 23176523
15552224 23176524
6746579 23176525
3989272 23176526
15446286 23176527
6725436 23176528
19417799 23176529
4548928 23176530
6759034 23176531
6664362 23176532
6606751 23176533
6612487 23176534
6748003 23176535
19419405 23176536
6709936 23176537
19410920 23176538
6649228 23176539
19451608 23176540
15552381 23176541
6777428 23176542
3019473 23176543
6729859 23176544
19422102 23176545
6700497 23176546
3994194 23176547
17864722 23176548
18371104 23176549
6740572 23176550
3919801 23176551
6572894 23176552
6731732 23176553
6749940 23176554
6747384 23176555
6684436 23176556
17483731 23176557
6666603 23176558
6761663 23176559
6723657 23176560
15438238 23176561
6612153 23176562
6664179 23176563
19452483 23176564
4014954 23176565
6658752 23176566
18377079 23176567
6727457 23176568
3993085 23176569
6706167 23176570
17739369 23176571
6743239 23176572
19207113 23176573
15628828 23176574
6723705 23176575
19459345 23176576
6665896 23176577
15445354 23176578
1304387 23176579
4001832 23176580
15439612 23176581
6606118 23176582
6643979 23176583
6665555 23176584
3119329 23176585
15548660 23176586
19454701 23176587
6613820 23176588
6691216 23176589
19459939 23176590
6596848 23176591
4548371 23176592
6745855 23176593
6576628 23176594
17745152 23176595
6771726 23176596
17657861 23176597
15464889 23176598
15529066 23176599
6738907 23176600
15438902 23176601
6656626 23176602
6728565 23176603
15694434 23176604
15657537 23176605
2915031 23176606
6618301 23176607
6629833 23176608
6589246 23176609
6640901 23176610
6616877 23176611
15629566 23176612
19427010 23176613
6645701 23176614
19434647 23176615
6621931 23176616
6768646 23176617
17516035 23176618
4547819 23176619
6607004 23176620
4547270 23176621
6705074 23176622
6724299 23176623
15695681 23176624
6717094 23176625
17493070 23176626
6719899 23176627
2915409 23176628
19421767 23176629
6742118 23176630
3051107 23176631
6677789 23176632
15714065 23176633
15499637 23176634
19460036 23176635
6763667 23176636
6685191 23176637
6558326 23176638
4007371 23176639
6741560 23176640
3946858 23176641
6739659 23176642
19457574 23176643
15629244 23176644
6652299 23176645
6606848 23176646
6623680 23176647
19460631 23176648
6694512 23176649
17491050 23176650
6664827 23176651
6625060 23176652
6689146 23176653
6688132 23176654
15629069 23176655
15667605 23176656
19452044 23176657
6618974 23176658
15543878 23176659
17465216 23176660
6784831 23176661
6783269 23176662
6679532 23176663
15630659 23176664
6613238 23176665
15649607 23176666
6768902 23176667
17566311 23176668
6728679 23176669
3029337 23176670
6607125 23176671
6776342 23176672
6658867 23176673
17605262 23176674
6616995 23176675
19429581 23176676
6626859 23176677
6622141 23176678
6730050 23176679
15438796 23176680
15453705 23176681
3992198 23176682
3034783 23176683
6709474 23176684
6651382 23176685
6774932 23176686
15586128 23176687
6633132 23176688
23176689 23176690
15432836 23176691
19435703 23176692
15694810 23176693
6697090 23176694
6721711 23176695
6676133 23176696
3908898 23176697
4001681 23176698
15627785 23176699
3956686 23176700
15657512 23176701
6783779 23176702
6745194 23176703
6636879 23176704
3908898 23176705
15632322 23176706
19443622 23176707
6744129 23176708
6683265 23176709
17623134 23176710
6745155 23176711
6627303 23176712
6716008 23176713
15619907 23176714
6598400 23176715
19432092 23176716
6622141 23176717
6700556 23176718
15631740 23176719
6649947 23176720
2975680 23176721
19438591 23176722
6647142 23176723
6772389 23176724
6752920 23176725
19431076 23176726
6764094 23176727
6705666 23176728
15693458 23176729
6651938 23176730
6729263 23176731
15632661 23176732
17612824 23176733
15510432 23176734
6772374 23176735
6744460 23176736
6621068 23176737
6676274 23176738
19450569 23176739
6631303 23176740
6777053 23176741
15640506 23176742
6718431 23176743
6597504 23176744
6718267 23176745
6666656 23176746
6696384 23176747
15589532 23176748
6664165 23176749
15627787 23176750
6606287 23176751
6610715 23176752
6729410 23176753
6617455 23176754
3989277 23176755
6653783 23176756
6668133 23176757
6613971 23176758
6634361 23176759
18275082 23176760
6574204 23176761
4008168 23176762
15454073 23176763
15586544 23176764
6759905 23176765
6675782 23176766
17565353 23176767
6682463 23176768
6670706 23176769
19414208 23176770
6722504 23176771
15632658 23176772
6648800 23176773
17697153 23176774
19419287 23176775
6674757 23176776
3907159 23176777
19412445 23176778
4546541 23176779
19444397 23176780
3993363 23176781
15629218 23176782
6635623 23176783
4548933 23176784
6754250 23176785
15629340 23176786
6623333 23176787
17578406 23176788
6636596 23176789
6687352 23176790
6785541 23176791
6681530 23176792
23176793 23176794
17737205 23176795
6746011 23176796
6707678 23176797
15552258 23176798
17660686 23176799
17518545 23176800
6775944 23176801
6688200 23176802
6644543 23176803
6677550 23176804
733278 23176805
6622141 23176806
15629906 23176807
15586596 23176808
15657539 23176809
4001304 23176810
15528922 23176811
6679530 23176812
6673413 23176813
6762946 23176814
6757877 23176815
6608777 23176816
6757317 23176817
6689146 23176818
6758208 23176819
15667677 23176820
6782718 23176821
6622218 23176822
6694237 23176823
6690010 23176824
17736795 23176825
3956686 23176826
6662900 23176827
17575626 23176828
6645094 23176829
6682105 23176830
15515079 23176831
6648539 23176832
6735968 23176833
6643254 23176834
15629537 23176835
15454058 23176836
6755475 23176837
6712885 23176838
17564972 23176839
6701866 23176840
18578995 23176841
6739889 23176842
17737059 23176843
6683916 23176844
6667326 23176845
17617315 23176846
2945136 23176847
6746503 23176848
6762946 23176849
6685910 23176850
6737346 23176851
15552369 23176852
4011085 23176853
6617363 23176854
6658008 23176855
6661886 23176856
6627401 23176857
15656558 23176858
6700414 23176859
2914929 23176860
15522428 23176861
17645133 23176862
6618225 23176863
6715863 23176864
6615113 23176865
6784910 23176866
15454154 23176867
6732052 23176868
6661818 23176869
6761823 23176870
6741197 23176871
6729786 23176872
6740504 23176873
6684904 23176874
6633153 23176875
6660222 23176876
15632109 23176877
15676896 23176878
17643516 23176879
6708201 23176880
15529047 23176881
6635856 23176882
15725038 23176883
19449881 23176884
6720783 23176885
6655421 23176886
15631355 23176887
4009105 23176888
15552262 23176889
6670679 23176890
6650290 23176891
6673558 23176892
6693117 23176893
6703727 23176894
6616262 23176895
6614811 23176896
6635966 23176897
15445818 23176898
6612233 23176899
6672536 23176900
4546569 23176901
19412444 23176902
6726899 23176903
17738016 23176904
6635348 23176905
15586547 23176906
3911669 23176907
3949252 23176908
6681039 23176909
15553086 23176910
6648474 23176911
6733379 23176912
4546640 23176913
17654315 23176914
6742879 23176915
17640561 23176916
6676256 23176917
19460026 23176918
6764630 23176919
15499043 23176920
6778479 23176921
17617019 23176922
19421684 23176923
6705371 23176924
6669612 23176925
15713961 23176926
6772509 23176927
19415985 23176928
6785857 23176929
6703937 23176930
6631459 23176931
17703539 23176932
15552223 23176933
17514997 23176934
6732573 23176935
4546696 23176936
3921582 23176937
15548740 23176938
15667868 23176939
6567291 23176940
19442916 23176941
6669732 23176942
6763684 23176943
15552252 23176944
17640055 23176945
6614157 23176946
6635457 23176947
6652736 23176948
15709128 23176949
3014813 23176950
17518545 23176951
19445954 23176952
6753756 23176953
6704393 23176954
6731306 23176955
6642244 23176956
19414421 23176957
6749844 23176958
15552263 23176959
6609339 23176960
6646995 23176961
3945406 23176962
15544418 23176963
15498665 23176964
17504563 23176965
6698285 23176966
6616778 23176967
15667663 23176968
6702335 23176969
6675782 23176970
6658228 23176971
6634058 23176972
19437887 23176973
19429582 23176974
6628036 23176975
6624963 23176976
6697833 23176977
6738242 23176978
3912247 23176979
18368082 23176980
6767897 23176981
6685856 23176982
17737195 23176983
6783851 23176984
15676895 23176985
6766344 23176986
6723840 23176987
3050233 23176988
6696078 23176989
6680944 23176990
3999536 23176991
6707569 23176992
19449569 23176993
19453039 23176994
19434770 23176995
3971201 23176996
733278 23176997
15651762 23176998
6682710 23176999
15511579 23177000
19428048 23177001
4008877 23177002
3010635 23177003
2915445 23177004
6731525 23177005
6759630 23177006
6760295 23177007
3993313 23177008
15657510 23177009
15553047 23177010
3028264 23177011
6718171 23177012
18366940 23177013
6757020 23177014
6773697 23177015
6751634 23177016
15464889 23177017
6787099 23177018
6618736 23177019
6630008 23177020
6765530 23177021
6740056 23177022
6689468 23177023
6771339 23177024
6776536 23177025
6689252 23177026
6781910 23177027
3995207 23177028
6735170 23177029
6744807 23177030
17447123 23177031
6743452 23177032
19464976 23177033
4007741 23177034
15597259 23177035
6690010 23177036
15629914 23177037
6744129 23177038
3041579 23177039
6608906 23177040
3047530 23177041
6759022 23177042
6650223 23177043
6714803 23177044
6773104 23177045
19420310 23177046
6758398 23177047
2914931 23177048
6721886 23177049
6695330 23177050
17637263 23177051
6574204 23177052
15698449 23177053
17617018 23177054
6704981 23177055
15548700 23177056
19435654 23177057
6763820 23177058
3014842 23177059
6700197 23177060
6737464 23177061
6746712 23177062
6645094 23177063
6741810 23177064
6614811 23177065
15477083 23177066
4007337 23177067
15667676 23177068
19205586 23177069
15632655 23177070
15529064 23177071
6765585 23177072
6770506 23177073
6665586 23177074
6689059 23177075
6735888 23177076
13885817 23177077
6639339 23177078
17711008 23177079
15630284 23177080
3960186 23177081
6643237 23177082
6755941 23177083
18376040 23177084
6655029 23177085
6631724 23177086
15431727 23177087
6640639 23177088
6715950 23177089
6618017 23177090
6760125 23177091
15667601 23177092
6762746 23177093
3989200 23177094
6759235 23177095
6669235 23177096
6636565 23177097
6744687 23177098
6735068 23177099
6756244 23177100
6783127 23177101
15714055 23177102
15628305 23177103
6702573 23177104
6716841 23177105
17587832 23177106
3980730 23177107
6755840 23177108
6633031 23177109
6753189 23177110
18379848 23177111
6763218 23177112
19450426 23177113
6715931 23177114
4546557 23177115
6644844 23177116
15632653 23177117
6752685 23177118
15438260 23177119
6773339 23177120
6650512 23177121
6613383 23177122
19415667 23177123
6712940 23177124
6698733 23177125
6654919 23177126
3997376 23177127
3985873 23177128
6613971 23177129
6651180 23177130
6782712 23177131
2975898 23177132
19434278 23177133
6729955 23177134
6759413 23177135
6783113 23177136
17663443 23177137
17663442 23177138
6671062 23177139
6706981 23177140
15500498 23177141
6698674 23177142
6699568 23177143
6606164 23177144
6762946 23177145
6629672 23177146
6713616 23177147
18370551 23177148
6608968 23177149
19436708 23177150
6752201 23177151
6768675 23177152
15628455 23177153
6781339 23177154
6744269 23177155
19409415 23177156
6599349 23177157
19436362 23177158
15499036 23177159
15631738 23177160
15428770 23177161
15580283 23177162
6688970 23177163
6780131 23177164
6724656 23177165
6709814 23177166
6620426 23177167
17485252 23177168
4546805 23177169
18373848 23177170
6586517 23177171
19435704 23177172
4006811 23177173
15627873 23177174
6749461 23177175
15628611 23177176
17709224 23177177
15657535 23177178
6775398 23177179
19419386 23177180
6713723 23177181
19455988 23177182
19446194 23177183
6779430 23177184
15630847 23177185
6785452 23177186
17706402 23177187
6767838 23177188
19435607 23177189
15630845 23177190
17747636 23177191
6699698 23177192
6756334 23177193
6750091 23177194
17737060 23177195
4548930 23177196
6655666 23177197
15649914 23177198
733278 23177199
15696032 23177200
2015610 23177201
17465994 23177202
4548988 23177203
3029337 23177204
15650317 23177205
6680986 23177206
15651312 23177207
19443144 23177208
15428559 23177209
17616062 23177210
6739187 23177211
19419658 23177212
6762110 23177213
6674647 23177214
6661639 23177215
2944316 23177216
6761352 23177217
17566311 23177218
6742370 23177219
3989274 23177220
6777224 23177221
6608600 23177222
15552381 23177223
15586554 23177224
6689569 23177225
6745825 23177226
6605983 23177227
15552250 23177228
6719332 23177229
19413426 23177230
19420307 23177231
6606990 23177232
19427152 23177233
2987590 23177234
6775467 23177235
3016952 23177236
19429588 23177237
19414420 23177238
6781487 23177239
6703937 23177240
6744044 23177241
4006321 23177242
6610780 23177243
6762459 23177244
6647192 23177245
19442030 23177246
6614829 23177247
15692285 23177248
6610286 23177249
15540784 23177250
6631059 23177251
4546764 23177252
19444125 23177253
17749870 23177254
17459560 23177255
15438237 23177256
6739217 23177257
6613285 23177258
6781862 23177259
6634249 23177260
6785655 23177261
6638491 23177262
4006055 23177263
6684603 23177264
19457120 23177265
2951390 23177266
15548646 23177267
15548741 23177268
6682595 23177269
6708096 23177270
6762310 23177271
6663547 23177272
4007542 23177273
6652888 23177274
6624534 23177275
4548141 23177276
6612537 23177277
3894694 23177278
17734174 23177279
6605592 23177280
17496552 23177281
6668990 23177282
4006833 23177283
6615716 23177284
6704117 23177285
6756972 23177286
6748193 23177287
6706082 23177288
3989942 23177289
17605263 23177290
6755997 23177291
6751612 23177292
3051844 23177293
6756695 23177294
6707022 23177295
19429910 23177296
6606093 23177297
3048718 23177298
6786620 23177299
15695766 23177300
17569790 23177301
6668465 23177302
6720514 23177303
15632662 23177304
6741770 23177305
6774809 23177306
6745155 23177307
6643101 23177308
3996984 23177309
6638069 23177310
6633271 23177311
6735176 23177312
6688681 23177313
19455506 23177314
3894540 23177315
6664479 23177316
23177317 23177318
6607148 23177319
15511271 23177320
15529065 23177321
15438237 23177322
19426660 23177323
15513360 23177324
19420590 23177325
3030821 23177326
6708361 23177327
6734413 23177328
19428733 23177329
6779044 23177330
6656838 23177331
4546657 23177332
18376559 23177333
6737372 23177334
6787007 23177335
19446371 23177336
6619276 23177337
