23199139 14353364
16809272 17412272
1787130 17412274
12171043 13615802
13359443 14353373
23199140 17412317
23199141 14353374
23199142 14353375
23199143 16020534
13609245 14353376
18144691 16020537
23199144 17412320
18146849 16020539
13045537 16020548
23199145 17412325
23199146 17412327
23199147 14353382
23199148 16811200
23199149 17412347
18052409 12420573
23199150 18146928
23199151 20837417
23199152 13615815
23199153 9571060
23199154 9571061
23199155 9571062
23199156 14353417
23199157 16414958
23199158 20837682
23199159 10884336
23199160 12515679
23199161 9964049
23199162 9964051
13592773 9964053
23199163 19126521
23199164 19235852
23199165 19235854
23199166 9964057
23199167 19126522
23199168 14353437
23199169 13656266
23199170 19235865
23199171 13656267
13387227 20618062
11896236 13615823
23199172 16020610
23199173 20838010
23199174 19235867
23199175 20838020
23199176 14353451
23199177 19235877
23199178 20618093
23199179 13656268
23199180 16414983
23199181 16811233
23199182 14353466
23199183 9571079
23199184 20838106
23199185 16414985
12156904 13656269
23199186 16811234
23199187 19235886
13294735 9964071
23199188 9964073
23199189 20838413
18045075 16020642
23199190 19235891
23199191 20618128
23199192 13615843
23199193 20618130
23199194 9571088
23199195 20618137
23199196 16811236
15931769 13615847
23199197 16415002
23199198 14353493
23199199 16811242
23199200 20838598
23199201 9964079
23199202 14353499
23199203 20838600
12951347 13615857
23199204 14353503
23199205 13656281
23199206 16415014
23199207 13615876
23199208 13615877
23199209 20838843
23199210 13656285
23199211 14353524
23199212 13818129
23199213 13656286
13321129 14353526
23199214 13615879
23199215 13615880
23199216 9571104
23199217 13615900
23199218 19561366
23199219 13615902
11840682 16203405
79398 17868634
23199220 16020734
15837824 16415034
23199221 16415036
23199222 14312285
23199223 16415055
23199224 20618323
23199225 12420623
23199226 13615913
23199227 16415057
23199228 16415059
23199229 17412365
12169270 17412367
23199230 16415060
13386069 20618327
16252440 14353568
23199231 16415061
23199232 16020766
12952445 17412383
23199233 13615923
23199234 19300926
13346874 14353585
23199235 16020792
23199236 9964085
23199237 16415087
23199238 20002785
23199239 20002786
15323674 20002791
23199240 16415111
23199241 9571160
23199242 13656293
16252447 16020832
16252366 14353603
12175241 9571161
16252428 17868640
6425998 16020834
16252428 13656295
2736913 20002793
23199243 14353605
16252456 16415114
23199244 13615935
23199245 16811270
23199246 13656297
23199247 16415138
23199248 20002802
23199249 19235932
17359966 20002803
23199250 9571172
23199251 14353630
23199252 11811229
23199253 9571184
23199254 14520453
23199255 16415172
23199256 16415176
23199257 14353649
23199258 16415177
23199259 14353651
23199260 16020880
23199261 16415180
23199262 16415184
23199263 16203418
23199264 16415186
23199265 16203420
23199266 20002824
23199267 16415189
12951225 19086703
12951225 20002825
23199268 16020888
23199269 20002830
13058618 14353658
23199270 16415195
23199271 13615961
23199272 19561377
23199273 16415208
23199274 20841487
23199275 20841488
23199276 14520457
23199277 13615969
23199278 16415209
23199279 13615973
23199280 13615974
23199281 13615975
23199282 20841633
23199283 20934943
23199284 20841652
23199285 9571211
23199286 20841662
23199287 20841663
23199288 9571217
23199289 20841756
23199290 16415232
23199291 14353716
23199292 16415235
23199293 14353718
23199294 20841847
23199295 14353719
23199296 16415237
23199297 20841853
23199298 16020955
23199299 19561380
16252402 20841857
3952746 20618568
23199300 12420635
23199301 20841866
12950129 9571234
23199302 13656314
23199303 20841885
23199304 20841887
23199305 10884468
23199306 13656317
23199307 14353759
23199308 13616005
23199309 13656319
23199310 16415265
23199311 19300938
23199312 19126563
21406889 19235965
23199313 16415266
23199314 16415267
23199315 13616008
23199316 19126564
23199317 16172046
23199318 16415268
23199319 16020994
23199320 13616010
23175775 20618596
23199321 16415273
11903673 20841915
12979313 20841916
18061919 20841919
23199322 20618597
23199323 20841924
23199324 19235972
23199325 16415281
23199326 20841956
23199327 17412434
3967100 14353770
17351550 17412442
23199328 16021025
23199329 9571283
23199330 14688039
23199331 16203441
23199332 14312305
23199333 17412448
23199334 16021027
23199335 12520538
23199336 16172051
23199337 13616022
16252445 14520478
3898829 20002832
23199338 9964156
23199339 9964158
23199340 20841975
23199341 16415294
23199342 20841976
23199343 16021045
23199344 20841977
16252414 20841979
23199345 16415296
18146549 12515713
23199346 16203447
23199347 19561388
23199348 16203448
23199349 9964160
23199350 13616026
23199351 14353785
3894301 14520481
23199352 20841997
23199353 16415318
23199354 16415319
23199355 16415320
23199356 13616035
12155100 20842004
23199357 9571307
23199358 17870037
23199359 14353815
23199360 14620752
1695040 13616049
23199361 20842045
23199362 19086725
11880886 14312321
23199363 20618636
23199364 19236006
12980459 16021084
23199365 16021086
23199366 18400583
13585617 20842091
23199367 14353853
23199368 16415365
23199369 20842110
23199370 20842131
23199371 16415397
18108386 17870088
23199372 19236020
23199373 20842139
23199374 16203474
3906745 13616098
13186686 14312335
23199375 13656338
23199376 14353893
5019147 13616111
12982447 14353896
23199377 13616113
11910565 14312338
23199378 14353898
23199379 9964198
23199380 13616114
23199381 19086749
23199382 16415435
23199383 20842221
23199384 16021209
23199385 20842226
23199386 16415438
23199387 16021212
23199388 16415439
23199389 20842230
23199390 20842232
23199391 20842234
23199392 20842252
23199393 14353920
23199394 16021219
23199395 16021222
23199396 14353924
13199223 19126594
23199397 14353925
23199398 20842308
23199399 14312342
23199400 14353926
23199401 19236036
23199402 14353928
23199403 16415451
23199404 14353929
23199405 13616134
23199406 20842323
23199407 14353932
23199408 16203487
23199409 12515724
23199410 14353940
23199411 20618709
23199412 9964247
23199413 9964255
23199414 16415453
23199415 13656342
23199416 19236041
23199417 9964257
23199418 12520541
23199419 13616144
23199420 13616145
23199421 13616146
13201497 16415456
23199422 16021240
23199423 19086761
1805044 13616150
23199424 19086762
23199425 13616153
23199426 16415459
12170416 16415460
23199427 16415466
23199428 14353957
23199429 10884560
23199430 13656347
23199431 16415468
23199432 16415469
23199433 13656348
23199434 20002834
23199435 16415474
23199436 16021335
23199437 13616171
23199438 14353973
23199439 19236046
23199440 20618754
18146792 9964287
23199441 14353975
23199442 20618760
16252371 16021360
23199443 16415505
23199444 16021558
23199445 20842430
13498554 16415566
23199446 16415585
23199447 16811301
23199448 12515736
23199449 16415587
23199450 9964344
23199451 19126606
23199452 16021659
23199453 9964354
23199454 20618898
23199455 19126607
23199456 9964356
23199457 19086783
23199458 14354040
23199459 19086784
23199460 14312374
17347787 16021666
23199461 13678676
23199462 19086785
23199463 14354042
23199464 19086786
23199465 16021673
23199466 9964364
23199467 9964366
16001983 16021676
23199468 14354048
13238757 19300955
13239464 14354052
23199469 16021687
23199470 16415590
23199471 20618905
14596841 16415591
23199472 16415592
23199473 19086787
23199474 14354053
23199475 16415595
23199476 16415596
23199477 9571415
23199478 20842483
12174570 20842484
23199479 16021704
23199480 16415600
23199481 14354060
23199482 16021801
23199483 16021803
23199484 16021805
23199485 14354088
23199486 14354089
23199487 16203507
23199488 9571424
23199489 16021810
23199490 16021812
23199491 20842511
23199492 16415634
23199493 9571425
23199494 20842513
23199495 14354091
23199496 13616231
23199497 20842531
23199498 16021893
23199499 20842539
23199500 13616235
23199501 14354118
23199502 20842543
23199503 13656360
23199504 14312389
23199505 16021899
23199506 14354119
12972976 14354121
23199507 13616239
23199508 16021952
23199509 16022012
23199510 17412531
23199511 17412532
23199512 16415673
23199513 16022021
23199514 16022023
23199515 13616273
23199516 13616275
23199169 16022156
23199517 14354186
23199518 16022169
23199519 16022174
23199520 19300962
23199521 16022176
23199522 14354188
23199523 16415709
23199524 13616289
15984614 14354190
23199525 16022186
23199526 14354233
23199527 14354234
23199528 14354236
23199529 14354240
13220425 14354245
23199530 14354289
23199531 14354346
23199532 19236117
23199533 20842798
23199534 14354368
23199535 16022465
23199536 19236118
23199537 19300968
23199538 19230213
23199539 10884681
23199540 10884683
23199541 9571496
23199542 16022470
23199543 16022477
23199544 16022481
23199545 20842817
23199546 19236119
23199547 16022483
23199548 19561410
23199549 14354372
23199550 16415802
23199551 14312431
23199552 14354434
23199553 16203558
23199554 13616346
23199555 14354437
23199556 19236122
23199557 14354438
23199558 14354493
23199559 20843034
23199560 19236129
23199561 9964425
23199562 13616359
23199563 13616360
23199564 9964427
23199565 19236130
23199566 14354499
23199567 14354500
11845945 13656385
23199568 14354513
23199569 14354567
23199570 14354568
23199571 14354569
23199572 14354570
23199573 16022652
23199574 14354572
23199575 14312443
23199576 14354583
23199577 9571541
23199578 14354586
23199579 14354592
23199580 14354667
23199581 19126662
23199582 13616392
23199583 20002865
23199584 16022701
23199585 14312450
23199586 16022704
23199587 16022706
23199588 14354672
12170825 14354673
23199589 16022758
23199590 16022760
23199591 14354717
23199592 14354719
23199593 14354720
23199594 14354722
23199595 14354724
23199596 20843118
23199597 20843119
23199598 9964463
23199599 9964465
23199600 14354725
23199601 14354730
23199602 14312453
23199603 14354749
23199604 20843183
23199605 16415920
23199606 14354804
23199607 16415922
13397602 16022840
23199608 14354810
23199609 16415924
23199610 16203589
23199611 16203591
23199612 14354812
23199613 19236154
23199614 14312460
23199615 14354816
11912235 20843194
23199616 16415925
23199617 13616416
23199618 18146947
23199619 14354829
23199620 14354889
23199621 18400623
23199622 16022934
23199623 19236161
23199624 16022936
23199625 16022940
23199626 14354898
23199627 12515771
23199628 19086853
23199629 14354928
23199630 12515772
23199631 12515773
23199632 16415978
23199633 14354931
23199634 12515775
23199635 12515776
23199636 16023101
23199637 16023123
23199638 19236169
23199639 20843263
23199640 16023129
23199641 20843266
23199642 16023131
23199643 16023136
23199644 14354998
23199645 16023236
23199646 14355002
23199647 9571642
23199648 16023240
23199649 9571643
23199650 20843294
23199651 16203614
23199652 9571645
23199653 14355005
11903211 16416026
23199654 14355011
23199655 16023269
23199656 9964496
23199657 20990379
23199658 20934960
23199659 16023353
23199660 16023355
23199661 20843345
18036227 12515796
23199662 14355068
23199663 20843386
23199664 16023423
23199665 20843388
23199666 16023426
23199667 16023428
18263462 16023430
23199668 20843395
23199669 14312481
23199670 20843401
23199671 14312484
23199672 16023532
23199673 20843486
23199674 20843487
23199675 16416057
23199676 16023534
23199677 16023542
23199678 13818163
23199679 16416060
23199680 13616487
23199681 16023631
23199682 14355160
23199683 20843548
23199684 14355164
23199685 19300993
23199686 20843549
23199687 16023716
23199688 21803501
23199689 21803502
23199690 21803506
23199691 14355224
23199692 9571671
23199693 19236224
23199694 21803516
23199695 16416123
23199696 21803517
23199697 16416125
23199698 16416126
23199699 16023825
23199700 16416170
23199701 16023944
13325322 18146951
23199702 16416172
23199703 14688141
23199704 19236233
23199705 20002909
23199706 20002910
23199707 16024098
23199708 14312517
23199709 20002942
23199710 16416246
23199711 16416253
23199712 20002951
23199713 16024144
23199714 20002952
23199715 20002954
23199716 16024160
23199717 16024162
23199718 16024168
23199719 13616585
23199720 16024259
23199721 14355331
23199722 14355333
23199723 13616586
23199724 21156944
13414741 13616588
23199725 16024290
23199726 16024380
23199727 16024402
23199728 21803544
23199729 21803545
23199730 16024404
23199731 16024415
23199732 13616612
23199733 21078752
23199734 16024423
23199735 21803547
23199736 19236259
23199737 20990394
23199738 14355437
23199739 17870400
23199740 14355439
23199741 14355442
23199742 9571721
23199743 16024590
17396581 14355445
23199744 14355446
23199745 16024594
23199746 14355447
23199747 19301018
17351283 19301019
23199748 19236280
21289936 14355449
13326163 20002969
23199749 13616640
23199750 20002972
23199751 13616653
23199752 16024713
23199753 16024722
23199754 16203717
23199755 22585083
23199756 14355513
23199757 22480850
23199758 9571746
23199759 9571748
23199760 16024826
23199761 14312597
23199762 23199763
23199764 14312598
23199765 14312601
23199766 9571752
23199767 14312605
15338285 14312606
23199768 14355544
23199769 11811334
23199770 14312611
23199771 14312614
23199772 14312616
23199773 14312619
23199774 22702712
23199775 14312669
23199776 13656593
23199777 13616701
23199778 13616702
23199779 22480872
23199780 23199781
23199782 14312677
23199783 14355559
23199784 19236298
23199785 14312678
23199786 14312679
23199787 22585093
23199788 19236301
23199789 14355573
23199790 21803571
23199791 19236303
23199792 14312791
23199793 16025006
23199794 14312796
23199795 14312798
23199796 19236305
23199797 14355596
23199798 14312801
23199799 14355599
16252452 14312804
23199800 9571775
23199801 13616788
23199802 16025175
23199803 14313041
23199804 14313063
23199805 16025193
23199806 9571817
23199807 19086911
23199808 13616791
23199809 21803577
23199810 14355665
23199811 14313071
23199812 14313072
23199813 14313073
23199814 17898098
11903448 14313075
23199815 14313076
23199816 23199817
23199818 12520570
23199819 14313077
4822830 14313082
23199820 14313084
13253622 14313098
3375127 16025215
23199821 19236317
11914756 14313100
12174571 22585110
23199822 19236325
23199823 14313253
23199824 14313258
23199825 14313259
23199826 14355715
23199827 17870408
23199828 16416398
23199829 13616850
23199830 16025353
23199831 14313274
23199832 13616856
23199833 20990413
23199834 19236328
23199835 14313285
23199836 14313287
23199837 14313289
11879459 14313290
23199838 22585114
23199839 14313293
13095218 14355718
23199840 14313299
23199841 14313302
23199842 22585115
23199843 9571840
23199844 14313303
23199845 14355726
23199846 13656659
23199847 14313341
23199848 14355754
23199849 14355774
23199850 22585138
23199851 12213592
23199852 12213594
23199853 14313401
23199854 9571863
23199855 14313408
13292610 14313410
23199856 12213598
23199857 14313411
23199858 14313412
23199859 12213602
23199860 12213608
23199861 12213612
23199862 12213614
23199863 12213616
23199864 12213620
23199865 14355781
23199866 22585139
23199867 9571866
23199868 12213627
23199869 14313415
23199870 10884709
23199871 10884711
23199872 12123026
23199873 12123051
23199874 9571870
16252439 13656679
23199875 10884719
11916958 10884729
16252430 10884731
23199876 14313422
3489969 16416418
12172531 12420701
11834957 12213640
23199877 14313424
16252448 14313426
23199878 9571871
23199879 12213642
16252434 12213644
23199880 14313434
23199881 14313435
23199882 19126771
23199883 14355787
16252441 9571874
23199884 12213652
1684157 12213656
23199885 14313441
18045498 12213662
13396206 22585142
23199886 16025534
23199887 12213666
21350668 12213671
23199888 12213673
23199889 12213677
23199890 14355828
23199891 14313541
23199892 16025716
23199893 14313544
23199894 19230222
23199895 14313551
23199896 14313554
13251382 14313558
23199897 16025735
23199898 14313560
23199899 14313567
23199900 14313571
23199901 19236353
23199902 14313572
23199903 16025744
13245679 16025746
23199904 14313576
13434800 16025758
18023485 22585156
23199905 9571917
23199906 14313585
23199907 14313590
23199908 14313591
13056017 14313592
23199909 13616942
23199910 14313597
23199911 16025767
23199912 23199913
23199914 16025956
23199915 16025958
23199916 23199917
23199918 14355870
23199919 22481015
3959082 22481017
23199920 14313725
23199921 13616957
23199922 13616958
23199923 13616959
23199924 16025966
23199925 13656724
18145242 14313727
23199926 14313730
23199927 14355877
23199928 14355878
23199929 21078767
12170045 14355879
23199930 23199931
23199932 14355880
23199736 13616961
23199933 19086938
23199934 14355882
3909774 19236370
23199935 13616962
3890034 14355883
23199936 16025983
3903875 14355885
23199937 19086939
23199938 14355888
23199939 16025993
11910562 14313737
13091149 14313973
13095575 23199940
23199941 14314002
23199942 14314003
23199943 16026257
23199944 20990440
23199945 14314009
23199946 14314010
23199947 14314013
23199948 20935006
23199949 14314017
23199950 19236383
23199951 20935007
23199952 16026272
17355940 16026275
23199953 9571956
23199954 19086944
23199955 19301055
23199956 14314025
23199957 14314026
23199958 16026283
23199959 16026285
23199960 23199961
23199962 22702753
23199963 21078838
23199964 14314029
23199965 23199966
23199967 22585184
23199968 23199969
23199970 14314032
23199971 23199972
23199973 13617003
23199974 13656790
23199975 13656792
23199976 14314125
23199977 13617033
23199978 14314129
23199979 14314132
23199980 22585197
23199981 14314136
23199982 14314142
23199983 23199984
23199985 16026409
23199986 13656824
23199987 16026593
23199988 13656825
23199989 13656826
23199990 13656827
23199991 9572002
23199992 22585222
23199993 14356034
23199994 16026597
23199995 14314234
23199996 14314237
23199997 19126799
23199998 14314241
18054177 14314253
12163187 14314254
23199999 14314262
23200000 13656868
23200001 9964818
23200002 9964820
23200003 9964822
23200004 11811363
23200005 9964824
23200006 16026792
23200007 19236428
23200008 16026794
23200009 23200010
23200011 14314366
23200012 14314367
23200013 22702769
23200014 14314369
23200015 16026805
23200016 16026823
23200017 16026828
23200018 16026834
23200019 16026839
23200020 16026845
23200021 23200022
12994517 14314373
23200023 14356077
23200024 23200025
23200026 16027147
23200027 23200028
23200029 22585288
23200030 9572044
23200031 16027154
23200032 16027157
23200033 19236470
23200034 16027159
23200035 22585289
23200036 16027163
23200037 16027165
23200038 23200039
23200040 16027169
23200041 16027175
23200042 16027177
23200043 19236471
12925523 16027179
23200044 16027184
23200045 16027186
23200046 14356143
23200047 19236472
23200048 13656927
23200049 22585291
23200050 13656928
23200051 14356145
23200052 9572045
23200053 19236474
23200054 16027195
23200055 16027197
23200056 16027199
23200057 14356149
23200058 21560604
23200059 21078862
23200060 13617102
14757666 16027205
23200061 16027207
13376719 14356151
11888121 22481136
23200062 19236475
23200063 22481137
23200064 19301095
23200065 23200066
23200067 9964952
23200068 9964954
23200069 22585338
23200070 9964956
23200071 19236514
23200072 19301101
23200073 16027494
23200074 9964958
23200075 9964960
23200076 9964962
23200077 9964966
23200078 9964970
23200079 13656953
23200080 9964972
23200081 16027508
23200082 16027510
23200083 21156989
23200084 19236515
23200085 13617182
23200086 13617185
23200087 13617187
23200088 13617188
23200089 16027516
23200090 19561483
23200091 21078864
23200092 19087000
23200093 23200094
23200095 16027519
23200096 16027524
23200097 23200098
23200099 19236516
23200100 16027526
23200101 16027528
23200102 23200103
23200104 19126825
23200105 14356213
23200106 23200107
13581243 14356219
23200108 16027586
11904802 16027590
23200109 16027592
13457144 16027594
23200110 16027598
23200111 16027611
23200112 13617195
23200113 22702808
23200114 14356264
23200115 16027805
23200116 19236534
23200117 22585356
23200118 16027832
23200119 12520605
23200120 16027834
23200121 23200122
23200123 16027841
23200124 16027845
23200125 13617205
12162757 20619343
23200126 9572075
23200127 16027862
13424564 16027868
13039697 16027870
11870105 19087005
18092689 16027879
13057544 16027881
13251114 16027884
23200128 14356274
13056351 19126831
23200129 13656987
23200130 20619380
23200131 18396951
23200132 16811398
23200133 21156996
23200134 19236585
23200135 16203929
23200136 22702815
23199619 22585376
23200137 22702816
23200138 19236587
23200139 21560605
23200140 12515885
23200141 9572103
23200142 19301112
23200143 19236589
23200144 21156997
23200145 19301113
23200146 9572106
23200147 19087015
23200148 20990499
23200149 20990500
23200150 16028090
23200151 22585378
16252423 16028092
13219490 19236591
23200152 14356354
23200153 20619817
23200154 14314420
23200155 14356355
18102666 14314421
18062295 14356356
23200156 14314422
23200157 19236618
23200158 20619825
23200159 9572132
23200160 23200161
23200162 20619827
23200163 14356358
23200164 14314427
23200165 19126849
23200166 22702820
23200167 22585390
23200168 22585391
23200169 14356362
23200170 19126851
11904673 20990503
16809249 14314431
13574664 14314432
23200171 14356364
12911047 20619843
13387924 14314435
12880148 20619847
13519400 14314436
23200172 21803586
23200173 14314452
23200174 20619860
23200175 14314453
23200176 13617228
23200177 12213877
23200178 16028418
23200179 22585401
23200180 12213892
23200181 13617251
23200182 22585403
23200183 13657076
23200184 23200185
23200186 19236657
23200187 21157006
23200188 13657084
23200189 12213915
23200190 14314662
23200191 12213917
23200192 14356454
23200193 9965084
23200194 14356456
23200195 23200196
23200197 14314663
23200198 9965092
23200199 17870860
23200200 16028466
23200201 19236658
23200202 9965098
23200203 18396975
23200204 16203979
23200205 14314665
13066349 21157007
23200206 19236661
23200207 14314666
23200208 19301131
23200209 22585410
23200210 21157008
13285606 22585411
23200211 14356461
23200212 12213931
23200213 19236663
23200214 22585412
23200215 22585413
23200216 16028472
23200217 16028474
23200218 14314670
13041872 19236665
12171330 12213936
23200219 22585414
23200220 23200221
23200222 14356468
23200223 14356474
23200224 23200225
23200226 14356478
23200227 14314681
23200228 16028554
23200229 16028556
23200230 23200231
23200232 16028568
23200233 16028574
23200234 22585430
23200235 21803632
23200236 9965200
23200237 20935085
23200238 9965206
23200239 16028594
11896595 19126883
11877444 18396986
23200240 12515904
13610236 16028637
13610182 21803645
13610240 14624262
23200241 14314781
23200242 14314791
23200243 13657163
23200244 19236732
23200245 14314793
23200246 13657164
23200247 13657165
23200248 18396995
23200249 22702848
23200250 13657166
23200251 16028979
23200252 19087052
23200253 14356618
17403603 9572304
23200254 9572305
23200255 13657167
23200256 19236733
23200257 9572306
23200258 14314795
23200259 21166988
23200260 14356619
17355311 19236734
23200261 23200262
23200263 14314796
23200264 13617286
23200265 19126897
23200266 17870881
23200267 14314797
23200268 23200269
23200270 14314798
23200271 13657170
23200272 23200273
23200274 23200275
23200276 14356621
23200277 14356623
23200278 20990523
23200279 16028982
11802102 22585473
23200280 22585474
23200281 13657173
23200282 23200283
23200284 14356625
23200285 23200286
23200287 14356626
23200288 22585475
23200289 22585476
23200290 14314801
23200291 17870884
23200292 14356627
23200293 13657175
23200294 22585481
23200295 9572311
23200296 19087053
23200297 22585483
13367698 13657178
23200298 22702853
23200299 16028988
23200300 14314806
23200301 22585484
23200302 22585485
23200303 16028990
15338282 14314807
23200304 22585486
23200305 19301148
13004904 21803659
23200306 9572314
11876986 21157018
12172911 22585488
23200307 14314811
23200308 13657181
23200309 19236738
23200310 19236739
23200311 14356637
23200312 23200313
23200314 14688432
23200315 9965332
23200316 13657183
23200317 21803660
23200318 21803661
23200319 23200320
14568446 17870888
23200321 22585493
23200322 14314858
23200323 14356667
23200324 19126920
23200325 13617313
23200326 22585523
13409056 19236787
23200327 21803696
23200328 16204028
23200329 21803704
23200330 21803705
23200331 13657216
23200332 23200333
23200334 21803710
23200335 13617319
23200336 21803711
23200337 14356677
23200338 20810109
23200339 14314864
23200340 19236795
14589598 18397011
23200341 22585525
23200342 19087064
23200343 14356680
23200344 19301161
13210618 23200345
23200346 21803716
23200347 21157026
23200348 16029007
23200349 21803718
23200350 13617326
23200351 23200352
23200353 23200354
23200355 13657263
23200356 22585567
23200357 14314908
23200358 19301179
23200359 13657265
23200360 14314910
23200361 14356754
23200362 14356755
23200363 14314912
23200364 14314914
23200365 14314916
23200366 14314918
23200367 23200368
23200369 19236844
23200370 13657268
23200371 19301180
23200372 22585571
23200373 23200374
23200375 22702879
23200376 20057334
23200377 13657273
23200378 13617363
23200379 16029036
23200380 23200381
23200382 19561519
23200383 9572518
23200384 17412615
23200385 22702881
23200386 22702883
23200387 22585576
23200388 22585577
23200389 22702885
23200390 14356761
23200391 23200392
23200393 20057335
23200394 20990553
23200395 11811405
23200396 13657277
23200397 9572520
23200398 9572521
12154067 14314921
12989177 20620395
23200399 23200400
13509208 21803763
12885988 23200401
23200402 19236852
23200403 23200404
23200405 21803764
23200406 19126935
1701123 16029046
23200407 16029048
23200408 11811407
23200409 20990554
23200410 18400741
23200411 14356798
23200412 23200413
21417015 14356834
23200414 23200415
13233692 9965572
23200416 9965576
23200417 14314961
23200418 21157042
23200419 20990560
23200420 23200421
23200422 19236900
23200423 20935136
23200424 9965578
23200425 9965580
23200426 9965582
23200427 23200428
23200429 13657320
23200430 23200431
23200432 19236905
23200433 21803794
23200434 14314963
23200435 22585608
23200436 21803795
17012790 23200437
23200438 20990562
23200439 19087079
23200440 22585610
23200441 13617391
23200442 22585611
23200443 19236917
23200444 9965586
23200445 9965588
23200446 14356911
23200447 18146996
23200448 20990577
23200449 13617411
23200450 20990578
23200451 14356923
23200452 19236963
23200453 13617412
23200454 23200455
23200456 20990580
23200457 14356924
23200458 16029349
23200459 16029352
23200460 19087095
23200461 13657376
23200462 19236964
23200463 19126970
23200464 19087096
23200465 21803837
23200466 16029357
23200467 19087098
23200468 22585651
23200469 23200470
23200471 19087099
23200472 14315033
23200473 18146998
23200474 19087100
23200475 18146999
12162670 16029365
23200476 17898141
23200477 21803839
23200478 14356930
23200479 19087106
23200480 19087108
23200481 17898146
23200482 19236967
23200483 14315042
23200484 14356940
23200485 19236968
23200486 16029384
23200487 17898149
23200488 16029386
23200489 16029388
23200490 13617414
23200491 13617415
23200492 14315045
23200493 9572828
23200494 19087111
23200495 14315046
23200496 9572829
23200497 14315048
23200498 14356948
23200499 19236969
23200500 14315052
23200501 14356949
23200502 9572830
23200503 14315056
23200504 14356950
23200505 14315058
23200506 13657381
23200507 14315059
23200508 16029401
23200509 14315061
12960197 17898155
23200510 14315066
23200511 14315067
23200512 14356952
13485224 14315070
23200513 13617418
17211074 14315072
3740538 16029408
23200514 13617422
11882098 20620650
23200515 14315091
23200516 16029429
23200517 16029432
13312538 14356960
23200518 13657397
23200519 22585667
23200520 9572972
23200521 14315205
23200522 21803857
23200523 16029746
23200524 20621236
23200525 21803858
23200526 14315206
23200527 22481394
23200528 23200529
23200530 14315208
23200531 16029750
23200532 14315210
23200533 19237020
23200534 20621244
23200535 22585669
23200536 16029756
23200537 14315213
23200538 14357097
23200539 16204087
23200540 16029758
23200541 19301230
23200542 13657442
23200543 20621254
23200544 9572989
23200545 14357098
23200546 14315216
23200547 16029763
23200548 16029765
23200549 14357101
23200550 16204088
23200551 16204089
23200552 16029768
23200553 19237023
23200554 13652105
23200555 18397043
23200556 16029771
23200557 14315217
23200558 16204091
23200559 14315218
23200560 19237024
23200561 20990593
23200562 22702916
23200563 16029776
23200564 20990594
23200565 13657443
23200566 21157058
23200567 16029778
23200568 19087171
23200569 19087172
23200570 22702917
23200571 20621277
23200572 14315220
23200573 20621279
23200574 21803860
23200575 13657446
23200576 13657447
23200577 13657448
23200578 16029781
23200579 23200580
13206923 16029786
13242931 14315221
23200581 19087174
23200582 13657449
23200583 20621286
23200584 13657451
12965739 9573011
23200585 16029789
23200586 21803861
23200587 9573016
23200588 14315222
23200589 14315223
23200590 9573020
23200591 20621298
23200592 12214144
23200593 20990598
13173228 16029956
23200594 19237056
23200595 19126995
23200596 22585690
23200597 19237057
23200598 16029989
23200599 21803871
23200600 16029991
23200601 13657489
23200602 16029993
23200603 19237060
17024077 22585692
23200604 14357175
23200605 19087214
23200606 16030006
23200607 23200608
23200609 19237061
23200610 19087215
23200611 22702925
23200612 16030009
23200613 21803873
23200614 14357177
23200615 13657490
23200616 21560624
23200617 22585695
23200618 21803874
23200619 10884854
17361333 10884864
23200620 13657492
23200621 16030021
13388929 20621564
23200622 22585696
23200623 16030025
11882417 16030027
12173261 14315268
23200624 19237062
11800025 16030037
23200625 16030039
23200626 9573210
23200627 21803878
23200628 23200629
13606112 19237090
23200630 13657521
23200631 13657525
13426944 23200632
23200633 23200634
23200635 20990600
23200636 22481445
23200637 19237091
23200638 14357213
23200639 9573347
23200640 14315313
23200641 13657526
23200642 18147012
13532846 16204119
23200643 12123588
23200644 12123602
23200645 20935166
23200646 16030196
23200647 16030201
23200648 14315319
23200649 16030208
23200650 19301256
23200651 16030213
23200652 9573399
23200653 20621734
23200654 19301258
23200655 14357246
23200656 16030353
23200657 16030413
23200658 23200659
13496955 19087238
23200660 23200661
23200662 16030416
23200663 14315383
23200664 9573528
23200665 23200666
23200667 22481493
23200668 16030418
23200669 16030420
23200670 20990617
23200671 19237130
23200672 14315388
23200673 16030433
23200674 22585735
23200675 23200676
23200677 23200678
23200679 19127012
2708642 19237135
13157061 13657562
13557341 21157068
12924834 22585740
23200680 18397069
23200681 19237137
23200682 23200683
23200684 19237142
23200685 21030632
23200686 16030626
23200687 9573637
23200688 20990630
23200689 9573638
23200690 23200691
23200692 16030675
23200693 16030677
23200694 23200695
23200696 21803967
23200697 16030679
23200698 19127025
23200699 22585767
23200700 16030683
23200701 21803968
23200702 14315436
23200703 14315437
23200704 21803969
11914839 13657590
23200705 23200706
18146601 19237172
23200707 16030689
23200708 20990631
23200709 21803970
23200710 13657591
23200711 9573644
23200712 13657593
23200713 14357315
23200714 19237175
23200715 14625878
23200716 19237176
23200717 23200718
23200719 16030694
23200720 21803971
23200721 21157080
23200722 21157081
23200723 21157082
23200724 19237177
23200725 19237178
23200726 14315441
23200727 16030696
23200728 22585768
23200729 13657595
23200730 13657596
23200731 16030698
23200732 16030700
11901303 20935180
23200733 21803972
23200734 21157085
23200735 14315443
13332062 21157088
23200736 16030708
13115545 19237179
3486775 21803973
23200737 20057351
23200738 14357318
23200739 14357319
23200740 21803974
3486631 9573654
23200741 21803976
23200742 21803978
23200743 20935181
23200744 16172381
23200745 23200746
23200747 20990652
23200748 23200749
23200750 16030763
23200751 14315476
11913911 14315482
23200752 22585802
11912194 19237218
23200753 22585804
23200754 14315483
23200755 16204175
23200756 14315484
23200757 13657622
23200758 20990658
16514491 23200759
23200760 16030779
23200622 19237222
19087209 14315489
12902334 19301286
23200761 14315490
23200762 13657626
23200763 19237235
23200764 14315511
23200765 16030840
23200766 22585825
23200767 22585826
23200768 17870959
23200769 14315514
23200770 14315515
23200771 16030844
15998123 21804022
23200772 21157096
23200773 21804023
23200774 16030847
23200775 13657648
23200776 22585843
23200777 10848726
23200778 10848727
23200779 10848740
23200780 10848742
23200781 9573842
23200782 10848748
23200783 10848751
23200784 10848752
23200785 10848760
23200786 22585867
23200787 20621940
23200788 10848771
23200789 10848772
23200790 10848774
23200791 10848777
13551883 10848780
13311686 10848783
23200792 9573851
11913987 23200793
13307852 10848802
23200794 10848808
23200795 22585868
23200796 10848875
23200797 10848979
23200798 10848981
23200799 21804072
18145409 14315639
23200800 14315640
23200801 10848993
12914878 16031000
16252433 14357410
23200802 16031002
12940762 10849000
12940964 10849003
18074337 14315647
14559913 10849006
23200803 10849009
23200804 10849011
23200805 10849012
11882543 10849013
23200806 10849022
11912194 20622030
15836970 22702974
23200807 9573886
23200808 10849187
23200809 16031032
23200810 10849193
23200811 10849194
23200812 10849195
23200813 23200814
23200815 10849197
23200816 20622146
23200817 10849206
23200818 19087291
23200819 10849212
23200820 10849213
23200821 20910938
23200822 10849217
11870106 20622160
23200823 21804082
23200824 10849219
12155773 10849221
23200825 9573904
23200826 10849415
23200827 10849422
23200828 10849430
23200829 10849431
16012963 9573925
23200830 10849433
23200831 10849435
23200832 10849439
23200833 10849440
23200834 10849442
23200835 21804083
23200836 10849445
23200837 10849446
23200838 10849450
13404085 10849452
19914719 10849453
12941675 10849454
23200839 10849455
23200840 22702977
23200841 9573927
13227833 10849465
23200842 10849466
23200843 10849467
23200844 10849471
23200845 10849473
23200846 10849533
23200847 10849745
23200848 10849746
23200849 19127064
23200850 14357458
23200851 10849752
23200852 19301327
23200853 23200854
23200855 16031135
23200856 16172566
23200857 10849758
23200858 10849759
23200859 10849760
23200860 19301329
23200861 10849761
23200862 10849762
23200863 16031141
23200864 10849764
23200865 10849765
23200866 10849770
23200867 10849771
23200868 10849780
23200869 10849781
23200870 19237323
23200871 16172569
23200872 10849786
23200873 10849787
23200874 10849793
23200875 10849802
23200876 10849804
12154103 10849806
23200877 10849807
23200878 10849810
23200879 10849811
23200880 10849812
23200881 10849822
23200882 10849824
23200883 10849834
23200884 10850047
23200885 10850057
23200886 10850064
23200887 9574009
23200888 12520717
23200889 12520719
23200890 12520722
23200891 9574011
23200892 12520730
2646923 12520732
12868890 12520738
12898405 10850069
12884018 10850070
23200893 12520743
12896710 12520745
23200894 10850073
23200895 22585896
23200896 10850215
23200897 16031342
23200898 10850217
23200899 10850218
23200900 22585908
23200901 14315818
23200902 22585911
23200903 21804118
23200904 14357492
23200905 16204263
23200906 14315821
23200907 10850223
23200908 14315822
23200909 21157108
23200910 14315824
23200911 21157109
23200912 14315825
23200913 14315829
23200914 14315831
23200915 22585912
3950701 10850229
23200916 10850230
23200917 14315839
23200918 14357497
23200919 16031351
23200920 14357499
23200921 22585914
23200922 14315840
23200923 14315841
23200924 19237352
23200925 14315842
23200926 14315844
23200927 14315849
23200928 22585916
23200929 14315859
23200930 21030672
11832186 16031357
23200931 16031359
23200932 14315862
23200933 13657817
23200934 14315864
23200935 13819912
23200936 18397121
23200937 18397122
23200938 19467250
23200939 14315866
23176050 20935214
23200940 19127071
23200941 14315873
23200942 19237362
23200943 14315882
23200944 23200945
23200946 18397126
13403785 16031375
23200947 16031377
23200948 14315885
1967596 16031382
23200949 16031395
23200950 12520835
23200951 14316016
23200952 9965941
23200953 13657840
23200954 9965947
23200955 9965950
23200956 16031560
23200957 14316019
23200958 16031566
23200959 16031568
23200960 14316020
23200961 14316021
23200962 14316022
23200963 9965958
23200964 14316024
23200965 19237385
23200966 13657845
23200967 16031587
23200968 16031592
23200969 16031596
23200970 13657850
23200971 14316027
11835106 16031605
18090971 13657851
18145003 13657853
23200972 16031615
23200973 16031631
23200974 19237395
23200975 23200976
23200977 19237396
23200978 19127099
23200979 16172641
23200980 9574156
23200981 19237397
23200982 13657871
23200983 23200984
23200985 19237398
23200986 19237399
23200987 13657872
23200988 14316105
23200989 23200990
23200991 9574157
23200992 20935230
23200993 20990705
23200994 20935231
23200995 23200996
23200997 14357577
23200998 22585953
23200999 22585954
23201000 18397142
13205817 20935232
23201001 13657873
23201002 22585955
23201003 13657874
23201004 22703001
23201005 13657877
23201006 22703002
82426 16031805
80178 9574164
13280638 19301342
13386785 13657879
12877783 14316108
23201007 16031810
23201008 9966014
12154105 14316113
23201009 14316114
23201010 9966020
13206528 21804123
18061942 22585956
23201011 22585959
23201012 14316121
23201013 21157115
23201014 14316180
23201015 19237413
23201016 19237421
23201017 13657897
23201018 14316242
23201019 21804126
23201020 17870996
23201021 14316249
23201022 13818238
23201023 14316258
12868321 13678760
11860451 14357643
23201024 16031948
13318323 13657902
23201025 9574198
23201026 16031953
12890893 14357651
23201027 16032034
23199287 12515943
23201028 13657925
23201029 23201030
23201031 19237439
23201032 14316360
23201033 16032228
23201034 19237443
23201035 14357755
23201036 19237447
23201037 14357763
23201038 23201039
23201040 14316454
2646923 14316485
23201041 16032562
23201042 18397172
23201043 14316738
23201044 14316748
23201045 14316773
23201046 14316801
23201047 14316802
23201048 16033031
23201049 16033104
23201050 14316882
23201051 14316893
23201052 16033301
2646923 14358086
23201053 22586063
23201054 16204348
23201055 21804158
23201056 13658130
23201057 14358117
23200442 9574498
23175775 14358164
23201058 19301381
23201059 14358178
23201060 22748882
23201061 14317120
23201062 14317174
23201063 14317229
23201064 14317254
23201065 12214309
23201066 12420881
23201067 10884935
23201068 10884941
23201069 12420906
23201070 12214394
23201071 13658234
23201072 13658235
23201073 20624576
23201074 12214472
23201075 12214491
23201076 14317319
23201077 10884991
23201078 12214511
18030066 14358312
23201079 14317324
23201080 12214513
23201081 14317325
23201082 20624653
23201083 14317326
23201084 20624655
23201085 12214515
23201086 14358313
13527441 12214518
23201087 12214520
14593561 14317327
23201088 12214522
23201089 16033977
23201090 12214524
23201091 18397226
17354582 12214526
23201092 20624668
23201093 14317330
23201094 14317331
23201095 13819962
23201096 19301394
23201097 14317333
23201031 12214540
23201098 19087357
23201032 12214542
23201099 12214544
23201100 14317335
23201101 13658243
23201033 19087359
23201102 19237641
23201103 12214552
23201034 14317338
23201104 14317339
23201105 13658244
23201106 20624697
14592204 9574609
23201035 19237643
23201036 14317346
23201107 14317350
16809244 9574611
23201108 13658245
23201109 16033997
23201110 19237644
17382339 14317351
23201111 14317354
23201112 14317355
21415516 14358320
23201113 14358321
23201114 16034000
18145457 14317356
23201115 19237646
23201116 14358323
23201117 14358324
23201118 14358326
23201119 16034007
18054339 10885002
23201040 10885004
23201120 10885006
12958177 10885010
23201121 20624743
23201122 14358328
23201123 19127202
23201124 14317362
23201125 14358332
23201126 9574615
23201127 14317365
23201128 13658248
23201129 14358333
13202349 14317367
23201130 20624767
23201131 16034026
23201042 19237648
16438246 14317376
23201132 21560646
11880743 14317377
23201133 16034032
23201134 14358334
23201135 20624779
23201136 16034039
23201137 13819964
23201138 14317379
23201139 14358336
23201140 16034056
23201141 13658252
23201142 16034060
23201143 16034062
23201144 14317383
23201145 13658253
23201047 13658254
23201146 14358339
23201147 16034069
23201148 16034073
23201149 16034075
23201150 16034079
23201151 14358340
23201152 16034084
18145063 16034086
23201153 16034088
17371216 16034090
23201154 16034093
23201155 16034097
23201156 14317386
23201157 14358341
18059546 13658256
23201158 13658257
23201159 14358343
23201160 13658258
23201161 10885015
23201162 10885017
23201163 10885019
23201164 10885023
23201165 9574620
23201166 14317387
23201167 13658259
18145283 9574622
23201168 14317388
18244127 14317389
23201169 16034124
23201170 20935280
23201171 19301395
23201172 14317390
23201173 21804192
23201174 21804193
23201175 9574624
23201045 14317391
17399580 21804195
23201176 21804196
23201177 14317394
23201178 23201179
23201048 14317397
23201180 14317398
23201181 14317402
1646576 18147044
23201182 22703068
23201183 19237650
18144558 14358345
23201184 16034138
5020232 16034140
18145378 16034142
23201185 14358347
23201186 14358349
23201187 16034146
23201188 16034148
23201189 16034155
23201190 14317404
23201191 16034158
23201192 14317406
23201193 13658260
23201194 16034163
23201051 14317407
23201053 14317413
23201195 16034180
23201196 16034184
23201197 14317416
23201198 16034196
23201199 14358353
23201200 16034203
23201201 16034207
23201202 18147045
23201203 14358354
23201204 10885029
23201054 10885031
23201205 10885033
23201206 10885035
23201207 10885037
23201055 9574626
23201208 10885040
23201209 10885042
23201210 10885048
23201056 14358356
23201057 9574628
23201211 16034228
13363956 18147046
23201212 9574632
23201213 14358360
23201214 14317426
23201215 16034246
23201216 16034248
23201217 16034259
23201218 13658263
23201219 14358369
23201220 14358370
18054067 14358371
23201221 14317436
23201222 16034267
23201223 19087370
23201224 14358375
2099974 14358380
23201225 14358383
17399108 14358384
23201226 19237653
23201227 14358387
23201228 14358389
23201229 14317448
23201230 16034285
23201231 16034287
23201232 14317449
23201233 18397233
23201234 16034295
23201235 13658265
23201236 13658266
23201237 13658267
23201238 16034302
23201239 22703070
23201240 13658268
23201241 13658269
23201242 16034306
23201064 16034308
23201065 14358394
23201066 14358395
23201067 20935281
23201243 20935282
23201068 19237654
23201244 19087375
23201245 14317454
23201246 19127204
23201247 16034311
23201248 14358396
23201249 20624811
23201250 22586119
23201251 23201252
23201253 16034320
23201254 13658273
23201255 9574654
23201256 16204380
23201257 16034349
23201258 13819970
23201259 13658283
23201260 13658289
23201261 16034431
23201262 16034449
23201263 12214583
23201264 12214585
23201265 14358435
23201266 18397244
23201267 13658300
23201268 13658303
23201269 14317563
23201270 16034580
23201271 20625073
23201272 23201273
23201274 16034596
23201275 14317614
23201276 18397250
23201277 14317622
23201278 13658318
23201279 20625197
23201280 19087397
23201281 19237688
23201282 19127213
23199168 23201283
23201284 14358492
23201285 19087413
23201286 16034774
23201287 14317666
23201288 14317678
23201289 14317687
23201290 14317689
23201291 12520850
12980201 14317692
23201292 14317694
23201293 13658350
23201294 14317703
23201295 19237699
23201296 14358516
23201297 23201298
23201299 22586139
23201300 19087433
23201301 20625435
23201302 14317729
23201303 20625463
23201304 19087434
23201305 19087435
18146091 14317769
23201306 13658361
23201307 16034840
23201308 12214877
23201309 20935293
23201310 14358532
23201311 12214894
23201312 19237716
23201313 14317804
23201314 16034942
23201315 9574850
23201316 16034961
23201317 22586151
23201318 14317841
23201319 14358575
23201320 16035046
23201321 18397292
23201322 13819983
23201323 18397293
23201324 16172934
23201325 19087456
23201326 14317880
23201327 20990754
23201328 12214970
23201329 14358605
23201330 19473220
23201331 14317914
18145209 23201332
23201333 19301415
23201334 12215019
23201335 12215027
23201336 19473466
23201337 19473487
23201338 12515995
23201339 9574910
23201340 12215112
23201341 12215116
23199357 14317987
11854628 16035406
23201342 19473942
5018581 12215194
13583393 16035458
23201343 19474054
23201344 14318086
23201345 19474115
23201346 14318110
16252392 14318112
23199480 12215251
23201347 19237768
23201348 14318131
13058618 13658510
23199287 12215265
16252429 19561658
23201349 13658517
23201350 16035558
23201351 9574991
23201352 14318151
23201190 19237775
23201353 22586162
23201354 16035566
13323200 22703086
23201355 16173011
23201356 14318161
17355894 21804238
23201357 12215304
16252458 12215312
23201358 23201359
23201360 21157150
23201361 14358781
23201362 16035650
23201363 16035716
23201364 14318232
23201365 16035735
11909059 22586174
23201366 14318252
23201367 23201368
23201369 19237789
23201370 14358793
5023017 19237790
3888383 9575026
5027347 21157151
1815104 16035760
5019077 14358798
4180047 9575027
5016279 22703093
5018575 19237792
4042231 14318275
5023013 21804248
1724024 14358800
80234 14358802
5019081 19237793
5019075 14358803
1695827 14318276
5020277 14318278
5023019 16035766
2719506 14318279
1986660 16035769
5018543 13658547
2598632 19237794
5015215 21804249
2592369 19237795
5026867 19237796
1641402 14318281
5018584 19127257
82193 16035774
5018549 23201371
4071987 16035777
5017743 16035779
5018553 14318284
5026160 22703094
5018518 21157153
2598670 14318286
83656 16035781
5022373 16035785
5018589 14318287
2598638 14318288
5019072 14318291
82518 13820007
5018597 19127258
5022376 23201372
1724836 23201373
82710 14318294
78239 16035794
5018592 14318295
4092937 14318298
5026162 14318300
11927721 14318303
2598642 9575038
4865411 16035800
5023779 14318304
5017240 14318307
1695780 16035804
5018563 14318310
2753420 14318311
4254532 21804251
5018547 16035807
76978 14318315
4153303 14318316
5018599 13818258
5018535 23201374
2652031 16173045
5018595 14318319
5018573 16035812
80158 14318321
1720088 16173050
2721723 14318323
5016283 14358807
4731840 23201375
5018573 14358808
2720734 20990763
2598482 19237801
2598969 23201376
2742695 19237803
5018538 9575041
5018567 19237804
3903689 14318327
23199393 14318338
23201377 14318345
23201378 14318375
23201379 22586187
23201380 12215402
23201381 19237817
2598752 20990769
23201382 16035968
23201383 12215424
23201384 9575060
12456715 22703103
23201385 23201386
23201387 22703104
23201388 19237821
23201389 19237822
23201390 16173092
18144897 16173096
23201391 14318461
23201392 22703105
16252449 16036046
23201393 22586196
23201394 16036164
23201395 16173146
23201396 14358893
23201397 16036268
23201398 18400889
23201399 12215675
23201400 12215708
23201401 19087518
23201402 12215722
23201403 12215724
23201404 16036309
23201405 18400890
23201406 9575128
23201407 16173203
23201408 9575131
23201409 12215819
23201410 9575141
23201411 14318609
23201412 14318610
23201413 20625774
23201414 22586208
23201415 16173215
23201416 16036333
23201417 20625781
23201418 19237857
23201419 12215824
23201420 16036354
23201421 16036357
23201422 14318623
23201423 14318630
23201424 12215835
23201425 16173240
23201426 13658595
23199216 12215839
16232255 16036370
23201427 14358971
23201428 16036391
23201429 18397416
23201430 16036407
18075200 19087556
23201431 20625923
23201432 14358979
23201433 13658598
23201434 20625948
23201435 12215903
12149503 12215914
23201436 16173280
16013798 22586212
23199617 14318696
23201437 20625983
23201438 21560649
23201439 20625989
23201440 14318701
23201441 16036470
16252424 16036472
23201442 18397421
23201443 16173286
23201444 16204469
23201445 16173292
23201446 20626008
23201447 14318703
23201448 19237871
23201449 13678803
23201450 14358997
23201451 14318712
23201452 14318714
23201453 16036504
5015108 14318729
15837824 20626052
1951292 14359003
5018577 20626060
23201454 14318737
23201455 23201456
23201457 20626096
23201458 16173320
23201459 19237876
23201460 16036543
16252457 22703113
23201461 14318761
16252370 14359024
23201462 16204473
23201463 16036571
23201464 20626157
23201465 14318777
23201466 16036575
12873675 14318779
23201467 14359029
13226818 20626163
23200819 14318780
23201468 9966535
23201469 16036599
23201470 16036603
23201471 14318784
23201472 16036616
23201473 14318786
23201474 16036619
23199510 14359035
23201475 14359037
23201476 16036632
23201477 16173346
23201478 14318793
23201479 14318795
23201480 14318796
17390116 16036653
23201481 20626202
23201482 20626204
23201483 16036665
23201484 20626209
23201485 16036667
23201486 16036671
23201487 14318818
23201488 16036679
23201489 16036682
15323674 16036685
23201490 19237884
23201491 13658610
23201492 14318839
23201493 16036709
11917434 14318845
23201494 16036737
23201495 20626276
23201496 16036745
23201497 16036747
23201498 23201499
23201500 16036756
23201501 16036758
23201502 12516002
23201503 14318854
23201504 14359055
23201505 14318864
23201506 14318872
23201507 16036823
23201508 16036834
23201509 14359062
23201510 16036865
23201511 16036879
23201512 16036881
23201513 16036885
23201514 14318905
23201515 14318907
23201516 14318910
23201517 14318915
23201518 16036918
23201519 14318925
23201520 14359073
23201521 14318935
23201522 14359075
23201523 14318936
23201524 14318937
23201525 14359078
23201526 16036957
23201527 16036959
23201528 16036961
23201529 14359080
23201530 14318938
23201531 14359081
23201532 14318939
23201533 16036977
23201534 16036979
23201535 14318941
23201536 14318942
23201537 18400900
23201538 16036981
23201539 14318946
23201540 14689605
23201541 20626417
23201542 14359086
23201543 14318948
23201544 13658621
23201545 18397447
23201546 12215932
23201547 14318951
23201548 9575243
23199248 12215940
23201549 19237890
23201550 19237894
23201551 14318958
23201552 19237900
23201553 23201554
23201555 20626512
23201556 9575252
23201557 12215974
23201558 14318970
23201559 20626520
23201560 14318971
23201561 14318972
23201562 13658624
23201563 14318977
23201564 14318978
23201565 14359105
23201566 12215986
23201567 13818263
23201568 14359106
23201569 12215990
23201570 12215996
23201571 14359109
23201572 9575264
23201573 12215999
23201574 12216003
23201575 12216005
23201576 12216007
23201577 14318986
23201578 16037052
23201579 16037054
23201580 16037057
23201581 12216013
23201582 14318988
23201583 14318990
23201584 14318994
23201585 14359114
23201586 12216022
23201587 12216024
23200516 16037063
23201588 12216033
21417344 19087593
23201589 12216035
23201590 12216037
23201591 12216039
23201592 20626562
23201593 20626564
23201594 14318998
23201595 12216047
23201596 23201597
23201598 20626568
23201599 20626570
23200658 14319000
23201600 13658627
23201601 22703116
23201602 20626572
23201603 16204489
23201604 16037072
23201605 14359117
23199318 12216060
23200519 14319010
23201606 17871115
23201607 14319014
23201608 9575278
23201609 12216086
23201610 18397451
23200384 21030764
23201611 18397452
23201612 18397453
23199296 9575280
23201613 19237907
23201614 14319016
23201615 12216087
23201616 12216089
23200385 14319018
23201617 16037113
23201618 14359130
23201619 14359131
23201620 14319020
23201621 12216091
13350885 16037116
23201622 14359134
23201296 18397454
23200755 12516005
23201623 12516006
23201624 12516007
23200488 12216093
23201625 14319022
23200459 12516009
18146355 14359135
23201626 20626635
23201627 14319023
23201628 14319025
23201629 12216095
23201630 12216097
23201631 14319028
13531964 19237909
23200507 19237910
23201632 14359137
23200104 14359138
23201633 14359139
23201634 14359140
23201635 12216101
23201636 20626653
23199277 19561676
23201637 13820033
23201638 14359142
23199281 14319032
23201639 14319034
23201640 20626660
23200457 14359144
23201641 9575281
23201642 19237911
23201643 14359147
23199762 20935332
23201644 20626670
23200643 22586221
23201645 18397457
18146043 9575282
23199291 14319039
23201646 14319041
12992465 14319042
23201647 14319044
23200102 22703118
23201648 14319049
23201649 9575286
23199272 14359148
23201650 20626681
23201651 9575289
23200461 12216109
13242931 14319053
23201652 14319054
19623195 22586223
23200464 20626688
23201653 14319055
23200081 20057546
23201654 16037145
23200581 16037147
23201655 12216114
23201656 14319056
23201657 14319057
23201658 14319058
23201659 16037153
23201660 12216118
23201661 20626701
23199473 14319060
23201662 21804311
23201663 16037162
23200190 16037164
23201664 9575293
23201665 20626707
23201666 19237914
23200496 20626709
23199259 18147057
23201667 20626712
23201668 20626714
23201669 12216122
23201670 14359158
23201671 14359162
23201672 14319067
23200207 16037168
23200201 14319068
18145359 19237917
11914739 14319069
23201673 12216141
23200145 18397460
23201674 21804313
23201675 12216143
23200452 12216145
23199662 12216149
23199293 12216155
16252369 21157166
23199298 14359170
23201676 14319071
23201677 12216159
23201678 14319072
23201679 12216161
23201680 16037172
23201681 20626744
23200397 16037177
13599701 12216167
13477221 20626748
23201682 20990783
23201683 12216173
23201684 16037184
23201685 16037186
23201686 16037195
23200708 16037197
23199667 16037199
23201687 16037204
23201688 16037206
18146520 16204497
23201689 9575298
20612194 12216184
23201690 16037217
23199295 12216186
23201691 16037221
23201692 14520913
23201693 16037224
23201694 14319076
23201695 16037231
23201696 16037233
18144722 12216191
23201697 9575304
23201698 12216195
23201699 14520914
23201700 13658632
23201701 12216201
23199299 16037237
23201702 14319078
23201703 14319079
23201704 12216207
18144847 12216209
23201705 14359175
23201706 12216212
23201707 12216214
23199822 12216216
23201708 14319083
23200090 20626813
23201709 14359177
23200466 12216224
23201710 14359178
23201711 12216226
23201712 14319085
23201713 14319086
23201714 20626821
18146513 13818264
23201715 20626828
23201716 12216228
23201717 20626831
23200505 14319088
23199294 14319089
23201718 18397464
23200086 12216230
23201719 20626838
23201720 12216232
23201721 20626841
23201722 12216236
23200456 12216238
23201723 14359180
23201724 12216243
16252411 20626854
23201725 20626856
23200383 20626859
23201726 21804315
23199933 14319095
23201727 12216252
23201728 20057552
23201729 12216254
23201730 20626867
23201731 20626869
23200723 12216257
23201732 12216259
23201733 12216262
23200970 20626878
23201734 12216264
23201735 18397465
23200200 20626882
23201736 20626884
23201737 13658637
23200621 12216266
3983087 16037250
23201738 20626889
23201739 14319096
23199914 14319097
23200069 20626896
23201740 12216272
23201741 12216274
23200191 14319099
23199297 12216276
23201742 9575322
23201743 13658638
23199916 12216280
23201744 12216282
23201745 14319102
23201338 12216286
23201746 18397466
23199258 20626915
12162670 12216290
23201747 12216292
23200725 18397467
23201748 14319106
23201749 12216294
23201750 12216296
23201751 14319110
23201752 12216298
23201753 14359184
23201754 12216300
23201755 18397468
23201756 20626946
23201757 12216308
23199292 12216310
23201758 20626985
3892674 14359193
23200294 12216312
23199276 12216314
11802049 20626991
18146897 14319119
23201759 16037261
23201760 20626995
23200489 20626998
23200570 19087603
23201761 12216316
23201762 19237926
23201763 16037263
23201764 9575330
13206923 20627013
23201765 18400909
23201766 13658644
23201767 14359195
23201768 12216328
23201769 20627025
23201770 14359198
23201771 12216332
23201772 12216334
23201773 14359199
23201774 16037283
23201775 16037288
23201776 14319123
23201777 12216338
12170045 9575333
23201778 14319124
23201779 16037295
23199459 9575334
23201780 14319125
23201781 17871118
13251382 14319126
23201782 14359200
23201783 18397471
23199431 20990786
23201784 19237929
23201785 19237930
23199432 12216342
23200828 19237931
23201786 14319127
23199428 20627068
23199434 12216350
23199427 12216352
23201787 20627072
23201788 14359202
23201789 20627082
23201790 12216365
23201791 20627097
23201792 12216369
23201793 20627101
23201794 20627107
23200908 14319135
23201795 23201796
23201797 14319138
23201798 14319139
23201799 12216371
23201800 20627122
23201801 19237937
23201802 14689625
23201803 14319141
23201804 18147058
23201805 9575343
23201806 22586226
23201807 14319142
23201276 19237938
23201808 12216375
23201020 9575345
23201809 12216377
23201810 12216379
23200487 12216381
23201811 18397473
23200646 18397475
23201812 12216389
23201813 18397477
23201814 9575347
23201815 12216393
23200783 12216395
23199452 14359210
23201816 20627159
23199896 21804322
15984614 12216399
23199915 12216403
23200330 19237939
23201817 12216410
23201818 20627170
23201819 18397478
23201820 19087607
23201821 19087608
18146040 20627175
23201822 14319149
23201823 14359216
23200018 14319150
23201824 12216413
23201825 19087609
23199711 19237940
23201826 14359217
23200968 12216415
23199472 20627185
23201827 19087610
23201828 12216417
23201829 9575348
23201830 19237941
23201831 12216419
23201832 20627191
23201833 19237943
23201834 12216421
23201835 20627195
21290072 16173419
23201836 12216423
23200327 19237944
23200324 12216427
23201837 20627212
23201838 12216439
23201839 20627231
13439626 13820040
23201840 14359223
23201841 12216445
23201842 13658647
23201843 12216447
23201844 9575355
23201845 19237947
23201846 20627254
23200635 14319154
23201847 14319155
23201848 19087613
23201849 14319156
23201850 14689631
23199927 12216449
23201851 20627267
23201852 14319157
23201853 20627272
23201854 23201855
23201856 20627278
23200960 20627280
23201857 20627282
23201858 12216451
23201859 12216455
23201860 19237949
23201861 12216457
23201862 14319160
23201863 12216462
23201864 12216464
23201865 14359224
23201866 20627296
23201867 20627298
23199300 9575360
23201868 20627301
23201869 12216468
23201870 20627303
23201871 20627305
23201872 19087616
23201873 14359228
23201874 14359230
23201875 18147059
23201876 20627320
23201877 13658650
23201878 9575364
23201879 19087622
23200279 12216482
23201880 14359234
23201881 20627333
14596841 19087623
23199471 13658651
23201882 12216486
23201883 20627341
23201884 12216487
23200748 14359236
23201885 20627346
23201886 12216489
23201887 20627351
23200212 20627353
23201888 20627355
23201889 18397485
23201890 20057558
23201891 12216495
23201892 20627379
23201893 13820042
23201894 19087627
23201895 12216499
23201896 14319168
23200753 20627390
23201897 20627392
23201898 19237954
15986775 20627395
23201899 14359240
23201900 14319169
23201901 18397487
12979811 14359241
23201902 19087631
23200508 20627406
23201903 12216508
23201904 20627416
23201905 14319173
13471372 19087632
23201906 14359243
23201907 16037299
23201908 20627424
23201909 9966631
23201910 9966637
23201911 9966639
23201912 20627432
23201913 9966643
23201914 20627435
13263122 18400912
23201915 22481909
23201916 14319176
23201917 14359244
23201918 12216518
23201919 20990787
23201920 9966646
23201921 23201922
23201923 14359245
23201924 9966650
23201925 14319179
23201926 16037301
23201927 14319181
23201928 12216528
21262056 13658655
23201929 20627468
23201930 14319183
23201931 14319184
23201932 20627473
18146657 9966652
23201933 19087636
23200642 14319185
23201934 19087637
18064941 19087639
23201935 12216530
23201936 14319187
23201937 12216534
23201938 9966656
23201939 9966658
23201940 20627502
23201941 14359249
23201942 14319189
23201943 14319190
23201944 18397489
23201945 14359251
23201946 19087642
23200834 12216538
23201947 19087643
23199363 20627515
23201948 19087644
23201949 14359253
23201950 14359255
23201951 12216542
23201952 12216543
23200095 12216547
23201953 20627525
23201954 14359259
23201955 19087645
13532846 14319193
23200204 14359260
23201956 20627533
23201957 14319195
23201958 14359262
23199330 14319196
23201959 14319197
23201960 12216549
23201961 12216551
23201962 12516014
23201963 12516016
23201964 19087647
13585617 12516018
23201965 13658657
23201966 14359264
23201967 20627557
23201968 12216559
23201969 12216563
23201970 20627572
23201971 19087650
23201972 20627578
23201973 12216567
23201974 12216569
23201975 12216571
23201976 12216573
23201977 14319202
23201978 12216575
23201979 20627592
23201980 12216581
23200359 12216583
23201981 19087651
23201982 12216587
23201983 19087652
23201984 12216589
23201985 14319204
23201986 12216595
23201987 12216597
23201988 14319205
23201989 19237957
23201990 19087656
23201991 19237958
23201992 12216603
23201993 12216605
12174572 14319207
23201994 20990788
23201995 14319208
23200216 14319209
23201996 14319210
23201997 18397492
23201998 12216611
23201999 14319216
23202000 14319220
23202001 14319224
23202002 21157168
23202003 12216618
23202004 22586228
23202005 12216622
23202006 12216624
23202007 12216626
23200034 13658663
16252450 20627654
23199903 13678810
23202008 13658664
23199257 18397495
23202009 12216636
23202010 12216638
23202011 12216640
23202012 18397496
23202013 13658667
23202014 12216642
13131170 9575390
23202015 12216644
23202016 14319232
23200875 13820047
23199262 14319234
23202017 14319236
23202018 20057563
23200491 14319237
23202019 12216649
23202020 12216657
16252413 14319241
23202021 20627711
23202022 12216665
23202023 20627716
23202024 14359278
23202025 20935339
23202026 14319244
23199275 13658668
23202027 20627728
23202028 9575397
23202029 19237973
23202030 18147062
23202031 14319249
23202032 12216673
23202033 12216675
23202034 19237977
12930777 23202035
23200644 14359284
23202036 19087659
23202037 12216679
23202038 12216681
23200768 14359286
23202039 18397499
23202040 18397500
23202041 13658670
23202042 13658671
23202043 20627758
23199688 20627762
23200497 19087661
23202044 9575404
23202045 20627775
13079847 14319257
23202046 14319259
23202047 14359296
18144800 14319261
23202048 12216716
23202049 14359298
23202050 12216718
23202051 14359299
23202052 20627808
23202053 18397506
23202054 12216722
23202055 20627818
23199267 14359304
23202056 20627822
16252455 13820049
23202057 18397507
23202058 18397508
23202059 12216736
23202060 19561690
23202061 14319268
23202062 18397516
23202063 14319271
23202064 12216744
23202065 18397519
23200639 14359311
23202066 18397520
16252373 20627892
23202067 18400913
23202068 17412662
23202069 9575422
23200188 12216758
23202070 18397521
23202071 20627913
23202072 14319278
23202073 17412666
23200465 18397525
23202074 14319280
23202075 9575423
23202076 16204524
23202077 23202078
17350551 12216761
23200619 14319284
23199261 12216768
23199240 14319288
23202079 20627938
23200630 17412674
23202080 14319299
23202081 12216777
23202082 14319302
23202083 19087677
23199280 14319304
21297863 9575431
23202084 12216779
23202085 9575433
23202086 12216781
23202087 13818265
23200141 14319309
23202088 12216790
23202089 20627991
23202090 14359320
23202091 12216792
23199523 20627997
23202092 12216796
23202093 12216798
23199871 14359325
23202094 18397531
23202095 12216811
16808955 12216814
23202096 14359330
23202097 18397532
23202098 13658683
23202099 12216816
23202100 19087682
23202101 13658684
23199315 17412678
23200083 9575450
23202102 18397533
23202103 12216828
23202104 14359333
23199273 14846997
23202105 20628063
23202106 20628065
23202107 14319318
23202108 20628074
23202109 14319319
23202110 18397541
23200640 12216836
23202111 14319322
12970146 20628096
23202112 19237986
13066349 17412684
23202113 19237987
23202114 12216842
13475210 20628126
23202115 20628129
23202116 13658687
23202117 20628135
23202118 17412686
23202119 20628140
23202120 16037316
23199806 14359347
23202121 13658688
23202122 19237988
23202123 12216848
23202124 19237989
23202125 13820052
23202126 18397546
23202127 9575464
23202128 20628160
23202129 12216854
23202130 18397549
23202131 17412690
23202132 9966674
23202133 20628177
23202134 9966678
23202135 19237990
23202136 18397550
23202137 9966683
14579807 12216884
23202138 14319340
23202139 12216889
12996822 13658690
23202140 14319341
23201277 14319343
23202141 19087687
23202142 12216891
23202143 17412700
23200758 14689654
23202144 14359356
23202145 14319345
13375006 14319347
23202146 14319348
23202147 13818267
23202148 14319353
23202149 14319355
23202150 12216897
23202151 20628231
13337025 14319356
13379411 12216899
23202152 19087689
13201270 17412707
11849298 19237993
23202153 12216904
23202154 20628250
17344442 14319365
23202155 12216906
23202156 13658694
23199274 20628277
23202157 9966688
23202158 9966692
23202159 9966694
23200211 14319372
23202160 14359364
23202161 20628300
23202162 12216911
23202163 14689656
23199465 20628307
23202164 18397568
23202165 12216913
23202166 20628315
23202167 14359373
23200475 12216922
23202168 20628345
23202169 20628350
23202170 18397572
23202171 20628360
23202172 17412709
23202173 12216933
15994786 14319384
23202174 19087692
23202175 12216941
23202176 14359376
23202177 14319393
23202178 14319397
23202179 18397575
23202180 14319401
23200206 18397576
23202181 19237998
23202182 19087694
23202183 9575488
23202184 14359384
23200336 20628448
23200599 18397579
23202185 20628458
23202186 12216960
23202187 14359387
23202188 12216964
23202189 13820056
23202190 19087695
17347787 14319409
23202191 20628491
23202192 18397585
23202193 9575496
23202194 12216980
23202195 12216983
23202196 13658706
23202197 19238001
23202198 17898196
23202199 9575499
23202200 14359389
23199311 19087697
23202201 20628536
23202202 18397595
23202203 19238002
23202204 19238003
23202205 12216998
23202206 16037328
23199803 14319417
13240904 12217003
23202207 17898199
23202208 13820057
23202209 18397597
23202210 9575502
23202211 12217012
23202212 19238007
23202213 19238008
23202214 9575505
23202215 12217016
23202216 14319425
23202217 14359398
23202218 14319427
23202219 20628623
23202220 14319432
23202221 17898204
23202222 13658712
23202223 17898206
23202224 14319445
23202225 20628662
23202226 9966700
23199242 12516025
13526252 13658713
23202227 19238016
23202228 9966702
23202229 13658715
23202230 19238017
23202231 20628698
23202232 20628706
23202233 14319458
23202234 13678814
23202235 20628724
23200380 19238019
23202236 14359408
11916764 20628730
16252370 14359409
23202237 14319471
23202238 18397607
23202239 12217034
23202240 14319489
23202241 20628795
23202242 14319501
23202243 19238022
23202244 23202245
23202246 14319509
23199283 14319514
23202247 14319515
23202248 14319517
23199415 12217058
23199416 12217060
23202249 14359420
23202250 20628832
23202251 18397619
23202252 14319518
23202253 14319519
23202254 20628840
23202255 20057572
23202256 12217066
23202257 18397621
23200462 18397622
23202258 18397623
23202259 12217070
23202260 18397625
23202261 14319525
23200914 9575538
23202262 22703125
23202263 14319529
23202264 14319538
23202265 20628881
17024077 20628884
23202266 12217082
23202267 14319543
23202268 14319546
23199800 14319552
23202269 20628920
23202270 19238028
23202271 14359432
23202272 14319557
23202273 20628939
23202274 12217088
13387227 17898219
23202275 23202276
11896876 21804335
23199664 23202277
23202278 19238029
23202279 14359442
23202280 14319568
23202281 22586231
23202282 14319570
23202283 19238030
23202284 14319571
23200604 14319574
23202285 14319575
18144880 14319577
13606112 14319582
23202286 14319585
23202287 12217097
23199279 17898222
23199414 12217099
23202288 14319592
23202289 14319597
23200645 14359448
23202290 14319600
23202291 14359453
23202292 14319608
23202293 12217112
23199278 14319611
23202294 14319613
23202295 19561699
23199445 19087708
23202296 12217117
23202297 9966718
23202298 20629023
23202299 14319614
23202300 20629032
23202301 14359456
23202302 20629047
23202303 12217133
23202304 20935345
23202305 14319626
23200203 14319628
23202306 20629072
23202307 13658728
23202308 14319631
23202309 12217143
23202310 18397649
23202311 12217145
23202312 12217147
23202313 14359460
23202314 14319635
23202315 12217151
23202316 18147066
23202317 9575582
23202318 14319642
23202319 12217170
23202320 14319657
23202321 18397657
23200594 14319661
23202322 14359470
23199413 14319663
23202323 9966722
23202324 19238035
23202325 14319666
11802313 19238036
23200214 14319668
23201049 14359472
23202326 14319669
23202327 18397659
23202328 14319671
23202329 14359478
23202330 19238037
23202331 18397666
23202332 12217183
23202333 12217185
23202334 12217187
23200084 12217189
23202335 20629196
23202336 19238040
23202337 12217201
23202338 14359488
23202339 12217207
23202340 14319681
23202341 14359492
23202342 19238044
23202343 18397672
23202344 18397673
23202345 12217233
23202346 20629262
23202347 9575602
23202348 12217253
23202349 13658732
23202350 14319701
23199218 14319702
23202351 12217270
23202352 12217282
23202353 18147067
23202354 20629365
23202355 14319712
23202356 13658734
23202357 12516029
23202358 14319715
23199453 12217298
23202359 20629384
23202360 14359514
23202361 13658737
23202362 20629392
23202363 9966726
23202364 9966728
23202365 13678817
23200756 18397684
23202366 20629401
23202367 9966732
23202368 9966736
23202369 14319720
23199307 14319721
23202370 9966742
23202371 9966744
21287685 19238050
23202372 18397686
23202373 9966754
23202374 9966762
23202375 9575629
23202376 14359526
23202377 20629457
23202378 14319736
23202379 20629479
23202380 20629481
23202381 12217338
23202382 12217340
23202383 12217342
23199608 20629489
23202384 12217344
23202385 20629493
23202386 18397688
23202387 12217346
23202388 20629497
18145498 14319743
23202389 14319745
23202390 20629509
23202391 14319751
23202392 20629520
13589144 20629522
23202393 14319753
23202394 14319754
16252391 14359538
3950701 22586233
23202395 9575648
23202396 20629542
23202397 19087718
23202398 14359548
23202399 12217385
23202400 19087722
23202401 20629587
23202402 12217395
23202403 12217401
23202404 12217405
23202405 14319773
23202406 20629626
23200538 19238059
23202407 18397699
23200641 14319778
23202408 18147073
23202409 12217423
23202410 9966774
23202411 19087724
23202412 22586235
23202413 18397705
23202414 18400915
23202415 18397707
23202416 18397708
21397338 14319790
23202417 14319795
23202418 14319797
23202419 18397711
23202420 14319798
23202421 12217442
23202422 14319799
23202423 12217444
23202424 14319801
23202425 12217448
23202426 14359563
23202427 14359565
23202428 14319815
23202429 18397718
23202430 16204554
23202431 13658758
23202432 19087737
23202433 14359571
23200600 14319820
23202434 17412754
23199613 18397721
23200897 20629772
23202435 9575678
23202436 18397732
23202437 12217489
23202438 14319835
23202439 14319839
23202440 18397740
23202441 12217493
23202442 17412775
23199797 16173480
23202443 18397742
23202444 14319850
23202445 12217497
23202446 14319851
23202447 14319852
23202448 14319856
23202449 13658772
23202450 14359591
23202451 9966828
23202452 9966834
23202453 12217515
23202454 14359603
23202455 14359604
18079552 20629882
23202456 21157174
23202457 14359608
23202458 14359609
23202459 12217526
23202460 20629901
23202461 20629905
23200535 14359616
23202462 12217532
23202463 20629919
23202464 22586241
23202465 23202466
23202467 18400918
23202468 19238076
23202469 19238078
23202470 20629940
23202471 20629945
21494385 20629959
17346228 20629964
23202472 22586242
23202473 13658776
23201348 13658777
12952866 13820076
23202474 16037370
23202475 14319881
23202476 14359646
23202477 19238081
23202478 14319887
23202479 14359651
23202480 14359652
23202481 18397774
23202482 12217587
23199454 18397777
23202483 20630053
23202484 14319904
23202485 19238082
23202486 14319907
23202487 16037379
23202488 18397786
23202489 18147075
23202490 12217602
23199447 16204565
23202491 18397792
23202492 20630097
23202493 19087755
23202494 19238083
23200952 14319910
23202495 12217628
23202496 19087759
23202497 12217634
23202498 12217638
23202499 14319915
23202500 14359668
23202501 14319916
23202502 14319918
23202503 12217652
23202504 20990800
23200752 14359669
16252453 20630172
23202505 14359670
23200906 18397809
23202506 14359671
23202507 20630180
23202508 16037399
23201458 20630186
23202509 18397811
23202510 20630193
23202511 12217662
23202512 20630198
23199449 14359675
23202513 14359676
23202514 9575767
23202515 20630220
23200378 18397819
23200370 12217674
23202516 14359681
23202517 18397824
23202518 13658784
23202519 9575776
23202520 14319938
23200093 10885060
23200975 10885062
23200974 10885064
23202521 10885067
23202522 10885085
23202523 13658786
23202524 18397838
23202525 16037430
23199603 20630309
11907740 18397840
23200859 18397848
23202526 13678821
23202527 13658792
23202528 18397858
23202529 18397860
23202530 18397865
23202531 20630356
23199716 10885100
23199488 22586251
23199696 20630390
23202532 14359708
17379477 18397889
23199844 17412785
23202533 14319967
23202534 18397903
23202535 18397905
23202536 14319973
23202537 23202538
23199723 18397910
23202539 19238098
23202540 18397926
23201345 9575811
23202541 18397928
23202542 18397930
23202543 10885149
23202544 10885160
23202545 10885166
23202546 10885168
23202547 18397945
23202548 14320006
23202549 14320011
23199397 14320013
23202550 16037500
23202551 10885211
23199466 20630568
23202552 13820081
23202553 18397974
23202554 14320038
23202555 9575846
12173932 9575847
23202556 14359741
23202557 16037504
23202558 18397986
23202559 23202560
23199399 13658813
18145343 18397988
23202561 14320043
23202562 19087774
23202563 18397999
23202564 10885224
23202565 14320050
23202566 18398005
23199695 18398008
23202567 19238102
23202568 18398019
23202569 14320054
18091540 23202570
23199304 16037528
14606593 14359758
23202571 18398030
23202572 10885257
23202573 9575869
23202574 18398042
23202575 18398049
23202576 18398051
23202577 18398056
23202578 18398073
23202579 18398074
23202580 18398077
23202581 20630744
23202582 20630746
23202583 18398080
23202584 10885300
15966798 10885312
23202585 18398084
23202586 14320068
23202587 14320073
23202588 14359800
23202589 13658827
23202590 14320077
23202591 14359802
23202592 20630803
23202593 14320079
23202594 17412797
23202595 18398096
23202596 9575900
23202597 14320080
23202598 9575906
23200123 16037559
13212193 10885327
23202599 9966911
23202600 9966919
23202601 17412804
23202602 18398111
23202603 18398112
23202604 19238114
23202605 18398116
23202606 13658833
23202607 20630869
23202608 20630874
23202609 16037580
23202610 20630889
23199234 19087789
23202611 13820083
23202612 14320102
23202613 10885339
23202614 17412814
23202615 19238119
23202616 14320121
23202617 20630956
23202618 14320122
23202619 16037598
23202620 19238126
23202621 14359831
23202622 13658838
23202623 10885355
23202624 10885357
23202625 19238131
23202626 13658843
23202627 13658844
16252372 20631049
23202628 14320145
23202629 17412853
23202630 17868706
23202631 18398129
23202632 18398131
13028044 14320151
23202633 14320153
23202634 17412859
23202635 19087802
23202636 19238138
23202637 18398135
23202638 13658848
23199316 10885385
23202639 10885393
23202640 19087803
23202641 17412875
23202642 14359848
23202643 20631174
23202644 14320180
23202645 14359853
23202646 14320182
23202647 13658851
23200964 9575967
23202648 9575971
23199722 9966977
23202649 9966979
23202650 14320184
23202651 16037644
23202652 14320186
23202653 14320187
23202654 20631237
23200679 14359871
23202655 14320192
23202656 9966987
23202657 14320194
23200864 20631254
23202658 14320196
23202659 14320199
16252431 14320203
23202660 20631286
23202661 14320204
23202662 14359878
23202663 14359887
23202664 13658856
23202665 20631310
23202666 20990810
23202667 21804380
23202668 20631327
11870105 19087812
23202669 20631368
23202670 14359899
23202671 14320212
23202672 14320214
23202673 20631428
23202674 19087819
23202675 13820088
23202676 14359915
23202677 20631506
23202678 14359919
23202679 19238172
23202680 20631543
23202681 14320245
23202682 16037704
23199802 19238177
23202683 16037706
18145341 20631613
23199251 20631615
23202684 14359959
23202685 14320268
23202686 14320269
23202687 14320272
23202688 14320273
23202689 14320275
23202690 19238181
23202691 19238182
23202692 19087842
23202693 19238185
23202694 20631678
23202695 14320295
23202696 14359983
23202697 14359988
23202698 20631761
23202699 19238201
23202700 19238202
23202701 14320319
23200696 14320321
23202702 14360005
23202703 20990820
23202704 13818288
23199493 22586276
23202705 16037757
23202706 21078944
23202707 22586278
23202708 20631890
23202709 14360014
23199312 20631907
23202710 14360018
23202711 20990822
23202712 19238218
23202713 22482098
23202714 14320330
23202715 14320331
23202716 9967063
23202717 14320340
23202718 9967069
15948155 16037772
18030998 20631971
23202719 23202720
23202721 14320357
23202722 19087892
23202723 19087893
23202724 19087895
23202725 20632047
23202726 13658884
23202727 14320381
23202728 16037806
23200810 14320385
23202729 14320390
23202730 21804407
23202731 14320398
23202732 14320400
23202733 14320401
23202734 13820098
16431909 16037811
19705530 20964639
23202735 20716258
18260004 20716297
15923554 20716312
3966002 22490229
23202736 20716317
23202737 19231595
23202738 22490230
23202739 16115168
23202740 20716352
23202741 23202742
23202743 14375738
23202744 22490252
23202745 14375740
23202746 17164139
23202747 22490256
17397925 22490258
23202748 22490259
23202749 22490265
23202750 16115206
23202751 20716434
23202752 23202753
23202754 20716443
23202755 14375747
23202756 17418017
23202757 20716462
23202758 20716470
23202759 20716472
15946846 20716474
23202760 22490277
23202761 20716536
23202762 16115258
13781153 22490299
17071559 20964711
12174341 14375765
23202763 14375766
17074527 22490308
17074279 22490309
15935739 23202764
23202765 12242879
23202766 10892840
23202767 14348766
23202768 23202769
23202770 23202771
23202772 23202773
23202774 23202775
23202776 23202777
