10464200 9992527
24082975 24082976
5024833 24082977
14599078 24082978
24082979 24082980
10232354 24082981
24082982 24082983
24082984 24082985
14900484 24082986
14900486 24082987
24082988 24082989
15326441 24082990
17029835 24082990
14900488 24082991
14900490 24082992
24082993 24082994
24082995 24082996
24082997 24082998
24082999 24083000
14604354 24083001
927988 24083002
24083003 24083004
14900494 24083005
24083006 24083007
14578249 24083008
14900497 24083009
14900499 24083010
24083011 24083012
14900501 24083013
14900503 24083014
18115973 24083015
15327621 24083016
15327620 24083016
5035759 24083017
24083018 24083019
18092555 24083020
24083021 24083022
14597239 24083023
24083024 24083025
10232535 24083026
1730403 24083027
15842485 24083028
14900508 24083029
14900510 24083030
14558866 24083031
14900512 24083032
10235490 24083033
14598779 24083034
18066258 24083035
24083036 24083037
24083038 24083039
14900515 24083040
14619317 24083041
24083042 24083043
24083044 24083045
24083046 24083047
14558868 24083048
15334139 24083049
14900518 24083050
24083051 24083052
14900520 24083053
13789505 24083054
24083055 24083056
24083057 24083058
5036007 24083059
12171963 24083060
24083061 24083062
24083063 24083064
24083065 24083066
24083067 24083068
18103961 24083069
14900525 24083070
14900527 24083071
11898336 24083072
24083073 24083074
14900530 24083075
14900532 24083076
14565581 24083077
12160091 24083078
14900536 24083079
24083080 24083081
24083082 24083083
24083084 24083085
14900538 24083086
24083087 24083088
14583906 24083089
14609376 24083090
14598750 24083091
14900543 24083092
14900545 24083093
14900547 24083094
14900549 24083095
24083096 24083097
12172519 24083098
14900551 24083099
24083100 24083098
5029660 24083101
24083102 24083103
14900554 24083104
14900556 24083105
24083106 24083107
24083108 24083109
24083110 24083111
14900558 24083112
14900560 24083113
24083114 24083115
24083116 24083117
5033314 24083118
14900563 24083119
24083120 24083121
24083122 24083123
14900565 24083124
24083125 24083126
18072992 24083127
24083128 24083129
14900567 24083130
14900569 24083131
14900571 24083132
24083133 24083134
14900573 24083135
14900575 24083136
14900577 24083137
9450048 24083138
18092198 24083139
24083140 24083141
14900580 24083142
14900582 24083143
14900584 24083144
14900586 24083145
24083146 24083147
24083148 24083149
14558901 24083150
24083151 24083152
5040388 24083153
24083154 24083155
14900589 24083156
14900591 24083157
12148639 24083158
14900594 24083159
24083160 24083161
14900596 24083162
14900598 24083163
24083164 24083165
14900600 24083166
14900602 24083167
17029858 24083168
10232533 24083169
14562827 24083170
14900605 24083171
15327973 24083171
15326588 24083171
14900607 24083172
15328335 24083173
15326633 24083173
14900609 24083174
14900611 24083175
18090027 24083176
24083177 24083178
12149283 24083179
14900614 24083180
24083181 24083182
10229248 24083183
24083184 24083185
17029831 24083186
924186 24083187
14593241 24083187
24083188 24083189
14562927 24083190
24083191 24083192
14900617 24083193
927603 24083194
14900620 24083195
24083196 24083197
14900622 24083198
9449004 24083199
14900625 24083200
24083201 24083202
14900627 24083203
5026227 24083204
24083205 17003395
24083206 24083207
14900630 24083208
14900632 24083209
24083210 24083211
5033309 24083212
5033311 24083213
14553490 24083214
14900635 24083215
14570329 24083216
14570459 24083216
14900637 24083217
10464478 24083218
14900640 24083219
14900642 24083220
14900644 24083221
10220009 24083222
14900647 24083223
17029842 24083224
24083225 24083226
24083227 24083228
24083229 24083230
12166265 24083231
24083232 24083233
14900650 24083234
14900652 24083235
24083236 24083237
24083238 24083239
24083240 24083241
12152714 24083242
12152570 24083243
24083244 24083245
14900656 24083246
24083247 24083248
13613773 24083249
12160002 24083250
24083251 24083252
24083253 24083254
9447987 24083255
14900661 24083256
14900663 24083257
9450606 24083258
10681550 24083259
24083260 24083261
17368069 24083262
14900666 24083263
24083264 24083265
17029861 24083266
18073573 24083262
15326805 24083267
14558867 24083268
14555840 24083269
24083270 24083271
24083272 24083273
5033321 24083274
14900671 24083275
13757687 24083276
14900674 24083277
24083278 24083279
925014 24083280
14900677 24083281
18057089 24083262
1006054 24083282
14900680 24083283
5033316 24083284
17377497 24083262
24083285 24083286
14900683 24083287
24083288 24083289
14900685 24083290
11921196 24083291
24083292 24083293
14900688 24083294
24083295 24083296
14570315 24083297
14589281 24083297
14900690 24083298
11911163 24083299
14900692 24083300
18052311 24083301
14900694 24083302
14900696 24083303
24083304 24083305
18069027 24083306
12159800 24083307
14900699 24083308
14900701 24083309
12152558 24083310
14900704 24083311
12159801 24083312
14900707 24083313
14900709 24083314
24083315 24083316
14598778 24083317
14900711 24083318
14900713 24083319
14900715 24083320
14900717 24083321
14900719 24083322
14900721 24083323
14570306 24083324
17026727 24083325
14900724 24083326
24083327 24083328
15326440 24083329
15328295 24083329
4007779 24083330
24083331 24083332
24083333 24083325
14900727 24083334
14900729 24083335
24083336 24083337
14900731 24083338
11873439 24083339
14900734 24083340
14900736 24083341
14900738 24083342
14598780 24083343
14900740 24083344
24083345 24083346
24083347 24083348
14570505 24083349
14576985 24083350
14900743 24083351
17029862 24083352
17029838 24083353
14900745 24083354
15328344 24083355
15328345 24083355
17360845 24083348
14900747 24083356
14900749 24083357
14900751 24083358
17029846 24083359
14900753 24083360
14900755 24083348
14900757 24083361
14601294 24083362
14900760 24083363
15334005 24083364
15334006 24083364
14554054 24083365
14570312 24083366
15897340 24083367
14570310 24083368
14570313 24083369
24083370 24083371
14900766 24083372
24083373 24083374
14900768 24083375
14900770 24083376
14559446 24083377
17029856 24083378
14900773 24083379
14900775 24083380
24083381 24083382
2727565 24083383
17400590 24083384
24083385 24083386
14900777 24083387
24083388 24083389
18112239 24083390
14559773 24083391
18067494 24083391
18026430 24083392
14599798 24083393
24083394 24083395
924807 24083396
10233235 24083397
24083398 24083399
13612989 24083400
14900782 24083401
24083402 24083403
24083404 24083405
14900784 24083406
17029857 24083407
5033285 24083408
24083409 24083410
14570305 24083411
14900788 24083412
14575083 24083413
17029828 24083414
15328296 24083415
15335395 24083415
15328330 24083415
14900791 24083416
14597833 24083417
14900793 24083418
14900795 24083419
14900797 24083420
24083421 24083422
14900799 24083423
14900801 24083424
14900803 24083425
14900805 24083426
15326521 24083427
15333753 24083427
14900807 24083428
5039558 24083429
14584826 24083430
14584204 24083431
24083432 24083433
18091437 24083434
24083435 24083436
14900812 24083437
18028123 24083438
24083439 24083440
5035443 24083441
14900815 24083442
14900817 24083443
14604309 24083444
24083445 24083446
24083447 24083448
24083449 24083450
24083451 24083452
24083453 24083454
14900820 24083455
14900822 24083456
14900824 24083457
5033289 24083458
24083459 24083460
24083461 24083462
14589274 24083463
10462606 24083464
14900828 24083465
14900830 24083466
14900832 24083467
14900834 24083468
24083469 24083470
1842035 24083471
14900837 24083472
14900839 24083473
14900841 24083474
24083475 24083476
12168736 24083477
14900844 24083478
14900846 24083476
24083479 24083480
12444948 24083481
24083482 24083483
14900849 24083484
14900851 24083485
14900853 24083486
14900855 24083487
14565580 24083488
14596746 24083489
14570497 24083490
14900860 24083491
14900862 24083492
14900864 24083493
14900866 24083494
24083495 24083496
14900868 24083497
17038287 24083498
5033280 24083499
14900871 24083500
14900873 24083501
24083502 24083503
14900875 24083504
24083505 24083506
24083507 24083508
24083509 24083510
14900877 24083511
14900879 24083512
24083513 24083514
24083515 24083516
24083517 24083518
14900881 24083519
14900883 24083520
11861394 24083521
3489076 24083522
24083523 24083524
12169168 24083525
24083526 24083527
5033301 24083528
14900889 24083529
5026235 24083530
14900892 24083531
24083532 24083533
24083534 24083535
14900894 24083536
14900896 24083537
14900898 24083538
14900900 24083539
18064564 24083540
14900902 24083541
12152577 24083542
24083543 24083544
14900905 24083545
12150410 24083546
24083547 24083548
14900908 24083549
2595785 24083550
11924588 24083551
14900912 24083552
14599309 24083553
9504515 24083554
2615790 24083555
14900917 24083556
14900919 24083557
14900921 24083558
14900923 24083559
14900925 24083560
24083561 24083562
18091816 24083563
14900927 24083564
14900929 24083565
18060539 24083566
14900931 24083567
14900933 24083568
15818670 24083569
10204720 24083570
10230152 24083571
24083572 24083573
14900937 24083574
18026432 24083563
24083575 24083576
14900939 24083577
18026431 24083578
24083579 24083580
14900941 24083581
14900943 24083582
14900945 24083583
18053158 24083584
24083585 24083586
14900947 24083587
24083588 24083589
9450886 24083590
18092544 24083591
14900949 24083592
14900951 24083593
10230642 24083594
14900953 24083595
14900955 24083596
24083597 24083598
14589416 24083599
14900958 24083600
24083601 24083602
14900960 24083603
14900962 24083604
24083605 24083606
18067278 24083607
24083608 24083609
14900964 24083610
10231060 24083611
13768131 24083612
14900968 24083613
15328325 24083614
14900970 24083615
15326531 24083616
11911771 24083617
24083618 24083619
14900973 24083620
24083621 24083622
24083623 24083624
14900975 24083625
14900977 24083626
14900979 24083627
24083628 24083629
14900981 24083630
14900983 24083631
14900985 24083632
14900987 24083633
14593520 24083634
24083635 24083636
14601287 24083637
14900991 24083638
10174677 24083639
24083640 24083641
24083642 24083643
24083644 24083645
12169616 24083646
24083647 24083648
14900994 24083649
24083650 24083651
24083652 24083653
14558818 24083654
14558878 24083655
14900996 24083656
14900998 24083654
13615646 24083657
24083658 24083659
24083660 24083661
1953245 24083662
888816 24083663
14901003 24083664
24083665 24083666
14901005 24083667
24083668 24083669
14901007 24083670
14901009 24083671
18092149 24083672
24083673 24083674
24083675 24083676
17042495 24083677
24083678 24083679
14901011 24083680
17029827 24083681
18092183 24083682
18454759 24083683
24083684 24083685
14901013 24083686
24083687 24083688
24083689 24083690
11913946 24083691
14901016 24083692
18026581 24083693
15326566 24083694
20999968 24083695
2609588 24083696
14901018 24083697
15326567 24083698
14901020 24083699
11895711 24083700
24083701 24083702
15326589 24083703
14901023 24083704
24083705 24083706
14456363 24083707
15804321 24083708
14901026 24083709
14573148 24083710
24083711 24083712
15326562 24083713
14606667 24083714
870501 24083713
12170924 24083713
24083715 24083716
24083717 24083718
18084900 24083719
10861844 24083720
14901032 24083721
5026238 24083722
14901035 24083723
14901037 24083724
18084849 24083725
24083726 24083727
24083728 24083729
5033287 24083730
18092196 24083725
24083731 24083732
24083733 24083734
10680601 24083735
14901040 24083736
12151244 24083737
14901043 24083738
14599846 24083739
14901046 24083740
18092200 24083741
14901048 24083742
24083743 24083744
24083745 24083746
24083747 24083748
24083749 24083750
12150560 24083751
14589279 24083741
14901052 24083752
24083753 24083754
24083755 24083756
14901054 24083757
14901056 24083758
14901058 24083759
14901060 24083760
24083761 24083762
14901062 24083763
14901064 24083764
14901066 24083765
4339626 24083766
14901069 24083767
24083768 24083769
11895749 24083770
14901071 24083771
14901073 24083772
24083773 24083774
14604306 24083775
18043126 24083776
24083777 18522718
14901076 24083778
14901078 24083779
11858351 24083780
975959 24083781
14901082 24083782
14901084 24083783
14901086 24083784
18064563 24083785
14578360 24083786
18066568 24083785
24083787 24083788
24083789 24083790
14901089 24083791
14608421 24083792
14901092 24083793
14596036 24083794
18092201 24083795
24083796 24083797
14901095 24083798
24083799 24083800
14901097 24083801
11904830 24083802
24083803 24083804
10234667 24083805
14604353 24083806
24083807 24083808
14901102 24083809
24083810 24083811
24083812 24083813
5031590 24083814
10229281 24083815
14901105 24083816
14901107 24083817
5031673 24083818
24083819 24083820
24083821 24083822
24083823 24083824
14901110 24083825
14901112 24083826
24083827 24083828
17036917 24083829
10231304 24083830
14570402 24083831
24083832 24083833
24083834 24083835
14901115 24083836
24083837 24083838
24083839 24083840
24083841 24083842
24083843 24083844
24083845 24083846
24083847 24083848
24083849 24083850
24083851 24083852
24083853 24083854
14901117 24083855
11853877 24083856
14901120 24083857
24083858 24083859
10463669 24083860
14901123 24083861
14901125 24083862
15334795 24083863
14901127 24083864
9455028 24083865
2598699 24083866
24083867 24083868
14901131 24083869
14901133 24083870
24083871 24083872
24083873 24083874
24083875 24083876
24083877 24083878
24083879 24083880
14901135 24083881
11833259 24083882
24083883 24083884
24083885 24083886
14901137 24083887
963519 24083888
14901140 24083889
12151302 24083890
24083891 24083892
14901143 24083893
10229270 24083894
24083895 24083896
24083897 24083898
11911153 24083899
24083900 24083901
12543337 24083902
979528 24083903
984612 24083903
24083904 24083905
24083906 24083907
14901149 24083908
9447624 24083909
14901151 24083910
14901153 24083911
14901155 24083912
24083913 24083903
24083914 24083915
24083916 24083917
14901157 24083918
10229322 24083919
17036920 24083920
24083921 24083922
24083923 24083924
24083925 24083926
14456597 24083927
24083928 24083929
24083930 24083931
24083932 24083933
999512 24083903
14901160 24083903
24083934 24083935
11911191 24083936
20082970 24083937
24083938 24083939
9524940 24083903
14558825 24083940
24083941 24083942
909932 24083943
932530 24083944
14901167 24083945
10233770 24083946
24083947 24083948
24083949 24083950
24083951 24083952
24083953 24083954
24083955 24083956
24083957 24083958
24083959 24083960
24083961 24083962
24083963 24083964
24083965 24083966
17029834 24083967
14901169 24083968
24083969 24083970
14601241 24083971
14901172 24083972
24083973 24083974
14901174 24083975
9525060 24083976
24083977 24083978
24083979 24083980
14578227 24083981
14596729 24083981
12457959 24083982
24083983 24083984
24083985 24083986
15334307 24083987
14901178 24083988
14901180 24083989
14579291 24083990
10229246 24083991
14901183 24083992
10228795 24083993
14901186 24083994
3993149 24083995
11857392 24083996
24083997 24083998
5033390 24083999
5037478 24084000
10229955 24084001
18417109 24084002
10464322 24084003
14901194 24084004
12150754 24084005
14901197 24084006
15328342 24084007
14901199 24084008
10464764 24084009
14901202 24084010
24084011 24084012
14901204 24084013
24084014 24084015
14446373 24084016
14901207 24084017
14901209 24084018
24084019 24084020
24084021 24084022
14901211 24084023
14901213 24084024
24084025 24084026
10462690 24084027
24084028 24084029
14583870 24084030
10234668 24084031
24084032 24084033
24084034 24084035
10233658 24084036
24084037 24084038
24084039 24084040
14583904 24084041
14591457 24084042
14901220 24084043
13777650 24084044
14901223 24084045
10462912 24084046
24084047 24084048
14901226 24084049
12154036 24084050
24084051 24084052
24084053 24084054
14573144 24084055
14901230 24084056
954475 24084057
24084058 24084059
24084060 24084061
14901233 24084062
5033278 24084063
14901236 24084064
14901238 24084065
12166289 24084066
11896737 24084067
24084068 24084069
14901242 24084070
24084071 24084072
18061409 24084073
17033775 24084074
14901244 24084075
14901246 24084076
14901248 24084073
24084077 24084078
24084079 24084080
24084081 24084082
24084083 24084084
14901250 24084085
14901252 24084086
14595365 24084087
14901255 24084088
923895 24084089
14901258 24084090
13613033 24084091
14901261 24084092
11838817 24084093
24084094 24084095
24084096 24084073
14901263 24084097
12148298 24084098
24084099 24084100
24084101 24084102
14583868 24084103
14901266 24084104
24084105 24084106
10231334 24084107
14901269 24084108
14901271 24084109
24084110 24084111
24084112 24084113
14901273 24084114
14599630 24084115
14901275 24084116
18028112 24084117
10234796 24084118
14901278 24084119
19368713 24084120
24084121 24084122
10859841 24084123
14901281 24084124
24084125 24084126
17379631 24084127
14901283 24084128
14570307 24084129
24084130 24084131
14598979 24084132
14553544 24084133
14901287 24084134
14901289 24084135
1688863 24084136
14901292 24084137
14901294 24084138
10861319 24084139
18490300 24084140
15329800 24084141
15329801 24084141
14901297 24084142
14901299 24084143
10233231 24084144
14901301 24084145
14557720 24084146
14901304 24084147
14901306 24084148
14595370 24084149
14901309 24084150
14901311 24084144
24084151 24084152
24084153 24084154
14901313 24084155
18499332 24084144
24084156 24084157
18428630 24084158
14599040 24084159
14901315 24084160
14901317 24084161
24084162 24084163
14901319 24084164
14608539 24084165
14901322 24084166
5033295 24084167
14901325 24084168
14901327 24084169
24084170 24084171
24084172 24084173
12163177 24084174
12152596 24084175
15842345 24084176
14589405 24084177
13612987 24084178
14901332 24084179
24084180 24084181
12147380 24084182
24084183 24084184
24084185 24084186
24084187 24084188
24084189 24084190
14901335 24084191
14570332 24084192
14901338 24084193
14901340 24084194
14901342 24084195
24084196 24084197
24084198 24084199
24084200 24084201
4464672 24084202
12151472 24084203
24084204 24084205
14565582 24084206
14901347 24084207
14565579 24084208
24084209 24084210
24084211 24084212
24084213 24084214
14901350 24084215
14597818 24084216
14901353 24084217
12157325 24084218
24084219 24084220
17029832 24084190
962296 24084190
12152275 24084221
24084222 24084223
14598986 24084224
14901358 24084225
14901360 24084226
14901362 24084227
14901364 24084228
24084229 24084230
14580909 24084231
24084232 24084233
24084234 24084235
24084236 24084237
24084238 24084190
14901367 24084239
24084240 24084241
14901369 24084242
14901371 24084243
24084244 24084245
24084246 24084247
24084248 24084249
14901373 24084250
24084251 24084252
24084253 24084254
14901375 24084255
14901377 24084256
24084257 24084258
14901379 24084259
12150801 24084260
1701053 24084261
24084262 24084263
13778684 24084264
14901384 24084265
14901386 24084266
24084267 24084268
14583055 24084269
14901389 24084270
10683147 24084271
14901392 24084272
14901394 24084273
14901396 24084274
17036916 24084275
14598996 24084276
24084277 24084278
14601287 24084279
11911152 24084279
12147831 24084280
24084281 24084282
14604301 24084283
14568123 24084284
14901401 24084285
24084286 24084287
14901403 24084279
14901405 24084288
18028180 24084289
5040364 24084290
10228928 24084291
18092142 24084292
14901408 24084293
24084294 24084295
14901410 24084296
9454850 24084297
24084298 24084299
14901413 24084300
18428629 24084301
979224 24084302
24084303 24084304
14901416 24084305
14901418 24084306
10462729 24084307
14901421 24084308
14901423 24084309
942027 24084310
14597819 24084311
24084312 24084313
24084314 24084315
14901426 24084316
24084317 24084318
18417090 24084319
14901428 24084320
24084321 24084322
24084323 24084324
24084325 24084326
24084327 24084328
14901430 24084329
24084330 24084331
24084332 24084333
24084334 24084335
24084336 24084337
24084338 24084339
24084340 24084341
14589872 24084342
14604525 24084343
2592367 24084344
12150441 24084345
24084346 24084347
14901436 24084348
14901438 24084349
17056585 24084333
14901440 24084350
14901442 24084351
14901444 24084352
24084353 24084354
14603896 24084355
16431730 24084356
24084357 24084358
14901447 24084359
14901449 24084360
14901451 24084361
24084362 24084363
14901453 24084364
24084365 24084366
14611444 24084367
14901456 24084368
14901458 24084369
24084370 24084371
24084372 24084373
14901460 24084374
5026348 24084375
5026809 24084376
10229279 24084333
14901464 24084377
24084378 24084379
14901466 24084380
14901468 24084381
14901470 24084382
24084383 24084384
14901472 24084385
24084386 24084387
24084388 24084389
5025371 24084390
14901475 24084391
14604359 24084392
11896738 24084393
14901479 24084394
14901481 24084395
24084396 24084397
14901483 24084398
24084399 24084400
14591784 24084401
14901486 24084402
5031966 24084403
24084404 24084405
14901489 24084406
10464446 24084407
14901492 24084408
14901494 24084409
24084410 24084411
14558881 24084412
14901497 24084413
14901499 24084414
24084415 24084416
17034586 24084417
12168044 24084418
14901502 24084419
896493 24084420
14901505 24084421
15843052 24084422
24084423 24084424
24084425 24084426
12147718 24084427
5011010 24084428
14901509 24084429
18066099 24084430
24084431 24084432
24084433 24084434
11861430 24084435
14901512 24084436
15842490 24084430
10463021 24084437
14901515 24084438
24084439 24084440
14901517 24084441
14901519 24084442
14901521 24084443
11844708 24084444
14901523 24084445
24084446 24084447
924159 24084448
12159799 24084449
14901527 24084450
14901529 24084451
24084452 24084453
24084454 24084455
2725101 24084456
14901532 24084457
24084458 24084459
24084460 24084461
24084462 24084463
14901534 24084464
14901536 24084465
24084466 24084467
10463368 24084468
12152559 24084469
14901540 24084470
14901542 24084471
14901544 24084472
14901546 24084473
14901548 24084474
14901550 24084475
13612942 24084476
14608508 24084477
24084478 24084479
12541284 24084480
17048366 24084481
14901555 24084482
24084483 24084484
927865 24084485
24084486 24084487
14901558 24084488
14901560 24084489
14901562 24084490
24084491 24084492
14901564 24084493
24084494 24084495
24084496 24084497
14901566 24084498
15842349 24084499
24084500 24084501
14901568 24084502
18092545 24084503
24084504 24084505
24084506 24084507
4457041 24084508
24084509 24084510
14901571 24084511
14901573 24084512
14901575 24084513
14901577 24084514
14901579 24084515
12156059 24084516
10681618 24084517
12169788 24084518
14901584 24084519
14901586 24084520
24084521 24084522
14901588 24084523
14901590 24084524
14901592 24084525
14901594 24084526
5029511 24084527
14901597 24084528
24084529 24084530
14901599 24084531
11913943 24084532
14901602 24084533
24084534 24084535
14901604 24084536
9447410 24084537
14901607 24084538
14901609 24084539
24084540 24084541
10230617 24084542
24084543 24084544
14901612 24084545
14901614 24084546
24084547 24084548
24084549 24084550
14901616 24084551
81644 24084552
24084553 24084554
11913941 24084555
24084556 24084557
24084558 24084559
24084560 24084561
24084562 24084563
24084564 24084565
14901618 24084566
24084567 24084568
14560100 24084569
24084570 24084571
24084572 24084573
24084574 24084575
10679822 24084576
18091446 24084577
14901622 24084578
24084579 24084580
24084581 24084582
14901624 24084583
14901626 24084584
24084585 24084586
15842487 24084587
14901628 24084588
24084589 24084590
14901630 24084591
14901632 24084592
10681608 24084593
24084594 24084595
14901635 24084596
14901637 24084597
11856582 24084598
22368907 24084599
24084600 24084601
24084602 24084603
24084604 24084605
24084606 24084607
12152593 24084608
14604358 24084609
14901642 24084610
24084611 24084612
14901644 24084613
14901646 24084614
24084615 24084616
14901648 24084617
14901650 24084618
14901652 24084619
24084620 24084621
14901654 24084622
12160378 24084623
10229256 24084624
24084625 24084626
14901656 24084627
14901658 24084628
14901660 24084629
12152612 24084630
14592889 24084631
14901664 24084632
24084633 24084634
14901666 24084635
14901668 24084636
14901670 24084637
24084638 24084639
14901672 24084640
18066179 24084641
24084642 24084643
24084644 24084645
14901674 24084646
24084647 24084648
24084649 24084650
24084651 24084652
18092223 24084653
18045598 24084653
14901676 24084654
14564262 24084655
14901679 24084656
24084657 24084658
14901681 24084659
14901683 24084660
14901685 24084661
14901687 24084662
24084663 24084664
24084665 24084666
24084667 17003397
18092202 17003397
14901689 24084668
24084669 24084670
24084671 24084672
24084673 24084674
24084675 24084676
5037348 17003397
14901691 24084677
12173311 24084678
14901694 24084679
14901696 24084680
5028341 24084681
14901699 24084682
24084683 24084684
18428083 24084685
10681552 24084686
24084687 24084688
14901701 24084689
24084690 24084691
18090651 24084692
24084693 24084694
24084695 24084696
18037343 24084685
24084697 24084685
24084698 24084699
14597787 24084700
24084701 24084702
14901703 24084703
24084704 24084705
5037374 24084706
14901706 24084707
24084708 24084709
24084710 24084711
24084712 24084713
24084714 24084715
14901708 24084716
24084717 24084718
24084719 24084720
24084721 24084722
24084723 24084724
14901710 24084725
5028563 24084726
14568979 24084727
14589763 24084728
18067192 24084725
14901715 24084729
5039537 24084730
24084731 24084732
24084733 24084734
24084735 24084736
24084737 24084738
14901717 24084739
14901719 24084740
14901721 24084741
24084742 24084743
14901723 24084744
14901725 24084745
14901727 24084746
14901729 24084747
24084748 24084749
14901731 24084750
24084751 24084752
14901733 24084753
24084754 24084755
18057079 24084725
12166884 24084756
24084757 24084758
14592496 24084759
17029836 24084760
14589258 24084761
14589853 24084762
18043125 24084763
14901739 24084764
24084765 24084766
24084767 24084768
18066574 24084769
14901741 24084770
14901743 24084771
12165479 24084772
14618294 24084773
14596835 24084774
14618295 24084775
14901749 24084776
14901751 24084777
14901753 24084778
18092584 24084779
5032818 24084780
14901756 24084781
24084782 24084783
24084784 24084785
14901758 24084786
24084787 24084788
14901760 24084789
24084790 24084791
24084792 24084793
13614205 24084794
14901763 24084795
14901765 24084796
14901767 24084797
14901769 24084798
14579470 24084799
24084800 24084801
15841935 24084802
11879200 24084803
24084804 24084805
24084806 24084807
14901773 24084808
14604355 24084809
14901776 24084810
24084811 24084812
24084813 24084814
14901778 24084815
14901780 24084816
14901782 24084817
14901784 24084818
24084819 24084820
14901786 24084821
24084822 24084823
17029848 24084824
14901788 24084825
24084826 24084827
24084828 24084829
14596015 24084824
24084830 24084831
21504570 24084832
14901791 24084833
14901793 24084834
14901795 24084835
14901797 24084836
14901799 24084837
24084838 24084839
10463016 24084840
14556932 24084841
14901802 24084842
18036354 24084843
14901804 24084844
17029860 24084845
14901806 24084846
24084847 24084848
14901808 24084849
24084850 24084851
12152578 24084852
4813652 24084853
24084854 24084855
14579751 24084856
14901813 24084857
24084858 24084859
867118 24084859
24084860 24084861
24084862 24084863
14901816 24084864
24084865 24084866
24084867 24084868
24084869 24084870
24084871 24084872
14901818 24084873
24084874 24084875
18062626 24084859
24084876 24084877
24084878 24084879
24084880 24084881
14901820 24084882
5014222 24084883
14573730 24084884
14901824 24084885
14901826 24084886
14901828 24084887
14901830 24084888
24084889 24084890
24084891 24084892
14901832 24084893
24084894 24084895
24084896 24084897
14901834 24084898
14901836 24084899
24084900 24084901
24084902 24084903
14901838 24084904
14901840 24084905
24084906 24084907
24084908 24084909
14901842 24084910
14901844 24084911
24084912 24084913
14901846 24084914
11871957 22841164
24084915 24084916
902180 24084917
14901849 24084918
14900713 24084919
14900713 24084920
14900713 24084921
17029855 24084922
24084923 24084924
18072214 24084917
21513023 24084925
24084926 24084927
24084928 24084929
24084930 24084931
13766883 24084932
24084933 24084934
1730085 24084917
18066664 24084935
14901855 24084936
14901857 24084937
24084938 24084939
10462672 24084940
24084941 24084942
14593240 24084943
14901860 24084944
14576086 24084945
5031817 24084946
10464200 24084947
