12818306 10532621
13832567 10532626
18963340 10532634
12818273 10532637
13830691 10532638
12820337 10532644
13830497 10532690
19084615 10590242
15494424 10590268
15590346 9964097
18994493 10590272
11346948 10532749
20202385 19300946
20202393 20842288
15495161 9964290
20202371 19236053
15496419 10848664
20202387 16021509
13830531 10532870
20202390 20618885
13831215 9571450
20202380 16022096
20202320 14354311
18970382 10533067
15423516 10533115
13834765 9964536
12818084 10533288
15590749 10533415
15315957 10533473
15539776 9964682
15590772 10533574
12818017 10533579
12818026 10848688
13828520 10533611
15528505 10533647
13832315 10533734
15513692 10533761
15509641 10533767
15531073 10533776
15531599 13818191
15531606 9572062
18969700 10533780
18859456 10533782
15531008 10533784
15531838 10533791
12820857 10533808
15423415 10533810
18943282 9964978
15541255 10024037
15477574 10533961
3930400 10533999
15313118 10534001
15313127 10534004
13831596 9965224
13828343 9965240
13832212 9965258
15423645 10534023
15312833 10534037
13828190 10534046
19081402 10534122
15638050 10534187
12817477 9965516
15528428 10534221
3978119 10534236
15495160 10534274
13831206 10534277
15313313 10534290
15590768 10534324
15620536 10534339
12818972 9965685
3927097 10534343
12818995 10534344
12819015 9965722
13831018 9965724
12819008 9965734
3937775 9965744
19019733 10534452
18970160 10590401
15494425 10590404
12818980 10534491
12818976 10534492
13834029 10534509
12820239 10026029
12817600 10534631
12817604 10534633
18943428 10534634
18943429 10534635
12817500 10534639
12817605 10534644
19049405 10534647
18952850 10590421
18955930 10026032
18994714 10534650
12817540 9573695
12817541 10534653
12817542 10534656
18896326 10534658
12817547 10848710
12817504 10534664
12817552 10848711
13833256 10534699
19082019 10534702
12820012 10534704
19064132 10534705
15493559 10534713
18994711 10534715
12819013 10534717
12818211 10534719
12817466 10534720
12817526 10534725
15493576 10534727
15493573 9965839
12820364 10534728
18994683 9965849
19056789 9965853
12819022 9965855
18994682 9965857
15638237 9965859
12819016 9965873
12817498 9965875
18994674 10590430
15493568 10590431
15493566 9965885
12819002 9965897
15493562 10534748
12819007 9965909
12820096 9965917
12819003 9965921
12819004 9965923
12820097 9965925
12819005 9965927
15638231 9965929
20208141 10534795
15493581 10534821
15478390 10849486
15638247 10534908
12817383 10534913
12819943 10534914
15638246 10534916
12817499 10534919
12817529 10026041
12817523 10534923
12819287 10026042
15504157 10590456
12820329 10534930
12817509 10534953
19081170 10534999
2616409 10535012
15006786 10535022
19078370 10535028
15638242 10535030
15638241 10535031
12817250 10535034
12817252 10535036
19078369 10535038
19078368 10535039
19078367 10535041
15589357 10535043
12817519 9574104
12820325 10535047
18943681 10535049
12817555 9574120
15514599 10535061
12817528 10535065
12817545 10535066
3987586 10535081
12817376 10535086
18994679 10535087
18943281 13657884
19042234 10535142
15638234 10535144
15493569 10535145
15638233 10535147
12817607 10535150
12817512 10535154
12817551 10535156
12820195 10535157
18920219 10535160
12818285 10535166
12817517 10590478
18994673 10535171
12819210 10535173
19083112 10535174
12817549 10535175
12817530 10535180
17018218 10535316
12817450 10535401
13830374 10535406
12819010 10026053
12819023 10535424
12820991 10535425
18840236 10590502
5208504 10535426
15512306 10026055
12817876 9966342
12818163 9574625
12818161 9966351
12818236 9574650
12818314 10535569
12817903 10028171
12818317 10535573
12818237 10535579
24358037 19237671
20154855 17868692
20204404 14358437
20154406 9574690
20204401 12214596
20204382 9574691
20204362 14358439
20204372 12214600
12818304 10535600
12818240 10535607
15496418 14317586
20145212 16034568
12817613 10535612
12818243 10535617
19004831 20625197
12817912 10535644
12818305 10535648
3942979 10850244
18935881 13658341
12818033 14317671
15514413 14317677
12818242 10535662
20204992 19237696
20204989 20935290
12818244 10535665
12817611 10535669
20204752 23201298
12817439 10535675
12817440 10535678
10206820 12214884
20203842 19087444
20204105 16035437
20203934 14318284
20203836 16035787
20172077 22586180
20203903 19087508
20203902 9575036
18962725 16035800
20204278 18147053
12817293 19237802
12818189 16036036
12818113 16036046
12820023 13658566
12817279 14318468
20170866 12215483
20210744 24358038
20171990 14358866
18994632 12215496
15493545 14318478
12819527 14318486
24358039 13678803
20194965 16036873
11344308 12216232
24358040 20626995
4240127 14359206
15493566 19237953
18962614 12216489
11344313 14359241
20168860 20627716
20168905 12216671
24358041 19087659
20211399 12216765
20211400 9575426
18994489 12216802
20206518 16173496
20206645 14359684
20206665 14319952
20206725 10885094
20206699 18397871
20161755 18397873
24358042 18397880
20205245 18397888
20161879 18397889
20161756 16037459
24358043 14359802
20159165 20630803
20177238 16037551
20206646 14359807
24358044 16037555
13833928 9966939
3935411 9966942
19082318 9966944
19070063 10536761
3938363 10536821
18915955 9967033
18920929 9967035
15591038 9967037
15591202 9967047
13831893 9967049
18970216 9967051
15591323 9967053
18964728 9967057
15494428 9967059
18835575 9967077
11344310 19238221
15620910 9967097
18942117 9967099
18942113 9967101
15313059 10536842
20204560 20990828
20204558 14320390
20204551 14320415
20204374 14360077
24358045 20632251
13834179 14360091
20198945 16037861
15528449 9967130
15591223 9967154
20138800 24357861
20205424 19238510
18968460 19088105
11344309 16038254
3940532 10537149
11342771 20633668
11349279 14321012
11344312 20633683
20202449 20633822
20202425 19088125
20202443 19238557
20202547 20633832
20202546 12421166
20202537 20633850
20149352 14321049
15590943 10537201
20202417 9576474
20202427 20633896
20202496 14321053
24358046 14321054
20202454 20633906
24358047 20633910
20202487 20633914
20202421 14360462
24358048 20057718
20202356 14321078
20202355 14321080
20202410 19088136
20202358 12421206
20202359 22592374
20202360 14321083
20202361 14847821
20202362 19088139
20202363 9967367
20202365 9967369
20202366 14360475
20202336 9967371
20202428 20634001
20202429 19238579
20202322 20634003
24358049 9967375
11352091 12421224
14563922 24358050
24358051 14360543
20205990 9967412
24358052 20634302
24358053 24358054
24358055 20634351
20205983 19088178
20205984 14321177
20205711 19088181
20150177 16038431
20150131 20634505
20202765 20634508
20202707 20634551
24358056 13659053
20152355 19088213
12626318 19088245
13828258 14321494
19069719 10537472
19069718 10537473
20202317 14321584
20202316 9576811
19022907 10537557
18955124 10031642
15591201 9967693
13828632 9967695
15478619 10537944
15673958 9967761
20209335 10537992
19072580 10537993
20210666 9967866
15478637 10538055
15478639 10538060
20199083 10850311
18994664 10538094
20209299 10850314
24358057 10850317
20205214 10850329
20160934 9967945
20199461 10538140
20199444 10538144
20199395 10538147
20199371 10538154
20138912 10538228
20198806 10850349
24358058 9577507
18949733 9577529
18949732 10538265
18994706 9967989
18969704 9968056
20204491 10538343
19051497 10538344
19028279 9968078
18994687 9968080
20201032 10850365
19707903 10850368
20200955 10538463
20211072 10538470
20150846 10538476
20203119 9968173
24358059 10538489
20203070 10850376
20203071 10850377
20200453 12421349
20206562 10850385
20136316 10538522
20136321 9968191
20136322 10538534
20207493 10538569
24358060 10539450
20209351 10539452
20209337 10539467
24358061 10850473
24358062 10539475
24358063 10539477
24358064 10539552
15512131 10539595
15512133 10539603
15512076 10539623
12818186 10539650
3937759 9974251
24358065 12422291
12817375 10851795
18994543 13617587
12818003 14838613
12817959 13662475
12818073 9975302
12818074 14334279
12818105 13662482
12818102 14367930
12818111 10851796
12818071 10851797
12818072 12422390
12818126 10851800
12818138 13818510
12818068 10851801
18876134 10851803
12817408 10851805
18962969 12818746
12817703 12422391
18994565 10851806
12817390 14979155
15620649 10851807
15620644 12422401
12818231 12422403
12817620 12422404
12817819 12422405
12817922 12422406
12817535 12422407
12817601 12422408
12817388 14368013
12817389 12422409
19083678 13662509
12817316 12422410
12817407 14368020
12818223 12818768
12817975 12422411
12817290 10851818
12817413 15407511
12817878 12422412
12817877 12422413
12818230 12422414
12818225 12422415
12818353 12422416
12817619 12422417
12817329 14691745
15493512 15407522
12818067 13662522
12818144 12818771
12817557 12422420
12817556 14368034
12819021 12422421
3953356 10851819
15590720 12818776
18941336 12184041
12817956 10851820
12820193 10851836
13831555 12422440
18994573 10851847
12818276 14368128
12818252 13617593
12818322 12422442
12818287 14368131
15493570 10851855
14583985 12818800
18998214 10851870
15486748 9581648
13833934 10851924
15589846 12422577
15528456 9977343
19030246 10851996
20202462 14337461
20202502 9581845
20202448 14337518
19083122 9977409
12818835 9977455
20207701 9977465
20202608 18148336
18994602 12422783
12818096 9977748
12817939 12818900
12818109 12422794
12818195 12818903
12818234 12422795
12818088 12422796
12818215 12422797
12818063 12422798
12817996 12422799
12818054 12818909
12817937 12818911
12818221 10037706
12820125 12422800
12818192 12818913
12818056 12818914
12818205 12818916
12818075 12422801
12817907 12422802
12817617 12422803
12818050 9977797
12817945 12818924
12818051 12422805
12818052 12422806
15512130 12422814
12817052 12422835
12818055 12422836
12820265 9978114
12818352 14369352
12817374 12422837
12817372 12422839
12816943 12184068
18994631 15409076
15493544 13663081
18994633 15409079
18994634 13617649
15493546 12422867
18994635 12422868
18994636 13663083
18994637 9581925
12817984 12422869
18994638 13818543
18994639 12184075
18994640 12184076
12818043 15409092
12817949 12184077
15493547 12184078
18994641 14692130
18994642 13818544
18994643 14338320
12818047 13663095
12820246 12422870
15493548 12422871
12819290 12184079
15493549 14692136
18994644 12422872
18994645 12184081
18994646 12184082
18994647 15409110
12817502 12422873
15493551 13663101
18994648 12422875
15638224 13617650
18994649 14338375
18994650 14523959
18994651 13663106
18994652 13617651
15638225 13617652
12817518 15409124
18994653 12422877
18994654 12422878
12817483 12422879
12817273 14692142
15638226 14692144
18994655 12422880
18994657 12184084
15493553 14692169
15638228 12422881
15638229 12422882
18994658 12818948
12820204 12818950
15493554 12422883
18994661 12818951
18994660 12818952
18994661 15409146
15493555 12184085
18994662 12818953
18994663 12818954
18994665 12184086
18994666 12422885
15638230 12184087
18994667 12818959
18994668 12184088
18994669 12818961
15493556 12422886
15493557 12184089
15493558 12184090
12817381 12184091
15589355 9978414
15493559 9978416
15493560 9978418
18994670 9978420
12817820 9978422
12817356 9581944
12817297 12184093
12817319 9581945
12817359 12422887
12817534 15409176
19065560 14979160
12817431 12422889
12818321 12184095
12818307 12422890
12817507 12184096
12820095 15409190
12820094 12184099
12820064 12422892
12820093 12184102
12820091 15409197
12819006 13663144
12820092 12184103
15493561 13663146
18967468 9978527
18994671 9978531
11347423 14338595
12817954 12184104
12817380 12184105
12817432 12184106
12818127 15409218
12818129 13663165
12818171 10037713
12819000 10037714
3939815 13663170
12818997 14338625
12818993 12422898
3985260 12422899
12818989 9978607
5217198 12422900
15493564 12422901
15493565 13663173
18994672 12422902
12818984 12184110
12819025 12184111
12818983 12422904
12818982 10037715
12819024 15409254
12818255 12422905
12818256 15409257
12818257 14406727
12819093 15409260
12818251 13663175
12818254 12184112
12818228 12184113
12818227 9978695
12818226 9978697
12818289 12422906
12817412 12422907
12817953 15409271
20165462 21808949
18844129 15409276
18844131 12422908
18844132 12184114
18844133 15409282
15504156 12184115
12818294 13663184
12817951 14369577
12818130 12422909
12817901 14838641
12817515 13663189
12817527 14369583
12817513 10037717
12818286 9978735
18951951 9978737
12817347 9978739
12817349 12422912
12817470 9978743
12817340 9978755
18928538 9978789
12818284 12818974
18920220 12818977
12817531 12818979
12818028 12422917
12818016 12422918
12818029 12818985
12817330 12422919
12817328 9978896
12818308 12818988
12817337 12818990
12817335 12184116
12817336 12818994
12817338 12818996
12819286 12422920
12819916 12422921
12819914 12422922
12818046 12422923
12817608 12422924
12818069 10037718
12818359 12819009
18994675 12819011
12818358 12422926
12818356 12819014
12818355 12422927
12818015 12422928
12820271 12819018
12818364 12422929
12820270 12422930
12820018 12422931
18994676 9978910
15638232 9978912
18994677 9978914
12818217 12819026
12818218 9978926
12818219 12819027
18824661 12422932
12818283 9581987
12818282 12184117
12818281 14369643
12818280 12422933
12818279 9581988
12820088 12422935
12817926 13818545
12818320 12422936
12818275 9581990
12818274 9581991
12817616 9581992
12818049 12819029
18994678 12422937
12817537 12422941
12817538 14406732
3935535 12422943
3983081 9979010
3967025 14369683
3930404 13617664
12817539 14369689
5217186 12422944
3917310 13617666
15638235 12422945
15589356 14692441
18994680 14369697
12817961 13617667
12818045 10037719
12817544 12422946
12819012 12422947
12818209 12422948
12818213 13818546
12818208 12184119
12818212 14369710
3983906 15409414
12817373 15409416
12817415 14369711
18942108 12184120
3970487 12422949
12817434 12422950
12817900 12422951
12817260 12422952
12817433 15409426
12817377 14369719
12817393 9582001
12817392 15409432
3930800 9979172
12817435 12422955
12817447 9979176
12817898 12422956
15620626 15409441
12817899 15409444
12818220 12422957
19076897 12422958
18994681 15409449
12817382 12184122
12817295 13818547
12817342 12422959
12817896 12422960
12817894 12184123
12817889 12184124
12817865 12422962
12817871 13617670
12818165 12184126
12818166 12422963
12818168 12184127
12817870 12184128
12818167 13663274
3965172 15409473
15493571 9979199
15638238 9979211
12818807 9979213
15638239 12422964
12817506 9979215
12817346 9979217
12818002 12422965
12817355 9979233
12817869 9979251
12817533 13818548
12817532 13617671
12817451 15409496
12818007 12422968
18994684 14369814
12819910 15409500
12820019 15409502
12817997 12422969
12820134 12422970
19061143 12422997
18865378 12422998
12817291 12819040
12817525 12422999
12817909 10037722
12817404 12423001
12817455 12423002
12818193 12423003
12817943 14369892
19084485 15409581
18994686 13663334
12818077 12423006
12818078 15409587
12817950 12423007
12817429 11812096
11350549 12423008
3942940 14339301
12817308 12423011
12817307 12423012
12817314 10037724
12817306 12423013
12817312 13617675
12817303 15409604
12817309 12423014
12817305 11812097
12817311 14339318
12817310 14339319
12817304 14339322
12817313 13818550
18945760 9979478
12817274 9979480
15638240 9979482
12817332 9979486
12817254 9979496
12817269 15409618
12817270 14339331
15493572 15409621
12817288 12423015
12817403 14406738
12818060 14692589
12818059 14339350
12818058 12423017
12818076 12423018
18994688 14369940
12817482 12423019
12817521 14406740
12817520 12423020
12817469 12423021
12818978 14369947
12817384 12423023
12817292 12423024
12817396 12423025
19078293 12423026
11346549 12423027
12817414 15409650
18971900 12423028
18825710 12423029
12817257 12423032
12817262 15409662
12817370 12423033
18994689 15409665
15638243 13617676
3929018 12423035
2673661 15409673
2671361 13663374
12817994 12423038
12817995 12423039
12818288 12423040
15493574 14369976
12818157 12423041
19031660 12423042
12817402 12423043
12817401 12423044
12818362 12423045
12818107 12423046
12818106 12423047
18994691 12423048
12820146 12423049
12818253 12423050
12818272 12423052
12820145 13617677
12817615 15409701
12818270 15409703
18952781 9979655
18952782 15409706
18994692 12423054
18994693 9979657
15528824 9979666
18994694 12423055
18994695 12423056
12819078 12423057
12819077 12521064
12818191 9979694
12818184 13617681
12818183 14339501
12818177 13663406
12818175 14524027
12818173 12423059
12818196 12423060
12820089 12423061
12820160 13818551
12820523 14692597
18994696 15409731
18994697 12423062
18994698 15409734
18994699 14406744
12817508 12423063
12817505 13818552
18914886 15409744
12817371 12423065
12817350 12423066
12817360 13617682
12817272 12423067
12817321 12423068
18994700 12423070
18962729 14838645
15638244 12423071
18962730 10037726
12820166 15409759
12818351 12423072
12818350 12423073
12818349 12423074
12818348 14979162
12818346 12423075
12818338 14370052
12818344 14370053
12820132 12423076
12817946 10037727
12820242 12423077
18952801 12423078
18952802 12423079
18952803 9582086
12817459 9979786
12820121 12423080
3942267 10037728
3937861 12423081
15493575 10037729
12818293 12423082
12817618 12423083
12817385 14370067
12818330 12423084
12817524 11812099
18994701 11812100
15638245 10037730
18994702 12423089
19009821 12423090
12818201 14370075
15589968 12423091
12817962 12423092
12818039 12423093
12818340 12423094
12818343 12423095
12818337 13617685
12818335 14406749
12818341 15409811
18974902 14339698
18970376 13617688
12820130 12423111
18994704 12423114
12818328 13818554
12818250 9582118
12818249 12423115
5202907 15409875
12818248 12423116
12818247 12423117
12818246 15409880
12818292 12423118
12818327 14524046
12818311 14339723
12820128 12423119
12817981 12423120
12817982 12423121
12817275 15409889
5206337 12423122
12817452 12423123
12818053 12423124
12818042 15409895
3938336 12423126
12817623 12423128
12817622 12423129
3952245 12423130
12818103 13617691
3937761 12423133
12817462 12819060
5217194 12423134
12817553 12423135
18994705 12819062
12817935 12423136
12818313 12423137
18932711 12423138
12817055 15409917
12818333 12423141
12817942 12423142
12818329 12423143
19084703 15409925
12817711 14524048
12817710 13617692
12818150 13818555
12818140 12423144
19084704 14370191
12818245 14370195
12818319 12423146
3942981 14524054
12818310 12423149
12817614 12423151
12818239 14524056
12818309 15409955
3977141 12423153
12819335 12423157
19045650 13818556
12817276 15409966
12818973 9980092
19066845 9980094
18962899 12521067
12818334 9980096
12817343 9980098
12817472 12423160
12819017 9980103
12817445 9980109
12817436 9980111
12817437 14370227
12817485 12423161
12817484 15409986
12817602 12423162
3974782 12423165
3934658 12423166
3933350 12423167
12817913 13617694
12817916 14692876
12819071 14524065
12819070 12423168
12818172 12423169
12817920 12423170
18864585 12423172
18864586 12423173
12820100 12423174
12817460 12423177
12817255 12423178
18994710 9980202
12817256 12423180
12818970 13663505
12817921 12423184
12818098 15410029
18994713 15410033
12817964 15410035
19078422 15410037
12817448 14370262
18920928 12423190
12820127 12423191
12818290 14339976
12820075 15410044
12817457 15410048
12817458 9582154
12818034 12423194
12817441 12423195
12817461 12423196
12818146 15410061
18994714 15410068
12817353 9980318
5206339 9980320
18994715 9980324
12817612 9980326
12817610 15410075
12818801 9980328
12817609 13818557
12818315 9980330
12817902 14370291
12818325 10037736
12817603 15410088
18994716 15410092
12818323 14406755
12818324 14693611
12818233 14370308
12818238 15410098
12818235 9980334
18994718 12423206
12817905 10037737
12817503 13617696
12818198 15410114
3934324 10037738
12817267 12423208
12817282 13617697
12820579 14370324
15504158 14370327
12817554 11812113
12817906 10037739
12819020 10037740
13830349 12423227
13828744 15410208
15528421 12423232
15638252 12521110
15589256 12423316
12817409 12423386
12818152 13818566
12818116 9981055
12818110 12423387
12818155 12423391
12818158 14370810
12817258 12423436
15512132 12423492
12817348 12423532
18965218 12423594
18943484 14371513
15591036 9981421
20209292 9981435
20209386 14524188
15591037 15411508
24358066 15411522
15494427 12423763
20209417 12423765
20168832 12423767
20210944 12423768
20171281 9981451
20201608 14371598
20206450 12423769
20206452 10037787
20205235 9582634
20205137 12423777
24358067 10037788
20209650 12423783
20199467 9981493
20207945 9981503
20207998 9981519
18823599 12423796
20205974 13617768
20205965 9981530
24358068 12423799
24358069 13818578
20198799 12423814
20198797 13617776
20202776 14701668
18982055 13617782
20211031 12423830
20210982 14342205
20211000 9582680
24358070 13617787
20203572 13617789
20203560 9582686
20200656 12819329
20202759 13617790
18868770 14342271
20146365 12521142
20201351 13617794
20201355 13617795
20201330 10037798
20211149 9981570
20201512 9981622
20201545 14702523
20201513 13617803
20201546 12423850
20201519 13617806
20201529 14342369
20201568 15411856
20201550 14371864
20201578 15411860
20205811 13617811
20207179 14702630
18927219 14371888
18968904 14342454
20200510 14371904
20201998 14342457
20202156 15411943
20202257 14371943
20202235 15411963
20207238 14371955
20206175 12423901
24358071 12423903
11344311 20863420
20200538 12423966
20199772 12423969
20199508 13664114
20199534 12423988
24358072 12424007
20162702 12424008
18921885 12424012
20199206 15412274
24358073 12819351
24358074 12424040
24358075 12819372
20205899 12424042
20211216 12424044
20211234 12424047
20211265 9582909
24358076 15412380
18880614 10037813
20152136 12424059
20203397 12424061
24358077 13664172
20203408 12819430
13832828 12819432
20203440 12819432
20203436 12819433
24358078 12424063
20211285 12424066
20207304 12819473
20207281 12424093
20211391 12424095
20211390 12819481
20211389 12424096
20211393 12819483
20211397 12424097
20211396 12424098
20211395 12424099
20211394 12424100
20211334 12424105
20211404 12819515
20211406 12819519
19068511 13818599
20204235 12424114
20204120 12819534
24358079 15412557
20203852 12424121
20203870 12424129
20204030 12424131
20154064 12819550
20204103 12819570
20203844 15412612
20204136 12424140
20203839 12424147
20204040 12424148
20204160 12424150
20204158 14343145
20153366 13617884
24358080 12424157
20203672 12819605
20204390 12424167
20204502 12819631
20204507 12819634
20208097 12424189
20208102 12424190
20208094 12819645
19072583 12424191
20206735 12424195
24358081 12424201
20210476 10037821
20210477 12819665
24358082 12819676
20207344 15412779
20207354 13617905
20208145 9583042
20206059 15412787
20140450 12819684
20204731 12819693
20204712 12424221
20204706 12424222
20204705 12819694
18920218 9583057
24358083 12424227
20204745 12424233
20204947 12424235
20205004 12819708
20204965 12424240
20205057 9583063
20205056 12424242
20204971 12424243
24358084 12424245
24358085 12819725
20205694 12424270
20207531 12819775
19013536 12819791
20207492 12424291
15512128 9583121
20166964 13818607
20208099 10037837
24358086 12424443
20207948 13664377
17021699 12424457
24358087 9583261
20200506 14704384
24358088 12424472
20200436 12424473
20200505 14704390
20208113 12424543
20202447 15413673
20202444 12424551
20202424 12424554
15536263 12184176
15536262 15413706
15589320 14373488
20202474 13664435
20202423 15413776
20202505 16417150
20208114 9583546
18825618 12424724
20202524 9583779
20202530 12424895
20202521 12424897
20202520 12424898
20202528 12819992
20202522 12424903
20202519 12424904
20202526 12424905
20202525 13818731
20202529 12424907
20202514 13818732
20202545 12424934
12817405 14704604
12817406 11812195
5204861 12184275
12817410 12425135
20211248 16206386
15423531 12820224
24358089 16417395
18895416 10852044
18895415 10852045
12820147 10852102
12818023 10852115
12817456 10852221
12820535 10039655
18994707 10852274
18964729 14706036
15620953 14374317
12817931 9983637
15578274 9584292
12818170 13618140
12818134 16417683
12817454 13618145
15496396 13618162
12817446 14374432
13829172 14348596
12817247 14527611
2670951 16421759
12818331 14348770
6585256 13624592
6594957 12245749
12817938 16429538
18994690 20934896
19061591 13629729
12817999 13629730
12818079 13629741
12818081 20999388
18994703 21083143
12817918 20999397
19028675 14405332
12818085 9590231
12818032 16429886
12817248 16429892
18994719 14353190
12820899 24358090
12817283 14405380
3974415 16429914
20202501 20988822
12820900 9997188
3936009 9997190
12820901 9997192
18994727 9590291
15424548 12520434
12817249 16430247
24358091 13630289
20211147 19248463
20207850 12521762
12818987 9590521
20202392 14406307
20204463 17421186
20202367 14406503
20202369 20999679
