27184790 27184791
27184792 27184793
27184794 27184795
27184796 27184797
27184798 27184799
27184800 27184801
27184802 27184803
27184804 27184805
27184806 27184807
27184808 27184809
27184810 27184811
27184812 27184813
27184814 27184815
27184816 27184817
27184818 27184819
27184820 27184821
27184822 27184823
27184824 27184825
27184826 27184827
27184828 27184829
27184830 27184831
27184832 27184833
27184834 27184835
27184836 27184837
27184838 27184839
27184840 27184841
27184842 27184843
27184844 27184845
27184846 27184847
27184848 27184849
27184850 27184851
27184852 27184853
27184854 27184855
27184856 27184857
27184858 27184859
27184860 27184861
27184862 27184863
27184864 27184865
27184866 27184867
27184868 27184869
27184870 27184871
27184872 27184873
27184874 27184875
13813859 27184876
27184877 27184878
27184879 27184880
27184881 27184882
17196225 27184883
27184884 27184885
27184886 27184887
27184888 27184889
27184890 27184891
27184892 27184893
27184894 27184895
27184896 27184897
27184898 27184899
17219640 27184900
27184901 27184902
27184903 27184904
27184905 27184906
27184907 27184908
27184909 27184910
27184911 27184912
27184913 27184914
27184915 27184916
27184917 27184918
27184919 27184920
27184921 27184922
27184923 27184924
27184925 27184926
27184927 27184928
27184929 27184930
27184931 27184932
27184933 27184934
27184935 27184936
27184937 27184938
27184939 27184940
27184941 27184942
27184943 27184944
27184945 27184946
18235811 27184947
17205388 27184948
27184949 27184950
27184951 27184952
27184953 27184954
27184955 27184956
27184957 27184958
27184959 27184960
27184961 27184962
27184963 27184964
27184965 27184966
27184967 27184968
27184969 27184970
27184971 27184972
27184973 27184974
27184975 27184976
27184977 27184978
27184979 27184980
27184981 27184982
27184983 27184984
27184985 27184986
27184987 27184988
27184989 27184990
27184991 27184992
27184993 27184994
27184995 27184996
17202726 27184997
27184998 27184999
17207110 27185000
27185001 27185002
27185003 27185004
18027519 27185005
27185006 27185007
27185008 27185009
27185010 27185011
27185012 27185013
18091618 27185014
27185015 27185016
27185017 27185018
27185019 27185020
27185021 27185022
27185023 27185024
27185025 27185026
27185027 27185028
27185029 27185030
27185031 27185032
27185033 27185034
17225395 27185035
27185036 27185037
27185038 27185039
27185040 27185041
27185042 27185043
27185044 27185045
27185046 27185047
17219636 27185048
27185049 27185050
27185051 27185052
27185053 27185054
17224301 27185055
27185056 27185057
27185058 27185059
27185060 27185061
27185062 27185063
27185064 27185065
27185066 27185067
27185068 27185069
27185070 27185071
27185072 27185073
27185074 27185075
27185076 27185077
27185078 27185079
27185080 27185081
27185082 27185083
27185084 27185085
27185086 27185087
27185088 27185089
27185090 27185091
27185092 27185093
27185094 27185095
27185096 27185097
27185098 27185099
27185100 27185101
27185102 27185103
27185104 27185105
17224497 27185106
27185107 27185108
27185109 27185110
27185111 27185112
27185113 27185114
27185115 27185116
27185117 27185118
27185119 27185120
27185121 27185122
27185123 27185124
27185125 27185126
27185127 27185128
27185129 27185130
15981386 27185131
27185132 27185133
27185134 27185135
27185136 27185137
27185138 27185139
27185140 27185141
27185142 27185143
27185144 27185145
27185146 27185147
27185148 27185149
27185150 27185151
27185152 27185153
27185154 27185155
27185156 27185157
17207167 27185158
27185159 27185160
27185161 27185162
27185163 27185164
27185165 27185166
27185167 27185168
27185169 27185170
27185171 27185172
27185173 27185174
17230999 27185175
27185176 27185177
27185178 27185179
27185180 27185181
27185182 27185183
27185184 27185185
27185186 27185187
27185188 27185189
27185190 27185191
27185192 27185193
27185194 27185195
27185196 27185197
27185198 27185199
27185200 27185201
27185202 27185203
27185204 27185205
27185206 27185207
27185208 27185209
27185210 27185211
27185212 27185213
27185214 27185215
27185216 27185217
27185218 27185219
27185220 27185221
27185222 27185223
27185224 27185225
27185226 27185227
27185228 27185229
27185230 27185231
27185232 27185233
27185234 27185235
27185236 27185237
27185238 27185239
27185240 27185241
27185242 27185243
27185244 27185245
27185246 27185247
27185248 27185249
27185250 27185251
27185252 27185253
27185254 27185255
27185256 27185257
27185258 27185259
27185260 27185261
27185262 27185263
27185264 27185265
27185266 27185267
27185268 27185269
27185270 27185271
27185272 27185273
27185274 27185275
27185276 27185277
27185278 27185279
27185280 27185281
27185282 27185283
27185284 27185285
27185286 27185287
27185288 27185289
27185290 27185291
27185292 27185293
27185294 27185295
27185296 27185297
27185298 27185299
17196787 27185300
27185301 27185302
27185303 27185304
27185305 27185306
27185307 27185308
27185309 27185310
27185311 27185312
27185313 27185314
27185315 27185316
27185317 27185318
27185319 27185320
27185321 27185322
27185323 27185324
27185325 27185326
27185327 27185328
27185329 27185330
27185331 27185332
27185333 27185334
27185335 27185336
27185337 27185338
16015863 27185339
27185340 27185341
27185342 27185343
27185344 27185345
27185346 27185347
27185348 27185349
27185350 27185351
27185352 27185353
27185354 27185355
14565964 27185356
2727907 27185357
27185358 27185359
2694887 27185360
17205626 27185361
27185362 27185363
27185364 27185365
27185366 27185367
27185368 27185369
27185370 27185371
27185372 27185373
27185374 27185375
27185376 27185377
27185378 27185379
27185380 27185381
10455866 27185382
27185383 27185384
27185385 27185386
27185387 27185388
27185389 27185390
27185391 27185392
27185393 27185394
27185395 27185396
27185397 27185398
27185399 27185400
27185401 27185402
27185403 27185404
27185405 27185406
27185407 27185408
27185409 27185410
27185411 27185412
27185413 27185414
12015512 27185415
17219583 27185416
27185417 27185418
27185419 27185420
27185421 27185422
27185423 27185424
27185425 27185426
27185427 27185428
1815951 27185429
27185430 27185431
27185432 27185433
27185434 27185435
17219630 27185436
27185437 27185438
17219718 27185439
27185440 27185441
27185442 27185443
27185444 27185445
27185446 27185447
27185448 27185449
27185450 27185451
27185452 27185453
27185454 27185455
12011770 27185456
27185457 27185458
27185459 27185460
27185461 27185462
27185463 27185464
27185465 27185466
27185467 27185468
27185469 27185470
27185471 27185472
17226791 27185473
27185474 27185475
27185476 27185477
27185478 27185479
27185480 27185481
27185482 27185483
27185484 27185485
27185486 27185487
14762825 27185488
27185489 27185490
27185491 27185492
27185493 27185494
27185495 27185496
27185497 27185498
27185499 27185500
27185501 27185502
27185503 27185504
27185505 27185506
27185507 27185508
27185509 27185510
27185511 27185512
27185513 27185514
27185515 27185516
27185517 27185518
27185519 27185520
27185521 27185522
27185523 27185524
27185525 27185526
27185527 27185528
27185529 27185530
27185531 27185532
27185533 27185534
27185535 27185536
27185537 27185538
27185539 27185540
27185541 27185542
27185543 27185544
27185545 27185546
27185547 27185548
27185549 27185550
27185551 27185552
27185553 27185554
27185555 27185556
27185557 27185558
27185559 27185560
27185561 27185562
27185563 27185564
27185565 27185566
27185567 27185568
27185569 27185570
27185571 27185572
27185573 27185574
27185575 27185576
27185577 27185578
27185579 27185580
27185581 27185582
27185583 27185584
27185585 27185586
27185587 27185588
27185589 27185590
12037795 27185591
16004885 27185592
27185593 27185594
27185595 27185596
27185597 27185598
27185599 27185600
27185601 27185602
27185603 27185604
27185605 27185606
27185607 27185608
27185609 27185610
27185611 27185612
27185613 27185614
27185615 27185616
27185617 27185618
27185619 27185620
27185621 27185622
27185623 27185624
27185625 27185626
27185627 27185628
27185629 27185630
27185631 27185632
27185633 27185634
27185635 27185636
27185637 27185638
27185639 27185640
27185641 27185642
27185643 27185644
27185645 27185646
27185647 27185648
27185649 27185650
27185651 27185652
27185653 27185654
27185655 27185656
27185657 27185658
27185659 27185660
17231007 27185661
27185662 27185663
27185664 27185665
27185666 27185667
27185668 27185669
27185670 27185671
27185672 27185673
27185674 27185675
27185676 27185677
27185678 27185679
27185680 27185681
27185682 27185683
27185684 27185685
27185686 27185687
27185688 27185689
27185690 27185691
27185692 27185693
27185694 27185695
27185696 27185697
27185698 27185699
27185700 27185701
27185702 27185703
27185704 27185705
27185706 27185707
27185708 27185709
27185710 27185711
27185712 27185713
17218821 27185714
27185715 27185716
27185717 27185718
17200094 27185719
27185720 27185721
27185722 27185723
27185724 27185725
27185726 27185727
27185728 27185729
27185730 27185731
27185732 27185733
27185734 27185735
27185736 27185737
27185738 27185739
27185740 27185741
27185742 27185743
27185744 27185745
27185746 27185747
27185748 27185749
27185750 27185751
27185752 27185753
27185754 27185755
27185756 27185757
27185758 27185759
15911145 27185760
27185761 27185762
27185763 27185764
27185765 27185766
27185767 27185768
27185769 27185770
27185771 27185772
27185773 27185774
27185775 27185776
27185777 27185778
27185779 27185780
27185781 27185782
27185783 27185784
27185785 27185786
17214290 27185787
27185788 27185789
27185790 27185791
27185792 27185793
27185794 27185795
27185796 27185797
27185798 27185799
27185800 27185801
27185802 27185803
27185804 27185805
27185806 27185807
18027513 27185808
27185809 27185810
27185811 27185812
27185813 27185814
27185815 27185816
15929047 27185817
17214288 27185818
27185819 27185820
16216618 27185821
27185822 27185823
27185824 27185825
16215800 27185826
27185827 27185828
27185829 27185830
27185831 27185832
27185833 27185834
27185835 27185836
27185837 27185838
27185839 27185840
27185841 27185842
17202979 27185843
27185844 27185845
27185846 27185847
27185848 27185849
27185850 27185851
27185852 27185853
27185854 27185855
27185856 27185857
27185858 27185859
27185860 27185861
27185862 27185863
27185864 27185865
27185866 27185867
27185868 27185869
27185870 27185871
27185872 27185873
27185874 27185875
27185876 27185877
27185878 27185879
27185880 27185881
12627494 27185882
27185883 27185884
27185885 27185886
27185887 27185888
27185889 27185890
17213987 27185891
16216643 27185892
27185893 27185894
14587543 27185895
20126492 27185896
27185897 27185898
27185899 27185900
27185901 27185902
27185903 27185904
27185905 27185906
27185907 27185908
27185909 27185910
12461940 27185911
27185912 27185913
27185914 27185915
27185916 27185917
27185918 27185919
2736098 27185920
27185921 27185922
27185923 27185924
27185925 27185926
27185927 27185928
27185929 27185930
27185931 27185932
17219113 27185933
27185934 27185935
27185936 27185937
27185938 27185939
27185940 27185941
17224487 27185942
27185943 27185944
27185945 27185946
27185947 27185948
27185949 27185950
27185951 27185952
27185953 27185954
27185955 27185956
17205640 27185957
27185958 27185959
17205617 27185960
27185961 27185962
27185963 27185964
27185965 27185966
27185967 27185968
27185969 27185970
27185971 27185972
27185973 27185974
27185975 27185976
27185977 27185978
27185979 27185980
27185981 27185982
27185983 27185984
27185985 27185986
27185987 27185988
27185989 27185990
27185991 27185992
17224502 27185993
27185994 27185995
17219343 27185996
27185997 27185998
27185999 27186000
27186001 27186002
16217809 27186003
17214246 27186004
27186005 27186006
17213689 27186007
27186008 27186009
27186010 27186011
27186012 27186013
27186014 27186015
27186016 27186017
27186018 27186019
27186020 27186021
27186022 27186023
27186024 27186025
27186026 27186027
27186028 27186029
27186030 27186031
27186032 27186033
27186034 27186035
27186036 27186037
27186038 27186039
27186040 27186041
27186042 27186043
27186044 27186045
27186046 27186047
27186048 27186049
17227797 27186050
27186051 27186052
27186053 27186054
27186055 27186056
27186057 27186058
27186059 27186060
27186061 27186062
27186063 27186064
27186065 27186066
27186067 27186068
27186069 27186068
27186070 27186071
27186072 27186071
27186073 27186074
27186075 27186076
27186077 27186078
27186079 27186080
27186081 27186082
27186083 27186084
27186085 27186086
27186087 27186088
27186089 27186090
27186091 27186092
27186093 27186094
27186095 27186096
27186097 27186098
27186099 27186100
18057367 27186101
27186102 27186103
27186104 27186105
27186106 27186107
27186108 27186109
27186110 27186111
27186112 27186113
27186114 27186115
27186116 27186117
27186118 27186119
27186120 27186121
27186122 27186123
27186124 27186125
17219403 27186126
27186127 27186128
27186129 27186130
27186131 27186132
27186133 27186134
27186135 27186136
27186137 27186138
27186139 27186140
27186141 27186142
27186143 27186144
27186145 27186146
27186147 27186148
27186149 27186150
14758192 27186151
27186152 27186153
27186154 27186155
27186156 27186157
27186158 27186159
17213819 27186160
27186161 27186162
27186163 27186164
27186165 27186166
27186167 27186168
27186169 27186170
27186171 27186172
27186173 27186174
27186175 27186176
27186177 27186178
27186179 27186180
27186181 27186182
27186183 27186184
27186185 27186186
27186187 27186188
17204320 27186189
15977989 27186190
27186191 27186192
27186193 27186194
17214294 27186195
27186196 27186197
27186198 27186199
17214289 27186200
27186201 27186202
27186203 27186204
27186205 27186206
27186207 27186208
27186209 27186210
27186211 27186210
27186212 27186213
27186214 27186215
27186216 27186217
27186218 27186219
27186220 27186221
27186222 27186223
27186224 27186225
27186226 27186227
27186228 27186229
27186230 27186231
27186232 27186233
27186234 27186235
2710049 27186236
27186237 27186238
27186239 27186240
27186241 27186242
27186243 27186244
27186245 27186246
27186247 27186248
27186249 27186250
27186251 27186252
27186253 27186252
27186254 27186255
27186256 27186257
27186258 27186259
27186260 27186261
27186262 27186263
27186264 27186265
27186266 27186267
27186268 27186269
15911160 27186270
27186271 27186270
27186272 27186273
27186274 27186275
27186276 27186277
14789818 27186278
27186279 27186280
17214293 27186281
17214291 27186282
27186283 27186284
27186285 27186286
27186287 27186288
27186289 27186290
27186291 27186292
27186293 27186294
27186295 27186296
27186297 27186298
27186299 27186300
27186301 27186302
27186303 27186304
27186305 27186306
27186307 27186308
27186309 27186310
27186311 27186312
27186313 27186314
27186315 27186316
27186317 27186318
27186319 27186320
27186321 27186322
27186323 27186324
27186325 27186326
27186327 27186328
27186329 27186330
27186331 27186332
27186333 27186334
27186335 27186336
27186337 27186338
27186339 27186340
27186341 27186342
15929064 27186343
27186344 27186345
27186346 27186347
27186348 27186349
27186350 27186349
27186351 27186352
27186353 27186354
18235985 27186355
27186356 27186357
27186358 27186359
27186360 27186361
27186362 27186363
12679581 27186364
18110091 27186365
27186366 27186367
27186368 27186369
27186370 27186371
27186372 27186373
27186374 27186375
27186376 27186377
27186378 27186379
27186380 27186381
27186382 27186383
27186384 27186385
27186386 27186387
27186388 27186389
27186390 27186391
27186392 27186393
27186394 27186395
14793919 27186396
27186397 27186398
27186399 27186400
27186401 27186402
27186403 27186404
27186405 27186406
27186407 27186408
27186409 27186410
27186411 27186412
27186413 27186414
27186415 27186416
27186417 27186418
27186419 27186420
1179355 27186421
27186422 27186423
27186424 27186425
27186426 27186427
27186428 27186429
20126589 27186430
27186431 27186432
27186433 27186434
27186435 27186436
27186437 27186438
27186439 27186440
27186441 27186442
27186443 27186444
27186445 27186446
27186447 27186448
27186449 27186450
27186451 27186452
27186453 27186454
27186455 27186456
27186457 27186458
27186459 27186460
27186461 27186462
27186463 27186464
27186465 27186466
27186467 27186468
27186469 27186470
27186471 27186472
17210748 27186473
27186474 27186475
27186476 27186477
27186478 27186479
17223361 27186480
17229292 27186481
27186482 27186483
27186484 27186485
27186486 27186487
27186488 27186489
27186490 27186491
27186492 27186493
27186494 27186495
27186496 27186497
27186498 27186499
27186500 27186501
27186502 27186503
27186504 27186505
27186506 27186507
27186508 27186509
27186510 27186511
27186512 27186513
27186514 27186515
27186516 27186517
27186518 27186519
27186520 27186521
27186522 27186523
27186524 27186525
27186526 27186527
2743817 27186528
27186529 27186530
27186531 27186532
27186533 27186534
27186535 27186536
27186537 27186538
17213859 27186539
18055003 27186540
18103107 27186541
27186542 27186543
27186544 27186545
27186546 27186547
27186548 27186549
27186550 27186551
27186552 27186553
27186554 27186555
27186556 27186557
17202747 27186558
27186559 27186560
27186561 27186562
27186563 27186564
27186565 27186566
27186567 27186568
15911175 27186569
27186570 27186571
27186572 27186573
27186574 27186575
27186576 27186577
27186578 27186579
27186580 27186581
27186582 27186583
27186584 27186585
27186586 27186587
27186588 27186589
27186590 27186591
27186592 27186593
27186594 27186595
27186596 27186597
27186598 27186599
27186600 27186601
14794688 27186602
27186603 27186604
27186605 27186606
27186607 27186608
27186609 27186610
27186611 27186612
27186613 27186612
27186614 27186615
27186616 27186617
27186618 27186619
27186620 27186621
27186622 27186623
27186624 27186625
27186626 27186627
27186628 27186629
17196156 27186630
27186631 27186632
27186633 27186634
14767776 27186635
27186636 27186637
27186638 27186639
27186640 27186641
27186642 27186643
27186644 27186645
27186646 27186647
27186648 27186649
27186650 27186651
27186652 27186653
27186654 27186655
27186656 27186657
27186658 27186659
27186660 27186661
17205923 27186662
27186663 27186664
27186665 27186666
27186667 27186668
27186669 27186670
27186671 27186672
27186673 27186674
27186675 27186676
27186677 27186678
27186679 27186680
27186681 27186682
27186683 27186684
27186685 27186686
27186687 27186688
27186689 27186690
27186691 27186692
27186693 27186694
27186695 27186696
27186697 27186698
27186699 27186700
27186701 27186702
27186703 27186704
27186705 27186706
27186707 27186708
27186709 27186710
27186711 27186712
27186713 27186714
27186715 10590747
27186716 27186717
27186718 27186719
17223396 27186720
27186721 27186722
27186723 27186722
27186724 27186725
27186726 27186725
27186727 27186728
27186729 27186728
27186730 27186731
27186732 27186731
27186733 27186734
27186735 27186736
27186737 27186736
27186738 27186739
27186740 27186741
27186742 27186741
27186743 27186744
27186745 27186744
27186746 27186744
27186747 27186748
27186749 27186748
27186750 27186751
27186752 27186751
27186753 27186754
27186755 27186756
27186757 27186756
27186758 27186759
27186760 27186759
27186761 27186762
27186763 27186762
27186764 27186765
27186766 27186765
27186767 27186765
27186768 27186769
27186770 27186769
27186771 27186772
27186773 27186772
27186774 27186775
27186776 27186777
27186778 27186777
27186779 27186780
27186781 27186780
27186782 27186783
27186784 27186783
27186785 27186786
27186787 27186786
27186788 27186789
27186790 27186789
27186791 27186792
27186793 27186792
27186794 27186795
27186796 27186795
27186797 27186798
27186799 27186798
27186800 27186801
27186802 27186801
27186803 27186804
27186805 27186804
27186806 27186807
27186808 27186807
27186809 27186810
27186811 27186810
27186812 27186813
27186814 27186813
27186815 27186816
27186817 27186816
27186818 27186819
27186820 27186819
27186821 27186822
27186823 27186822
27186824 27186825
27186826 27186827
27186828 27186829
27186830 27186831
27186832 27186833
27186834 27186835
27186836 27186837
27186838 27186839
27186840 27186841
27186842 27186843
27186844 27186845
27186846 27186847
27186848 27186849
27186850 27186851
27186852 27186853
27186854 27186855
27186856 27186857
27186858 27186859
27186860 27186861
27186862 27186863
27186864 27186865
27186866 27186867
27186868 27186869
27186870 27186871
27186872 27186873
27186874 27186875
27186876 27186877
27186878 27186879
27186880 27186881
27186882 27186883
27186884 27186885
27186886 27186887
27186888 27186889
27186890 27186891
27186892 27186893
27186894 27186895
27186896 27186897
27186898 27186899
14782403 27186900
27186901 27186900
27186902 27186903
27186904 27186905
27186906 27186907
27186908 27186909
27186910 27186911
27186912 27186913
27186914 27186915
27186916 27186917
27186918 27186919
27186920 27186921
27186922 27186923
27186924 27186925
27186926 27186927
27186928 27186929
27186930 27186931
27186932 27186933
27186934 27186935
27186936 27186937
27186938 27186939
27186940 27186941
27186942 27186943
27186944 27186945
1178411 27186946
27186947 27186948
27186949 27186950
27186951 27186952
27186953 27186954
27186955 27186956
27186957 27186958
27186959 27186960
27186961 27186962
27186963 27186964
27186965 27186966
27186967 27186968
27186969 27186970
27186971 27186972
27186973 27186974
27186975 27186976
27186977 27186978
27186979 27186980
27186981 27186982
27186983 27186984
27186985 27186986
27186987 27186988
27186989 27186990
27186991 27186992
27186993 27186994
27186995 27186996
27186997 27186998
27186999 27187000
27187001 27187002
27187003 27187004
27187005 27187006
27187007 27187008
27187009 27187010
27187011 27187012
27187013 27187014
27187015 27187016
27187017 27187018
27187019 27187020
27187021 27187022
27187023 27187024
27187025 27187026
27187027 27187028
27187029 27187030
27187031 27187032
27187033 27187034
27187035 27187036
27187037 27187038
27187039 27187040
27187041 27187042
17204818 27187043
27187044 27187045
27187046 27187047
27187048 27187047
27187049 27187050
27187051 27187052
27187053 27187054
27187055 27187056
27187057 27187056
27187058 27187059
27187060 27187061
27187062 27187061
27187063 27187064
27187065 27187064
15911151 27187066
27187067 27187068
27187069 27187068
27187070 27187071
27187072 27187071
27187073 27187074
27187075 27187074
27187076 27187077
27187078 27187079
17219644 27187080
27187081 27187082
27187083 27187084
27187085 27187086
27187087 27187088
27187089 27187090
27187091 27187092
27187093 27187092
27187094 27187095
27187096 27187095
27187097 27187098
27187099 27187098
27187100 27187101
27187102 27187103
27187104 27187105
27187106 27187107
27187108 27187109
27187110 27187109
15911153 27187111
27187112 27187111
27187113 27187114
27187115 27187116
27187117 27187118
27187119 27187118
27187120 27187121
27187122 27187123
27187124 27187125
27187126 27187127
27187128 27187129
27187130 27187131
27187132 27187133
27187134 27187135
27187136 27187137
27187138 27187139
27187140 27187141
27187142 27187143
27187144 27187145
27187146 27187147
27187148 27187149
27187150 27187151
27187152 27187153
27187154 27187155
27187156 27187157
27187158 27187159
27187160 27187161
27187162 27187163
27187164 27187165
27187166 27187167
27187168 27187169
27187170 27187171
9551636 27187172
27187173 27187174
27187175 27187176
27187177 27187178
27187179 27187180
27187181 27187182
14787254 27187183
17205621 27187184
2705297 27187185
27187186 27187187
27187188 27187189
12016952 27187190
27187191 27187192
27187193 27187194
27187195 27187196
27187197 27187198
27187199 27187200
27187201 27187202
27187203 27187204
27187205 27187206
27187207 27187208
27187209 27187210
27187211 27187212
27187213 27187214
27187215 27187216
27187217 27187218
27187219 27187220
17205127 27187221
22063744 27187222
27187223 27187224
27187225 27187226
27187227 27187228
27187229 27187230
27187231 27187232
27187233 27187234
27187235 27187236
27187237 27187238
27187239 27187240
27187241 27187242
27187243 27187244
27187245 27187246
27187247 27187248
27187249 27187250
27187251 27187252
27187253 27187254
27187255 27187256
27187257 27187258
27187259 27187260
27187261 27187262
27187263 27187264
17219748 27187265
27187266 27187267
27187268 27187269
27187270 27187271
27187272 27187273
27187274 27187275
17224105 27187276
27187277 27187278
27187279 27187280
27187281 27187282
27187283 27187284
27187285 27187286
27187287 27187288
27187289 27187290
27187291 27187292
27187293 27187294
27187295 27187296
27187297 27187298
27187299 27187300
27187301 27187302
27187303 27187304
27187305 27187306
16268934 27187307
27187308 27187309
27187310 27187311
20071445 27187312
27187313 27187314
27187315 27187316
27187317 27187318
27187319 27187320
27187321 27187322
27187323 27187324
27187325 27187326
27187327 27187328
27187329 10544813
