15501171 996284
27228193 5018614
2472421 27228194
2005085 27228194
21514922 27228194
2688713 27228194
11833426 2638616
125664 2638616
27228195 14555720
15194333 14555720
25947472 2695587
27228196 2744878
27228197 1065993
27228198 1261024
12189174 2543802
1856948 10685070
27228199 2651359
892693 14987959
27228200 2735603
1226328 3934686
27228201 2662093
1091127 14987982
14990776 2655234
27228202 15499146
27228203 1839968
17285987 1839968
12240989 1839968
17292485 1839968
22168285 1839968
27228204 1839968
22168303 1839968
22161910 1839968
22158225 1839968
17180353 1839968
22167858 1839968
16016369 27228205
1091127 13747785
11915613 13747785
16016369 14988073
1806417 18433753
27228206 27228207
2253013 14988179
14884433 27228208
12200641 83150
1215732 83150
3923214 2599023
842486 16826400
10444117 9499351
15134622 3062646
17445510 15327011
17445509 15327011
17445517 15327011
17445607 15327011
17446007 15327011
17451128 15327011
17451130 15327011
17451134 15327011
17451135 15327011
17451129 15327011
17584599 15327011
17584602 15327011
17446006 15327011
17634320 15327011
17451127 15327011
17677454 15327011
17634319 15327011
17743573 15327011
17445512 15327011
17445606 15327011
17266404 14606154
861792 13753641
1037550 13753641
12633177 1065554
27228209 13758125
25947440 9516396
11883864 9516396
2253013 1659019
1812132 1659019
1392902 14571596
10365231 9524023
452845 9556947
4068391 3951712
12186055 3951712
12186112 3951712
15836396 3951712
12186580 3951712
15948348 3951712
18261231 3951712
15841756 3951712
15792392 3951712
12186822 3951712
15960611 3951712
4067753 3951712
15996484 3951712
4117407 3951712
15921600 3951712
12187814 3951712
4079809 3951712
12188148 3951712
27228210 17327937
3921943 27228211
14580632 14998306
16016369 14998307
2615587 14578217
11871256 27228212
1091127 27228213
2253013 2591626
1812132 2591626
2628587 893839
27228214 893839
2628216 893839
7819859 2722011
3589073 2722011
16418694 2722011
3561415 2722011
1323210 2722011
14991151 2722011
1428620 2722011
103281 2722011
7864765 2722011
16422555 2722011
798545 2722011
3732328 2722011
3870950 2722011
799248 2722011
1480247 2722011
516819 2722011
735750 2722011
14996813 2722011
516797 2722011
14991373 2722011
655320 2722011
14991390 2722011
14991391 2722011
742444 2722011
14991392 2722011
353961 2722011
1856342 2722011
3617324 2722011
3835145 2722011
3102742 2722011
761066 2722011
14991541 2722011
14991550 2722011
3076865 2722011
2208389 2722011
16430440 2722011
16420443 2722011
1445393 2722011
798048 2722011
3495219 2722011
597523 2722011
14991596 2722011
1324443 2722011
134508 2722011
889587 2722011
14991600 2722011
16419089 2722011
2216702 2722011
4026821 2722011
16429537 2722011
545182 2722011
16422186 2722011
16427679 2722011
14992749 2722011
14992750 2722011
3666685 2722011
1811170 2722011
798081 2722011
1382978 2722011
15203617 14456306
27228215 11438931
1091127 2926252
1091108 2926252
15526182 15429326
3491436 2706973
27228216 2604228
1091127 1274754
15179962 14456305
15201220 14456305
4510263 14456305
15253436 14456305
17290065 14456305
4725083 14456305
15219117 14456305
15195409 14456305
15237876 14456305
15207789 14456305
15219302 14456305
15179782 14456305
27228217 6859390
10436872 9522687
10437105 9522687
22418002 2849998
22379510 12157138
27228218 1262089
4926004 3893372
16328864 3893372
10308902 3893372
1952833 3893372
26393278 12454582
1172115 1262186
1172119 1262186
1172112 1262186
1855149 15004276
22394967 2640908
799042 27228219
652811 27228220
238672 27228221
27228222 20071474
1010212 27228223
14994557 27228224
14990468 27228225
14994640 27228226
1091127 15004589
27228227 12047249
228334 27228228
575288 27228229
27228230 10685096
1091127 3456149
1331868 15006347
1539306 15006347
10448378 15006347
10451282 15006347
10451308 15006347
10451371 15006347
3093730 15006347
16346030 15006347
10451872 15006347
1091127 15006390
11860856 2636404
16415295 2636404
12619806 2636404
15006489 199804
17225538 15006501
27228231 15006501
17226287 15006501
27228232 15006501
27228233 15006501
17224510 15006501
16329624 15006648
16344257 15006648
16345895 15006648
16345954 15006648
16348693 15006648
23936287 1243702
27228234 27228235
22213296 15006702
18475603 15006702
1468195 15006702
22219349 15006702
22214864 15006702
27228236 15006709
27228237 15006709
27228238 15006709
17015696 15006709
27228239 15006709
27228240 15006709
27228241 15006709
22405154 15006709
15194333 15006709
17015353 15006709
14850730 27228242
17274380 15006758
15959763 27228243
27228244 15007023
1422559 15007023
27228245 12058367
27228246 18273974
3746697 12059686
18022133 15007873
1607867 1229106
27228247 27228248
27228249 15008968
27228250 12052872
427283 12200641
27228251 27228252
27228253 27228252
27228254 27228252
27228255 27228252
27228256 27228252
27228257 27228252
22161910 15008972
10245432 1215732
27228258 4479274
17272326 1251489
22443300 15009081
27228259 15009081
12147897 13780831
27228260 1249873
22455807 1237039
16397960 15009104
10881599 15009104
16397961 15009104
10882669 15009104
14364748 15009104
22423229 10685108
27228261 10685108
27228262 2591479
2192562 1725432
1091127 13767730
19442984 13913572
16414169 1224352
12060652 2746525
27228263 2746525
15102089 17541526
2192562 2596969
1812132 1700545
2253013 2588026
1812132 2588026
1736184 21021228
14996615 15010829
27228264 15010829
789518 15010829
3796903 15010829
22393721 15010829
22464990 15010829
444652 15010829
22400316 15010829
22388460 15010829
22426567 15010829
22471035 15010829
27228265 15010829
17176935 15010829
27228266 15010829
27228267 15010829
165805 15010829
18351990 15010829
629795 15010829
27228268 15010829
27228269 15010829
22382430 15010829
17177666 15010829
17177668 15010829
22401291 15010829
27228270 15010829
22399906 15010829
27228271 15010829
27228272 15010829
27228273 15010829
2550775 15010829
27228274 15010829
27228275 15010829
27228276 15010829
22444448 15010829
27228277 15010829
16245699 15010829
22402766 15010829
3796903 14568950
22393721 14568950
22400316 14568950
22471035 14568950
22354048 14568950
27228278 14568950
27228279 14568950
27228280 14568950
27228268 14568950
27228281 14568950
17176964 14568950
27228269 14568950
17177669 14568950
17016251 14568950
27228270 14568950
27228272 14568950
27228274 14568950
27228275 14568950
27228282 14568950
4877570 14568950
16245699 14568950
184083 17550160
27228283 1204420
18088233 844809
838326 844809
27228284 844809
27228285 844809
27228286 844809
27228287 844809
20491262 844809
27228288 844809
27228289 844809
27228290 844809
27228291 2666364
21891180 2666364
15942615 2666364
27228292 15011145
27228293 15011941
27228294 15011941
27228295 15011941
27228296 15011941
27228297 15011941
27228298 15011941
27228299 15011941
27228300 15011941
27228301 15011941
27228302 15011941
27228303 15011941
27228304 15011941
27228305 15011941
27228306 15011941
27228307 15011982
9253923 27228308
27228309 27228310
15429326 2685133
27228311 831959
778783 1193182
27228312 18480634
16667653 3049948
12473011 2851605
17017317 10685118
15429791 12057540
15550266 1223180
27228313 3917790
21891180 3917790
27228314 15015039
3914 1275584
27228315 17020557
27228316 17020557
11839444 15016439
1091127 15016439
12147897 15016439
3921943 15016439
16016369 15016439
1812132 2583894
27228317 27228318
27228319 27228318
27228320 27228318
20057954 27228318
9536296 27228318
22433098 27228318
11707358 27228318
17111978 27228318
20616252 27228318
1061573 27228318
15942615 27228318
18109978 8375302
16414153 15016559
15499146 2584412
2253013 2584412
27228321 16795867
1091127 15016649
27228322 14459085
1091127 11874352
1091127 11874498
1091108 11874498
27228323 17584815
27228324 15337336
1208276 13785950
8191610 2820083
2695841 1384198
1262089 1384198
1262186 1384198
1260489 1384198
1260919 1384198
22147248 27228325
714806 10685122
15942065 27228326
27228327 15031423
27228328 15031423
27228329 15031423
2481784 17558017
295249 17594754
10353923 3384349
27228284 2545163
4068391 14459009
12186281 14459009
15925644 14459009
12188341 14459009
1812132 27228330
1091127 27228331
16016369 27228331
9270383 27228332
542820 12171128
27228333 15005449
10307109 15038199
2647566 17003275
20604558 17003275
27228334 17003275
22399360 15038866
27228335 15038866
22391659 15038866
293541 15038866
27228336 15038866
27228337 15038866
22463955 15038866
27228338 15623151
14589863 2725970
27228339 27228340
10344521 9515401
14609316 10683305
14884722 21016027
27228341 9533165
14863969 9533277
27228342 9533277
10316783 9533277
14850730 9533277
22479861 9534041
22427106 9534041
2715299 27228343
17277949 855027
27228344 855027
10370349 855027
15261143 855027
16328769 855027
27228345 855027
23965566 855027
27228346 855027
25944682 855027
27228234 855027
11877211 855027
27228347 855027
10309347 855027
27228348 855027
27228349 855027
1327381 855027
27228350 855027
27228351 855027
16219028 855027
15922212 855027
16426833 80234
10217617 80234
16244656 80234
3626109 80234
27228352 1683411
27228353 2672248
24086342 2672248
27228354 2672248
27228355 2672248
27228356 2672248
15993917 2672248
27228357 2672248
27228358 2672248
16244766 2672248
27228359 15053244
15281345 3600480
10467191 3600480
871254 3600480
3563767 3600480
17756545 3600480
19451598 3600480
16344211 3600480
27228360 3600480
27228361 3600480
1598526 3600480
4299011 3600480
11877211 3600480
21167103 3600480
22455230 3600480
492499 3600480
27228362 1727769
10565662 15056916
10555009 15056916
27228363 2799013
27228364 9532960
12560238 13766811
2736390 2607547
19705364 2630710
27228365 2613224
1091127 13776170
1091108 13776170
1091127 1266461
1091108 1266461
1091127 15080178
16016369 15080178
15983312 12051330
27228366 12685302
27228367 14432545
27228368 14432545
27228369 14432545
10250984 9535103
13745879 15093135
1091127 15093135
16016369 15093135
12147897 1266449
16016369 13776012
11839444 8552931
16509663 8552931
1091127 8552931
1091108 8552931
12147897 8552931
27228370 27228371
13745879 1244086
11346311 8546227
12058367 3059968
12059686 3059968
12043516 3059968
17278964 27228372
21279752 27228372
27228373 13779017
16326523 2667835
10267234 2667835
10267244 2667835
16245691 10463190
17273518 1744843
15128790 11897216
10219915 2598754
27228374 2554817
27228375 2554817
27228376 2554817
19495324 2581435
16327619 845830
10448378 2786430
14859522 2786430
10397568 2786430
1582793 2786430
3498862 2786430
1142114 15096474
289078 27228377
10202837 27228377
10202839 27228377
10202840 27228377
10202841 27228377
10202842 27228377
10202844 27228377
10202845 27228377
10202846 27228377
10202847 27228377
10202848 27228377
10202849 27228377
10202850 27228377
10202851 27228377
10202852 27228377
10202853 27228377
10202854 27228377
10202855 27228377
10202857 27228377
10202858 27228377
10202859 27228377
10202860 27228377
10202861 27228377
10202862 27228377
10202863 27228377
10202864 27228377
10202865 27228377
10202866 27228377
10202867 27228377
10202868 27228377
10202869 27228377
10202870 27228377
10202871 27228377
10202872 27228377
10202873 27228377
10202874 27228377
10202875 27228377
10202876 27228377
10202877 27228377
10202878 27228377
10202879 27228377
10202880 27228377
10202881 27228377
10202882 27228377
10202883 27228377
10202884 27228377
10202885 27228377
10202886 27228377
10202887 27228377
10202888 27228377
10202889 27228377
10202890 27228377
10202891 27228377
10202892 27228377
10202893 27228377
10202894 27228377
10202895 27228377
10202896 27228377
10202897 27228377
10202898 27228377
10202899 27228377
10202900 27228377
10202901 27228377
10202902 27228377
10202903 27228377
10202904 27228377
10202905 27228377
10202906 27228377
10202907 27228377
10202908 27228377
10202909 27228377
10202910 27228377
10202911 27228377
10202912 27228377
10202913 27228377
10202914 27228377
10202915 27228377
10202916 27228377
10202917 27228377
10202918 27228377
10202919 27228377
10202920 27228377
10202921 27228377
10202922 27228377
10202924 27228377
10202925 27228377
10202926 27228377
10202927 27228377
10202928 27228377
10202929 27228377
10202930 27228377
10202931 27228377
10202932 27228377
10202933 27228377
10202934 27228377
10202935 27228377
10202936 27228377
10202937 27228377
10202938 27228377
10202939 27228377
10202940 27228377
10202941 27228377
10202942 27228377
10202943 27228377
10202944 27228377
10202945 27228377
10202946 27228377
10202947 27228377
10202948 27228377
10202949 27228377
10202950 27228377
10202951 27228377
10202952 27228377
10202953 27228377
10202954 27228377
10202955 27228377
10202956 27228377
10202957 27228377
10202958 27228377
10202959 27228377
10202960 27228377
10202961 27228377
10202962 27228377
10202963 27228377
10202964 27228377
10202965 27228377
10202966 27228377
10202967 27228377
10202968 27228377
10202969 27228377
10202970 27228377
10202971 27228377
10202972 27228377
10202973 27228377
10202974 27228377
10202975 27228377
10202976 27228377
10202977 27228377
10202978 27228377
10202979 27228377
10202980 27228377
10202981 27228377
10202982 27228377
10202983 27228377
10202984 27228377
10202985 27228377
10202986 27228377
10202987 27228377
10202988 27228377
10202989 27228377
10202990 27228377
10202991 27228377
10202992 27228377
10202993 27228377
10202994 27228377
10202995 27228377
10202996 27228377
10202997 27228377
481068 27228377
1237039 15096813
17330228 9532220
1928282 13763600
27228378 2581741
2615587 2581741
1091127 15097754
15889268 27228379
798081 1236687
3491436 1236687
16244806 1236687
165322 1236687
3569007 1236687
2472421 1262339
2253013 1262339
21514922 1262339
1923613 1262339
10377886 1262339
10274914 1262339
10378153 1262339
10265776 3143425
12617528 15100327
27228380 27228381
559784 14435762
867283 14435762
12186112 15841754
15792391 15841754
15792392 15841754
12188248 15841754
14913183 27228382
15860199 2588554
15791026 2588554
15791033 2588554
15832513 2588554
27228383 2588554
15804072 2588554
15791005 2588554
15860058 2588554
15859955 2588554
15854742 2588554
15791096 2588554
15791214 2588554
19004771 1257039
27228384 837863
27228385 837863
27228386 837863
27228387 837863
27228388 837863
12142344 837863
3528330 4546939
3528330 27228389
12463985 27228390
27228391 15102040
27228392 27228393
27228394 7481724
27228289 7481724
15006489 210312
11894699 2814260
27228395 27228396
27228397 27228396
27228398 27228396
27228399 27228396
1690229 2710854
27228400 2710854
16016369 2710854
3694775 27228401
3957843 1947711
2253013 1924705
16430694 2819897
12171157 2799011
27228402 14589456
1091127 2666989
18504112 837355
27228403 970851
27228404 2713554
27228405 2713554
27228406 2713554
27228407 2713554
27228408 2713554
27228409 2713554
27228410 2713554
27228411 2713554
12677938 13781557
10336809 9560625
22165211 15105537
3495001 15105576
14885091 1441062
10470555 2581008
12858370 831315
12850488 831315
1091127 15105594
10353994 27228412
2598372 2588458
15006455 2588458
27228413 2542383
16315018 2542383
27228414 3009092
18171013 18274973
18169511 18274973
17016105 18274973
16346079 18274973
16346085 18274973
16346105 18274973
18163249 18274973
1336014 4140340
18105800 15105672
3921943 15105672
1486717 14559567
17291672 17048778
16809208 2328086
3495001 9500410
614958 10685172
16316092 1064605
846872 3887360
27228415 2636051
2656935 2636051
2629955 2636051
2624734 2636051
18430736 82710
27228416 837440
27228417 15105767
7855000 15105767
16220351 15105767
11916813 15105767
27228418 15105767
9524653 10685179
2472421 1304202
2253013 1304202
2590375 1304202
2192562 1304202
1993263 1304202
1688499 1304202
2721390 1304202
1812132 1304202
1399037 1304202
1298496 1304202
23173869 2820725
17274476 2820725
17178271 2820725
1812132 2718729
14275255 15105806
12526954 15105806
19953447 15105806
17282102 15105806
19950551 15105806
17177671 15105806
19936721 15105806
19220730 15105806
19939812 15105806
475492 15105806
428758 15105806
19944756 15105806
19953445 15105806
22361233 15105806
15526182 2738053
27228419 2738053
2253013 2581258
21030834 15105880
10346047 2591925
27228420 13796337
2781268 12157063
27228421 1640660
382247 1640660
222373 1640660
27228422 9452586
13816338 2633052
27228423 2633068
27228424 9454896
27228425 9454896
27228426 9454896
27228427 9454896
27228428 9454896
27228429 9454896
27228430 9454896
27228431 9454896
27228432 9454896
27228433 9454896
27228434 9454896
27228435 9454896
27228436 9454896
27228437 9454896
27228438 9454896
27228439 9454896
27228440 9454896
27228441 9454896
27228442 9454896
27228443 9454896
27228444 9454896
27228445 9454896
27228446 9454896
27228447 9454896
27228448 9454896
27228449 9454896
27228450 9454896
27228451 9454896
27228452 9454896
27228453 9454896
27228454 9454896
27228455 9454896
27228456 9454896
27228457 9454896
27228458 9454896
27228459 9454896
27228460 9454896
27228461 9454896
27228462 9454896
27228463 9454896
27228464 9454896
27228465 9454896
27228466 9454896
27228467 9454896
27228468 9454896
27228469 9454896
27228470 9454896
27228471 9454896
27228472 9454896
27228473 9454896
27228474 9454896
27228475 9454896
27228476 9454896
27228477 9454896
27228478 9454896
27228479 9454896
27228480 9454896
27228481 9454896
27228482 9454896
27228483 9454896
27228484 9454896
27228485 9454896
27228486 9454896
27228487 9454896
27228488 9454896
27228489 9454896
24413492 9454896
27228490 9454896
24413507 9454896
27228491 9454896
27228492 9454896
27228493 9454896
27228494 9454896
27228495 9454896
27228496 9454896
27228497 9454896
27228498 9454896
27228499 9454896
27228500 9454896
27228501 9454896
27228502 9454896
27228503 9454896
27228504 9454896
27228505 9454896
27228506 9454896
27228507 9454896
27228508 9454896
27228509 9454896
27228510 9454896
27228511 9454896
27228512 9454896
27228513 9454896
27228514 9454896
27228515 9454896
27228516 9454896
27228517 9454896
27228518 9454896
27228519 9454896
27228520 9454896
27228521 9454896
27228522 9454896
27228523 9454896
27228524 9454896
27228525 9454896
27228526 9454896
27228527 9454896
27228528 9454896
27228529 9454896
27228530 9454896
27228531 9454896
27228532 9454896
27228533 9454896
27228534 9454896
27228535 9454896
27228536 9454896
27228537 9454896
27228538 9454896
27228539 9454896
27228540 9454896
27228541 9454896
27228542 9454896
27228543 9454896
27228544 9454896
27228545 9454896
27228546 9454896
27228547 9454896
27228548 9454896
27228549 9454896
27228550 9454896
27228551 9454896
27228552 9454896
27228553 9454896
27228554 9454896
27228555 9454896
27228556 9454896
27228557 9454896
27228558 9454896
27228559 9454896
27228560 9454896
27228561 9454896
27228562 9454896
27228563 9454896
27228564 9454896
27228565 9454896
27228566 9454896
27228567 9454896
27228568 9454896
27228569 9454896
27228570 9454896
27228571 9454896
27228572 9454896
27228573 9454896
27228574 9454896
27228575 9454896
27228576 9454896
27228577 9454896
27228578 9454896
27228579 9454896
27228580 9454896
27228581 9454896
27228582 9454896
27228583 9454896
27228584 9454896
27228585 9454896
27228586 9454896
27228587 9454896
27228588 9454896
27228589 9454896
27228590 9454896
27228591 9454896
27228592 9454896
27228593 9454896
27228594 9454896
27228595 9454896
27228596 9454896
27228597 9454896
27228598 9454896
27228599 9454896
27228600 9454896
27228601 9454896
27228602 9454896
27228603 9454896
27228604 9454896
27228605 9454896
27228606 9454896
27228607 9454896
27228608 9454896
27228609 9454896
27228610 9454896
27228611 9454896
27228612 9454896
27228613 9454896
27228614 9454896
27228615 9454896
27228616 9454896
27228617 9454896
27228618 9454896
27228619 9454896
27228620 9454896
27228621 9454896
27228622 9454896
27228623 9454896
27228624 9454896
27228625 9454896
27228626 9454896
27228627 9454896
27228628 9454896
27228629 9454896
27228630 9454896
27228631 9454896
27228632 9454896
27228633 9454896
24413988 9454896
27228634 9454896
27228635 9454896
24413989 9454896
27228636 9454896
27228637 9454896
27228638 9454896
27228639 9454896
27228640 9454896
27228641 9454896
27228642 9454896
27228643 9454896
27228644 9454896
27228645 9454896
27228646 9454896
27228647 9454896
27228648 9454896
27228649 9454896
27228650 9454896
27228651 9454896
27228652 9454896
27228653 9454896
27228654 9454896
27228655 9454896
27228656 9454896
27228657 9454896
27228658 9454896
27228659 9454896
27228660 9454896
27228661 9454896
27228662 9454896
27228663 9454896
27228664 9454896
27228665 9454896
27228666 9454896
27228667 9454896
27228668 9454896
27228669 9454896
27228670 9454896
27228671 9454896
27228672 9454896
27228673 9454896
27228674 9454896
27228675 9454896
27228676 9454896
27228677 9454896
27228678 9454896
27228679 9454896
27228680 9454896
27228681 9454896
27228682 9454896
27228683 9454896
27228684 9454896
27228685 9454896
27228686 9454896
27228687 9454896
27228688 9454896
24414106 9454896
27228689 9454896
27228690 9454896
27228691 9454896
27228692 9454896
27228693 9454896
27228694 9454896
27228695 9454896
17543182 9454896
27228696 9454896
17543181 9454896
17543445 9454896
17543444 9454896
17543440 9454896
17544246 9454896
17544347 9454896
17544223 9454896
17544235 9454896
17544367 9454896
17544245 9454896
17544346 9454896
17544361 9454896
17544366 9454896
17544362 9454896
27228697 9454896
17544747 9454896
17544759 9454896
17544986 9454896
17545124 9454896
17544868 9454896
17544891 9454896
17544871 9454896
27228698 9454896
27228699 9454896
27228700 9454896
27228701 9454896
17545460 9454896
17545461 9454896
17545453 9454896
17545698 9454896
27228702 9454896
27228703 9454896
17545702 9454896
17545701 9454896
27228704 9454896
27228705 9454896
27228706 9454896
17546023 9454896
27228707 9454896
17545889 9454896
17546024 9454896
27228708 9454896
27228709 9454896
27228710 9454896
17546398 9454896
17546397 9454896
27228711 9454896
27228712 9454896
17546400 9454896
27228713 9454896
17546274 9454896
17546323 9454896
17546320 9454896
27228714 9454896
27228715 9454896
27228716 9454896
27228717 9454896
27228718 9454896
17547308 9454896
17545429 9454896
17545430 9454896
17546446 9454896
27228719 9454896
27228720 9454896
17546500 9454896
17546659 9454896
17546501 9454896
17547307 9454896
17547367 9454896
17547355 9454896
17547366 9454896
27228721 9454896
27228722 9454896
17547457 9454896
17547471 9454896
17547475 9454896
17548700 9454896
27228723 9454896
17548699 9454896
27228724 9454896
17548704 9454896
17548697 9454896
17552993 9454896
17558931 9454896
17558838 9454896
17563834 9454896
17563627 9454896
17563717 9454896
17563786 9454896
17563784 9454896
17564491 9454896
17564401 9454896
17563835 9454896
17564309 9454896
17564453 9454896
17564490 9454896
17564745 9454896
17564502 9454896
17564503 9454896
17564629 9454896
17564456 9454896
17564999 9454896
17564455 9454896
17564454 9454896
17565129 9454896
17565024 9454896
17565053 9454896
17565141 9454896
17565140 9454896
17565142 9454896
17565143 9454896
17565340 9454896
17565535 9454896
17565341 9454896
17564790 9454896
17565490 9454896
17566049 9454896
17566075 9454896
17565396 9454896
17566076 9454896
17566312 9454896
17566464 9454896
17566435 9454896
17566436 9454896
17565493 9454896
17565498 9454896
17565499 9454896
17566598 9454896
17566789 9454896
17566790 9454896
17566791 9454896
17566953 9454896
17566955 9454896
17566956 9454896
17566487 9454896
17566486 9454896
17567465 9454896
17566595 9454896
17567053 9454896
17566594 9454896
17567137 9454896
17567964 9454896
17568025 9454896
17567965 9454896
17567466 9454896
17568313 9454896
17568588 9454896
17568596 9454896
17568597 9454896
17566954 9454896
17568843 9454896
17567134 9454896
17567135 9454896
17569083 9454896
17568991 9454896
17569084 9454896
17569649 9454896
17569104 9454896
17569105 9454896
17570160 9454896
17569106 9454896
17569738 9454896
17570193 9454896
17569982 9454896
17569795 9454896
17570015 9454896
17570161 9454896
17570159 9454896
17569103 9454896
17570194 9454896
17570205 9454896
17570204 9454896
17570529 9454896
17570299 9454896
17570298 9454896
17570014 9454896
17570397 9454896
17570584 9454896
17570527 9454896
17570541 9454896
17571181 9454896
17570709 9454896
17570699 9454896
17570712 9454896
17570708 9454896
17570362 9454896
17570897 9454896
17570896 9454896
17570962 9454896
17571180 9454896
17571193 9454896
17571191 9454896
17571194 9454896
17571192 9454896
17571577 9454896
17571576 9454896
17571599 9454896
17571690 9454896
17571533 9454896
17571682 9454896
17571683 9454896
17571684 9454896
17571681 9454896
17571729 9454896
17572390 9454896
17571819 9454896
17571821 9454896
17572093 9454896
17572098 9454896
17572108 9454896
17571893 9454896
17571685 9454896
17572504 9454896
17572606 9454896
17572603 9454896
17572680 9454896
17572095 9454896
17572681 9454896
17572685 9454896
17572682 9454896
17573535 9454896
17573536 9454896
17573537 9454896
17573538 9454896
17573539 9454896
17573107 9454896
17573263 9454896
17573108 9454896
17574064 9454896
17574067 9454896
17574066 9454896
17568713 9454896
17574171 9454896
17574200 9454896
17574201 9454896
17574063 9454896
17574270 9454896
17574065 9454896
17574377 9454896
17574271 9454896
17574406 9454896
17574473 9454896
17574472 9454896
17574612 9454896
17574615 9454896
17574749 9454896
17574613 9454896
17574378 9454896
17574826 9454896
17574881 9454896
17574726 9454896
17574611 9454896
17574920 9454896
17574614 9454896
17574880 9454896
17575007 9454896
17574965 9454896
17574966 9454896
17575023 9454896
17574879 9454896
17575024 9454896
17575026 9454896
17575027 9454896
17575142 9454896
17575143 9454896
17575087 9454896
17575208 9454896
17575211 9454896
17575469 9454896
17574921 9454896
17575282 9454896
17575735 9454896
17575466 9454896
17575206 9454896
17575733 9454896
17575734 9454896
17575209 9454896
17575210 9454896
17576432 9454896
17576438 9454896
17576611 9454896
17576435 9454896
17576612 9454896
17577016 9454896
17577140 9454896
17577283 9454896
17577772 9454896
17578102 9454896
17577017 9454896
17581318 9454896
17582841 9454896
17583183 9454896
17583467 9454896
17584030 9454896
17584029 9454896
17583827 9454896
17584230 9454896
17584137 9454896
17584506 9454896
17584229 9454896
17584241 9454896
17584772 9454896
17584505 9454896
17584818 9454896
17584569 9454896
17584771 9454896
17584770 9454896
17584816 9454896
17584817 9454896
17584946 9454896
17584948 9454896
17584943 9454896
17584944 9454896
17584945 9454896
17584947 9454896
17584843 9454896
17584859 9454896
17584865 9454896
17584864 9454896
17585065 9454896
17585066 9454896
17585067 9454896
17585068 9454896
17585072 9454896
17585181 9454896
17585158 9454896
17585182 9454896
17585359 9454896
17585339 9454896
17585295 9454896
17585296 9454896
17585297 9454896
17585298 9454896
17585381 9454896
17585564 9454896
17585565 9454896
17585594 9454896
17585568 9454896
17585570 9454896
17585571 9454896
17585319 9454896
17586019 9454896
17586098 9454896
17586097 9454896
17586384 9454896
17585569 9454896
17586385 9454896
17586386 9454896
17586394 9454896
17586535 9454896
17587099 9454896
17586454 9454896
17586458 9454896
17586455 9454896
17586881 9454896
17587098 9454896
17587270 9454896
17587291 9454896
17587290 9454896
17586534 9454896
17587346 9454896
17586536 9454896
17586537 9454896
17587825 9454896
17587826 9454896
17587879 9454896
17590436 9454896
17590476 9454896
17590519 9454896
17598668 9454896
17598825 9454896
17598824 9454896
17598893 9454896
17599571 9454896
17598894 9454896
17590494 9454896
17599161 9454896
17599165 9454896
17599167 9454896
17599811 9454896
17599812 9454896
17598895 9454896
17599983 9454896
17599941 9454896
17599985 9454896
17600058 9454896
17600117 9454896
17599810 9454896
17600005 9454896
17600006 9454896
17600007 9454896
17600154 9454896
17600118 9454896
17600156 9454896
17587347 9454896
17600357 9454896
17600123 9454896
17600359 9454896
17600393 9454896
17600445 9454896
17600484 9454896
17600564 9454896
17600565 9454896
17600718 9454896
17600155 9454896
17600157 9454896
17600158 9454896
17600800 9454896
17600801 9454896
17600802 9454896
17601305 9454896
17600588 9454896
17601306 9454896
17601307 9454896
17600620 9454896
17600750 9454896
17602045 9454896
17602083 9454896
17600799 9454896
17600749 9454896
17603214 9454896
17603569 9454896
17603570 9454896
17603688 9454896
17603742 9454896
17603741 9454896
17602012 9454896
17605217 9454896
17605256 9454896
17605384 9454896
17605257 9454896
17605628 9454896
17605625 9454896
17605629 9454896
17605743 9454896
17606214 9454896
17605573 9454896
17602050 9454896
17602051 9454896
17605723 9454896
17605572 9454896
17606290 9454896
17606260 9454896
17606259 9454896
17606337 9454896
17606302 9454896
17606303 9454896
17606304 9454896
17606367 9454896
17606368 9454896
17606369 9454896
17606602 9454896
17606553 9454896
17606603 9454896
17606654 9454896
17606436 9454896
17606437 9454896
17606438 9454896
17606314 9454896
17606641 9454896
17606642 9454896
17606639 9454896
17606709 9454896
17606435 9454896
17606655 9454896
17606658 9454896
17606659 9454896
17606653 9454896
17606784 9454896
17606783 9454896
17606719 9454896
17607185 9454896
17606850 9454896
17606851 9454896
17606854 9454896
17606707 9454896
17606852 9454896
17607199 9454896
17607091 9454896
17607173 9454896
17607308 9454896
17607252 9454896
17607253 9454896
17607254 9454896
17607315 9454896
17607331 9454896
541699 2641799
139665 2641799
12618994 2641799
7511599 9565047
