21871825 11967217
10862628 11990698
10872637 12147089
10873216 12147089
10873497 12147089
10864218 11466685
10864219 11466685
27549374 11466685
10875389 11466685
10875405 11466685
10873629 11466685
10872701 12823313
10873130 12823313
10876290 11470669
10873695 12823335
15338539 11472006
10873243 12147090
10873300 12147090
18117888 12147090
10875292 11473213
10867397 12823382
10867464 12823382
10873242 12823382
1937105 11478461
10864481 11478461
10864503 11478461
21886486 11478461
10865147 11478461
10865375 11478461
10865896 11478461
10866101 11478461
18123661 11478461
10866401 11478461
10866407 11478461
21857440 11478461
10866607 11478461
27549375 11478461
10866896 11478461
10866907 11478461
10866969 11478461
10867138 11478461
10867277 11478461
10867405 11478461
10867443 11478461
2687966 11478461
10867795 11478461
10868296 11478461
16796981 11478461
10868807 11478461
27549376 11478461
21854808 11478461
10868831 11478461
10868835 11478461
10868840 11478461
10868842 11478461
10868849 11478461
18130815 11478461
10868891 11478461
21901686 11478461
21847332 11478461
10869939 11478461
10870263 11478461
10870488 11478461
10870610 11478461
10870646 11478461
10871107 11478461
18522801 11478461
10871230 11478461
3895239 11478461
10875397 11478461
10863011 11478461
10872591 11478461
10872596 11478461
10872626 11478461
10872658 11478461
10872683 11478461
10872713 11478461
3936754 11478461
10872736 11478461
10872755 11478461
3976757 11478461
10872814 11478461
10872832 11478461
10872867 11478461
10873004 11478461
10873020 11478461
10873133 11478461
10873135 11478461
10864193 11478461
27549377 11478461
10873247 11478461
10873263 11478461
18522753 11478461
10873302 11478461
10873325 11478461
10873412 11478461
10873416 11478461
10873422 11478461
10873615 11478461
10873620 11478461
10873633 11478461
10873634 11478461
21917422 11478461
10873722 11478461
18123768 11478461
10873833 11478461
10873849 11478461
21911876 11478461
10873924 11478461
10873983 11478461
10874267 11478461
10874286 11478461
10874339 11478461
10874347 11478461
3916605 11478461
18096061 11480658
10874210 11480658
10864357 11481068
10864512 12823536
10873261 12823536
10872982 12823618
10867185 17069783
10867416 12147093
10865507 11487420
2695159 11487420
2722701 11489524
10873584 12823936
10864464 11490961
10865441 11490961
10867171 11490961
10871698 11490961
10872715 11490961
10872796 11490961
10872963 11490961
10873231 11490961
10873241 11490961
10873292 11490961
10873707 11490961
10873998 11490961
10874007 11490961
10874037 11490961
10862474 11492940
10875045 11492940
10866111 11495012
10875127 12824379
10869763 12824379
10864451 12147095
10864459 12147095
21913208 12147095
10862365 12147095
10864885 12147095
10865316 12147095
10865544 12147095
10865620 12147095
10865713 12147095
10866016 12147095
18522803 12147095
10866785 12147095
10867803 12147095
10872745 12147095
10873126 12147095
10873161 12147095
10873182 12147095
10873311 12147095
10873353 12147095
10873404 12147095
10873415 12147095
10873427 12147095
10873597 12147095
10873612 12147095
10873708 12147095
10873714 12147095
10874093 12147095
10874278 12147095
10874292 12147095
2695205 11498126
18246668 11498126
10872420 11498126
10866023 22169765
10873198 12824664
10873287 12824664
10873479 12824664
10875293 11501122
10862243 11502419
10865362 11502419
10865370 11502419
2666812 11502419
10865547 11502419
2678250 11502419
10866073 11502419
10866349 11502419
10866470 11502419
10867178 11502419
10868075 11502419
21902464 11502419
10868852 11502419
10868858 11502419
21899936 11502419
10871120 11502419
10871661 11502419
10871696 11502419
2590667 11502419
1802508 11502419
10872236 11502419
10872652 11502419
10872724 11502419
10872799 11502419
10873002 11502419
10873037 11502419
10863818 11502419
10873180 11502419
10873190 11502419
10875485 11502419
10873860 11502419
10873925 11502419
10874520 11502419
10874528 11502419
10874669 11504281
10865167 12147096
10866125 12147096
10869099 12147096
10865277 27549378
10873239 12825898
10865740 11512479
10866465 11512479
10866796 11512479
10867258 11512479
10868275 11512479
10868290 11512479
10871253 11512479
10871699 11512479
2667803 11512479
10872066 11512479
10872878 11512479
10873076 11512479
10873086 11512479
10873132 11512479
10873259 11512479
21875550 11512479
10873929 11512479
10873994 11512479
10874051 11512479
10874067 11512479
10871654 12826038
15854651 11514151
10873918 12826308
10873974 12826308
10865380 27549379
18128758 12147097
2618671 12826711
10873460 12826870
10873484 12475814
3920019 11522067
10865043 11522067
18522669 11522067
10865459 11522067
10865510 11522067
2694536 11522067
10866860 11522067
18123761 11522067
10867526 11522067
10867968 11522067
10868809 11522067
10869090 11522067
10871728 11522067
10872975 11522067
10873603 11522067
10873658 11522067
10873681 11522067
1884836 11522067
10873934 11522067
10873960 11522067
10874390 11522067
10867853 12147098
10874655 11523759
10874739 11523759
21864222 11523759
10866119 11523759
10873403 21854259
21872418 12827019
27549380 11525372
10872603 12827083
10866662 12827099
10875193 11527759
17405472 11529393
10865520 21997259
10866929 21997259
10872812 12827173
10873444 12827173
10865356 11531222
10865453 11531222
10865551 11531222
10874744 11531222
1950388 11531222
4132177 11531222
10866648 11531222
18130821 11531222
3904965 11531222
3919693 11531222
10868810 11531222
10868818 11531222
10868819 11531222
10868824 11531222
10868827 11531222
10868832 11531222
10868845 11531222
10868853 11531222
21859953 11531222
10868965 11531222
10862712 11531222
10869312 11531222
10870233 11531222
27549381 11531222
10871683 11531222
10872686 11531222
10872806 11531222
10872859 11531222
10872905 11531222
1884840 11531222
10872990 11531222
10873172 11531222
3895726 11531222
10873358 11531222
10863211 11531222
10873559 11531222
10873565 11531222
10873662 11531222
10873674 11531222
18522819 11531222
10873863 11531222
10873968 11531222
10874120 11531222
10874495 11531222
10874708 11532839
2671486 11532839
10875263 11532839
10867401 12827241
27549382 22000611
10864484 22000611
10864515 22000611
10866583 22000611
18522792 22000611
10872939 22000611
18522750 22000611
18522748 22000611
10873156 22000611
10873823 22000611
10873851 22000611
10873858 22000611
10873862 22000611
21883796 22000611
10875857 12827264
15836362 12827264
10872691 12827264
10873199 12827264
10864445 12827271
10864509 12827271
10865377 12827271
10866472 12827271
10867740 12827271
10872798 12827271
10875474 12827271
10875476 12827271
10873164 12827271
10875484 12827271
10873744 12827271
10865199 12827277
10864375 11539773
21835494 11539773
21895586 11539773
18522796 11539773
10864506 11539773
21885677 11539773
10865185 11539773
10865524 11539773
10866444 11539773
10866533 11539773
10866640 11539773
17041739 11539773
10867169 11539773
10867720 11539773
10868823 11539773
10868839 11539773
10870406 11539773
10871553 11539773
10871574 11539773
10871575 11539773
3947048 11539773
10872850 11539773
10872881 11539773
10872933 11539773
10873026 11539773
10873088 11539773
18522678 11539773
10873329 11539773
10873816 11539773
10873818 11539773
10873948 11539773
18132525 11539773
10875550 11541240
10873903 14552784
10865975 14552787
10874034 14552787
10864497 14552788
10872771 14552792
10871273 11547102
21906277 11547340
10864589 11547340
10865300 11547340
2678967 11547340
10865397 11547340
10865414 11547340
10865537 11547340
10865538 11547340
10875863 11547340
10876451 11547340
15816247 11547340
10866740 11547340
10866988 11547340
10875915 11547340
18238820 11547340
10867432 11547340
10867750 11547340
10867799 11547340
10868829 11547340
10868848 11547340
10870103 11547340
10871726 11547340
10871727 11547340
10871988 11547340
10872685 11547340
10872746 11547340
10872770 11547340
10872873 11547340
10872924 11547340
10873102 11547340
10873134 11547340
10873246 11547340
10873282 11547340
10873291 11547340
10873308 11547340
10873340 11547340
10873425 11547340
10873500 11547340
10873504 11547340
10873552 11547340
10874008 11547340
10874319 11547340
10874362 11547340
10862135 22006322
10873235 21861698
10872632 14552798
10873865 14552798
10873916 14552798
10875501 11552200
10873717 14552805
10863213 14552805
3455597 12827319
21882906 11554952
10865393 11554952
21912537 11554952
2656552 11554952
27549383 11554952
10868696 11554952
10869248 11554952
10864358 11554952
10876513 11554952
20601086 11554952
10871740 11554952
10873047 11554952
10873101 11554952
10873789 11554952
10874287 11554952
10874472 11554952
10873769 14552808
10872655 14552809
10872737 14552809
2678857 11559900
10875355 11559900
10867691 11560506
10865071 14552816
10864676 11561919
10865161 11561919
10865944 11561919
10867587 11561919
10869889 11561919
10871112 11561919
10872589 11561919
10872782 11561919
10873265 11561919
10873351 11561919
10873771 11561919
10873892 11561919
10874023 11561919
2679423 11561919
10874285 11561919
10866421 11562932
21905519 11562932
10872974 11562932
10873145 22012977
10866303 21866138
10862151 11565271
10874738 11565271
10874987 11565271
10875290 11565271
2630089 11565271
10875375 11565271
2704004 11565271
10874686 11565865
10871600 11565865
10866525 21867404
21883921 14552823
10864486 14552824
10873524 14552827
10865315 21867704
10873853 12827343
10864267 12147109
10864429 11570730
10862189 11570730
21909905 11570730
10862360 11570730
21913473 11570730
21850031 11570730
21864182 11570730
10865106 11570730
10865155 11570730
10865410 11570730
10874763 11570730
10865728 11570730
18121840 11570730
10874854 11570730
10866315 11570730
10875889 11570730
10874899 11570730
10874931 11570730
10866637 11570730
10866649 11570730
10874976 11570730
10866751 11570730
2652669 11570730
10867315 11570730
18134817 11570730
10867689 11570730
15833290 11570730
21876972 11570730
10871165 11570730
10875356 11570730
10875386 11570730
10871697 11570730
10871821 11570730
10871866 11570730
18522727 11570730
10872184 11570730
10872217 11570730
10872654 11570730
10872656 11570730
10872702 11570730
10872748 11570730
10872810 11570730
10872811 11570730
10872818 11570730
10872935 11570730
10872943 11570730
10872978 11570730
10873045 11570730
10873077 11570730
10873209 11570730
10873234 11570730
10873252 11570730
10875483 11570730
3895965 11570730
10873299 11570730
10873303 11570730
10873327 11570730
10873328 11570730
10873332 11570730
10873493 11570730
10873551 11570730
10873587 11570730
10873624 11570730
10873640 11570730
10873657 11570730
10875819 11570730
10873728 11570730
10873809 11570730
10873852 11570730
10874009 11570730
10874017 11570730
10874350 11570730
2746032 11570730
10874391 11570730
21916039 11572286
10864349 11574538
10867393 14552837
10867554 14552837
10873539 14552837
10868348 14552839
10868711 14552839
10873560 14552839
2679388 11577590
10867179 11577590
2714624 11577590
10867638 11577590
10867735 11577590
10872670 11577590
10873426 11577590
10873795 11577590
10873773 27549384
3903733 11579085
10866471 14552847
10874352 14552847
2714598 14552850
21901087 22021333
10873330 22021333
10873883 14552852
10874281 14552853
10864482 11583994
2714596 11583994
2670214 11583994
2714618 11583994
10865747 11583994
21906749 11583994
10867442 11583994
10867552 11583994
27549385 11583994
10862895 11583994
10871563 11583994
10875466 11583994
10873647 11583994
10873856 11583994
10873891 11583994
10873901 11583994
10869881 21871966
10875259 11585418
10872937 14552857
10865526 21872207
2698488 11588958
10865406 22024373
21859491 11590133
2664282 11590133
10867782 11590133
10869462 11590133
10872792 11590133
10873593 11590133
10873718 11590133
10873737 11590133
10874805 11591547
10874047 21873418
10867449 21873568
10874678 11594974
10865706 11596099
18123873 11596099
2721308 11596099
10872821 11596099
10873345 11596099
10874265 11596099
10869114 21874578
10866891 21874810
10874759 11597466
2705667 11597466
10875227 11597466
10862147 11597466
2631863 11597466
2703604 11597466
2726396 11597466
10871653 11597466
2623737 11597466
10862150 11597466
10864363 11597466
10866738 22028402
21847996 11598864
10864501 14552884
10872653 14552884
10873006 14552884
10873140 14552884
2657927 11599843
10875519 11599843
10867422 21875657
10874747 14552885
10865426 14552886
10864356 11601670
21869136 12013377
10875370 12013377
10863207 12013377
10864373 11601835
10864376 11601835
10862177 11601835
27549386 11601835
21836319 11601835
21901467 11601835
10862253 11601835
10862259 11601835
21911226 11601835
14592656 11601835
21880426 11601835
21899535 11601835
21843191 11601835
15835176 11601835
10862390 11601835
3904909 11601835
10864918 11601835
10865130 11601835
10865156 11601835
2741825 11601835
10865235 11601835
10875855 11601835
10874723 11601835
10865480 11601835
10874735 11601835
10865494 11601835
10865522 11601835
10865548 11601835
10875861 11601835
10874762 11601835
10865625 11601835
10865688 11601835
10865731 11601835
10865743 11601835
10865754 11601835
10865777 11601835
10865855 11601835
10865924 11601835
10866006 11601835
2614936 11601835
10874905 11601835
10866634 11601835
10874962 11601835
10866651 11601835
10866859 11601835
10867053 11601835
15819882 11601835
2659320 11601835
10867262 11601835
10867273 11601835
10875035 11601835
10875910 11601835
10875040 11601835
10875916 11601835
10875917 11601835
21873737 11601835
10867538 11601835
10867699 11601835
2690438 11601835
10875936 11601835
10868806 11601835
10868834 11601835
10869130 11601835
10869443 11601835
10862744 11601835
21895464 11601835
10862804 11601835
10871074 11601835
10871597 11601835
10862907 11601835
10871761 11601835
10875432 11601835
10872343 11601835
10872461 11601835
10872576 11601835
10872602 11601835
10872612 11601835
10863203 11601835
10872627 11601835
10872687 11601835
10875470 11601835
10872711 11601835
10872964 11601835
10872970 11601835
10875478 11601835
10873121 11601835
10873123 11601835
10873141 11601835
10873157 11601835
10875480 11601835
3916647 11601835
10873260 11601835
10873275 11601835
10873323 11601835
10873350 11601835
10873379 11601835
10873398 11601835
10873449 11601835
10873453 11601835
10873490 11601835
10873530 11601835
10873534 11601835
10873547 11601835
10873619 11601835
10873710 11601835
10873726 11601835
10873778 11601835
10873788 11601835
10873797 11601835
10875495 11601835
21879372 11601835
10873897 11601835
10873902 11601835
10873904 11601835
10873922 11601835
10873995 11601835
10873996 11601835
10874018 11601835
10874019 11601835
10874046 11601835
10681731 11601835
10875509 11601835
10874234 11601835
10875525 11601835
2669642 11601835
10874348 11601835
10874507 11601835
10874786 11603171
10874969 11603171
10875004 11603171
10873702 14552890
10873905 14552890
10865497 14552891
27549387 21877077
2664585 14552895
10872235 14552897
10876448 22033131
10867142 14552898
10874783 11607262
10865742 11607262
10866121 11607262
10866261 11607262
10867146 11607262
10876500 11607262
10868770 11607262
10869053 11607262
2665076 11607262
10872598 11607262
10872671 11607262
10872800 11607262
10873108 11607262
10873520 11607262
10873609 11607262
10873611 11607262
10875490 11607262
10876526 11607262
10873344 21877924
21840296 11608524
10867494 14552901
10867161 14552903
2699803 14552904
10866481 14552904
10873815 14552904
10874442 14552904
10865970 14552908
10872631 14552908
10872758 14552908
10865704 11612579
10866009 11612579
1885456 11612579
2748502 11612579
10866639 11612579
1910373 11612579
10867722 11612579
14583914 11612579
10875228 11612579
10876514 11612579
21879959 11612579
21852475 11612579
10871583 11612579
10872876 11612579
10873655 11612579
10874485 11612579
2633742 14552912
21832199 11614223
10875527 11614641
10866464 21879259
10874533 21879259
10862162 14552917
18522684 14552917
10873923 14552917
10875497 14552917
2743526 11617599
10876446 11617599
18118006 11617599
10866374 11617599
21840401 11617599
10866598 11617599
2604200 11617599
2660847 11617599
18121160 11617599
10876509 11617599
10871558 11617599
10872700 11617599
10873221 11617599
10873945 11617599
2620142 11617599
21877883 11617599
10875166 11618812
10869234 11618812
10864888 14552922
10874291 27549388
21833078 14552928
10865275 11622432
10865496 11622432
2714630 11622432
10875865 11622432
10867376 11622432
10867624 11622432
10869174 11622432
2734874 11622432
10871767 11622432
10872889 11622432
10873021 11622432
18522763 11622432
10873545 11622432
10873621 11622432
10863220 11622432
10875496 11622432
2629090 11622432
10862154 11623403
27549389 11623403
15856513 11623403
27549390 11623403
10874745 11625791
10875120 11626933
10864502 11629285
21888539 11629285
2630988 11629285
10865512 11629285
21862362 11629285
10865714 11629285
10874820 11629285
10876447 11629285
10866391 11629285
10874943 11629285
10876454 11629285
21900684 11629285
2661727 11629285
10875041 11629285
10875042 11629285
21844391 11629285
10864216 11629285
10864227 11629285
10869710 11629285
10875260 11629285
10862119 11629285
10876517 11629285
10864241 11629285
27549391 11629285
10875390 11629285
10872100 11629285
21854144 11629285
10875475 11629285
10873139 11629285
10873150 11629285
10873501 11629285
10875492 11629285
10874406 11629285
10869937 27549392
10868913 21883969
18124163 21883969
10874338 21884034
10874957 21884162
10873986 12827378
10875513 12827378
10876418 11633883
10874702 11633883
10866005 11633883
10875911 11633883
10875272 11633883
10875036 14552951
10865806 11638453
10866077 11638453
10874959 11638453
10875912 11638453
10867381 11638453
10876485 11638453
21916808 11638453
10872689 11638453
10874922 11639588
10866910 21885707
10865272 22047701
10872856 22047701
21860037 22047701
10874691 14552956
10875909 14552956
10868291 14552956
10875547 14552956
10872723 12827382
10862093 11642724
10875860 11642724
10866097 11642724
10866540 11642724
10866584 11642724
10874977 11642724
10875009 11642724
10875914 11642724
10875116 11642724
10869938 11642724
2627830 11642724
2631101 11642724
10871102 11642724
10871186 11642724
10863201 11642724
10872648 11642724
10873109 11642724
10873354 11642724
10873698 11642724
21843160 11642724
10876052 11642724
10876053 11642724
18124502 11644081
10874793 11644631
10873745 14552964
2670055 14552967
10874967 14552968
10864381 11646768
10875888 11646768
10868816 11646768
15853422 11646768
10874033 11646768
21869461 14552973
21872236 27549393
2707476 21887777
2678969 11650651
10875853 11650651
2586643 11650651
10867546 11650651
10867872 11650651
10875258 11650651
21884795 11650651
10871069 11650651
10871115 11650651
10871518 11650651
10875382 11650651
3947050 11650651
2622693 11650651
10875473 11650651
10875486 11650651
10873366 11650651
10873616 11650651
10873981 11650651
10874099 11650651
10874478 11650651
10875109 11652245
27549394 12827388
27549395 12827388
10864195 11654533
10875858 11654533
10867176 11654533
10867316 11654533
10875053 11654533
10868741 11654533
10873792 11654533
14617717 11655557
15854197 11655557
2647148 14552986
10865579 11658302
21904663 11658302
10871660 11658302
19917366 11658302
10875549 11658302
2710546 11661897
21901758 11661897
10868267 11661897
2646831 11661897
10873783 11661897
10874262 11661897
10872768 21918479
15815530 11665494
10875062 11665494
10866452 11666346
10873993 11666346
10868767 21891416
10870695 21891416
10874126 21891416
10868749 21892433
10869783 12147114
10874639 11671039
21879358 11671039
21872386 11671039
10865973 11671039
10866067 11671039
10874850 11671039
10866378 11671039
21914315 11671039
10874917 11671039
21860236 11671039
10866881 11671039
10875095 11671039
15850673 11671039
14619259 11671039
3989122 11671039
18117918 11671039
10868340 11671039
21893735 11671039
21869856 11671039
21907199 11671039
27549396 11671039
10875376 11671039
21857255 11671039
10872759 11671039
10875479 11671039
10874115 11671039
14593720 11671039
10874288 11671039
2612068 11671039
10874516 11671039
21440095 11674409
10873842 11674409
2701125 11676269
10871247 12827419
10867387 11677588
10872938 11677588
10874822 11678460
3940696 11680784
10865296 11683783
10874714 11683783
2707884 11683783
10875304 11683783
10871572 11683783
10875395 11683783
2743604 21895542
27549397 11686781
10874835 11686781
10866455 11686781
10876498 11686781
10867983 11686781
10875469 11686781
10872829 11686781
10875481 11686781
10875482 11686781
10863215 11686781
10875498 11686781
2656877 11689673
10874844 11689673
2647911 11689673
10875197 11689673
10875468 11689673
2736401 11689673
2714664 11689673
10874849 21896662
21916636 11692471
1950942 11692471
10862144 11693302
10872076 11693302
10874806 22170547
10874673 11694888
10866677 12827460
10875516 11695193
10873210 11698601
10873025 21898245
10873964 12147115
2676268 12147115
10874732 11702459
10874904 11702459
10874974 11702459
15817947 11702459
10875039 11702459
10875918 11702459
10867641 11702459
10868093 11702459
10862146 11702459
10875366 11702459
10871755 11702459
10875465 11702459
10875467 11702459
10875471 11702459
10872911 11702459
10873067 11702459
10873562 11702459
10873684 11702459
10874427 11702459
10875555 11702459
2751347 11705182
2668306 11705182
10874797 11706100
10866650 21900747
10875392 11707867
12008102 12827483
21903426 11710581
2659211 11711424
21875790 21901524
10865328 12827497
10864346 11714018
10874633 11714895
10874803 11715658
10869526 11715658
10871573 11715658
10875232 11717400
2620808 22085472
10866370 11720531
10867174 21903009
10874667 21903043
10873959 21903139
10865626 12827535
10874687 11723664
10864374 11725819
18271753 11725819
10865756 11725819
18271692 11725819
21885711 11725819
27549398 11725819
21885680 11725819
3935641 11725819
10872749 11725819
10872854 11725819
10873213 11725819
10873272 11725819
10873334 11725819
10873513 11725819
10873668 11725819
10873867 11725819
10873997 11725819
10874316 21904740
10874837 11729166
10866347 11729166
3932739 11729166
10875046 11729166
10876475 11729166
10875061 11729166
10875198 11729166
10875217 11729166
10864217 11729166
3925148 11729166
10875377 11729166
10875379 11729166
10875396 11729166
10875399 11729166
10875416 11729166
18266338 11729166
10873555 14553099
10873420 21905502
21913296 21905546
10872961 12827568
15821765 11733388
10875542 11735555
3899272 11737619
10875233 11738612
10874928 11739628
10875121 11739628
14582519 11739628
10865107 21906954
10870688 21906954
10873464 21906954
21886548 21906956
27549399 12827615
10874852 11741664
10866756 12827625
3934150 12827625
10873095 12827625
10873830 12827625
10869669 11743609
10875050 11745526
10875528 11745526
10873845 21907812
3984095 11747352
2715609 11747934
1886487 11747934
10867298 11747934
21906779 11747934
10868869 11747934
10870469 11747934
18130800 11747934
10872581 11747934
10873064 11747934
10873356 11747934
2711324 21908926
21878390 11750856
10875076 11750856
10875113 11750856
21865238 11750856
2600660 11750856
10873050 11750856
14563201 11751638
10868766 12827665
2602809 11752680
10864261 11754439
21887865 11756249
21910282 11756249
10876527 11756249
10873222 21910027
5072939 11758016
21875740 11758016
13614636 11758016
10873456 12827709
10864204 11759734
10864205 11759734
10864220 11759734
15822664 27549400
10865248 17070366
10873542 17070366
10874685 21910810
10866393 11933696
10874791 11761440
10874657 11763145
10874973 11763145
10874700 11764737
10871743 11766295
10868805 11766796
10868851 11766796
14563428 11766796
10870106 11766796
10873244 11766796
10873245 11766796
10873316 11766796
10873659 11766796
10873992 11766796
10874028 11766796
10873240 12827778
10862237 11769478
18050087 11769478
21839587 11769478
10874960 11769478
21832919 11770014
10866743 12827813
10867605 12827813
10873280 12827813
2714120 11774150
2688134 12827830
21857883 11775618
10864366 12147121
10868751 12147121
10873837 11933701
10875371 11779930
10875406 11779930
10865529 12827890
2748921 11783189
10867742 11783189
3935047 11783189
10868771 11783189
10868862 11783189
10868961 11783189
2748928 11783189
10872638 11783189
3935670 11783189
10873581 11783189
10873873 11783189
1970946 11783189
21914066 11785537
10862500 11785537
10875462 11785537
10873031 12827930
10868960 21916053
10875520 27549401
10873671 12827983
18236894 11797484
10868822 11797484
21847859 11797484
2679209 11797484
10873168 11797484
10873192 11797484
10873237 11797484
10874282 11797484
