12641614 27570400
205115 27570401
27566669 27570402
934118 27570403
1129385 13323420
6512245 27570404
12643811 27570405
27570406 22611287
27570407 22614432
777904 27570408
23965437 27570409
3616221 27570410
1896347 27570411
233078 27570412
22353353 27570413
19868696 27570414
22413562 27570415
12648439 27570416
15206737 27570417
331590 27570418
27570419 27570420
12643792 27570421
19906042 27570422
12643805 27570423
1446907 27570424
424913 27570425
27570426 27570427
873551 27570428
15202147 27570429
395221 27570430
27570431 27570432
12164954 27570433
1615273 27570434
3177459 27570435
722630 27570436
16401685 27570437
789560 27570438
16403238 27570439
1402303 27570440
137941 27570441
1534718 27570442
8461902 27570443
713985 27570444
7588868 27570445
1003792 27570446
762978 27570447
23961947 27570448
1598350 27570449
12164419 27570450
2359932 27570451
1742429 27570452
789266 27570453
1576566 27570454
12626727 27570455
14999774 27570456
12660511 27570457
3594247 27570458
369387 27570459
22351295 27570460
10331131 27570461
11877927 27570462
23947789 27570463
155705 27570464
780027 27570465
16255004 27570466
16255975 27570467
10469155 27570468
1012570 27570469
16257532 27570470
170119 27570471
1511302 27570472
15984693 27570473
602389 27570474
421984 27570475
19928014 27570476
16256948 27570477
11923620 27570478
19868896 27570479
11876845 27570480
19701202 27570481
22404960 27570482
12648912 27570483
1110079 27570484
12612397 27570485
12677104 27570486
12613791 27570487
2213022 27570488
6431091 27570489
3563204 27570490
703377 27570491
23946550 27570492
517377 27570493
319721 27570494
27570495 27570496
458828 27570497
390228 27570498
244889 27570499
3587043 27570500
638869 27570501
881207 27570502
240805 27570503
12648225 27570504
706165 27570505
19891842 27570506
12648566 27570507
7598774 27570508
7590160 27570509
16874488 27570510
1514210 27570511
244885 27570512
12670449 27570513
774302 27570514
17178095 27570515
639825 27570516
320070 27570517
492654 27570518
725605 27570519
128322 27570520
11830086 27570521
2452103 27570522
7859660 27570523
10443911 27570524
3619520 27570525
12648577 27570526
12653211 27570527
16401841 27570528
16322633 27570529
989904 27570530
2121276 27570531
14776739 27570532
11830718 27570533
898199 27570534
1624065 27570535
7606109 27570536
317548 27570537
27570538 27570539
15054511 27570540
461317 10892367
457761 27570541
20392702 27570542
142181 27570543
22446521 27570544
502672 27570545
248374 27570546
230553 27570547
14988206 27570548
16256370 27570549
11914947 27570550
1298062 27570551
658041 27570552
1844564 27570553
22378737 27570554
1938090 27570555
273542 27570556
641499 27570557
22358991 27570558
1193230 27570559
597643 27570560
3468623 27570561
10883514 27570562
7545057 27570563
12648516 27570564
286851 27570565
12607431 27570566
16256576 27570567
19896153 27570568
7551746 27570569
254176 27570570
1000337 27570571
999159 27570572
1002007 27570573
22948237 27570574
22379180 27570575
3737423 27570576
7587807 27570577
23955170 27570578
7594966 27570579
7562980 27570580
193101 27570581
14593050 27570582
2449664 27570583
12665681 27570584
7564870 27570585
22349971 27570586
12648848 27570587
27570588 27570589
110065 27570590
27570591 27570592
360827 27570593
186400 27570594
1446214 27570595
16255880 27570596
1869384 27570597
1921505 27570598
889687 27570599
27570600 27570601
3345988 27570602
19706636 27570603
10471289 27570604
19904574 27570605
377813 27570606
23962513 27570607
733250 27570608
613682 27570609
2018967 27570610
27570611 27570612
12675243 27570613
349843 27570614
12675527 27570615
972204 27570616
27567461 27570617
16255885 27570618
15995410 27570619
355289 27570620
2250449 27570621
362893 27570622
12612808 27570623
1490938 27570624
1343113 27570625
22349760 27570626
240811 27570627
22429419 27570628
15055768 27570629
728559 27570630
22353357 27570631
12635303 27570632
262081 27570633
262077 27570634
495236 27570635
27570636 27570637
928569 27570638
23948458 27570639
630096 27570640
7550057 27570641
10467013 27570642
2489053 27570643
23938059 27570644
384279 27570645
22392813 27570646
16343284 27570647
708424 27570648
22346301 27570649
12166591 27570650
377393 27570651
27570652 27570653
2214786 27570654
402727 27570655
431453 27570656
22424414 27570657
16255977 27570658
399269 27570659
240801 27570660
16307536 27570661
2141712 27570662
1005058 27570663
23944977 27570664
983538 27570665
248360 27570666
7551175 27570667
1758003 27570668
214984 27570669
1606044 27570670
1856939 27570671
739530 27570672
1538556 27570673
15105308 27570674
1591152 27570675
18489897 27570676
10439826 27570677
10439814 27570678
148599 27570679
712510 27570680
7542907 27570681
744335 27570682
7597275 27570683
1870816 27570684
347387 27570685
7592611 27570686
12648369 27570687
23961838 27570688
745374 27570689
12169780 27570690
1394426 27570691
16256393 27570692
27570693 27570694
7589076 27570695
4847789 27570696
12602734 27570697
639653 27570698
7575875 27570699
793645 27570700
653306 27570701
215716 27570702
1014011 27570703
958012 27570704
27338901 27570705
1287030 27570706
169364 27570707
178925 27570708
12665687 27570709
22444003 27570710
163224 27570711
1819756 27570712
346363 27570713
19895935 27570714
7738652 27570715
163362 27570716
16255355 27570717
11837553 27570718
1623754 27570719
1435652 27570720
12166566 27570721
12648551 27570722
12648552 27570723
10882860 27570724
18468477 27570725
879282 27570726
16249616 27570727
23956164 27570728
132028 27570729
16402090 27570730
1413827 27570731
1668209 27570732
22350904 27570733
1438287 27570734
394926 27570735
1819598 27570736
22350037 27570737
12641587 27570738
15055779 27570739
148795 27570740
686901 27570741
10331792 27570742
238536 27570743
714369 27570744
12645627 27570745
12625845 27570746
23961430 27570747
517209 27570748
7745279 27570749
12615299 27570750
23939668 27570751
7576946 27570752
291166 27570753
739742 27570754
749562 27570755
1628877 27570756
790296 27570757
641495 27570758
1504504 27570759
602403 27570760
1358996 27570761
1342333 27570762
10469154 27570763
15208846 27570764
23930086 27570765
1869947 27570766
7852730 27570767
22437478 27570768
2441695 27570769
1576397 27570770
890126 27570771
7608091 27570772
19891840 27570773
369074 27570774
552429 27570775
552431 27570776
495353 27570777
263595 27570778
379199 27570779
16877013 27570780
19897634 27570781
1939168 27570782
22351441 27570783
17017306 27570784
10466624 27570785
14984876 27570786
759612 27570787
1460510 27570788
11903605 27570789
3609530 27570790
1168853 27570791
12625893 27570792
129435 27570793
15054359 27570794
11867989 27570795
23959133 27570796
19707887 27570797
15989513 27570798
27567750 27570799
245125 27570800
22399516 27570801
19895189 27570802
19896829 27570803
936787 27570804
2427053 27570805
965381 27570806
468316 27570807
23949744 27570808
3565004 27570809
22406146 27570810
18294038 27570811
7603913 27570812
872400 27570813
1008641 27570814
214630 27570815
7572436 27570816
659469 27570817
1377875 27570818
22404429 27570819
1764223 27570820
776712 27570821
19897557 27570822
3078188 27570823
16429248 27570824
12648811 27570825
15105269 27570826
12653213 27570827
22410777 27570828
11869536 27570829
331620 27570830
23951901 27570831
27568147 27570832
12609709 27570833
22459269 27570834
19896950 27570835
1357168 27570836
1360526 27570837
2074981 27570838
1915221 27570839
1594208 27570840
16017001 27570841
182153 27570842
1520242 27570843
22379697 27570844
10439693 27570845
701376 27570846
871413 27570847
1939817 27570848
981835 27570849
16394263 27570850
274950 27570851
212595 27570852
462426 27570853
18020338 27570854
198384 27570855
277035 27570856
296497 27570857
22349689 27570858
7567657 27570859
173070 27570860
753095 27570861
1010064 27570862
388788 27570863
12648412 27570864
399451 27570865
679305 27570866
4943247 27570867
1948406 27570868
1595199 27570869
489053 27570870
22425356 27570871
14835922 27570872
165605 27570873
19893985 27570874
19928196 27570875
1373756 27570876
3577453 27570877
27570878 27570879
16257270 27570880
2439433 27570881
2423924 27570882
2423939 27570883
4054119 27570884
1935552 27570885
1935556 27570886
10471025 27570887
486192 27570888
1947150 27570889
22354200 27570890
407840 27570891
1761453 27570892
750406 27570893
1760682 27570894
2057343 27570895
2418133 27570896
678431 27570897
1753486 27570898
2033241 27570899
2425939 27570900
2434014 27570901
127081 27570902
2043029 27570903
1525711 27570904
2057665 27570905
18420116 27570906
818557 27570907
2496769 27570908
1604354 27570909
243857 27570910
2435471 27570911
131090 27570912
2425456 27570913
279740 27570914
27570915 27570916
270201 27570917
201481 27570918
1760659 27570919
14999986 27570920
2366938 27570921
2179735 27570922
2423933 27570923
1721499 27570924
345470 27570925
16877465 27570926
15309107 27570927
19907497 27570928
11907098 27570929
16244809 27570930
1369355 27570931
12643793 27570932
242484 27570933
935689 27570934
19092032 27570935
4507633 27570936
3222027 27570937
16255519 27570938
6490815 27570939
11880959 27570940
2021877 27570941
18483497 27570942
255874 27570943
184589 27570944
22350804 27570945
22378697 27570946
369651 27570947
22461739 27570948
22404425 27570949
872505 27570950
95186 27570951
10368158 27570952
1818662 27570953
10471321 27570954
2464488 27570955
1159450 27570956
27570957 27570958
1288652 27570959
23924181 27570960
2066920 27570961
27570962 27570963
22426094 27570964
12634806 27570965
12648758 27570966
12648550 27570967
12680173 27570968
1471845 27570969
891407 27570970
14984866 27570971
2009186 27570972
1704843 27570973
19897250 27570974
23966307 27570975
16874570 27570976
19893544 27570977
19887596 27570978
19902368 27570979
10447918 27570980
3300624 27570981
1388270 27570982
86674 27570983
918191 27570984
27570985 27570986
429494 27570987
230292 27570988
184347 27570989
23961553 27570990
2488142 27570991
10465984 27570992
190658 27570993
165262 27570994
15005672 27570995
16403117 27570996
3850396 27570997
537042 27570998
262225 27570999
11856691 27571000
367645 27571001
1493003 27571002
22439597 27571003
249040 27571004
1828385 27571005
15097771 27571006
22418875 27571007
27571008 27571009
954478 27571010
689138 27571011
12640268 27571012
759751 27571013
23959363 27571014
12767509 27571015
19207594 27571016
12165408 27571017
22350019 27571018
1302593 27571019
205342 27571020
1433805 27571021
12643780 27571022
12648302 27571023
756541 27571024
565787 27571025
14985217 27571026
727703 27571027
4521582 27571028
896402 27571029
1825612 27571030
153917 27571031
1753595 27571032
513898 27571033
18017741 27571034
12662413 27571035
1634033 27571036
23945046 27571037
4515877 27571038
225881 27571039
16256056 27571040
230921 27571041
547228 27571042
1639181 27571043
226107 27571044
1890760 27571045
22351385 27571046
2523540 27571047
1013880 27571048
22350131 27571049
1869978 27571050
613864 27571051
20553544 27571052
19857039 27571053
401403 27571054
1310999 27571055
2266631 27571056
18174081 27571057
10470658 27571058
22349679 27571059
16318502 27571060
27571061 27571062
27341457 27571063
2433211 27571064
27568048 27571065
27568049 27571066
27569544 27571067
23939393 27571068
221165 27571069
22378877 27571070
679179 27571071
6865748 27571072
27569509 27571073
27569508 27571074
12672978 27571075
2209573 27571076
27571077 27571078
10407964 27571079
22405840 27571080
128991 27571081
18941490 27571082
233384 27571083
267342 27571084
19707577 27571085
12649984 27571086
27571087 27571088
1152544 27571089
2426951 27571090
151865 27571091
189558 27571092
611559 27571093
1000992 27571094
23933568 27571095
979712 27571096
212795 27571097
7550240 27571098
228781 27571099
22426494 27571100
22353355 27571101
100579 27571102
7560289 27571103
24429043 27571104
451783 27571105
4938311 27571106
972709 27571107
954211 27571108
15093080 27571109
1870806 27571110
768954 27571111
1010508 27571112
2240396 27571113
22379705 27571114
1785644 27571115
22461473 27571116
3146659 27571117
1780278 27571118
298424 27571119
1003709 27571120
7565390 27571121
1001187 27571122
2093783 27571123
108839 27571124
7838881 27571125
4317580 27571126
650870 27571127
12648889 27571128
27571129 27571130
746812 27571131
1371256 27571132
999588 27571133
12648922 27571134
1818845 27571135
12648955 27571136
2486584 27571137
27571138 27571139
15054418 27571140
359397 27571141
1705674 27571142
2354908 27571143
182957 27571144
240795 27571145
7588731 27571146
4904370 27571147
128955 27571148
1009166 27571149
7547507 27571150
19897463 27571151
998598 27571152
1595811 27571153
3369575 27571154
12665767 27571155
1600599 27571156
18439271 27571157
523803 27571158
1698624 27571159
334627 27571160
22404528 27571161
2280351 27571162
1591551 27571163
1149450 27571164
768214 27571165
483582 27571166
370601 27571167
125078 27571168
18016928 27571169
18016926 27571170
2037519 27571171
19893962 27571172
11832059 27571173
769737 27571174
2062304 27571175
20423922 27571176
2039564 27571177
22379673 27571178
19904673 27571179
17180049 27571180
701202 27571181
2062481 27571182
1005716 27571183
872004 27571184
22404973 27571185
17180672 27571186
10166637 27571187
2040182 27571188
2494024 27571189
323746 27571190
179335 27571191
383543 27571192
128983 27571193
12648277 27571194
16339977 27571195
23959341 27571196
19904000 27571197
959720 27571198
165675 27571199
10884285 27571200
22379176 27571201
16404087 27571202
22405356 27571203
1941241 27571204
23961946 27571205
907308 27571206
14917902 27571207
4146260 27571208
2238572 27571209
226547 27571210
2080129 27571211
956064 27571212
16404378 27571213
27571214 27571215
23957606 27571216
492281 27571217
872528 27571218
19094144 27571219
27571220 27571221
225743 27571222
1011808 27571223
972527 27571224
988147 27571225
532723 27571226
22425360 27571227
12648778 27571228
88538 27571229
12641456 27571230
7575717 27571231
7585648 27571232
185424 27571233
7565775 27571234
7568197 27571235
1920322 27571236
1340615 27571237
7557520 27571238
7566802 27571239
1004837 27571240
27571241 27571242
15005385 27571243
23939644 27571244
1013393 27571245
12648228 27571246
22350825 27571247
7603800 27571248
19707712 27571249
27566318 27571250
12648274 27571251
19707332 27571252
12673561 27571253
1007370 27571254
12677875 27571255
23954884 27571256
19707284 27571257
2028715 27571258
7565678 27571259
23952772 27571260
4322357 27571261
431451 27571262
16403061 27571263
7574571 27571264
12665688 27571265
462918 27571266
260131 27571267
22351532 27571268
7541769 27571269
1449296 27571270
22353351 27571271
23956675 27571272
14984288 27571273
2480945 27571274
19901633 27571275
635362 27571276
684469 27571277
12641355 27571278
12626094 27571279
12603208 27571280
7544688 27571281
7573274 27571282
15054615 27571283
7580004 27571284
27571285 27571286
12641618 27571287
22349900 27571288
12671799 27571289
12648560 27571290
7575117 27571291
1005183 27571292
12648679 27571293
665630 27571294
12648476 27571295
12643742 27571296
22349511 27571297
2066964 27571298
7601493 27571299
8346300 27571300
1581335 27571301
27339359 27571302
455845 27571303
779019 27571304
23958150 27571305
27571306 27571307
12646921 27571308
12671933 27571309
12611505 27571310
12671935 27571311
12670161 27571312
12611506 27571313
12611516 27571314
12670430 27571315
10493733 27571316
10493777 27571317
14983548 27571318
10493778 27571319
11993719 27571320
10493734 27571321
12611507 27571322
12671934 27571323
10485056 27571324
12611498 27571325
12611499 27571326
23956205 27571327
22455606 27571328
15012008 27571329
15093081 27571330
15010665 27571331
22449977 27571332
22417650 27571333
12630621 27571334
12668097 27571335
10217804 27571336
12675519 27571337
12638321 27571338
12670526 27571339
12646385 27571340
12638322 27571341
12675713 27571342
10493752 27571343
11852383 27571344
16249289 27571345
3420001 27571346
12670644 27571347
12667994 27571348
10470268 27571349
11850232 27571350
22457526 27571351
23955749 27571352
16404451 27571353
12642470 27571354
12646381 27571355
12646640 27571356
240055 27571357
11905670 27571358
12670432 27571359
22353328 27571360
22353327 27571361
12615513 27571362
22346388 27571363
12608029 27571364
27340501 27571365
22431094 27571366
12656046 27571367
12656045 27571368
347795 27571369
12668620 27571370
12642472 27571371
12606797 27571372
10493776 27571373
22438529 27571374
12614267 27571375
11882645 27571376
12603513 27571377
11902029 27571378
10485057 27571379
23957138 27571380
1583180 27571381
12663817 27571382
17176345 27571383
10209103 27571384
22418908 27571385
27571386 27571387
12671936 27571388
12665578 27571389
22352996 27571390
19707280 27571391
12668921 27571392
15010666 27571393
1340478 27571394
12672557 27571395
15104991 27571396
427670 27571397
27571398 27571399
12668046 27571400
797825 27571401
11906045 27571402
19899411 27571403
12648592 27571404
16422669 27571405
12672414 27571406
1345078 27571407
14998449 27571408
12672190 27571409
12640769 27571410
281456 27571411
7549663 27571412
3592111 27571413
733278 27571414
11924459 27571415
12670849 27571416
12670847 27571417
1514043 27571418
1449299 27571419
12670848 27571420
1499577 27571421
668833 27571422
545358 27571423
92614 27571424
27571425 27571426
796622 27571427
12648554 27571428
10173873 27571429
27571430 27571431
16428342 27571432
12670559 27571433
12638320 27571434
16249646 27571435
12671937 27571436
3121842 27571437
22350422 27571438
12648293 27571439
474584 27571440
12670626 27571441
7829090 27571442
647857 27571443
350039 27571444
12648281 27571445
2230881 27571446
161568 27571447
3650064 27571448
2298560 27571449
1802405 27571450
533359 27571451
374764 27571452
541605 27571453
106447 27571454
15054510 27571455
227222 27571456
3560215 27571457
23945080 27571458
27571459 27571460
7585361 27571461
19901637 27571462
1009034 27571463
284426 27571464
2230879 27571465
137883 27571466
2049320 27571467
696592 27571468
3608525 27571469
604958 27571470
19707508 27571471
2383457 27571472
462538 27571473
2463024 27571474
4361842 27571475
2486451 27571476
2433825 27571477
692050 27571478
276955 27571479
150525 27571480
2434012 27571481
566959 27571482
294155 27571483
537006 27571484
2426432 27571485
2422140 27571486
501353 27571487
103711 27571488
154235 27571489
240157 27571490
738312 27571491
2052999 27571492
2053004 27571493
22412192 27571494
6865274 27571495
155945 27571496
19902345 27571497
587395 27571498
12648348 27571499
1000402 27571500
11924532 27571501
7556978 27571502
12645151 27571503
11830606 27571504
1863262 27571505
22411551 27571506
23951500 27571507
27571508 27571509
376683 27571510
27343281 27571511
23939103 27571512
23935876 27571513
472635 27571514
529977 27571515
7598100 27571516
23961190 27571517
10239081 27571518
236594 27571519
22349666 27571520
7568102 27571521
11904152 27571522
148743 27571523
7592828 27571524
23950586 27571525
653262 27571526
2431124 27571527
22440896 27571528
22379021 27571529
12662632 27571530
16358571 27571531
12643898 27571532
1747412 27571533
250257 27571534
325366 27571535
627914 27571536
7585746 27571537
4953407 27571538
7560626 27571539
7545905 27571540
22351533 27571541
463940 27571542
11854420 27571543
905453 27571544
22351254 27571545
2353456 27571546
372457 27571547
3618901 27571548
1864906 27571549
12626726 27571550
23950979 27571551
22479067 27571552
7545202 27571553
148377 27571554
1420838 27571555
6865603 27571556
22359581 27571557
27571558 27571559
2457372 27571560
919504 27571561
100387 27571562
2263514 27571563
2430310 27571564
19901635 27571565
1786423 27571566
2131118 27571567
22444272 27571568
1995303 27571569
2453928 27571570
1010110 27571571
399457 27571572
545142 27571573
693749 27571574
2230196 27571575
1014599 27571576
192707 27571577
1809751 27571578
6345112 27571579
1544200 27571580
1918118 27571581
2260502 27571582
6865903 27571583
3651211 27571584
22378802 27571585
1466782 27571586
761292 27571587
653804 27571588
1853829 27571589
15054525 27571590
7571917 27571591
12648829 27571592
2427744 27571593
27340721 27571594
2501169 27571595
2234797 27571596
2234163 27571597
669647 27571598
7573885 27571599
15054586 27571600
574799 27571601
18013145 27571602
8354971 27571603
2477770 27571604
2086910 27571605
638685 27571606
318354 27571607
182021 27571608
27571609 27571610
993005 27571611
26395771 27571612
27571613 27571614
161938 27571615
7876892 27571616
7586637 27571617
27571618 27571619
2363215 27571620
10351681 27571621
1846006 27571622
589753 27571623
23939643 27571624
231703 27571625
2316980 27571626
7804471 27571627
16245514 27571628
594230 27571629
12673549 27571630
18439662 27571631
1884854 27571632
1416772 27571633
12625631 27571634
369461 27571635
2271425 27571636
7604190 27571637
1758212 27571638
586629 27571639
218781 27571640
127620 27571641
19904896 27571642
22350646 27571643
7603856 27571644
12626728 27571645
19707527 27571646
6433343 27571647
7555813 27571648
23939894 27571649
12653226 27571650
23939183 27571651
23939181 27571652
302626 27571653
639240 27571654
6374538 27571655
19707699 27571656
466165 27571657
1375357 27571658
162311 27571659
12618561 27571660
351541 27571661
322930 27571662
417844 27571663
27571664 27571665
17441582 27571666
19896090 27571667
19884869 27571668
2066166 27571669
4814048 27571670
612626 27571671
216680 27571672
23960019 27571673
19888673 27571674
2227504 27571675
562302 27571676
2369154 27571677
1603604 27571678
621716 27571679
152386 27571680
23957195 27571681
1386362 27571682
19707290 27571683
23961467 27571684
6470631 27571685
972955 27571686
15982859 27571687
168372 27571688
1056792 27571689
2020505 27571690
22947149 27571691
10471085 27571692
2272094 27571693
11889469 27571694
22379074 27571695
6866168 27571696
6526680 27571697
426838 27571698
2290579 27571699
780604 27571700
27571701 27571702
22460652 27571703
1362941 27571704
2366930 27571705
1844066 27571706
22367265 27571707
27568438 27571708
2471693 27571709
18294041 27571710
1435508 27571711
12646805 27571712
280590 27571713
18417195 27571714
19700842 27571715
19707241 27571716
598823 27571717
19903031 27571718
23947823 27571719
27567844 27571720
12670622 27571721
18439936 27571722
12670659 27571723
12616418 27571724
23959205 27571725
6865571 27571726
23943903 27571727
294119 27571728
15054613 27571729
1551704 27571730
2480989 27571731
296011 27571732
7595328 27571733
18294242 27571734
1479057 27571735
10466064 27571736
290788 27571737
22379680 27571738
2430665 27571739
2480144 27571740
560317 27571741
1349022 27571742
7593334 27571743
3391970 27571744
22438978 27571745
21157767 27571746
171099 27571747
10470245 27571748
7578228 27571749
1859123 27571750
19895046 27571751
19859301 27571752
236852 27571753
19707883 27571754
16402063 27571755
12665691 27571756
632214 27571757
2232594 27571758
2062244 27571759
16403383 27571760
12625540 27571761
255653 27571762
2338382 27571763
792564 27571764
1589496 27571765
3346246 27571766
2066924 27571767
739031 27571768
18439427 27571769
637769 27571770
673409 27571771
360629 27571772
1625943 27571773
2003911 27571774
1005333 27571775
897352 27571776
12665810 27571777
12665772 27571778
7581660 27571779
27339449 27571780
27571781 27571782
1004231 27571783
2256073 27571784
22351803 27571785
328974 27571786
1818983 27571787
23960622 27571788
2467024 27571789
23957239 27571790
3249332 27571791
22404477 27571792
550169 27571793
22378729 27571794
3518281 27571795
15055717 27571796
7581144 27571797
12660742 27571798
12660739 27571799
595372 27571800
12670185 27571801
12667991 27571802
12625600 27571803
12674178 27571804
27340470 27571805
15310304 27571806
1881993 27571807
12622517 27571808
16339744 27571809
10493793 27571810
11894726 27571811
740702 27571812
99802 27571813
385940 27571814
11850696 27571815
22386813 27571816
17266820 27571817
11850194 27571818
12642320 27571819
11857547 27571820
12670203 27571821
23930452 27571822
23930411 27571823
23930381 27571824
19906210 27571825
2068718 27571826
23930410 27571827
7589515 27571828
23934692 27571829
18417494 27571830
499306 27571831
2345898 27571832
1393490 27571833
12670756 27571834
3191564 27571835
12670612 27571836
19898872 27571837
1000252 27571838
2518449 27571839
590007 27571840
1503079 27571841
642633 27571842
18021639 27571843
251680 27571844
658858 27571845
1558505 27571846
716794 27571847
1580379 27571848
27571849 27571850
12669148 27571851
2467445 27571852
7543469 27571853
23933866 27571854
2463032 27571855
12665715 27571856
12669150 27571857
19897080 27571858
220347 27571859
22404478 27571860
12648255 27571861
1006972 27571862
7583327 27571863
402447 27571864
23941863 27571865
15008409 27571866
14564519 27571867
15008411 27571868
27341295 27571869
225845 27571870
634316 27571871
567702 27571872
23960839 27571873
1864642 27571874
1921184 27571875
23945990 27571876
525093 27571877
2529939 27571878
2066383 27571879
18417493 27571880
2075471 27571881
7587011 27571882
781773 27571883
27342907 27571884
607522 27571885
2057694 27571886
27571887 27571888
361145 27571889
12648705 27571890
367384 27571891
12648662 27571892
734081 27571893
19907945 27571894
361143 27571895
19897482 27571896
22378804 27571897
19867204 27571898
510394 27571899
12646817 27571900
12646818 27571901
464257 27571902
228825 27571903
16325628 27571904
1004292 27571905
273638 27571906
10173543 27571907
19952146 27571908
495711 27571909
437003 27571910
3623861 27571911
23930464 27571912
1814485 27571913
2426949 27571914
10368184 27571915
2480699 27571916
1380256 27571917
1732460 27571918
453824 27571919
22479495 27571920
16404397 27571921
2051444 27571922
219157 27571923
2261597 27571924
668577 27571925
22379631 27571926
541819 27571927
508301 27571928
22405745 27571929
23959392 27571930
786170 27571931
22468805 27571932
23959393 27571933
27569369 27571934
27338768 27571935
220353 27571936
562091 27571937
260799 27571938
351861 27571939
968881 27571940
2062721 27571941
7602782 27571942
667886 27571943
2517101 27571944
27571945 27571946
2513936 27571947
147877 27571948
163406 27571949
2306000 27571950
7594574 27571951
3629277 27571952
1740561 27571953
1926216 27571954
27571955 27571956
27571957 27571958
27571959 27571960
2066929 27571961
591722 27571962
27571963 27571964
27340057 27571965
27571966 27571967
2480127 27571968
1996832 27571969
698790 27571970
536752 27571971
1981396 27571972
23936473 27571973
2323448 27571974
19906375 27571975
19906377 27571976
1989017 27571977
2193392 27571978
903431 27571979
999909 27571980
344544 27571981
2482331 27571982
2005390 27571983
613734 27571984
15149260 27571985
2505187 27571986
22379638 27571987
2453121 27571988
136515 27571989
584335 27571990
3629418 27571991
7556610 27571992
27568507 27571993
12648523 27571994
7584697 27571995
22350966 27571996
1969762 27571997
1458374 27571998
1430401 27571999
10350564 27572000
131270 27572001
2095614 27572002
193700 27572003
2433923 27572004
2431872 27572005
18417251 27572006
257100 27572007
2488542 27572008
2488553 27572009
2434010 27572010
1936190 27572011
1938801 27572012
27568504 27572013
12667365 27572014
612926 27572015
577745 27572016
1011249 27572017
695924 27572018
19707701 27572019
12648564 27572020
540209 27572021
3075047 27572022
2332482 27572023
27572024 27572025
648881 27572026
633230 27572027
27342125 27572028
728134 27572029
27572030 27572031
12626113 27572032
158745 27572033
1940941 27572034
2495515 27572035
10466410 27572036
2180075 27572037
3321856 27572038
22346772 27572039
273812 27572040
12170400 27572041
22353836 27572042
518889 27572043
22440425 27572044
2422361 27572045
7554169 27572046
23957288 27572047
15211550 27572048
514200 27572049
2465517 27572050
385487 27572051
2000907 27572052
85452 27572053
2357026 27572054
92172 27572055
1584921 27572056
27572057 27572058
7595016 27572059
1495688 27572060
2446036 27572061
17173093 27572062
1610566 27572063
376921 27572064
2470329 27572065
2307182 27572066
2063032 27572067
291170 27572068
27572069 27572070
2353818 27572071
224364 27572072
10466065 27572073
27569063 27572074
1760635 27572075
18440575 27572076
23946678 27572077
22376374 27572078
2095201 27572079
1188697 27572080
12648362 27572081
12625764 27572082
585102 27572083
2001937 27572084
491713 27572085
7593794 27572086
7546135 27572087
15997633 27572088
4515856 27572089
535676 27572090
2190724 27572091
22395920 27572092
353081 27572093
382359 27572094
2446297 27572095
353333 27572096
27572097 27572098
7563099 27572099
15992086 27572100
1377757 27572101
433305 27572102
272611 27572103
382752 27572104
1012041 27572105
22349650 27572106
23966329 27572107
16427369 27572108
1982069 27572109
1011498 27572110
2466231 27572111
131214 27572112
19900290 27572113
19900292 27572114
1008966 27572115
15105467 27572116
1870950 27572117
15008419 27572118
23922325 27572119
22417642 27572120
15093079 27572121
27572122 27572123
114075 27572124
170517 27572125
7871432 27572126
19908221 27572127
17174579 27572128
1591059 27572129
19862396 27572130
1009300 27572131
872113 27572132
23951962 27572133
739836 27572134
512162 27572135
23945874 27572136
16419584 27572137
23956488 27572138
22423512 27572139
19898479 27572140
19903402 27572141
22441940 27572142
22395841 27572143
1822631 27572144
1315195 27572145
604022 27572146
20788086 27572147
133072 27572148
18173220 27572149
921187 27572150
1941611 27572151
12648565 27572152
274004 27572153
3650898 27572154
18022225 27572155
23956487 27572156
1732375 27572157
12666318 27572158
19895540 27572159
393673 27572160
921721 27572161
27338988 27572162
27342435 27572163
2066922 27572164
22378794 27572165
137741 27572166
18445619 27572167
15004519 27572168
1015051 27572169
2270274 27572170
27339406 27572171
130782 27572172
23932144 27572173
674554 27572174
7609247 27572175
387840 27572176
19707615 27572177
22350463 27572178
573503 27572179
379247 27572180
1785209 27572181
23958382 27572182
23954835 27572183
470087 27572184
1940869 27572185
27339664 27572186
19091211 27572187
27572188 27572189
22379649 27572190
2052615 27572191
23958381 27572192
491025 27572193
12648559 27572194
27572195 27572196
10409638 27572197
3574972 27572198
27572199 27572200
27572201 27572202
11864438 27572203
223716 27572204
939532 27572205
433499 27572206
18417276 27572207
22406808 27572208
15995811 27572209
239241 27572210
7581247 27572211
1004370 27572212
12665789 27572213
12626156 27572214
22379715 27572215
89526 27572216
22383067 27572217
22349855 27572218
7812142 27572219
1941308 27572220
22349856 27572221
22371798 27572222
130616 27572223
17170942 27572224
2376380 27572225
12640819 27572226
12648958 27572227
704446 27572228
7607385 27572229
7599345 27572230
22426710 27572231
19859422 27572232
22372670 27572233
27567101 27572234
2495348 27572235
259274 27572236
1387280 27572237
7609236 27572238
22462726 27572239
12648569 27572240
12648568 27572241
12625633 27572242
10466072 27572243
2073735 27572244
12641592 27572245
7597678 27572246
1724236 27572247
360233 27572248
279148 27572249
12634742 27572250
2470989 27572251
2202408 27572252
1626996 27572253
592236 27572254
423155 27572255
370064 27572256
16342240 27572257
3789648 27572258
684407 27572259
22349991 27572260
601050 27572261
2499758 27572262
214167 27572263
973502 27572264
3497208 27572265
27572266 27572267
22463181 27572268
19897272 27572269
19707288 27572270
7543016 27572271
15054534 27572272
158755 27572273
2210948 27572274
10281745 27572275
10393589 27572276
112925 27572277
27572278 27572279
10468876 27572280
27572281 27572282
2059163 27572283
1915191 27572284
27341997 27572285
1864913 27572286
1845252 27572287
27572288 27572289
19087736 27572290
1792663 27572291
7565340 27572292
220397 27572293
23946927 27572294
14985524 27572295
2278132 27572296
184167 27572297
19976310 27572298
15105407 27572299
15055663 27572300
2136145 27572301
7549572 27572302
2024865 27572303
451429 27572304
12648287 27572305
23952839 27572306
1920698 27572307
228050 27572308
2506586 27572309
19899912 27572310
27572311 27572312
706973 27572313
2191904 27572314
663161 27572315
250600 27572316
14855331 27572317
342566 27572318
286061 27572319
19891717 27572320
16279577 27572321
27572322 27572323
27572324 27572325
129407 27572326
10470180 27572327
11998441 27572328
2531913 27572329
22378927 27572330
18171663 27572331
2046550 27572332
12648619 27572333
706909 27572334
23924345 27572335
10466073 27572336
217538 27572337
610760 27572338
1008949 27572339
1006686 27572340
22393584 27572341
7603861 27572342
633568 27572343
345642 27572344
23209704 27572345
564497 27572346
2520116 27572347
19707682 27572348
887442 27572349
27340846 27572350
7581931 27572351
10883853 27572352
22385132 27572353
896042 27572354
4941996 27572355
1814404 27572356
425285 27572357
27340440 27572358
23947236 27572359
7592583 27572360
1634460 27572361
22405414 27572362
896802 27572363
27568954 27572364
370302 27572365
22350576 27572366
611183 27572367
23930436 27572368
19707289 27572369
2074278 27572370
19903359 27572371
809884 27572372
12679915 27572373
27343756 27572374
7549450 27572375
805011 27572376
14998866 27572377
23953924 27572378
27569554 27572379
12648928 27572380
625003 27572381
12677038 27572382
12677036 27572383
282986 27572384
16325420 27572385
27572386 27572387
7583353 27572388
12611501 27572389
12668813 27572390
2480113 27572391
274388 27572392
2195248 27572393
22431189 27572394
991645 27572395
785813 27572396
643663 27572397
1862128 27572398
174066 27572399
10883630 27572400
19707705 27572401
3795600 27572402
15008030 27572403
23952297 27572404
2316220 27572405
167203 27572406
2062663 27572407
22395813 27572408
12170637 27572409
530089 27572410
2511397 27572411
1476893 27572412
780606 27572413
2029379 27572414
2057510 27572415
2278063 27572416
1938083 27572417
12641600 27572418
12648344 27572419
22349661 27572420
1133054 27572421
2195648 27572422
154530 27572423
27572424 27572425
16255062 27572426
3586265 27572427
373553 27572428
18294048 27572429
146973 27572430
1797510 27572431
27343842 27572432
330691 27572433
23960633 27572434
1589861 27572435
18517177 27572436
514628 27572437
7602798 27572438
503195 27572439
896150 27572440
302598 27572441
166357 27572442
3696714 27572443
454098 27572444
7601819 27572445
4006270 27572446
10310794 27572447
4006272 27572448
3504722 27572449
1004752 27572450
648645 27572451
19904635 27572452
2161241 27572453
2523426 27572454
22350433 27572455
27572456 27572457
14825902 27572458
12670561 27572459
23935255 27572460
129531 27572461
2254443 27572462
10484796 27572463
22451032 27572464
2314403 27572465
19892010 27572466
19895480 27572467
2455527 27572468
22405412 27572469
799798 27572470
2214584 27572471
12184006 27572472
971465 27572473
10466063 27572474
22468130 27572475
2432391 27572476
1844213 27572477
2295893 27572478
16404398 27572479
22404446 27572480
27343130 27572481
14996969 27572482
127750 27572483
450895 27572484
184605 27572485
23950264 27572486
19896867 27572487
2449158 27572488
27342441 27572489
1845668 27572490
2062530 27572491
27572492 27572493
156531 27572494
12680118 27572495
15103585 27572496
27572497 27572498
1864461 27572499
1517238 27572500
1195998 27572501
1052266 27572502
3118844 27572503
16489463 27572504
1306938 27572505
1588790 27572506
19861221 27572507
19904095 27572508
1461168 27572509
2488538 27572510
10883674 27572511
2050346 27572512
560000 27572513
6866715 27572514
2081007 27572515
12605159 27572516
16256865 27572517
16256864 27572518
12605158 27572519
7598287 27572520
4257847 27572521
3283208 27572522
12643790 27572523
1772910 27572524
1895223 27572525
4354798 27572526
784340 27572527
2319765 27572528
19701723 27572529
14814046 27572530
14814037 27572531
14814045 27572532
2421823 27572533
2350272 27572534
2087580 27572535
23955315 27572536
16225514 27572537
23962883 27572538
27572539 27572540
1697008 27572541
10469337 27572542
22442253 27572543
1941214 27572544
1396759 27572545
2062446 27572546
2432260 27572547
704790 27572548
1729134 27572549
1752629 27572550
422811 27572551
3680790 27572552
2270757 27572553
512833 27572554
128104 27572555
22710097 27572556
19903379 27572557
12662541 27572558
18417238 27572559
23956998 27572560
27572561 27572562
19892698 27572563
19892700 27572564
1397263 27572565
12646804 27572566
212805 27572567
10466062 27572568
2162086 27572569
22350979 27572570
2423765 27572571
570707 27572572
22393315 27572573
1779376 27572574
27341976 27572575
22351522 27572576
16350731 27572577
2420676 27572578
19087396 27572579
406248 27572580
891208 27572581
1935057 27572582
1012436 27572583
1005663 27572584
19894151 27572585
10470796 27572586
795455 27572587
12667407 27572588
256069 27572589
19906595 27572590
27572591 27572592
19905070 27572593
22410846 27572594
957689 27572595
3098323 27572596
106295 27572597
19899914 27572598
3435398 27572599
22404405 27572600
764133 27572601
22396834 27572602
11919499 27572603
22446730 27572604
1691481 27572605
2068419 27572606
19895939 27572607
27338721 27572608
22350399 27572609
647684 27572610
2195055 27572611
354596 27572612
245057 27572613
1369554 27572614
6516327 27572615
27572616 27572617
17266818 27572618
511138 27572619
1798738 27572620
23958539 27572621
27572622 27572623
559194 27572624
178601 27572625
19895444 27572626
2047227 27572627
3559773 27572628
455410 27572629
139509 27572630
1336770 27572631
7837948 27572632
501127 27572633
27572634 27572635
3651129 27572636
27339819 27572637
12782312 27572638
27340671 27572639
27339817 27572640
27340666 27572641
23937678 27572642
1810453 27572643
379740 27572644
531480 27572645
18442219 27572646
15394765 27572647
18446772 27572648
3485032 27572649
2420231 27572650
18018893 27572651
12628359 27572652
2466618 27572653
279804 27572654
23930433 27572655
23930432 27572656
1937595 27572657
27343550 27572658
2024778 27572659
19891545 27572660
536812 27572661
22373863 27572662
22479008 27572663
2428747 27572664
19895862 27572665
19894577 27572666
1552026 27572667
27572668 27572669
295869 27572670
17177751 27572671
27339865 27572672
2456700 27572673
1700024 27572674
2423027 27572675
27343826 27572676
27572677 27572678
198036 27572679
2472763 27572680
19894536 27572681
2453913 27572682
1931924 27572683
23962191 27572684
1723183 27572685
2297576 27572686
19891287 27572687
19891286 27572688
12625172 27572689
2421466 27572690
1385518 27572691
1464961 27572692
14984776 27572693
27572694 27572695
2420629 27572696
22459851 27572697
16426502 27572698
301800 27572699
484309 27572700
1937135 27572701
12648631 27572702
939058 27572703
277554 27572704
11858714 27572705
2272207 27572706
18440058 27572707
328814 27572708
19905294 27572709
14990357 27572710
22462071 27572711
113291 27572712
2240447 27572713
685770 27572714
652770 27572715
2057720 27572716
19707650 27572717
596056 27572718
22451752 27572719
18013196 27572720
27572721 27572722
1754709 27572723
12625531 27572724
7554733 27572725
12666177 27572726
645724 27572727
12666178 27572728
16430042 27572729
1735257 27572730
3281755 27572731
12653296 27572732
7592709 27572733
1002029 27572734
22394550 27572735
211895 27572736
1819576 27572737
12622107 27572738
1134143 27572739
18467930 27572740
15004277 27572741
17180031 27572742
27572743 27572744
2431495 27572745
1476007 27572746
342776 27572747
8473884 27572748
3469244 27572749
10249932 27572750
23960727 27572751
27341726 27572752
22444014 27572753
2277843 27572754
16248489 27572755
16376400 27572756
22447459 27572757
22447264 27572758
146951 27572759
22379706 27572760
15004955 27572761
18444166 27572762
19888451 27572763
1730115 27572764
1867305 27572765
2477782 27572766
260890 27572767
22381898 27572768
653608 27572769
2338359 27572770
2300435 27572771
19704071 27572772
1009011 27572773
7601785 27572774
2082237 27572775
22349890 27572776
2316089 27572777
18442218 27572778
27292464 27572779
2568446 27572780
19892650 27572781
2517385 27572782
1844367 27572783
2081062 27572784
12648388 27572785
19894529 27572786
19894541 27572787
2449074 27572788
2421112 27572789
19891481 27572790
22377586 27572791
2453924 27572792
19894395 27572793
19893238 27572794
2071472 27572795
2481220 27572796
19897092 27572797
2082086 27572798
22456752 27572799
19907425 27572800
2414386 27572801
1746344 27572802
19894565 27572803
18440423 27572804
19892834 27572805
22463059 27572806
27572807 27572808
18501124 27572809
366719 27572810
640127 27572811
693337 27572812
948061 27572813
27569254 27572814
19902726 27572815
19902724 27572816
19894529 27572817
19894541 27572818
2461555 27572819
7558787 27572820
22460701 27572821
10318152 27572822
241526 27572823
580107 27572824
23935530 27572825
23939917 27572826
22445322 27572827
19906451 27572828
19897848 27572829
16260941 27572830
12626264 27572831
23952584 27572832
19904219 27572833
19903810 27572834
8488705 27572835
19891357 27572836
2053149 27572837
19906449 27572838
1733956 27572839
23960464 27572840
311090 27572841
1927808 27572842
3521358 27572843
16390710 27572844
17165873 27572845
3251831 27572846
22390941 27572847
12174837 27572848
3635957 27572849
656540 27572850
19902127 27572851
19897856 27572852
895134 27572853
1486083 27572854
2520192 27572855
19894721 27572856
27572857 27572858
12675354 27572859
1741242 27572860
18504025 27572861
16419927 27572862
15078731 27572863
478858 27572864
98962 27572865
2447606 27572866
22383325 27572867
449160 27572868
18021241 27572869
758687 27572870
2062183 27572871
2053480 27572872
22428636 27572873
2149119 27572874
27339058 27572875
1588646 27572876
2430326 27572877
22377943 27572878
18352805 27572879
3655895 27572880
19087942 27572881
1918352 27572882
1011030 27572883
19895574 27572884
27572885 27572886
19902944 27572887
27567485 27572888
948936 27572889
519145 27572890
2446989 27572891
593941 27572892
1313147 27572893
682019 27572894
2526938 27572895
2470023 27572896
1774160 27572897
23953658 27572898
158769 27572899
3839307 27572900
16405093 27572901
2286513 27572902
1809531 27572903
694415 27572904
1012519 27572905
644676 27572906
12599180 27572907
511546 27572908
1863009 27572909
1519324 27572910
10470772 27572911
27572912 27572913
27572914 27572915
20786751 27572916
23958782 27572917
194731 27572918
27572919 27572920
3592465 27572921
12628020 27572922
12599871 27572923
1113908 27572924
27572925 27572926
18439406 27572927
18439588 27572928
462458 27572929
2225111 27572930
11864566 27572931
3862187 27572932
566921 27572933
10882808 27572934
12648946 27572935
27340307 27572936
2062078 27572937
22362674 27572938
1882970 27572939
1882983 27572940
1882976 27572941
23945071 27572942
19904106 27572943
23956839 27572944
15004515 27572945
17169134 27572946
24429113 27572947
12008515 27572948
1057418 27572949
22419069 27572950
10472498 27572951
27339651 27572952
22386224 27572953
7560839 27572954
14983761 27572955
22379683 27572956
4487952 27572957
199139 27572958
27572959 27572960
10448285 27572961
19884866 27572962
7779392 27572963
23958123 27572964
1472074 27572965
14814043 27572966
3862826 27572967
1004577 27572968
22379807 27572969
2189975 27572970
27340604 27572971
1002656 27572972
372553 27572973
27572974 27572975
1868327 27572976
594110 27572977
22349715 27572978
1921158 27572979
3281759 27572980
27343199 27572981
23930435 27572982
22451502 27572983
1511841 27572984
18439726 27572985
120940 27572986
2035748 27572987
19891690 27572988
19891698 27572989
27572990 27572991
1337018 27572992
19707283 27572993
1815702 27572994
596318 27572995
7560893 27572996
96960 27572997
3262322 27572998
1775326 27572999
654091 27573000
7558353 27573001
1530012 27573002
507949 27573003
22350743 27573004
7574349 27573005
12648838 27573006
312064 27573007
12517059 27573008
600965 27573009
226249 27573010
27339418 27573011
1748408 27573012
1864820 27573013
22461959 27573014
244023 27573015
23958914 27573016
699672 27573017
23953693 27573018
27573019 27573020
1898730 27573021
2487828 27573022
27573023 27573024
1731781 27573025
2487832 27573026
1731792 27573027
137265 27573028
18440813 27573029
3428529 27573030
27573031 27573032
22456484 27573033
22455992 27573034
27341930 27573035
176214 27573036
27340237 27573037
23957335 27573038
18016716 27573039
2057452 27573040
1920735 27573041
1921192 27573042
7561133 27573043
3399996 27573044
23942773 27573045
1330131 27573046
2181562 27573047
2079107 27573048
135808 27573049
27338925 27573050
12646811 27573051
1512251 27573052
3520112 27573053
18446092 27573054
14825790 27573055
27339976 27573056
1840750 27573057
353491 27573058
10880322 27573059
14835837 27573060
14825901 27573061
2488629 27573062
14818655 27573063
23959224 27573064
2354693 27573065
27339635 27573066
3319442 27573067
330116 27573068
27343260 27573069
27341994 27573070
16408159 27573071
18445696 27573072
301518 27573073
385906 27573074
2473554 27573075
607816 27573076
27339753 27573077
1803005 27573078
609570 27573079
27573080 27573081
27343338 27573082
27339437 27573083
27339435 27573084
2045552 27573085
1865311 27573086
1716055 27573087
27573088 27573089
2461900 27573090
768022 27573091
18939296 27573092
579236 27573093
1559656 27573094
2297578 27573095
12625285 27573096
640319 27573097
7593070 27573098
27573099 27573100
800221 27573101
15105475 27573102
2062378 27573103
2484307 27573104
22427818 27573105
1616021 27573106
156323 27573107
2462189 27573108
27342566 27573109
22379776 27573110
3599295 27573111
2279112 27573112
218633 27573113
525900 27573114
7561166 27573115
16256228 27573116
2443987 27573117
14999789 27573118
199202 27573119
669173 27573120
16341757 27573121
977066 27573122
12653293 27573123
12641621 27573124
10250450 27573125
1630632 27573126
19900529 27573127
12643323 27573128
555438 27573129
7585990 27573130
965314 27573131
7548125 27573132
7556014 27573133
1942834 27573134
2060106 27573135
1010051 27573136
953649 27573137
18422356 27573138
1994353 27573139
1883217 27573140
27573141 27573142
22410688 27573143
12648759 27573144
2083936 27573145
27573146 27573147
1771907 27573148
23935493 27573149
27338792 27573150
27339787 27573151
27573152 27573153
27342893 27573154
392874 27573155
22351509 27573156
22442538 27573157
4919209 27573158
195663 27573159
18519350 27573160
619100 27573161
1010199 27573162
16855127 27573163
896233 27573164
12648556 27573165
1008945 27573166
18019718 27573167
27566587 27573168
4886366 27573169
22462521 27573170
27568977 27573171
136847 27573172
27568978 27573173
22350406 27573174
1575567 27573175
1839883 27573176
22350644 27573177
2531108 27573178
7583419 27573179
2426845 27573180
27573181 27573182
27568880 27573183
15054360 27573184
7560760 27573185
270141 27573186
22404978 27573187
12648626 27573188
7558974 27573189
2272868 27573190
964736 27573191
790636 27573192
889515 27573193
459863 27573194
1005822 27573195
341595 27573196
22351001 27573197
909873 27573198
337929 27573199
7580588 27573200
1006215 27573201
7606286 27573202
750098 27573203
19906598 27573204
19894543 27573205
10466976 27573206
154472 27573207
22444605 27573208
22418462 27573209
23957198 27573210
1013265 27573211
665492 27573212
1003659 27573213
15078764 27573214
929855 27573215
1832129 27573216
22350977 27573217
22378799 27573218
22349962 27573219
12648270 27573220
566248 27573221
395661 27573222
151617 27573223
12648300 27573224
18293932 27573225
12648555 27573226
1015750 27573227
18180331 27573228
27341083 27573229
23955469 27573230
22347057 27573231
27339736 27573232
27573233 27573234
10467204 27573235
928883 27573236
15054524 27573237
11889471 27573238
10280985 27573239
27573240 27573241
11832585 27573242
673273 27573243
1732674 27573244
261386 27573245
1014772 27573246
7608863 27573247
7561445 27573248
1008599 27573249
3105194 27573250
455294 27573251
12648463 27573252
417554 27573253
12625539 27573254
7548482 27573255
1883532 27573256
10468111 27573257
23941196 27573258
27573259 27573260
10169264 27573261
22430720 27573262
22404408 27573263
10247889 27573264
15199609 27573265
22349682 27573266
4929476 27573267
12648710 27573268
12648487 27573269
694419 27573270
7542214 27573271
7576562 27573272
15201341 27573273
2497026 27573274
27573275 27573276
12648827 27573277
12648828 27573278
12670850 27573279
7554149 27573280
12648693 27573281
27340407 27573282
12666094 27573283
378036 27573284
631496 27573285
18434860 27573286
1009359 27573287
16403504 27573288
453822 27573289
22349891 27573290
12648688 27573291
22350630 27573292
553857 27573293
12648689 27573294
22378850 27573295
688986 27573296
2214450 27573297
19707713 27573298
514622 27573299
483508 27573300
10471546 27573301
1013385 27573302
550003 27573303
12648706 27573304
1011828 27573305
2174643 27573306
12648363 27573307
1007509 27573308
1516720 27573309
27339208 27573310
817293 27573311
7606705 27573312
4511483 27573313
7598526 27573314
642888 27573315
12641602 27573316
27573317 27573318
1430117 27573319
2514743 27573320
637809 27573321
27343419 27573322
1858783 27573323
96964 27573324
1004640 27573325
12648515 27573326
1003319 27573327
1010397 27573328
12648624 27573329
775817 27573330
10880056 27573331
7607303 27573332
348277 27573333
23964046 27573334
12649023 27573335
27340401 27573336
1001163 27573337
1000039 27573338
250531 27573339
22385820 27573340
338127 27573341
487201 27573342
12648425 27573343
913127 27573344
22379243 27573345
189024 27573346
19707694 27573347
705658 27573348
12648563 27573349
2068720 27573350
412255 27573351
570771 27573352
12641362 27573353
866075 27573354
12631180 27573355
959559 27573356
761294 27573357
233540 27573358
665322 27573359
2503215 27573360
616893 27573361
234067 27573362
2277305 27573363
16402241 27573364
733274 27573365
22444021 27573366
7551804 27573367
27568972 27573368
2446937 27573369
287010 27573370
2441326 27573371
19908230 27573372
7571757 27573373
22349937 27573374
157099 27573375
7588341 27573376
642680 27573377
22440316 27573378
7552390 27573379
27573380 27573381
15054585 27573382
19701937 27573383
251520 27573384
2328337 27573385
588463 27573386
12668163 27573387
4823413 27573388
16249644 27573389
22358026 27573390
27343877 27573391
27341105 27573392
27343879 27573393
27343881 27573394
7578422 27573395
7591704 27573396
729898 27573397
3730323 27573398
23961153 27573399
12655019 27573400
23960511 27573401
12608228 27573402
27340354 27573403
27340564 27573404
1297312 27573405
15096909 27573406
27339558 27573407
2062277 27573408
14359469 27573409
27573410 27573411
23960550 27573412
22457464 27573413
22447457 27573414
27573415 27573416
22379835 27573417
22412966 27573418
22382986 27573419
10392449 27573420
27573421 27573422
1781817 27573423
27342353 27573424
1449849 27573425
27573426 27573427
15054484 27573428
16242625 27573429
12517493 27573430
15994212 27573431
461081 27573432
23938951 27573433
10879752 27573434
226471 27573435
90330 27573436
12646813 27573437
1805188 27573438
18172272 27573439
27342537 27573440
267769 27573441
2082455 27573442
3481241 27573443
194645 27573444
12625803 27573445
611901 27573446
7568137 27573447
22429113 27573448
16402039 27573449
7595375 27573450
631558 27573451
15096223 27573452
453826 27573453
681066 27573454
142271 27573455
22378926 27573456
27338892 27573457
89438 27573458
10883553 27573459
635988 27573460
19904371 27573461
10351602 27573462
653264 27573463
614044 27573464
341320 27573465
12648546 27573466
12648964 27573467
790762 27573468
116995 27573469
10466061 27573470
10466060 27573471
1014699 27573472
540864 27573473
12648486 27573474
944670 27573475
22406805 27573476
2301516 27573477
22406754 27573478
1813421 27573479
1778918 27573480
2097148 27573481
12648337 27573482
1934843 27573483
10250296 27573484
868138 27573485
27569041 27573486
18504027 27573487
2464951 27573488
2305690 27573489
27338852 27573490
3650064 27573491
177573 27573492
257862 27573493
27341445 27573494
754183 27573495
284636 27573496
27573497 27573498
22447458 27573499
352339 27573500
2062165 27573501
1192421 27573502
2066926 27573503
2276893 27573504
12668001 27573505
12667999 27573506
7590664 27573507
999376 27573508
1010669 27573509
107733 27573510
16879907 27573511
12653294 27573512
1570325 27573513
1724655 27573514
10246109 27573515
1752359 27573516
194963 27573517
7609494 27573518
23947556 27573519
22447456 27573520
3838055 27573521
2269034 27573522
27338727 27573523
10467072 27573524
23935491 27573525
27339550 27573526
12648505 27573527
86070 27573528
27573529 27573530
7551130 27573531
7608349 27573532
3612879 27573533
12648699 27573534
23941649 27573535
7550742 27573536
18445504 27573537
15103886 27573538
27338778 27573539
2578821 27573540
7595527 27573541
353953 27573542
19903044 27573543
27338952 27573544
17276372 27573545
7565583 27573546
545410 27573547
12648325 27573548
1005569 27573549
22378835 27573550
927601 27573551
23959106 27573552
218987 27573553
6544697 27573554
642948 27573555
352475 27573556
12626130 27573557
18506285 27573558
3613646 27573559
20607872 27573560
891532 27573561
2065586 27573562
1941964 27573563
2459257 27573564
2024633 27573565
253666 27573566
210750 27573567
23959160 27573568
12625638 27573569
1933319 27573570
250750 27573571
12607912 27573572
991012 27573573
27573574 27573575
16855854 27573576
27573577 27573578
2029546 27573579
766380 27573580
22447325 27573581
6421851 27573582
806801 27573583
12604071 27573584
22429410 27573585
23941540 27573586
23941539 27573587
11851296 27573588
22355669 27573589
899756 27573590
12641604 27573591
2337505 27573592
899734 27573593
7596002 27573594
12648842 27573595
2517931 27573596
15105359 27573597
572733 27573598
27573599 27573600
767366 27573601
872712 27573602
453059 27573603
240735 27573604
23960883 27573605
2163897 27573606
2446842 27573607
2482203 27573608
981654 27573609
460437 27573610
12649002 27573611
1879258 27573612
976320 27573613
18176576 27573614
23958737 27573615
1393374 27573616
647426 27573617
4947373 27573618
1867521 27573619
471527 27573620
27341058 27573621
318074 27573622
630304 27573623
11916782 27573624
748451 27573625
7603013 27573626
209865 27573627
375236 27573628
7561414 27573629
27573630 27573631
609234 27573632
609562 27573633
15004516 27573634
436289 27573635
23959973 27573636
7543059 27573637
12648898 27573638
7596825 27573639
12626165 27573640
639065 27573641
14984300 27573642
14983902 27573643
7604169 27573644
7553723 27573645
321603 27573646
27339169 27573647
2284646 27573648
3080258 27573649
965239 27573650
12004980 27573651
239855 27573652
639051 27573653
2212090 27573654
10471692 27573655
27340562 27573656
19899435 27573657
22468617 27573658
12648326 27573659
23938737 27573660
27573661 27573662
301040 27573663
27573664 27573665
2412455 27573666
362383 27573667
1007969 27573668
10882992 27573669
27340992 27573670
18417127 27573671
1866234 27573672
18440121 27573673
4839200 27573674
765382 27573675
212907 27573676
11880491 27573677
27341916 27573678
297764 27573679
2424088 27573680
4897723 27573681
12604509 27573682
1307207 27573683
18020783 27573684
3600104 27573685
357803 27573686
22352647 27573687
10318158 27573688
702356 27573689
97404 27573690
693021 27573691
18443631 27573692
19861410 27573693
22418458 27573694
18439969 27573695
2080608 27573696
12622707 27573697
16359962 27573698
27573699 27573700
1862811 27573701
1868944 27573702
23957047 27573703
553136 27573704
1882979 27573705
664809 27573706
1753736 27573707
19902590 27573708
117917 27573709
2046753 27573710
18445503 27573711
538652 27573712
7580561 27573713
879315 27573714
18020510 27573715
503964 27573716
872731 27573717
425898 27573718
743812 27573719
915913 27573720
632846 27573721
12665679 27573722
6369692 27573723
7597527 27573724
27340620 27573725
2310795 27573726
2080570 27573727
4825087 27573728
27342810 27573729
593333 27573730
27573731 27573732
126462 27573733
12670495 27573734
12670497 27573735
4922778 27573736
12641343 27573737
872497 27573738
12641605 27573739
12641603 27573740
1906471 27573741
22349805 27573742
1881920 27573743
15267779 27573744
1803674 27573745
20276225 27573746
548613 27573747
215030 27573748
237080 27573749
686333 27573750
23957060 27573751
23957059 27573752
2353448 27573753
2277417 27573754
1827610 27573755
22369144 27573756
16408209 27573757
22379781 27573758
1950001 27573759
22370933 27573760
1684137 27573761
545056 27573762
2347190 27573763
16337663 27573764
22349859 27573765
2509813 27573766
1918241 27573767
27339000 27573768
11923668 27573769
27340740 27573770
22465926 27573771
27342476 27573772
1886519 27573773
1870155 27573774
23956617 27573775
23956618 27573776
453558 27573777
23956616 27573778
27569168 27573779
23956619 27573780
22467020 27573781
23956620 27573782
27339367 27573783
19907402 27573784
16219967 27573785
22372854 27573786
12670087 27573787
22382982 27573788
22446457 27573789
27340538 27573790
604649 27573791
7556780 27573792
27342280 27573793
19893184 27573794
27573795 27573796
19893234 27573797
1538586 27573798
18920789 27573799
10407948 27573800
19896386 27573801
653482 27573802
2029115 27573803
612270 27573804
27573805 27573806
22420594 27573807
23209784 27573808
307953 27573809
287382 27573810
602893 27573811
437311 27573812
11864439 27573813
301038 27573814
16428892 27573815
22430719 27573816
27573817 27573818
1703436 27573819
2072074 27573820
2000027 27573821
1853881 27573822
1773848 27573823
10331848 27573824
15204862 27573825
3866577 27573826
12648431 27573827
12648453 27573828
22459810 27573829
2049144 27573830
1737471 27573831
110167 27573832
10439064 27573833
19865693 27573834
16359964 27573835
22379830 27573836
22367948 27573837
2081165 27573838
1537002 27573839
7605904 27573840
16423705 27573841
22404422 27573842
12648435 27573843
1455617 27573844
11873117 27573845
23957048 27573846
1820434 27573847
22415207 27573848
385133 27573849
10883089 27573850
27573851 27573852
503302 27573853
12625616 27573854
3709773 27573855
27343276 27573856
2449444 27573857
23951767 27573858
96936 27573859
1839031 27573860
2535349 27573861
15007916 27573862
23957046 27573863
2062293 27573864
2486703 27573865
2486695 27573866
22376571 27573867
2062169 27573868
2534735 27573869
20516121 27573870
12599677 27573871
18439576 27573872
27339295 27573873
7567042 27573874
129209 27573875
2201763 27573876
1779938 27573877
23957336 27573878
23958533 27573878
1941833 27573879
22348112 27573880
1698640 27573881
11864428 27573882
19899902 27573883
18015384 27573884
23956133 27573885
7602113 27573886
18440057 27573887
15006299 27573888
27339135 27573889
22415437 27573890
16385038 27573891
2488154 27573892
2277730 27573893
22375806 27573894
2489863 27573895
448299 27573896
12648382 27573897
27341402 27573898
269385 27573899
27338729 27573900
1492245 27573901
27569216 27573902
1358766 27573903
27341801 27573904
2082498 27573905
2563209 27573906
3585272 27573907
649277 27573908
10466798 27573909
149393 27573910
2418776 27573911
27343605 27573912
10554030 27573913
1854557 27573914
1010373 27573915
27342046 27573916
7568914 27573917
7570664 27573918
2062076 27573919
872405 27573920
7568181 27573921
22350647 27573922
12648803 27573923
2040859 27573924
2093087 27573925
12621558 27573926
14855316 27573927
22362451 27573928
809782 27573929
271134 27573930
974367 27573931
11918480 27573932
16249743 27573933
687357 27573934
12610147 27573935
23961115 27573936
23962168 27573937
27573938 27573939
7007377 27573940
22431884 27573941
11876655 27573942
10476023 27573943
3822644 27573944
99224 27573945
23966969 27573946
2057722 27573947
1926834 27573948
514562 27573949
22370932 27573950
1589506 27573951
1946330 27573952
1789220 27573953
535518 27573954
27341234 27573955
251486 27573956
560783 27573957
2214647 27573958
1725036 27573959
15054523 27573960
1000636 27573961
23955203 27573962
19904173 27573963
3638292 27573964
217817 27573965
21084319 27573966
11914417 27573967
937001 27573968
23958534 27573969
4919287 27573970
19898322 27573971
544898 27573972
733196 27573973
2270782 27573974
1828045 27573975
27573976 27573977
265511 27573978
11919029 27573979
1821239 27573980
2085118 27573981
823968 27573982
1734643 27573983
22409218 27573984
828157 27573985
1740046 27573986
27569485 27573987
1798206 27573988
17177573 27573989
22378958 27573990
12641612 27573991
486247 27573992
12647995 27573993
27573994 27573995
150495 27573996
19905680 27573997
1808917 27573998
2052307 27573999
16426211 27574000
23958897 27574001
6396560 27574002
22416208 27574003
22350731 27574004
12600728 27574005
22416209 27574006
22350109 27574007
494996 27574008
27339459 27574009
27340696 27574010
661406 27574011
1858320 27574012
527349 27574013
22452086 27574014
19932457 27574015
23934339 27574016
23958380 27574017
19090805 27574018
3753401 27574019
22387378 27574020
7570532 27574021
1834296 27574022
2052280 27574023
22411230 27574024
12648817 27574025
1871063 27574026
12641553 27574027
12648558 27574028
12648217 27574029
872534 27574030
2453687 27574031
1995020 27574032
23935423 27574033
261741 27574034
2042142 27574035
7583672 27574036
104543 27574037
23957420 27574038
23923830 27574039
14983007 27574040
543726 27574041
2451340 27574042
2418876 27574043
2418867 27574044
10883090 27574045
15105483 27574046
145390 27574047
1966088 27574048
3490181 27574049
794422 27574050
15204710 27574051
2318914 27574052
327742 27574053
1747375 27574054
22350121 27574055
23960735 27574056
1947041 27574057
27574058 27574059
16390972 27574060
16390962 27574061
16390343 27574062
367711 27574063
1319944 27574064
1382178 27574065
125780 27574066
3653842 27574067
333126 27574068
528372 27574069
27343234 27574070
23945279 27574071
12648661 27574072
1788141 27574073
23957506 27574074
23957505 27574075
395984 27574076
159979 27574077
446971 27574078
767572 27574079
873769 27574080
445090 27574081
27574082 27574083
27567303 27574084
17175091 27574085
17175361 27574086
22379179 27574087
1446948 27574088
1390820 27574089
23954663 27574090
122401 27574091
1881687 27574092
27341306 27574093
18417304 27574094
23952896 27574095
2011124 27574096
11834491 27574097
23954185 27574098
23954184 27574099
539654 27574100
18174916 27574101
27574102 27574103
2031337 27574104
15136628 27574105
10466058 27574106
22416016 27574107
22413281 27574108
12648903 27574109
325156 27574110
19908219 27574111
27339264 27574112
1870387 27574113
22350583 27574114
22477510 27574115
17274239 27574116
2091200 27574117
1308207 27574118
12679471 27574119
1989849 27574120
7590359 27574121
15308992 27574122
2034587 27574123
12648557 27574124
979642 27574125
3670876 27574126
18185969 27574127
16349611 27574128
23939064 27574129
1813001 27574130
144099 27574131
700048 27574132
497763 27574133
2193166 27574134
1447704 27574135
944878 27574136
12643843 27574137
6550929 27574138
641173 27574139
1392318 27574140
23945449 27574141
19905189 27574142
19905191 27574143
27574144 27574145
18017741 27574146
18017741 27574147
3618311 27574148
10589354 27574149
18174233 27574150
720358 27574151
15201929 27574152
2202499 27574153
2283705 27574154
1790568 27574155
10882855 27574156
23958105 27574157
492664 27574158
27343473 27574159
10470644 27574160
27574161 27574162
544438 27574163
22475252 27574164
23954623 27574165
2314064 27574166
23954551 27574167
23958700 27574168
3487887 27574169
403555 27574170
27341241 27574171
10470260 27574172
23954204 27574173
23954178 27574174
23954203 27574175
19907971 27574176
23959235 27574177
7556180 27574178
999911 27574179
151841 27574180
247747 27574181
14825900 27574182
745794 27574183
575634 27574184
10466059 27574185
23954200 27574186
23954195 27574187
491707 27574188
1939805 27574189
10883451 27574190
715751 27574191
1610828 27574192
220349 27574193
7595470 27574194
275596 27574195
415756 27574196
10372421 27574197
1001761 27574198
631701 27574199
1387737 27574200
747741 27574201
12648422 27574202
11849542 27574203
111099 27574204
655933 27574205
530592 27574206
22379679 27574207
2324227 27574208
27574209 27574210
111731 27574211
549133 27574212
10883362 27574213
986282 27574214
875532 27574215
630745 27574216
23953941 27574217
18013362 27574218
3501744 27574219
16401612 27574220
27574221 27574222
23959902 27574223
19907947 27574224
1533294 27574225
2037799 27574226
590333 27574227
570268 27574228
12641371 27574229
12641336 27574230
1006180 27574231
11923679 27574232
754040 27574233
16404110 27574234
709302 27574235
23958779 27574236
23956117 27574237
19902137 27574238
2314391 27574239
12648677 27574240
2023702 27574241
27574242 27574243
250001 27574244
1000468 27574245
12601982 27574246
12598740 27574247
2010989 27574248
22379837 27574249
16408217 27574250
118893 27574251
751502 27574252
15082905 27574253
703971 27574254
603554 27574255
1808496 27574256
22378449 27574257
14991630 27574258
277638 27574259
7752454 27574260
10489156 27574261
805848 27574262
2433917 27574263
393589 27574264
7598608 27574265
12648980 27574266
19045604 27574267
222443 27574268
7736958 27574269
1713454 27574270
19942215 27574271
27569025 27574272
23957504 27574273
11915112 27574274
1758656 27574275
6464061 27574276
7596944 27574277
1277624 27574278
27574279 27574280
22395237 27574281
23956199 27574282
12648625 27574283
3858271 27574284
14989166 27574285
12639176 27574286
12641589 27574287
1772481 27574288
2495180 27574289
534459 27574290
1984658 27574291
12648219 27574292
1352942 27574293
3592570 27574294
485903 27574295
180433 27574296
1521964 27574297
2027386 27574298
7585748 27574299
610614 27574300
22413316 27574301
27574302 27574303
326923 27574304
2455494 27574305
2364345 27574306
7592682 27574307
682791 27574308
743425 27574309
19883980 27574310
541163 27574311
2264032 27574312
19899206 27574313
2512076 27574314
12655774 27574315
11864262 27574316
1585075 27574317
3837731 27574318
19949958 27574319
1866278 27574320
12162551 27574321
566907 27574322
547809 27574323
23957226 27574324
27568944 27574325
2256478 27574326
18021695 27574327
10880039 27574328
563316 27574329
230509 27574330
10493993 27574331
18014874 27574332
2996925 27574333
3117120 27574334
1622626 27574335
1925553 27574336
10471405 27574337
1691609 27574338
22376563 27574339
22372343 27574340
16359509 27574341
22440478 27574342
27568566 27574343
2071273 27574344
3825271 27574345
27566979 27574346
1001723 27574347
1009903 27574348
7564285 27574349
22351396 27574350
27574351 27574352
22351296 27574353
19675276 27574354
10205965 27574355
10466091 27574356
23938752 27574357
1633290 27574358
19932459 27574359
15486538 27574360
19932461 27574361
1433681 27574362
12607841 27574363
18013107 27574364
22350911 27574365
1882963 27574366
4458071 27574367
332594 27574368
959143 27574369
394970 27574370
933056 27574371
10165038 27574372
23935891 27574373
6390315 27574374
27342977 27574375
22401176 27574376
152031 27574377
313444 27574378
661908 27574379
10465263 27574380
7565352 27574381
3840820 27574382
505982 27574383
19093812 27574384
3787363 27574385
27568945 27574386
22442974 27574387
22437058 27574388
1990395 27574389
16360015 27574390
16360014 27574391
22406606 27574392
16359528 27574393
27568984 27574394
1359184 27574395
415258 27574396
19902648 27574397
17276449 27574398
372523 27574399
507274 27574400
12648567 27574401
1929051 27574402
27342120 27574403
27338982 27574404
722515 27574405
27342127 27574406
2419629 27574407
27339411 27574408
481600 27574409
10469533 27574410
1137266 27574411
1155943 27574412
27569014 27574413
2085032 27574414
787214 27574415
12625798 27574416
238496 27574417
15477553 27574418
252900 27574419
18014462 27574420
12645561 27574421
1972138 27574422
19028945 27574423
10449744 27574424
22417666 27574425
17255785 27574426
22422005 27574427
1327973 27574428
297569 27574429
153275 27574430
816519 27574431
22455505 27574432
1580721 27574433
1380802 27574434
27574435 27574436
338746 27574437
1015265 27574438
10282999 27574439
22346355 27574440
172475 27574441
27574442 27574443
27339016 27574444
12663266 27574445
632678 27574446
3653077 27574447
23959103 27574448
22379762 27574449
2062351 27574450
27339220 27574451
27339260 27574452
380847 27574453
22350467 27574454
7599670 27574455
12648364 27574456
27339446 27574457
3175265 27574458
1132922 27574459
12670483 27574460
16877591 27574461
7573207 27574462
661900 27574463
4002005 27574464
22451436 27574465
3989270 27574466
868434 27574467
971957 27574468
310379 27574469
27339532 27574470
3756050 27574471
27569282 27574472
676271 27574473
950396 27574474
2080087 27574475
27574476 27574477
999982 27574478
22462011 27574479
22462012 27574480
2177427 27574481
12673551 27574482
7588054 27574483
228212 27574484
2095863 27574485
17174510 27574486
12640426 27574487
27574488 27574489
19907606 27574490
27574491 27574492
3583101 27574493
27574494 27574495
3117117 27574496
1620727 27574497
2256631 27574498
12649844 27574499
12651527 27574500
27342050 27574501
22447269 27574502
2456944 27574503
1629377 27574504
14823702 27574505
22447286 27574506
19895478 27574507
1934008 27574508
93192 27574509
97162 27574510
1187897 27574511
407340 27574512
1901903 27574513
1805638 27574514
649652 27574515
1637871 27574516
1969820 27574517
780063 27574518
16258168 27574519
1772822 27574520
2533219 27574521
371782 27574522
2190195 27574523
2427025 27574524
475376 27574525
18417250 27574526
12655764 27574527
181993 27574528
4475042 27574529
27568319 27574530
27568315 27574531
27568317 27574532
19953766 27574533
16257425 27574534
19905589 27574535
23958392 27574536
1860197 27574537
11992683 27574538
1803685 27574539
10396702 27574540
19896366 27574541
677393 27574542
889886 27574543
23966351 27574544
153531 27574545
23929442 27574546
23929441 27574547
23947361 27574548
23947362 27574549
2075743 27574550
10393967 27574551
1001581 27574552
19207608 27574553
4002980 27574554
19207595 27574555
27343568 27574556
1288861 27574557
27342284 27574558
3484658 27574559
22419789 27574560
27568318 27574561
19860234 27574562
27574563 27574564
11898910 27574565
10470761 27574566
14814032 27574567
27574568 27574569
103569 27574570
18018345 27574571
12660741 27574572
2428152 27574573
12648266 27574574
382052 27574575
1730468 27574576
1865973 27574577
16341588 27574578
16347119 27574579
7574128 27574580
12672863 27574581
27574582 27574583
10377997 27574584
3193740 27574585
27567990 27574586
10362789 27574587
27574588 27574589
27574590 27574591
27574592 27574593
11859579 27574594
7827044 27574595
19864080 27574596
19902646 27574597
19902644 27574598
120708 27574599
27342752 27574600
87410 27574601
1012244 27574602
12656801 27574603
380262 27574604
16418114 27574605
14978010 27574606
22349684 27574607
27574608 27574609
357726 27574610
19881902 27574611
18430940 27574612
12614735 27574613
180835 27574614
22428471 27574615
8371698 27574616
7567947 27574617
19898597 27574618
23955009 27574619
22379246 27574620
1789467 27574621
19883096 27574622
16418375 27574623
18016459 27574624
416204 27574625
23938302 27574626
2270026 27574627
2470043 27574628
2470039 27574629
2470033 27574630
23959895 27574631
23959901 27574632
2470031 27574633
1695079 27574634
12648772 27574635
7602811 27574636
574779 27574637
423663 27574638
523939 27574639
23947822 27574640
11876162 27574641
7581538 27574642
23956621 27574643
11832432 27574644
87528 27574645
3065048 27574646
12648341 27574647
590906 27574648
16405052 27574649
14597382 27574650
7604320 27574651
22349730 27574652
15259877 27574653
17281525 27574654
99066 27574655
15994299 27574656
12648820 27574657
12192586 27574658
1926573 27574659
540979 27574660
899963 27574661
450556 27574662
22947834 27574663
22463266 27574664
373458 27574665
4032157 27574666
22365233 27574667
22456804 27574668
910412 27574669
6542119 27574670
420000 27574671
27574672 27574673
27569013 27574674
10883860 27574675
22368885 27574676
14594065 27574677
722203 27574678
14854705 27574679
1325076 27574680
12601715 27574681
2273038 27574682
10332762 27574683
562751 27574684
2309544 27574685
2446991 27574686
2446995 27574687
11905513 27574688
12673785 27574689
133376 27574690
19088386 27574691
19867405 27574692
7587242 27574693
22454461 27574694
22372095 27574695
12669914 27574696
250001 27574697
22374619 27574698
22462007 27574699
23957210 27574700
12648473 27574701
15202232 27574702
15189113 27574703
12651560 27574704
250001 27574705
2470037 27574706
22710134 27574707
381691 27574708
10880509 27574709
10880721 27574710
20915680 27574711
22409682 27574712
23938966 27574713
2332801 27574714
12643830 27574715
2077099 27574716
11921712 27574717
12677763 27574718
11912524 27574719
7554026 27574720
16358349 27574721
1128013 27574722
575924 27574723
12648561 27574724
1415551 27574725
604940 27574726
635338 27574727
19907372 27574728
27574729 27574730
109227 27574731
19087362 27574732
22406753 27574733
956364 27574734
22473911 27574735
6865295 27574736
18015858 27574737
1605723 27574738
124625 27574739
1630977 27574740
1821569 27574741
27338820 27574742
1882981 27574743
1884857 27574744
2066934 27574745
22456764 27574746
23954552 27574747
23954553 27574748
23954554 27574749
22454464 27574750
27568974 27574751
23957225 27574752
1864244 27574753
23957045 27574754
22460248 27574755
128038 27574756
27574757 27574758
11844510 27574759
23954558 27574760
1717251 27574761
10467566 27574762
2259877 27574763
10469762 27574764
3835975 27574765
1056611 27574766
16421240 27574767
10471256 27574768
18020361 27574769
7434188 27574770
7417548 27574771
16432367 27574772
2347897 27574773
1007998 27574774
19221108 27574775
18430582 27574776
17440576 27574777
12643870 27574778
10470950 27574779
654217 27574780
259874 27574781
10466066 27574782
23960016 27574783
10884116 27574784
12670816 27574785
15954873 27574786
12669166 27574787
19881343 27574788
944533 27574789
10884115 27574790
12670984 27574791
11901551 27574792
2434360 27574793
2430291 27574794
2430305 27574795
22400264 27574796
22455712 27574797
27574798 27574799
246005 14880924
