931341 27698067
931341 27698068
1526192 27698069
16252241 27698070
291070 27698071
14923123 27698072
27698073 27698074
10310852 27698075
12191721 13817299
707287 13817299
240665 13817299
1461493 13817299
250163 13817299
326607 15839208
2284067 4187200
438281 4187200
15307409 9466215
1914749 9466215
15100485 9466215
1431997 22349109
10377150 22349109
1613800 22349109
10165466 1299691
1714456 1064704
18421045 2610209
334712 4876790
27698076 2693726
8434766 2693726
10479847 15891978
391540 15891978
1575500 2678707
285637 4092807
125992 4092807
147305 4092807
3714012 4092807
213649 4092807
7899024 4092807
480092 4092807
22353561 4092807
12620161 2733617
4190831 2733617
351103 2733617
4466124 2733617
27698077 2733617
10469735 2733617
1514274 2733617
10315567 27698078
155409 27698079
568988 27698079
649015 27698079
10315567 15822827
2016537 2009188
14412643 27698080
22357695 15807300
10395639 21003295
10395641 21003295
10306458 21003295
12622577 22354110
15112900 22354110
27698081 27698082
713503 15805639
27698083 2656610
12619390 2656610
5145251 27698084
810685 15791228
5082130 15791228
27698085 11603411
16264919 27698086
553986 27698086
27698087 2633145
19736037 27698088
16171744 27698089
158427 3971098
10389084 3971098
10389127 3971098
10220393 3971098
10174461 3971098
10391307 3971098
130505 3971098
10405794 3971098
27698090 3971098
12624362 3971098
14827241 3971098
22462046 3971098
526163 3971098
5082130 27698091
25950025 15816977
257044 2667869
10369151 2667869
2051511 27698092
1147672 11500014
22380088 15897815
10462778 10464840
16235671 15825069
11896584 27698093
617298 16506436
23936367 16506436
10305901 27698094
889096 27698094
20887436 27698094
16171041 27698094
10881596 27698094
14600551 27698094
523055 22357279
820705 27698095
22357695 15807301
10398415 15807301
604441 2604264
1505402 1059971
20411282 11459627
27698096 11459627
1549548 11459627
1380994 11459627
27698097 11459627
1435954 11459627
1559913 11459627
13767450 11459627
22359228 11459627
12613678 11459627
22391042 11459627
16169769 11459627
22359231 11459627
15109763 11459627
22359232 11459627
1407887 11459627
22359233 11459627
22349774 11459627
27698098 11459627
1306870 11459627
16169981 11459627
12600997 11459627
22390527 11459627
22373153 11459627
1620743 11459627
22415315 11459627
22415316 11459627
1513602 11459627
15109764 11459627
12623660 11459627
16170113 11459627
27698099 11459627
22422786 11459627
1333794 11459627
654589 11459627
17442508 11459627
16170315 11459627
22351674 11459627
12624186 11459627
465757 11459627
27698100 11459627
391540 4223409
213427 1090128
14977001 15842980
468726 18239932
2351699 18239932
262655 18239932
1882905 18239932
624257 18239932
1943184 18239932
11855137 18239932
19223799 18239932
14998507 18239932
10488328 18239932
182347 18239932
12603382 18239932
168918 18239932
10424415 18239932
10272187 18239932
217981 18239932
399076 18239932
505126 18239932
2019050 18239932
1626017 18239932
121010 18239932
121835 18239932
1568499 18239932
18448572 18239932
1520286 18239932
10289237 18239932
313576 18239932
14998615 18239932
767811 18239932
3098349 18239932
582542 18239932
1404765 18239932
1390413 18239932
266199 18239932
27698101 18239932
10432145 18239932
14999128 18239932
10272814 18239932
485566 18239932
792444 18239932
11858631 18239932
234279 18239932
665748 18239932
10307255 18239932
471871 18239932
1850734 18239932
257052 18239932
1125300 18239932
1554132 18239932
2151223 18239932
404915 22361572
22368366 22361572
1585457 22361572
15941658 22361572
12652177 22361572
315902 22361572
3492597 22361572
18420931 22361572
27698102 22361572
260285 22361572
218033 22361572
16014414 22361572
654021 22361840
15307409 11532567
21179000 3965032
16314658 9500744
776789 15805641
1355039 15805641
1390227 15805644
1107959 15805644
261118 27698103
16340049 3961905
1133285 14943230
10301203 20104586
27698104 1064560
16237048 1064560
151865 15841889
151865 15841889
151865 15841889
549667 16507133
18017425 16507133
154654 16507133
138245 16507133
566444 16507133
18160762 16507133
18161354 16507133
225073 16507133
695797 16507133
14992938 16507133
182153 16507133
1674037 16507133
1434290 16507133
746846 16507133
1450146 16507133
199258 16507133
563940 16507133
237402 16507133
14993564 16507133
1438636 16507133
27698105 16507133
3567726 16507133
606249 16507133
27698106 16507133
313905 16507133
12601069 16507133
1449845 16507133
12601121 16507133
560986 16507133
1646064 16507133
563948 16507133
404528 16507133
16426435 16507133
14995113 16507133
552495 16507133
1305103 16507133
18171349 16507133
14995284 16507133
14995422 16507133
1339408 16507133
18020764 16507133
27698107 16507133
220199 16507133
797806 16507133
14995695 16507133
14995783 16507133
1577956 16507133
7818622 16507133
3741629 16507133
18160883 16507133
14996007 16507133
543544 16507133
14996125 16507133
18163579 16507133
16418634 16507133
18166320 16507133
800005 16507133
3579365 16507133
1321025 16507133
14996431 16507133
217971 16507133
1325082 16507133
3114685 16507133
453976 19542974
1395008 19542974
22389798 19542974
2335560 19542974
2005108 19542974
1395901 19542974
531204 19542974
11904653 19542974
515836 19542974
2321752 19542974
1337999 19542974
11849328 19542974
2530598 19542974
10557511 19542974
450258 19542974
10563657 19542974
1624041 19542974
2161938 19542974
96294 19542974
2185683 19542974
18449892 19542974
3495267 19542974
736286 19542974
10294579 19542974
22416800 19542974
1603435 19542974
343206 19542974
10589171 19542974
1559206 19542974
1818872 19542974
2157621 19542974
10583327 19542974
536548 19542974
10405573 19542974
348519 19542974
669873 19542974
1618249 19542974
775535 19542974
27698108 19542974
4203955 19542974
2244690 19542974
565320 19542974
1395903 19542974
1600857 13641622
161048 3899694
910605 27698109
15101558 1090876
10240186 1090876
10240205 1090876
353469 18096897
1850647 2622587
867634 2606203
3605057 15839211
89964 3952554
1620743 3952554
234715 15807449
1534846 15805647
16398406 15805647
1636938 15831916
27698110 15831916
374730 2609537
22429209 1090452
16171647 25999542
135586 2608110
755596 11848451
292355 11848451
4180966 11848451
273232 11848451
10319416 20445863
493580 20445863
586857 20445863
3121303 20445863
10319459 20445863
10319461 20445863
343206 20445863
7741612 20445863
10319471 20445863
1450549 20445863
124609 20445863
1625336 20445863
2510660 20445863
145121 2730846
339624 2730846
1108532 15804306
867385 15815901
11851525 18096938
526161 22367585
16256086 22367585
14989740 22367585
18284500 22367585
755088 22367585
222383 22367585
692782 22367585
201759 2618421
476907 2618421
1975667 2618421
1373937 2618421
585265 2618421
16170434 2618421
567005 2618421
2309678 2618421
2237880 2618421
10274036 2618421
2254862 2618421
420132 2618421
1915692 2618421
249697 2618421
1591947 2618421
92146 2618421
613451 2618421
1754839 2618421
190306 2618421
18424845 2618421
827422 2618421
2123248 2618421
2361333 2618421
2273354 2618421
1795490 2618421
10359644 2618421
2345993 2618421
16170451 2618421
2122352 2618421
408498 2618421
2114424 2618421
2363046 2618421
158847 2618421
233530 2618421
2238436 2618421
16170460 2618421
2278572 2618421
491737 2618421
2314729 2618421
513710 2618421
2467172 2618421
659653 2618421
824150 2618421
2127634 2618421
1997498 2618421
27698111 2618421
16259722 2618421
206930 2618421
1160142 2618421
27698112 2618421
10563310 2618421
27698113 2618421
27698114 2618421
610304 2618421
27698115 2618421
16259865 2618421
27698116 2618421
27698117 2618421
27698118 2618421
16398590 2618421
22367602 2618421
10208563 2618421
18497019 2618421
16211774 2618421
18516530 2618421
27698119 2618421
16213059 2618421
16259979 2618421
10209735 2618421
12678799 2618421
260097 2618421
12674268 2618421
12679080 2618421
262513 2618421
10209738 2618421
10320275 2618421
10493135 2618421
610860 2618421
27698120 2618421
16260058 2618421
27698121 2618421
16260059 2618421
12769932 2618421
16870077 2618421
16252346 2618421
27698122 2618421
27698123 2618421
16213123 2618421
10208577 2618421
22367603 2618421
27698124 2618421
12769631 2618421
10409593 2618421
16260496 2618421
27698125 2618421
419067 2618421
27698126 2618421
12678044 2618421
27698127 2618421
658830 2618421
10386548 2618421
10274071 2618421
2189406 2618421
1881749 2618421
2359961 2618421
2324550 2618421
2245347 2618421
10270857 2618421
1932935 2618421
1625416 2618421
2267893 2618421
1916164 2618421
191008 2618421
2060887 2618421
248644 2618421
234477 2618421
2483669 2618421
567788 2618421
606123 2618421
27698128 2618421
563200 2618421
10274094 2618421
1738830 2618421
829224 2618421
578853 2618421
2199673 2618421
181337 2618421
117087 2618421
1848449 2618421
1913222 2618421
2371707 2618421
12744162 2618421
13819898 2618421
13821676 2618421
22431706 2618421
27698129 2618421
368670 2618421
600556 2618421
234837 2618421
2295706 2618421
1922136 2618421
537283 2618421
11858565 2618421
10381971 2618421
27698130 2618421
1740791 2618421
22352250 2618421
1770596 2618421
918418 2618421
579739 2618421
1704157 2618421
27698131 2618421
392028 2618421
1795246 2618421
10291325 2618421
15322998 2618421
2513396 2618421
16248627 2618421
1986921 2618421
1817832 2618421
22367609 2618421
14686814 2618421
2501337 2618421
1366272 2618421
22407377 2618421
22367610 2618421
2273824 2618421
10382087 2618421
408684 2618421
1286964 2618421
2310959 2618421
2221387 2618421
2074855 2618421
2144381 2618421
2311641 2618421
1703364 2618421
16262150 2618421
2312580 2618421
2174852 2618421
10274200 2618421
10274203 2618421
10382141 2618421
1371010 2618421
2219155 2618421
3724752 2618421
1109593 2618421
27698132 2618421
1730647 2618421
10291411 2618421
2107708 2618421
2505709 2618421
10409095 2618421
2253187 2618421
516817 2618421
1924039 2618421
1872639 2618421
16262209 2618421
2256933 2618421
1731322 2618421
10235856 2618421
1963015 2618421
10406200 2618421
16262244 2618421
2223122 2618421
1886866 2618421
2246067 2618421
2315759 2618421
2136165 2618421
2319744 2618421
474912 2618421
2253545 2618421
1456713 2618421
328085 2618421
2303027 2618421
16262282 2618421
153293 2618421
10274246 2618421
2273362 2618421
885286 2618421
1920136 2618421
1928548 2618421
2441239 2618421
1909127 2618421
171129 2618421
598221 2618421
2361293 2618421
377072 2618421
2309458 2618421
22377550 2618421
2578898 2618421
2146651 2618421
10280058 2618421
10382314 2618421
10382315 2618421
2352582 2618421
1727043 2618421
1931837 2618421
2303637 2618421
1705198 2618421
2184058 2618421
10274269 2618421
526723 2618421
2044925 2618421
176414 2618421
10406651 2618421
1911621 2618421
2309100 2618421
2359972 2618421
2306519 2618421
10382361 2618421
10382363 2618421
1533878 2618421
1727618 2618421
2238439 2618421
10274287 2618421
410212 2618421
2131583 2618421
1481344 2618421
2537784 2618421
10291596 2618421
2319173 2618421
2313058 2618421
701120 2618421
1706269 2618421
199087 2618421
1976565 2618421
1823856 2618421
1799741 2618421
1772395 2618421
22377574 2618421
348829 2618421
227980 2618421
1719474 2618421
1731057 2618421
230006 2618421
427330 2618421
2579175 2618421
2056522 2618421
1729746 2618421
2078681 2618421
1711425 2618421
2489801 2618421
142783 2618421
494542 2618421
2496463 2618421
336862 2618421
310377 2618421
1623819 2618421
2375368 2618421
2368670 2618421
1720608 2618421
2319826 2618421
2310840 2618421
16262704 2618421
2189882 2618421
22449550 2618421
2579735 2618421
2168999 2618421
2286679 2618421
2375830 2618421
16262733 2618421
22367611 2618421
10274351 2618421
2444184 2618421
2455990 2618421
22411211 2618421
594930 2618421
712600 2618421
10410006 2618421
27698133 2618421
1882935 2618421
22367612 2618421
2497624 2618421
10274387 2618421
2218602 2618421
27698134 2618421
27698135 2618421
1727644 2618421
1962809 2618421
1745925 2618421
1841425 2618421
2078452 2618421
2273667 2618421
2080304 2618421
2197216 2618421
10410104 2618421
2045911 2618421
2318317 2618421
10291766 2618421
22367613 2618421
10274441 2618421
1843874 2618421
2012379 2618421
485875 2618421
1380005 2618421
2579254 2618421
16864850 2618421
1972099 2618421
22427019 2618421
1731450 2618421
10382833 2618421
2515927 2618421
2374494 2618421
16248783 2618421
1387825 2618421
1794427 2618421
2072544 2618421
1720376 2618421
1491847 2618421
1882549 2618421
2062421 2618421
2320797 2618421
1503256 2618421
2366226 2618421
16263050 2618421
2440325 2618421
2462742 2618421
1746219 2618421
1857695 2618421
1801946 2618421
2580170 2618421
2045913 2618421
16263455 2618421
12668262 2618421
1573234 2618421
16874388 2618421
22372970 2618421
10291850 2618421
10295734 2618421
16263546 2618421
16213883 2618421
27698136 2618421
14678456 2618421
1827638 2618421
143873 2618421
1716367 2618421
2007705 2618421
10274521 2618421
573755 2618421
16354725 2618421
566953 2618421
10274528 2618421
16263650 2618421
1582341 2618421
10361517 2618421
2244923 2618421
1706744 2618421
1799175 2618421
16263698 2618421
2142340 2618421
2273878 2618421
2006989 2618421
262910 2618421
2159441 2618421
10274550 2618421
10280066 2618421
2579479 2618421
1621371 2618421
27698137 2618421
595912 2618421
1848982 2618421
2316735 2618421
10279641 2618421
2278556 2618421
1886401 2618421
1733882 2618421
2423227 2618421
16263822 2618421
2457781 2618421
2013365 2618421
829218 2618421
1707725 2618421
1976563 2618421
1851524 2618421
504208 2618421
463751 2618421
2468669 2618421
1933024 2618421
10383230 2618421
2367477 2618421
10383239 2618421
2273669 2618421
297886 2618421
365288 2618421
2271092 2618421
1793802 2618421
1850916 2618421
1988056 2618421
22367615 2618421
2071113 2618421
395392 2618421
1575644 2618421
16863220 2618421
1570127 2618421
1390431 2618421
10292076 2618421
22376105 2618421
2203440 2618421
1391922 2618421
1996299 2618421
2478282 2618421
614426 2618421
208382 2618421
2278962 2618421
2138210 2618421
2155424 2618421
420028 2618421
2305966 2618421
1467337 2618421
1628374 2618421
2140576 2618421
530872 2618421
606905 2618421
1804265 2618421
10441952 2618421
1979639 2618421
1897057 2618421
2424115 2618421
2485998 2618421
208754 2618421
10292164 2618421
452017 2618421
2166689 2618421
1610701 2618421
16214287 2618421
243645 2618421
224196 2618421
15931333 2618421
191438 2618421
1624071 2618421
10383682 2618421
1364740 2618421
166065 2618421
198320 2618421
1764980 2618421
2313424 2618421
10383696 2618421
2271184 2618421
1800420 2618421
2270778 2618421
2299085 2618421
10274791 2618421
339504 2618421
1735553 2618421
1763317 2618421
18278448 2618421
16214591 2618421
2004841 2618421
1455718 2618421
1942097 2618421
447037 2618421
252750 2618421
161634 2618421
10381061 2618421
480980 2618421
517541 2618421
10280101 2618421
1808634 2618421
1574497 2618421
148037 2618421
2497629 2618421
7766957 2618421
1532249 2618421
2149181 2618421
1580153 2618421
1553843 2618421
2313051 2618421
717455 2618421
723899 2618421
4032311 2618421
16265676 2618421
12611804 2618421
16214811 2618421
2109392 2618421
139341 2618421
674210 2618421
1595869 2618421
374730 2618421
10292328 2618421
16267882 2618421
721887 2618421
2267899 2618421
16427702 2618421
16215099 2618421
2440472 2618421
1882048 2618421
2508514 2618421
1389243 2618421
16268146 2618421
1387627 2618421
1933541 2618421
272533 2618421
1416909 2618421
2229342 2618421
282309 2618421
2368101 2618421
2521385 2618421
22376180 2618421
16357791 2618421
2580075 2618421
1642444 2618421
10274891 2618421
467443 2618421
1603295 2618421
15945424 2618421
16268466 2618421
2321112 2618421
10274916 2618421
415210 2618421
19675539 2618421
16268547 2618421
1847548 2618421
2268420 2618421
16249479 2618421
16268569 2618421
423349 2618421
22367623 2618421
2119269 2618421
1781982 2618421
2459965 2618421
2220508 2618421
1390573 2618421
2310774 2618421
12624501 2618421
1919698 2618421
251768 2618421
18435504 2618421
209097 2618421
2319736 2618421
10300927 2618421
27698138 2618421
1109433 2618421
10269702 2618421
18424999 2618421
87428 2618421
2538360 2618421
1573709 2618421
1121999 2618421
267655 2618421
709430 2618421
296453 2618421
19680607 2618421
443720 2618421
4525793 2618421
1909872 2618421
344902 2618421
405770 2618421
2504866 2618421
21747110 2618421
1568916 2618421
10301189 2618421
10397704 2618421
523765 2618421
16269865 2618421
10384649 2618421
1479546 2618421
16216185 2618421
1911385 2618421
16427701 2618421
22371374 2618421
718542 2618421
2304235 2618421
465709 2618421
1727925 2618421
2347807 2618421
596026 2618421
242433 2618421
3102762 2618421
1666696 2618421
1626905 2618421
16270471 2618421
27698139 2618421
22368827 2618421
12798869 2618421
1961676 2618421
16216873 2618421
16270521 2618421
16270550 2618421
16270557 2618421
16270592 2618421
16270603 2618421
16216911 2618421
16216912 2618421
16270614 2618421
15974018 2618421
16270674 2618421
16270692 2618421
16216925 2618421
2013408 2618421
1386455 2618421
16216933 2618421
16270733 2618421
3342275 2618421
16270755 2618421
420675 2618421
16216952 2618421
16270765 2618421
436925 2618421
226527 2618421
4843801 2618421
16270797 2618421
2021926 2618421
153351 2618421
1609794 2618421
206380 2618421
190236 2618421
725226 2618421
518472 2618421
698811 2618421
529387 2618421
241792 2618421
15648764 2618421
16249774 2618421
454326 2618421
1475111 2618421
2110064 2618421
1556031 2618421
141556 2618421
1660937 2618421
1882907 2618421
2240079 2618421
10167944 2618421
2389531 2618421
1563587 2618421
401969 2618421
662642 2618421
109735 2618421
235675 2618421
94244 2618421
1127184 2618421
638308 2618421
277922 2618421
2309010 2618421
2579296 2618421
2005061 2618421
1984901 2618421
10292631 2618421
2169344 2618421
2362785 2618421
16272947 2618421
1784214 2618421
2305889 2618421
532416 2618421
327820 2618421
189328 2618421
736038 2618421
16217381 2618421
15205382 2618421
22351338 2618421
2231048 2618421
241317 2618421
260183 2618421
469119 2618421
11856064 2618421
16399208 2618421
105137 2618421
1706369 2618421
16273476 2618421
413991 2618421
319516 2618421
1625925 2618421
3354763 2618421
198806 2618421
216064 2618421
424302 2618421
1626991 2618421
16217459 2618421
465329 2618421
2310875 2618421
1401567 2618421
1411084 2618421
2365152 2618421
239541 2618421
430198 2618421
2266766 2618421
2036856 2618421
1373146 2618421
1923718 2618421
368038 2618421
819030 2618421
437069 2618421
1592689 2618421
344159 2618421
367468 2618421
1397476 2618421
151235 2618421
1545033 2618421
724466 2618421
1704054 2618421
356611 2618421
2228618 2618421
2237900 2618421
1613172 2618421
2318239 2618421
877909 2618421
2031794 2618421
1758705 2618421
10296494 2618421
10384997 2618421
2101452 2618421
217492 2618421
2315595 2618421
2316861 2618421
1882219 2618421
282109 2618421
10389944 2618421
4221500 2618421
1838215 2618421
662987 2618421
2446441 2618421
2212792 2618421
2579068 2618421
10385036 2618421
2578693 2618421
2294168 2618421
1779307 2618421
22428806 2618421
522000 2618421
1784849 2618421
1375744 2618421
195309 2618421
228665 2618421
145848 2618421
1121293 2618421
2174462 2618421
2368500 2618421
16274618 2618421
2058960 2618421
457038 2618421
692782 2618421
745728 2618421
2295093 2618421
503042 2618421
113273 2618421
446055 2618421
306670 2618421
2270610 2618421
319821 2618421
1356222 2618421
16247891 2618421
2108740 2618421
1619257 2618421
417432 2618421
87892 2618421
316516 2618421
582274 2618421
1448166 2618421
611191 2618421
1699363 2618421
603263 2618421
153162 2618421
12637953 2618421
879889 2618421
1504697 2618421
4074223 2618421
694999 2618421
2445830 2618421
173719 2618421
22367627 2618421
2343916 2618421
16217696 2618421
10320305 2618421
906964 2618421
12715182 2618421
10206252 2618421
1590846 2618421
16274890 2618421
27698140 2618421
619124 2618421
27698141 2618421
466191 2618421
1888532 2618421
12630879 2618421
88396 2618421
22409254 2618421
27698142 2618421
16274958 2618421
27698143 2618421
18444812 2618421
16217741 2618421
22367628 2618421
27698144 2618421
19673638 2618421
12695152 2618421
27698145 2618421
10386597 2618421
1397481 2618421
2105336 2618421
22446853 2618421
2275088 2618421
7837450 2618421
10390180 2618421
1947005 2618421
27698146 2618421
2274627 2618421
27698147 2618421
16275138 2618421
16275139 2618421
16275141 2618421
10567739 2618421
16275145 2618421
1961626 2618421
27698148 2618421
27698149 2618421
27698150 2618421
16275220 2618421
27698151 2618421
27698152 2618421
27698153 2618421
4964017 2618421
27698154 2618421
19681066 2618421
16275292 2618421
2362555 2618421
27698155 2618421
16275319 2618421
16275323 2618421
16275324 2618421
10405889 2618421
18425132 2618421
12692546 2618421
18444959 2618421
1363375 2618421
10253514 2618421
1495111 2618421
27698156 2618421
18444967 2618421
16250374 2618421
16170965 2618421
27698157 2618421
27698158 2618421
22367629 2618421
27698159 2618421
16361390 2618421
27698160 2618421
16881702 2618421
12797784 2618421
27698161 2618421
27698162 2618421
1334834 2618421
564159 2618421
267240 2618421
411853 2618421
1997367 2618421
331991 2618421
2149746 2618421
2287766 2618421
2062520 2618421
128891 2618421
1541961 2618421
363792 2618421
2212794 2618421
2155732 2618421
1635263 2618421
595187 2618421
1978606 2618421
2361950 2618421
2320790 2618421
16275616 2618421
1297701 2618421
16259667 1291052
12636076 1291052
781737 1647967
10398990 1647967
10167994 1647967
16398416 829597
10394259 27698163
10165466 829361
304284 27698164
782273 2657376
3638122 2657376
19222871 2657376
19222872 2657376
2517455 2657376
19222873 2657376
19222874 2657376
27698165 2657376
10300801 1654369
4167437 1654369
10279641 1654369
130417 1654369
4367338 1654369
131158 1654369
1418828 1654369
10301084 1654369
1626222 1654369
4162169 1654369
4931555 1654369
4474314 1654369
27698166 1654369
18448857 1654369
16398416 1654369
251446 1654369
745728 1654369
10300927 2605626
12008515 2605626
745148 2605626
10276028 2605626
250225 2605626
10273700 14564320
2579948 14564320
322273 14564320
385235 14564320
648913 14564320
300148 2652601
2285285 2652601
1922136 2652601
2253795 2652601
10274159 2652601
10297914 2652601
374730 2652601
3427352 2652601
18420442 2652601
371806 2652601
331067 2652601
404246 2652601
304284 2652601
537779 2652601
344159 2652601
417432 2652601
1888532 2652601
267487 2652601
12624362 2652601
1514945 1464084
19222860 1464084
781737 1464084
10395636 1464084
158427 1464084
12599079 1464084
19222866 1464084
708492 1464084
19222869 1464084
249779 1464084
12724296 1464084
2285598 1464084
495299 1464084
3680106 1464084
1536411 1464084
1338968 1464084
16867199 1464084
19222905 1464084
320847 1464084
1804180 1464084
1553120 1464084
7870596 1464084
12600655 1464084
16399136 1464084
1344015 1464084
18400803 1464084
1932849 1464084
18400815 1464084
10391307 1464084
1294128 1464084
535266 1464084
130505 1464084
1446181 1464084
19222945 1464084
14827162 1464084
521772 1464084
19222947 1464084
14827241 1464084
744032 1464084
725819 2649468
290050 2649468
1510481 2692129
16365055 17219801
16366463 17219801
10300646 17219801
27698167 17219801
1612499 22370393
1377383 22370393
1321456 22370393
1439928 22370393
291306 22370393
12006260 22370393
18517073 22370393
2369966 22370393
727829 22370393
15177884 11544185
218553 27698168
10273996 1089395
426421 1089395
10302325 15822829
2446280 16518721
27698169 16518721
12610227 16518721
10259912 16518721
10241112 16518721
10257582 16518721
1127152 16518721
10241450 16518721
424704 16518721
10247263 16518721
590403 16518721
3471601 16518721
27299885 16518721
10435183 16518721
27698170 16518721
1632625 16518721
16170389 16518721
4180943 27698171
1554430 2616934
18421085 2616934
10274079 2616934
1302267 2616934
22388446 2616934
724294 2616934
1609411 2616934
18422942 2616934
11882393 2616934
12612569 2616934
10401865 2616934
12008515 2616934
4474314 2616934
12667183 2616934
2481907 2616934
27698172 2616934
15197073 2616934
18448857 2616934
16171023 2616934
1548526 2616934
2275297 2616934
22462154 27698173
10240186 1090306
135400 27698174
10589510 2659552
2275297 2659552
11846900 2659552
10254652 2659552
10493135 1654145
16170672 1654145
2101979 1654145
2259634 1654145
113299 1654145
16295101 1654145
18422942 1654145
12612569 1654145
4039620 1654145
192161 1654145
1396171 1654145
16297755 1654145
717770 1654145
829299 1654145
10165466 1654145
253092 1654145
10394682 1654145
15994907 1654145
4468440 1654145
827422 904288
15177884 904288
1384279 904288
94864 904288
638316 904288
332996 904288
473950 904288
277009 904288
85902 904288
605637 904288
18424561 2664621
4162169 2664621
1572664 16515195
12602686 22371397
27698175 22371397
27698176 22371397
27698177 22371397
27698178 22371397
27698179 22371397
27698180 22371397
22438694 22371397
820705 22371397
27698181 22371397
27698182 22371397
800389 22371397
1461162 22371397
16234806 22371397
808585 22371397
801874 22371397
10589656 22371397
27698183 22371397
27698184 22371397
27698185 22371397
12604316 22371397
27698186 22371397
16235669 22371397
27698187 22371397
27698188 22371397
27698189 22371397
27698190 22371397
27698191 22371397
12614682 22371397
27698192 22371397
27698193 22371397
12604761 22371397
27698194 22371397
27698195 22371397
27698196 22371397
27698197 22371397
27698198 22371397
27698199 22371397
27698200 22371397
27698201 22371397
27698202 22371397
27698203 22371397
27698204 22371397
27698205 22371397
19220652 22371397
27698206 22371397
10366727 22371397
27698207 22371397
27698208 22371397
16237408 22371397
27698209 22371397
27698210 22371397
27698211 22371397
27698212 22371397
768814 22371397
27698213 22371397
16237721 22371397
27698214 22371397
27698215 22371397
16237868 22371397
27698216 22371397
27698217 22371397
27698218 22371397
16238013 22371397
22436354 22371397
27698219 22371397
27698220 22371397
27698221 22371397
27698222 22371397
16238166 22371397
27698223 22371397
27698224 22371397
27698225 22371397
16238273 22371397
27698226 22371397
27698227 22371397
10589268 22371397
27698228 22371397
27698229 22371397
27698230 22371397
27698231 22371397
16238584 22371397
27698232 22371397
27698233 22371397
27698234 22371397
2165744 27698235
761644 27698236
1651787 27698237
1366707 27698238
2406578 15843608
16169570 15843608
213713 15843608
1614891 15843608
782545 15843608
2136623 11810771
16169502 11810771
2174407 11810771
2236738 11810771
2310418 11810771
2261980 11810771
15982585 11810771
16170183 11810771
1110449 11810771
753533 11810771
149937 27698239
433943 27698239
10479152 27698239
194535 27698239
22473468 27698239
10442154 27698239
273232 27698239
2034319 27698239
4465549 27698240
4491685 27698240
16235278 27698240
27698241 27698240
10480988 27698242
15964385 27698243
16169725 27698244
16298586 27698245
10248453 27698245
27698246 27698245
22347212 27698247
16395967 27698248
12599710 27698249
16169802 27698249
128328 2739041
158299 2739041
259817 2739041
239671 2739041
173895 2739041
14977316 15851696
10442140 12638191
635632 12638191
10442146 12638191
10480351 12638191
10469611 12638191
132076 12638191
128413 27698250
523055 22374215
22389881 22374215
1402097 22374215
343206 22374215
294041 22374215
426421 1064599
22374307 22374308
357027 1064693
1490375 27698251
774960 27698252
2296967 22374972
2003860 22374973
312286 22374973
495391 22374973
2239001 22374973
2262908 22374973
10409497 22374973
2196269 22374973
27698253 22374973
27698254 22374973
244435 22374973
10274476 22374973
1793800 22374973
1648562 22374973
27698255 22374973
2313355 22374973
1794091 22374973
793879 22374973
753533 22374973
2365120 22374973
1146098 27698256
14275726 27698257
1397476 27698257
2360390 27698258
1143092 27698259
1645261 11811175
677477 11811175
2266300 11811175
2101979 11811175
199087 11811175
142369 11811175
235205 11811175
11875058 11811175
2148725 11811175
254094 11811175
130546 11811175
452911 11811175
473706 11811175
273602 11811175
482574 11811175
233578 11811175
130287 11811175
743341 11811175
218335 11811175
169040 11811175
228769 11811175
320991 11811175
250451 11811175
2378962 11811175
525934 11811175
765612 27698260
359891 27698260
6442101 11808764
937587 11808764
1111662 18113803
16358981 27698261
2101979 22375377
138939 2703244
1397476 2703244
158427 27299046
2026873 2737826
15101400 27698262
15101432 27698262
16232271 27698263
1671667 3906845
16452611 27698264
27698265 15835038
10248494 15835038
518058 15835038
2549511 15835038
15314932 27698266
1671667 12837320
19976822 12837320
1609411 22379861
27698267 27698268
737435 1090448
3642182 11625550
27698269 11625550
10589365 11625550
1127490 11625550
733288 11625550
155831 11625550
12622841 11625550
1420535 11625550
809254 11625550
14860448 11625550
14884517 14553294
16169514 27698270
22374307 27698271
22376978 27698272
27698273 27698272
27698201 27698272
27698274 27698272
27698275 27698272
27698276 27698272
16169815 27698277
16324338 2669974
145121 11858241
555554 11858241
722423 11858241
1429463 11858241
10165466 1088945
10369151 27698278
343476 2607707
14284547 15805650
1609086 15805650
10590201 15805650
807857 2622454
131432 2622454
4233169 2622454
625055 2622454
263583 2622454
384305 25952582
209067 25952582
1554215 25952582
3590978 2674361
12191721 15808296
240665 15808296
12603665 2618698
90582 1067252
617684 1067252
380559 1067252
772188 1067252
10438041 1067252
732774 1067252
10438046 1067252
671660 1067252
10277620 1067252
1488645 1067252
10415531 1067252
1415687 1067252
27698279 1067252
10438186 1067252
10438189 1067252
643781 1067252
700648 1067252
10438197 1067252
15094711 1067252
10438349 1067252
27698280 1067252
10438380 1067252
1530448 1067252
751070 1067252
12605205 1067252
10373030 1067252
10416700 1067252
10373033 1067252
10373034 1067252
27698281 1067252
27698282 1067252
10438390 1067252
1440606 1067252
688872 1067252
1119883 1067252
10373060 1067252
1578382 1067252
1732866 1067252
255653 1067252
761232 1067252
1459857 15805651
11896584 15805651
1147672 15805652
11870863 15805652
3427352 2675185
483496 2735176
288371 14562735
232693 14562735
225081 14562735
491381 22289044
10417171 17139523
10417186 17139523
12620184 27698283
594714 27698283
12628724 16222193
10263307 27698284
12603665 4384095
4976222 17201295
136617 27698285
303317 27698285
18448857 15932188
2205351 3894469
240665 3894469
1480707 3894469
12622793 3894469
16321101 27698286
27698287 15839083
22472547 2608406
27698077 2608406
10300646 2655054
10300646 1179132
737319 1063531
2487008 2656993
27698288 27698289
10466455 11446172
186204 27698290
10325109 26107324
520603 13631702
373714 27698291
16170993 27698292
4190831 27698293
707287 2700091
487345 2700091
1376742 2700091
481596 2700091
2295224 2700091
133154 2700091
12624405 2738982
521650 27698294
767877 15792398
1140839 15792398
739718 15792398
22424720 27698295
1455205 27698296
14292909 15833982
16170425 15833982
1375443 22400901
1408505 22400901
235801 22400901
374730 16810916
19222895 16810916
758810 16810916
12605119 18236722
151865 22401484
16233584 1091529
10472492 27698297
10472499 27698297
15126824 11871725
27698298 14559210
22355810 14559210
4035961 14559210
644826 15805655
1117772 15805655
484268 12646796
775789 12646796
1637384 12646796
16392329 12646796
242632 12646796
1506134 12646796
2467662 12646796
311956 12646796
12603382 12646796
10279936 12646796
303345 12646796
10258990 12646796
121835 12646796
277450 12646796
1289213 12646796
589991 12646796
1909478 12646796
485566 12646796
582790 12646796
10293619 12646796
1636710 12646796
394786 12646796
1566166 12646796
215544 12646796
1547750 12646796
129779 12646796
10364501 12646796
1353169 12646796
10318535 27698299
16264650 27698300
4255749 27698301
12191721 15818344
10210180 15818344
16395642 15818344
10589896 1179838
404915 2663443
139959 2663443
131158 2663443
379145 2663443
3874743 12174220
1419987 27698302
27698303 27698302
393383 27698302
14292909 27698302
288087 27698302
3643777 27698302
128413 15805657
1513602 15805657
27698100 15805657
27698304 8440118
27698305 27698306
636761 2679582
27698241 27698307
10310638 17223610
10310638 17223610
277160 17223610
994814 17223610
249825 17223610
2104889 2693936
1447760 22405576
3101302 22405576
419235 15104898
16418691 15104898
1444678 15104898
474260 15104898
160796 15104898
194951 15104898
1383870 15104898
478575 15104898
3737233 15104898
271470 15104898
1307494 15104898
1393715 15104898
1444752 15104898
1447427 15104898
3567726 15104898
313905 15104898
200586 15104898
290424 15104898
769887 15104898
27698308 15104898
11914934 15104898
134478 15104898
1503826 15104898
18015052 15104898
10284664 27698309
814691 27698309
610020 27698309
11830742 27698309
19222941 16811097
27698077 12650920
352523 3979404
1993884 27698310
12627174 2610249
503766 2610249
3113385 15810285
10470181 2613132
1992706 1064565
1558700 27698311
15307409 2608518
18424561 2539181
87428 2539181
757800 2539181
2295093 2539181
10588825 2539181
14292909 15833983
16288559 15807497
532549 15807497
2508754 19704726
589272 19704726
22400246 19704726
661134 19704726
10472911 19704726
3333276 19704726
22478331 19704726
2509281 19704726
246819 19704726
2508748 19704726
1590771 19704726
1029802 19704726
4210454 19704726
2509226 19704726
2509321 19704726
2509232 19704726
4223934 19704726
2509224 19704726
22361665 19704726
2509305 19704726
22363036 19704726
545974 19704726
11881360 19704726
2509248 19704726
341601 19704726
1616669 19704726
806891 19704726
2509303 19704726
2509325 19704726
199482 19704726
193396 19704726
3489804 27698312
11877757 2613455
1832819 15855699
10251819 15855699
10251821 15855699
1857003 15855699
1924301 15855699
10468162 15855699
10251937 15855699
3995733 15855700
10467720 15855701
10362140 2628356
27698313 27698314
10248427 27698314
10248447 27698314
10248448 27698314
10248449 27698314
10248450 27698314
10248451 27698314
10248452 27698314
27698104 1064576
127402 4653550
1826104 4653550
466439 4653550
4190831 4653550
310792 4653550
1617768 4653550
27698315 4653550
235469 4653550
23939903 4653550
18448857 4653550
1290137 4653550
10239623 1180580
440877 1171610
10301189 27698316
648659 27698317
10256854 27698318
4190831 27698319
273234 27698319
16169782 27698320
20071794 27698321
1603133 2751650
4233169 14611514
12655040 12164417
1671667 12164417
1191202 12164417
22472547 27698322
340430 27698323
133837 27698324
743640 27698324
22362940 1091129
14925116 1091129
10167994 27698325
781737 27698326
158637 27698327
3533602 22413675
12810625 22413675
149919 27698328
550081 3908533
1432866 3908533
1439321 3908533
27698329 27698330
3640367 22414144
528070 22414144
363237 22414144
3644464 15855702
12651780 2630801
1366707 2630801
10369151 2630801
270682 26126216
22472547 27698331
271893 27698331
2197663 27698332
788286 27698333
2053926 2702469
694052 12012002
3874743 27698334
1281247 18859092
27698335 15005496
587065 15005496
27698077 15005496
2101979 2661529
22411591 4161119
1155489 2670521
160205 2670521
22461907 2670521
22461910 2670521
15205926 2670521
15205928 2670521
800027 2670521
257044 2670521
322900 2670521
14832617 2670521
343908 2670521
220995 2670521
22461958 2670521
22351603 2670521
16265703 2670521
22461838 2670521
19616700 2670521
19618531 2670521
248324 2670521
781995 2670521
1121765 2670521
1156344 2670521
27698336 2670521
158967 2670521
22461278 2670521
12008515 2670521
19680913 2670521
128703 2670521
541853 2670521
277924 2670521
12615214 2670521
12011037 2670521
277009 2670521
805573 2670521
121935 2670521
2085168 2670521
1857225 18267752
10251819 18267752
10251819 18267752
10251821 18267752
10251821 18267752
10271215 18267752
10251937 18267752
10306483 2662692
15211134 21988972
15197073 2693802
12612974 2665887
19222941 2665887
110885 3623245
1578168 3623245
559532 3623245
18424561 3623245
1731975 3623245
15082141 3623245
18401228 3623245
10202654 3623245
27698337 3623245
19222940 3623245
19222944 3623245
2345013 3623245
1651787 3623245
8485880 3623245
772424 27698338
466439 27698338
22472681 15839960
1744272 15839960
12600207 15839960
10480988 15839960
1374495 15839960
3653088 15839960
2406283 15839960
15121589 27698339
22472681 27698339
1532799 27698339
27698315 27698339
27698315 27698339
27698340 27698339
385738 27698339
18423542 27698339
22399137 27698339
27698341 27698339
27698342 27698343
22470476 14428824
102551 22416264
433943 22416287
249660 22416287
1941324 14579381
1529982 14579381
128112 14579381
1392053 14579381
636599 14579381
10497580 14579381
2192243 2616712
16170711 27698344
6423400 27698345
3104121 27698345
22462729 22418136
22362940 22418137
1400919 15808524
1600227 15808524
16234163 27698346
27698347 22418139
391540 27698348
157985 15808525
4897089 15808525
1386744 15808525
1616586 15808525
1610863 15808525
12166178 15808525
514290 15808525
16171921 15808525
16237474 15808525
199468 15808525
1600227 15808525
3059888 22418140
10466808 22418140
1428390 22418140
1304954 15833984
239625 2611403
10405794 27698349
1885855 27698350
10300646 27698350
10300699 27698350
10471040 2618173
27698351 2714966
16231239 2714966
16231240 2714966
16231267 2714966
16231450 2714966
27698352 2714966
27698353 2714966
27698354 2714966
16231854 2714966
27698355 2714966
16231858 2714966
27698177 2714966
27698356 2714966
27698357 2714966
27698358 2714966
27698178 2714966
27698359 2714966
27698360 2714966
27698180 2714966
27698361 2714966
22376978 2714966
27698362 2714966
16232519 2714966
22438694 2714966
16232565 2714966
27639180 2714966
820705 2714966
16233004 2714966
16233007 2714966
27698363 2714966
16233015 2714966
27698364 2714966
16233077 2714966
16233096 2714966
27698365 2714966
27698366 2714966
27698181 2714966
16233191 2714966
27698367 2714966
27698368 2714966
27698369 2714966
27698370 2714966
27698371 2714966
27698372 2714966
19219353 2714966
10366724 2714966
16233400 2714966
1395235 2714966
16233579 2714966
16233584 2714966
11852963 2714966
16233961 2714966
16233962 2714966
16234078 2714966
16234136 2714966
16234140 2714966
16540064 2714966
22420335 2714966
16234224 2714966
16234452 2714966
1461162 2714966
14297779 2714966
10366725 2714966
1634647 2714966
3531101 2714966
27698373 2714966
16234806 2714966
22420336 2714966
27698374 2714966
874043 2714966
14283488 2714966
27698375 2714966
22469633 2714966
2473147 2714966
801874 2714966
27698376 2714966
10589656 2714966
27698377 2714966
27698378 2714966
16235535 2714966
27698379 2714966
27698380 2714966
27698183 2714966
16235558 2714966
16235563 2714966
10589657 2714966
27698381 2714966
16235576 2714966
27698382 2714966
16235582 2714966
27698383 2714966
27698384 2714966
27698186 2714966
16239434 2714966
16235600 2714966
27698385 2714966
27698386 2714966
27698387 2714966
27698273 2714966
27698388 2714966
10366726 2714966
27698389 2714966
27698390 2714966
11886803 2714966
27698391 2714966
10472678 2714966
27698392 2714966
10472679 2714966
16235669 2714966
27698393 2714966
16235671 2714966
27698394 2714966
27698395 2714966
27698396 2714966
10472680 2714966
27698397 2714966
27698398 2714966
27698399 2714966
27698189 2714966
27698400 2714966
16235846 2714966
16235847 2714966
16235871 2714966
27698190 2714966
16235881 2714966
27698401 2714966
27698402 2714966
10472681 2714966
27698403 2714966
27698404 2714966
12614682 2714966
16236048 2714966
27698405 2714966
16236134 2714966
16239466 2714966
16236153 2714966
27698406 2714966
27698407 2714966
16236306 2714966
27698408 2714966
27698409 2714966
27698194 2714966
27698410 2714966
16236393 2714966
27698196 2714966
27698411 2714966
27698412 2714966
16236477 2714966
27698413 2714966
27698414 2714966
27698415 2714966
16236587 2714966
27698416 2714966
27698201 2714966
27698417 2714966
27698418 2714966
27698419 2714966
27698420 2714966
27698421 2714966
10472682 2714966
27698422 2714966
22402942 2714966
16237035 2714966
27698423 2714966
16237048 2714966
12601225 2714966
27698424 2714966
27698425 2714966
27698426 2714966
19220596 2714966
10317197 2714966
16237160 2714966
16237169 2714966
27698427 2714966
27698428 2714966
27698429 2714966
27698206 2714966
16237245 2714966
27698430 2714966
27698431 2714966
10366727 2714966
16237256 2714966
27698432 2714966
684571 2714966
16237408 2714966
16237433 2714966
27698433 2714966
27698434 2714966
16237475 2714966
16237521 2714966
27698211 2714966
16237691 2714966
27698435 2714966
768814 2714966
10366728 2714966
27698436 2714966
16237721 2714966
16237735 2714966
27698437 2714966
27698214 2714966
27698438 2714966
16237753 2714966
16237754 2714966
27698439 2714966
27698440 2714966
27698441 2714966
27698442 2714966
16237764 2714966
27698443 2714966
16237825 2714966
27698444 2714966
27698445 2714966
16237868 2714966
27698216 2714966
16237918 2714966
27698446 2714966
27698447 2714966
27698448 2714966
27698449 2714966
1386647 2714966
27698217 2714966
16237993 2714966
10370601 2714966
27698218 2714966
16238011 2714966
16238013 2714966
22466162 2714966
27698219 2714966
27698450 2714966
16238117 2714966
16238126 2714966
16238132 2714966
16238133 2714966
16238166 2714966
16238169 2714966
16238202 2714966
16238205 2714966
27698274 2714966
16238236 2714966
27698451 2714966
27698225 2714966
22466163 2714966
27698275 2714966
16238273 2714966
27698452 2714966
27698453 2714966
27698454 2714966
27698455 2714966
1376343 2714966
27698456 2714966
27698457 2714966
27698458 2714966
16238421 2714966
27698459 2714966
16238477 2714966
27698230 2714966
27698231 2714966
27698460 2714966
16238584 2714966
27698461 2714966
16238617 2714966
22428842 2714966
27698276 2714966
1382212 2714966
16238708 2714966
27698462 2714966
10366729 2714966
768784 2714966
10370602 2714966
10165466 1090471
224682 2753697
10589980 22422534
817771 22422534
1468851 27698463
16399915 27698463
1802694 27698463
2275297 27698463
360791 27698463
11846900 27698463
8492605 3494958
1418211 15808526
700172 15808526
286021 2606153
10297914 27698464
27698465 2651473
127077 2651473
109523 2651473
135400 2651473
291166 2651473
262449 2651473
145121 15808527
1032110 2608668
27698466 22425612
1397282 22425612
580429 22425612
10271641 22425612
16315969 22425612
1110805 22425612
10249161 22425612
27698467 22425612
11915293 22425612
23938529 22425612
1108964 22425612
12608931 1075219
1776384 1075219
1540391 1075219
1443677 1075219
369144 1075219
12612751 1075219
1637627 1075219
3853626 1075219
2163416 1075219
27698468 1075219
27698469 1075219
16485556 1075219
22425623 1075219
2512411 1075219
27698470 1075219
27698471 1075219
1108532 1091110
134942 2726833
145121 15808528
2026873 2727361
259817 2727361
210326 2727361
16298512 11807247
27698472 22428333
10424415 22428333
12613707 22428333
1427928 22428333
16171450 22428333
27698473 22428333
14998615 22428333
27698474 22428333
27698475 22428333
16169810 22428333
27698476 22428333
27698477 22428333
1547126 22428333
290050 27698478
209067 27698478
27698479 1090484
27698480 1090484
10375887 1090484
10247234 1090484
12672278 27698481
4239060 1060612
1671667 2650767
4239060 2626462
2289038 1064634
4475559 27698482
4980642 27698483
4016153 27698483
1407359 27698483
18436309 27698483
19891144 27698483
27698484 27698483
18436317 27698483
25944870 27698483
393845 27698483
3495520 27698483
18436335 27698483
16426446 27698483
535236 27698483
1633401 27698483
257564 27698483
27698485 27698483
18513877 27698483
190886 27698483
1117146 27698483
19897763 27698483
305957 27698483
118931 27698483
187322 27698483
18421887 27698483
166557 27698483
139317 27698483
27698486 27698483
18513900 27698483
25944901 27698483
18508045 27698483
19888300 27698483
10259348 27698483
1604228 27698483
18436431 27698483
18436434 27698483
2317312 27698483
1378301 27698483
18436518 27698483
25942615 27698483
18419325 27698483
25947414 27698483
21795974 27698483
23952306 27698483
18433203 27698483
18433223 27698483
369959 27698483
136100 27698483
18508114 27698483
1737016 27698483
365965 27698483
25944996 27698483
18508134 27698483
1358261 27698483
160439 829553
27698487 15836390
27698488 15836390
27698489 15836390
22389674 15836390
1630043 15836390
27698490 15836390
16171456 15836390
27698491 15836390
1390413 15836390
10491922 15836390
22432516 15836390
27698492 15836390
27698493 15836390
16169816 15836390
467585 27698494
10442140 27698494
22472547 27698494
829037 27698495
12602037 9551453
19215123 11749642
829009 11749642
523599 15836044
974253 15836044
517031 15836044
16170686 15836044
1367469 15836044
265872 15836044
523545 15836044
1337999 15836044
4498801 15836044
1621874 15836044
516330 15836044
179394 15836044
22428741 15836044
1402097 15836044
1160158 15836044
10319456 15836044
16397296 15836044
16170740 15836044
10319469 15836044
516669 15836044
1637609 15836044
22428743 15836044
532547 15836044
516615 15836044
1927944 15836044
1565891 15836044
8494578 15836044
523363 15836044
1441503 15836044
541045 15836044
22411591 2693896
10470181 1292213
1629488 9532808
12602500 9532808
12603446 9532808
12603599 9532808
12603641 9532808
12603645 9532808
12603660 9532808
12603664 9532808
12603667 9532808
12603713 9532808
12603721 9532808
12603724 9532808
17887108 9532808
2002899 9532808
12603728 9532808
10472255 9532808
12603732 9532808
12603736 9532808
17887109 9532808
12603741 9532808
12603742 9532808
12603743 9532808
12603746 9532808
12603747 9532808
12603753 9532808
12603759 9532808
12668607 9532808
12604371 9532808
12604400 9532808
12604408 9532808
12604441 9532808
12604442 9532808
12604443 9532808
12604444 9532808
12604446 9532808
12604447 9532808
12604451 9532808
12604452 9532808
12604454 9532808
12604455 9532808
16241421 9532808
8498958 9532808
2500267 2647630
3683228 2647630
320847 27698496
12603377 27698497
12603378 27698497
12603379 27698497
12603412 27698497
12603718 27698497
16241379 27698497
1459300 15837691
3112850 15837691
1600227 15810182
457615 1081767
16169900 15843619
803632 15843619
761644 3730099
84430 3730099
1134776 3730099
1468191 3730099
715547 15795885
27698498 27698499
2165744 27698500
1600227 11901559
695781 27698501
14284141 15839219
14302901 15839223
715547 27698502
15307409 27698503
14310626 15840417
3108225 22441114
16169575 15808722
10438711 15834146
1885855 15836383
1582229 15836383
16170352 27698504
18420408 2624535
670384 27698505
478013 15855711
12605276 15855711
228769 3970805
12598332 27698506
2063059 27698507
10315194 27698508
12624270 27698508
8406709 27698508
290618 27698509
12657043 2688048
10308043 22443019
255653 27698510
19222867 22443123
12610260 15843001
16170212 15808709
19791108 5096407
3371501 5096407
19736037 5096407
16171551 5096407
22379691 79286
1549347 79286
27698329 15951061
16339299 11801023
1107959 15805680
1461797 15805680
27698511 15805681
750240 15805681
1136913 15805683
3055671 15805683
355193 15805689
1534846 15805690
572659 15805694
12153581 15805698
776789 27698512
11877012 27698512
1534846 27698512
27698513 15805703
715547 15805716
1555287 15805716
16171483 15805724
234715 15805731
3640050 15805732
27698514 15805732
12158128 15805732
3634536 15805732
10335143 15805732
27698515 15805732
22462654 15805732
1143336 15805732
25950874 15805732
22406584 15805732
321861 3890028
322159 3890028
16171723 3890028
227092 3890028
1107959 3890028
663173 3890028
1461797 3890028
10355423 3890028
363305 15805735
12167694 15805735
16339299 15805738
16170170 15843625
1502520 15834233
1327524 15926577
521650 15926577
1328875 15926577
1600857 15926577
1431997 18623561
3540803 15858351
700001 15858351
542139 15858351
27698516 15858351
10248494 15858351
10165466 1091703
22368366 22444797
16171032 22444797
10476135 22444797
27698517 22444797
27698518 22444797
3492597 22444797
397949 22444797
379145 22444797
1142865 27698519
2101979 2659611
27698516 15858355
10248494 15858357
10275135 15841880
2549511 15841880
10248438 15858364
27698520 15858366
27698521 15858367
27308195 15858369
7864055 15858369
18463355 15858369
3616217 15858369
536468 15835040
10248420 15835040
23961666 15835040
27698516 15835040
472549 15835040
552279 15835040
2549511 15835040
793883 15835040
4491685 27698522
2503484 27698522
3100002 22027644
1614478 22027644
3874743 22027644
27698523 22027644
27698524 22027644
27698525 22027644
385297 22027644
15308927 22027644
13617556 22027644
3524938 22027644
18438581 22027644
705886 22027644
15992877 22027644
10167310 22027644
1630340 22027644
1415609 22027644
479783 22027644
10339741 22027644
164582 22027644
5161185 22027644
1818760 22027644
27569232 15841882
10254322 15841883
1418814 15841883
10248425 15858375
1636956 15858376
10275133 15858376
10275134 15858376
10275135 15858376
10275136 15858376
10275137 15858376
10275138 15858376
10248439 15858376
10248494 15858377
10275136 15841885
27698526 15858394
213713 15843628
5067750 27698527
27698521 15858396
27698516 15858396
10275129 15842333
10248437 15842333
27698528 15842333
27698529 15842333
27698530 15842333
27698531 15842333
27698532 15842333
27698533 15842333
27698534 15842333
10254322 15842333
27698535 15842333
27698536 15842333
16431047 14619969
10275139 15822881
27698537 15822881
10275140 27698538
27698539 27698538
10319861 27698540
3099975 15853524
412783 15805071
1371562 15805071
257554 15805071
16171595 15805071
579781 15805071
1817969 15808563
1574975 15808563
16169636 15808566
323046 15808566
1574975 13327527
1600227 13327527
1600227 27698541
1636938 11811174
11865676 11811174
1817969 15808596
547386 15808597
1618665 15853533
3611701 15853533
515531 15853533
3099975 15853533
3611701 15853534
1600227 15808624
1817969 15808625
27698539 27698542
1962088 13615379
1648491 13615379
3645969 13615379
3121775 13615379
10248427 27698543
22445446 22445447
27698241 22445447
608310 27698544
27698315 27698545
4169276 27698545
10370330 15994420
341114 15334876
10319856 27698546
3611312 27698546
27698547 27698546
10319858 27698546
27569232 27698546
10319860 27698546
10248440 27698546
10319861 27698546
27698548 27698546
27698549 27698546
27698550 27698546
27698551 27698546
27698552 27698546
10470901 27698546
10319862 27698546
27698553 27698546
10467696 27698546
12810625 2614606
27698554 27698555
10248447 27698555
10248448 27698555
10248449 27698555
10248450 27698555
10248451 27698555
10248452 27698555
1490594 27698556
532685 27698557
27698558 22446126
10325022 27698559
16269689 27698559
12622785 1091307
14595316 1101898
529231 21906391
10204379 21906391
22389881 21906391
1402097 21906391
343206 21906391
4133588 2655714
774098 27698560
27698313 27698561
10248447 27698562
10248448 27698562
10248449 27698562
27698563 27698562
10248450 27698562
10248451 27698562
10248452 27698562
27698564 27698562
27698565 27698562
10251709 27698566
3995733 27698566
3995733 27698566
27698567 27698568
16555589 17196223
587065 17196223
14990170 2664547
327647 2664547
168342 2664547
14990188 2664547
18160434 2664547
1448620 2664547
705499 2664547
16417054 2664547
254869 2664547
1435359 2664547
1328154 2664547
1431430 2664547
241447 2664547
696528 2664547
16427752 2664547
12606458 2664547
257596 2664547
14990333 2664547
244753 2664547
1537354 2664547
691153 2664547
2492971 2664547
246011 2664547
230423 2664547
12621442 2664547
14990532 2664547
3739978 2664547
18171734 2664547
16418603 2664547
16327505 2664547
14990567 2664547
188780 2664547
405094 2664547
3743112 2664547
149529 2664547
758186 2664547
1328170 2664547
471192 2664547
1536985 2664547
263328 2664547
775775 2664547
1431052 2664547
27698569 2664547
27698570 2664547
14991843 2664547
1398968 2664547
503554 2664547
117133 2664547
251096 2664547
1444678 2664547
237712 2664547
16427300 2664547
695797 2664547
16416885 2664547
23942173 2664547
12621915 2664547
182153 2664547
793715 2664547
471194 2664547
467107 2664547
3601195 2664547
246657 2664547
1671667 2664547
484121 2664547
714487 2664547
1562181 2664547
16414935 2664547
300854 2664547
307294 2664547
729584 2664547
371972 2664547
299309 2664547
561012 2664547
1333219 2664547
1747403 2664547
176432 2664547
236660 2664547
700078 2664547
185048 2664547
184127 2664547
1347918 2664547
184105 2664547
1383870 2664547
14993233 2664547
242508 2664547
683102 2664547
639455 2664547
491711 2664547
420922 2664547
1320909 2664547
1536471 2664547
143713 2664547
4447709 2664547
1555004 2664547
1759744 2664547
597643 2664547
1995047 2664547
227652 2664547
483708 2664547
1652159 2664547
561518 2664547
1597444 2664547
99514 2664547
19893057 2664547
124453 2664547
1613272 2664547
14993349 2664547
14586517 2664547
1560685 2664547
22393959 2664547
14993370 2664547
3740743 2664547
1303577 2664547
14993391 2664547
1856429 2664547
164114 2664547
547370 2664547
1303464 2664547
803386 2664547
1949125 2664547
271470 2664547
238710 2664547
12622775 2664547
695329 2664547
640871 2664547
16426454 2664547
18169014 2664547
12640769 2664547
14993541 2664547
23955047 2664547
27568429 2664547
4942150 2664547
16171944 2664547
2415302 2664547
1438636 2664547
1437821 2664547
14993605 2664547
14993648 2664547
1529767 2664547
579402 2664547
23949287 2664547
14993706 2664547
505462 2664547
12623042 2664547
14993967 2664547
18172814 2664547
299299 2664547
7850524 2664547
14994002 2664547
14994005 2664547
4782459 2664547
481026 2664547
18173640 2664547
14994094 2664547
491025 2664547
288193 2664547
14994116 2664547
18161394 2664547
3751988 2664547
18155238 2664547
23955481 2664547
1392084 2664547
12616465 2664547
18164325 2664547
1646064 2664547
16416415 2664547
14994347 2664547
1546754 2664547
1334907 2664547
7855376 2664547
16427249 2664547
749225 2664547
594862 2664547
14994691 2664547
1555190 2664547
14994709 2664547
12623733 2664547
396949 2664547
1333174 2664547
18170355 2664547
2314416 2664547
483056 2664547
18163042 2664547
798886 2664547
14995031 2664547
661006 2664547
22401767 2664547
23955483 2664547
18173016 2664547
14995133 2664547
169082 2664547
371970 2664547
1741498 2664547
14995210 2664547
1340116 2664547
14995265 2664547
150193 2664547
10471594 2664547
348543 2664547
1605180 2664547
12605713 2664547
16427302 2664547
1367944 2664547
14995520 2664547
14995562 2664547
14605743 2664547
14995583 2664547
14995593 2664547
10471667 2664547
14995651 2664547
198068 2664547
16418794 2664547
554814 2664547
18166631 2664547
14995724 2664547
16424547 2664547
18175386 2664547
1351402 2664547
16416659 2664547
1557784 2664547
1351490 2664547
14995789 2664547
23966399 2664547
14995829 2664547
16423605 2664547
158299 2664547
16425845 2664547
382929 2664547
14995997 2664547
3288003 2664547
1441865 2664547
490299 2664547
543546 2664547
1628845 2664547
27698571 2664547
1557831 2664547
1493544 2664547
16418826 2664547
3345328 2664547
14996350 2664547
12624199 2664547
1321025 2664547
14996419 2664547
1572565 2664547
16416830 2664547
12001688 2664547
414993 2664547
406136 2664547
248674 2664547
404448 2664547
3583050 2664547
1444925 2664547
1433785 2664547
3572286 2664547
1670009 27698572
18424561 2661718
22442687 2661718
1419987 15833994
16169602 15833994
1463163 15833994
12611730 15833994
1558442 15833994
16169850 15833994
16171647 15833994
1624336 15833994
1304428 15833994
1423704 15833994
14304955 2692569
1421531 2692569
16169598 2692569
17178975 2692569
1133087 2692569
16169980 2692569
16170293 2692569
16170309 2692569
10589430 2692569
737319 22452554
1122115 22452554
606069 22452554
16367191 22452554
16169494 22452554
1122010 22452554
3111041 22452554
179882 17192138
677359 17192138
12628927 17192138
10247236 9468156
3427352 2702452
12623654 1170348
10300801 12673614
18424561 1654162
1582229 1654162
248324 1654162
19222895 1654162
18422942 1654162
2009538 1654162
249660 16002017
1143092 12150371
143789 2584494
1111662 2584494
387124 2584494
877645 11678357
607446 11678357
252077 11678357
349817 11678357
1367547 11678357
1125302 11678357
1457556 11678357
348665 11678357
542211 11678357
1610598 11678357
6442101 11678357
27698573 11678357
4303274 11678357
16169654 15843004
27698574 15843004
16169838 15843004
14977579 15843004
16170225 15843004
806438 2655024
12631613 15835077
1301272 22458953
513136 22458953
130493 22458953
1651787 27698575
18277339 2681652
16169704 27698576
1585899 27698576
16169914 27698576
130253 27698577
1475914 11616162
16169806 11616162
3605057 11616162
2101979 3438485
16171022 3438485
1554215 3438485
570541 27698578
1335277 22459515
1421236 3959340
25950578 3959340
25950915 3959340
2236932 16811042
414383 16811042
16361401 16811042
5099208 22459549
12623958 22459549
14826895 22459638
252918 1845840
149911 1845840
18436629 27698579
561266 16003516
1559729 2694625
107351 2694625
539619 2694625
2533696 2694625
382004 2694625
12629112 2694625
3638146 16811064
19222859 16811064
3710183 16811064
476451 16811064
874001 16811064
1671814 16811064
1939068 16811064
570541 2740580
442743 16810929
2192480 16810929
570541 16810929
735824 16810929
15204662 22460053
19222887 22460053
4255749 22460053
1302267 2655702
139959 2655702
10263307 2655702
1301272 2655702
15307409 22089078
15100485 22089078
11445959 11446444
11446114 11446444
11446434 11446444
1395901 22460548
10319400 22460548
2161938 22460548
1637609 22460548
1618249 22460548
565320 22460548
255653 3533933
16169876 11809615
819314 22460920
4523821 15851636
14292909 27698580
715547 22461017
10366728 27698581
1600227 27698582
27698583 15839234
1550867 15839234
1550865 15839234
1127318 15839234
17887112 15839234
2285285 1654148
257044 1654148
754428 1654148
12612569 1654148
332330 1654148
1375251 1654148
128703 1654148
1572664 1654148
1579273 27698584
201759 1654113
106421 1654113
1582795 1654113
445012 1654113
10274036 1654113
88956 1654113
2012178 1654113
770065 1654113
827422 1654113
1155489 1654113
300148 1654113
11859859 1654113
2516352 1654113
1554430 1654113
1851620 1654113
765801 1654113
659653 1654113
2509336 1654113
15895285 1654113
773538 1654113
1566461 1654113
820429 1654113
16407388 1654113
1602488 1654113
22462056 1654113
27698585 1654113
27698586 1654113
1790200 1654113
22461866 1654113
1595004 1654113
11915858 1654113
22461867 1654113
10388320 1654113
606787 1654113
10253499 1654113
10405605 1654113
521848 1654113
27698587 1654113
16259755 1654113
27698588 1654113
16259759 1654113
22461868 1654113
10405606 1654113
27698589 1654113
12678264 1654113
16874333 1654113
27698590 1654113
10386514 1654113
22461870 1654113
16259799 1654113
1887679 1654113
22461871 1654113
27698591 1654113
12741950 1654113
10306416 1654113
17170599 1654113
27698592 1654113
12631851 1654113
2306244 1654113
16259863 1654113
27698593 1654113
16259878 1654113
1916861 1654113
10439151 1654113
25944487 1654113
22349274 1654113
12631870 1654113
22415006 1654113
18476514 1654113
10439154 1654113
666555 1654113
10320270 1654113
1564508 1654113
27698594 1654113
10405636 1654113
519547 1654113
27698595 1654113
22461873 1654113
27698596 1654113
1323058 1654113
27698597 1654113
10405645 1654113
10167830 1654113
10368105 1654113
22461874 1654113
16213059 1654113
27698598 1654113
16259972 1654113
10405648 1654113
807128 1654113
10405649 1654113
10405650 1654113
1541406 1654113
19681136 1654113
18444615 1654113
22461875 1654113
10306425 1654113
22349844 1654113
22461876 1654113
22461877 1654113
1620510 1654113
27698599 1654113
12742094 1654113
10320275 1654113
1803297 1654113
14653592 1654113
158427 1654113
12678777 1654113
22461878 1654113
10405660 1654113
22461879 1654113
11854758 1654113
10405666 1654113
16260083 1654113
27698600 1654113
12753616 1654113
1912405 1654113
22461882 1654113
17172332 1654113
16870077 1654113
1550589 1654113
22461883 1654113
22462058 1654113
22461884 1654113
22449102 1654113
12710283 1654113
22461885 1654113
1626390 1654113
27698122 1654113
1339864 1654113
27698601 1654113
27698602 1654113
27698123 1654113
27698603 1654113
22461886 1654113
156683 1654113
10314904 1654113
608288 1654113
16398722 1654113
10314909 1654113
22461887 1654113
25944404 1654113
27698604 1654113
27698605 1654113
27698606 1654113
10201850 1654113
22461889 1654113
27698607 1654113
12769631 1654113
27698608 1654113
16170640 1654113
27698609 1654113
420613 1654113
2175631 1654113
27698127 1654113
10405680 1654113
27698610 1654113
2083076 1654113
27698611 1654113
10405681 1654113
524451 1654113
1307131 1654113
1386377 1654113
22461891 1654113
1728613 1654113
1925372 1654113
757684 1654113
525227 1654113
2267893 1654113
1849198 1654113
1916164 1654113
10274079 1654113
377651 1654113
640599 1654113
2468929 1654113
1561175 1654113
117781 1654113
1847028 1654113
1573682 1654113
1564613 1654113
128923 1654113
1368017 1654113
160205 1654113
181337 1654113
1536824 1654113
19680814 1654113
2461259 1654113
1592027 1654113
22461904 1654113
2359039 1654113
1583154 1654113
1740791 1654113
4190988 1654113
10291290 1654113
375863 1654113
1704157 1654113
2487243 1654113
2316118 1654113
2277481 1654113
2165052 1654113
22461905 1654113
1835934 1654113
18475050 1654113
1722180 1654113
92528 1654113
1937901 1654113
2276799 1654113
1919809 1654113
10291345 1654113
1924944 1654113
1895434 1654113
2513504 1654113
753942 1654113
2382272 1654113
19469539 1654113
313716 1654113
685706 1654113
1375573 1654113
22461908 1654113
10382147 1654113
559386 1654113
2531251 1654113
816294 1654113
382261 1654113
1881926 1654113
547232 1654113
22461909 1654113
1924039 1654113
406873 1654113
3562731 1654113
207369 1654113
2488998 1654113
2223122 1654113
2268297 1654113
1932898 1654113
1427140 1654113
2257240 1654113
2518841 1654113
1959623 1654113
1969875 1654113
743303 1654113
1758717 1654113
18516550 1654113
1909127 1654113
379139 1654113
22457450 1654113
2065567 1654113
22461911 1654113
372030 1654113
785137 1654113
526723 1654113
19680428 1654113
27698612 1654113
12637104 1654113
22415052 1654113
1388233 1654113
98816 1654113
1377991 1654113
10274308 1654113
137137 1654113
1600018 1654113
363916 1654113
1307430 1654113
659461 1654113
2064732 1654113
2064722 1654113
2464761 1654113
403319 1654113
651183 1654113
1750829 1654113
2273642 1654113
950470 1654113
260639 1654113
142783 1654113
2236267 1654113
1979919 1654113
27698613 1654113
2032913 1654113
801656 1654113
11859971 1654113
16262712 1654113
19680783 1654113
22411211 1654113
10274360 1654113
27698133 1654113
27572743 1654113
27698134 1654113
27698135 1654113
16353833 1654113
1908026 1654113
3291804 1654113
16353883 1654113
22461068 1654113
2197216 1654113
27698614 1654113
1379903 1654113
1613687 1654113
2173630 1654113
2458923 1654113
126935 1654113
3539858 1654113
2359453 1654113
332628 1654113
1961634 1654113
10274460 1654113
22461912 1654113
10274462 1654113
27698615 1654113
2578638 1654113
1402431 1654113
1491847 1654113
796806 1654113
1842201 1654113
2506096 1654113
2082909 1654113
18516551 1654113
27698616 1654113
2497450 1654113
286351 1654113
10274491 1654113
22417193 1654113
18471331 1654113
1562310 1654113
1540524 1654113
18483081 1654113
3824806 1654113
2321824 1654113
2580170 1654113
257044 1654113
16354511 1654113
27698617 1654113
22461915 1654113
2511921 1654113
1776602 1654113
27698618 1654113
1468851 1654113
11854783 1654113
16858343 1654113
1810110 1654113
3587198 1654113
22461918 1654113
22372970 1654113
12688804 1654113
10216220 1654113
16263506 1654113
22426267 1654113
27698619 1654113
12667035 1654113
1721965 1654113
1417534 1654113
22461920 1654113
16213883 1654113
27698620 1654113
14823172 1654113
27698621 1654113
22461921 1654113
4525559 1654113
18516578 1654113
2267555 1654113
1925544 1654113
1887043 1654113
2073830 1654113
1760614 1654113
2272498 1654113
1827638 1654113
794647 1654113
1925765 1654113
255561 1654113
106669 1654113
22461922 1654113
22461923 1654113
2070749 1654113
2230300 1654113
286153 1654113
1536497 1654113
4173034 1654113
16354829 1654113
207024 1654113
1631591 1654113
1376155 1654113
1840714 1654113
22409523 1654113
22408180 1654113
368866 1654113
1630716 1654113
2479117 1654113
1784917 1654113
705760 1654113
2051189 1654113
1829717 1654113
2468669 1654113
2429193 1654113
2472350 1654113
404915 1654113
150089 1654113
22445180 1654113
2226137 1654113
1798718 1654113
1384834 1654113
1701818 1654113
585826 1654113
1531048 1654113
10253504 1654113
12678530 1654113
12678531 1654113
12678533 1654113
22461926 1654113
1576402 1654113
1635004 1654113
27698622 1654113
27698623 1654113
184721 1654113
573211 1654113
2277741 1654113
2028949 1654113
27698624 1654113
22371260 1654113
349095 1654113
22461929 1654113
1828604 1654113
332530 1654113
22461933 1654113
106123 1654113
329350 1654113
1919995 1654113
1345272 1654113
329821 1654113
1638754 1654113
16355681 1654113
22411216 1654113
130417 1654113
22397064 1654113
1541969 1654113
1804265 1654113
10441952 1654113
1979639 1654113
2345675 1654113
22461938 1654113
1897057 1654113
2277665 1654113
2450122 1654113
572411 1654113
16255326 1654113
679874 1654113
388612 1654113
2187412 1654113
2232384 1654113
4367338 1654113
729297 1654113
1610701 1654113
2276418 1654113
12624458 1654113
22444177 1654113
615983 1654113
22388446 1654113
479681 1654113
27698625 1654113
1739426 1654113
27698626 1654113
364062 1654113
1635709 1654113
244465 1654113
2267947 1654113
10383696 1654113
10292212 1654113
1883073 1654113
754428 1654113
1795096 1654113
379768 1654113
16214551 1654113
16356630 1654113
16808672 1654113
807304 1654113
1942097 1654113
112573 1654113
139959 1654113
16265537 1654113
825487 1654113
223944 1654113
1896381 1654113
335375 1654113
189970 1654113
180625 1654113
1652873 1654113
22457451 1654113
567753 1654113
131158 1654113
827958 1654113
275478 1654113
1945816 1654113
2078165 1654113
2054067 1654113
107053 1654113
16265595 1654113
10280102 1654113
1895050 1654113
19676347 1654113
1446535 1654113
464523 1654113
724294 1654113
22457452 1654113
22461953 1654113
4032311 1654113
15082141 1654113
22388626 1654113
2495860 1654113
451875 1654113
2281894 1654113
1595869 1654113
374730 1654113
27698627 1654113
10439519 1654113
27698628 1654113
641826 1654113
1668538 1654113
2440472 1654113
411012 1654113
716011 1654113
23943416 1654113
1884504 1654113
22390910 1654113
1387627 1654113
1926166 1654113
12632134 1654113
1595919 1654113
332996 1654113
1390875 1654113
1934383 1654113
1914258 1654113
1597912 1654113
2448471 1654113
18424589 1654113
415210 1654113
2275836 1654113
22457456 1654113
1361087 1654113
277438 1654113
19222895 1654113
1712507 1654113
2323833 1654113
324787 1654113
1567048 1654113
2270920 1654113
758810 1654113
656244 1654113
22352588 1654113
229960 1654113
820755 1654113
1360981 1654113
3110268 1654113
1567030 1654113
209097 1654113
1156344 1654113
1288034 1654113
4034504 1654113
3819587 1654113
1920795 1654113
12612702 1654113
508824 1654113
12637380 1654113
1287436 1654113
332330 1654113
462886 1654113
14989740 1654113
18437117 1654113
27698629 1654113
95884 1654113
16256210 1654113
4537449 1654113
1387403 1654113
817771 1654113
709430 1654113
3634836 1654113
1418828 1654113
299479 1654113
1397353 1654113
1931562 1654113
406815 1654113
220985 1654113
276805 1654113
1938994 1654113
590137 1654113
172367 1654113
15494112 1654113
181165 1654113
1735206 1654113
22462065 1654113
1515122 1654113
1434462 1654113
344902 1654113
196820 1654113
544920 1654113
581657 1654113
493958 1654113
1586421 1654113
4162169 1654113
18965831 1654113
10167926 1654113
2546970 1654113
802689 1654113
1479546 1654113
202872 1654113
1700338 1654113
22371374 1654113
478321 1654113
331067 1654113
1576899 1654113
208516 1654113
1727096 1654113
2511716 1654113
12625519 1654113
1363634 1654113
1307515 1654113
18973182 1654113
1350802 1654113
1390447 1654113
200957 1654113
765224 1654113
293338 1654113
3102762 1654113
189076 1654113
1792730 1654113
11854953 1654113
10439589 1654113
16270492 1654113
10314947 1654113
258284 1654113
16216877 1654113
16216881 1654113
22368828 1654113
12008515 1654113
1375251 1654113
19680913 1654113
1641786 1654113
1641731 1654113
16216926 1654113
757600 1654113
717770 1654113
763464 1654113
1600936 1654113
673077 1654113
16270733 1654113
2220075 1654113
266585 1654113
1632593 1654113
747623 1654113
15206730 1654113
12614225 1654113
234607 1654113
652383 1654113
1979838 1654113
321171 1654113
467395 1654113
265559 1654113
380016 1654113
806438 1654113
1519716 1654113
128703 1654113
15322762 1654113
541853 1654113
875769 1654113
3624355 1654113
569440 1654113
745842 1654113
829299 1654113
454326 1654113
22368829 1654113
141556 1654113
11887775 1654113
1622363 1654113
3673482 1654113
1660937 1654113
286485 1654113
10174461 1654113
379145 1654113
801091 1654113
1602637 1654113
16399137 1654113
4475559 1654113
22457460 1654113
1834536 1654113
27698165 1654113
19207617 1654113
226153 1654113
12615426 1654113
10172134 1654113
120754 1654113
1501113 1654113
445026 1654113
1424695 1654113
2138775 1654113
473950 1654113
22462013 1654113
12624993 1654113
1366707 1654113
2429993 1654113
589715 1654113
542500 1654113
1591629 1654113
18421022 1654113
22457461 1654113
209976 1654113
736715 1654113
1408015 1654113
1572664 1654113
702517 1654113
1297093 1654113
19680915 1654113
27698337 1654113
86654 1654113
1349597 1654113
636132 1654113
1383868 1654113
256850 1654113
755902 1654113
806440 1654113
2223642 1654113
4714931 1654113
1628716 1654113
10252215 1654113
4954823 1654113
520738 1654113
22416854 1654113
10275068 1654113
12626383 1654113
16399204 1654113
27698630 1654113
504716 1654113
12689293 1654113
22351338 1654113
543796 1654113
683795 1654113
27698631 1654113
16273406 1654113
15209828 1654113
423928 1654113
652562 1654113
22368837 1654113
2503246 1654113
16273433 1654113
1284400 1654113
304284 1654113
1808317 1654113
1794807 1654113
2173620 1654113
16273476 1654113
16876686 1654113
1620176 1654113
12011037 1654113
978708 1654113
277009 1654113
22457462 1654113
1626701 1654113
1566210 1654113
2422138 1654113
1626392 1654113
127672 1654113
262926 1654113
10445885 1654113
129609 1654113
516767 1654113
503726 1654113
94200 1654113
478713 1654113
16875238 1654113
467917 1654113
2320166 1654113
883462 1654113
1653076 1654113
218113 1654113
16399962 1654113
470496 1654113
1407231 1654113
1281577 1654113
2257918 1654113
814507 1654113
1543495 1654113
18425090 1654113
16867417 1654113
436569 1654113
1622791 1654113
2487008 1654113
805573 1654113
612500 1654113
12637563 1654113
16217511 1654113
12605747 1654113
547879 1654113
2420442 1654113
501461 1654113
151235 1654113
2269830 1654113
632576 1654113
12637566 1654113
1295291 1654113
12674653 1654113
225519 1654113
2044858 1654113
248015 1654113
16008747 1654113
121935 1654113
500917 1654113
1431193 1654113
567433 1654113
472952 1654113
650706 1654113
395244 1654113
12652693 1654113
10389844 1654113
10314961 1654113
10389846 1654113
10389853 1654113
10389857 1654113
12652820 1654113
10389876 1654113
12652863 1654113
265623 1654113
10389885 1654113
3359551 1654113
1997286 1654113
693325 1654113
12668371 1654113
12668386 1654113
12668502 1654113
12668562 1654113
1152654 1654113
22368845 1654113
137945 1654113
19680821 1654113
129089 1654113
3830130 1654113
2445948 1654113
2014347 1654113
2255419 1654113
1367453 1654113
2446441 1654113
352987 1654113
679668 1654113
157197 1654113
1500739 1654113
22462032 1654113
177779 1654113
522000 1654113
1748340 1654113
602088 1654113
2444151 1654113
140648 1654113
10275100 1654113
387038 1654113
610940 1654113
692782 1654113
503042 1654113
113273 1654113
306670 1654113
2032217 1654113
342648 1654113
171718 1654113
2328683 1654113
4963770 1654113
87892 1654113
1290137 1654113
2278089 1654113
285105 1654113
1813680 1654113
1636432 1654113
1333878 1654113
12637591 1654113
12637630 1654113
10209815 1654113
12637662 1654113
153162 1654113
10306463 1654113
2275297 1654113
2504277 1654113
4074223 1654113
389324 1654113
558642 1654113
814505 1654113
123488 1654113
7851704 1654113
10405811 1654113
516775 1654113
12632283 1654113
16274827 1654113
22362495 1654113
908856 1654113
1546920 1654113
27698632 1654113
27698633 1654113
15516802 1654113
366811 1654113
10168903 1654113
1935916 1654113
10390074 1654113
16274894 1654113
10386589 1654113
10306470 1654113
27698634 1654113
27698140 1654113
27698635 1654113
12679001 1654113
27698636 1654113
27698637 1654113
10405827 1654113
27698638 1654113
18497035 1654113
16170803 1654113
27698639 1654113
12630879 1654113
12632316 1654113
10439655 1654113
1502462 1654113
27698640 1654113
27698641 1654113
16274952 1654113
27698642 1654113
27698643 1654113
27698644 1654113
253512 1654113
2216207 1654113
27698645 1654113
16274958 1654113
27698646 1654113
14836213 1654113
2065205 1654113
27698647 1654113
12736801 1654113
22358538 1654113
10201110 1654113
27698145 1654113
10439656 1654113
10386597 1654113
1372418 1654113
293004 1654113
410242 1654113
22462035 1654113
18444820 1654113
10210023 1654113
22462036 1654113
22462037 1654113
27698648 1654113
10320309 1654113
10405840 1654113
27698649 1654113
27698650 1654113
16275138 1654113
27698651 1654113
27698652 1654113
1953137 1654113
16275146 1654113
16875926 1654113
27698653 1654113
10390226 1654113
1496942 1654113
22462040 1654113
22462041 1654113
27698654 1654113
27698150 1654113
14827232 1654113
10390289 1654113
27698655 1654113
1368998 1654113
27698656 1654113
16257880 1654113
1651787 1654113
27698153 1654113
27698657 1654113
12744561 1654113
16399395 1654113
10405867 1654113
1926282 1654113
4793270 1654113
1929556 1654113
10320314 1654113
27698658 1654113
19681066 1654113
16876731 1654113
1822626 1654113
12632383 1654113
10206427 1654113
27698659 1654113
10220197 1654113
10320316 1654113
10168053 1654113
10368583 1654113
22383127 1654113
1361798 1654113
27698660 1654113
27698661 1654113
22462042 1654113
10405879 1654113
10315111 1654113
22462043 1654113
12757872 1654113
27698662 1654113
22462044 1654113
19676564 1654113
14827239 1654113
10405886 1654113
10208637 1654113
699872 1654113
22462045 1654113
22408554 1654113
22462046 1654113
25944582 1654113
22462047 1654113
18444952 1654113
1576404 1654113
27698663 1654113
18497557 1654113
18476579 1654113
16413874 1654113
27698664 1654113
18497563 1654113
22462048 1654113
12678435 1654113
1589150 1654113
12795965 1654113
27698665 1654113
27698666 1654113
27698667 1654113
17175643 1654113
10405899 1654113
27698668 1654113
27698669 1654113
22462050 1654113
10386634 1654113
27698670 1654113
27698671 1654113
10390589 1654113
20611967 1654113
22422554 1654113
18497584 1654113
14836228 1654113
10386637 1654113
11855063 1654113
16881702 1654113
12797784 1654113
10174262 1654113
4119874 1654113
1504522 1654113
12673086 1654113
1776446 1654113
4898982 1654113
10439672 1654113
22408599 1654113
10254652 1654113
10390701 1654113
27698672 1654113
22462051 1654113
27698673 1654113
27698674 1654113
12632460 1654113
12696220 1654113
22462052 1654113
11910898 1654113
22462053 1654113
27698675 1654113
679402 1654113
993352 1654113
1334834 1654113
546748 1654113
529207 1654113
1376783 1654113
549333 1654113
274848 1654113
692728 1654113
2062520 1654113
22457463 1654113
558560 1654113
597124 1654113
2489927 1654113
612610 1654113
22461840 1654113
728813 1654113
126290 1654113
671592 3574342
2391706 3574342
10589462 27698676
3605057 15839235
27698380 15834807
27698677 15834807
12605059 15834807
27698208 15834807
16237735 15834807
2034515 15834807
16231240 27698678
27698367 27698678
27698182 27698678
16235846 27698678
27698679 27698678
19220652 27698678
27698432 27698678
768814 27698678
27698214 27698678
27698217 27698678
22466162 27698678
27698229 27698678
768784 27698678
4190831 15006459
12655040 12902644
1375508 15840549
19216239 15805742
27698680 15805742
16281870 15805742
3640050 15805742
16283714 15805742
1568682 15805742
715547 15805742
1151531 15805742
694427 15805742
1387634 15805742
16171803 15805742
27698681 15805742
27698682 15805742
1366227 15805742
14312180 15805742
10219723 15805742
1394351 15805742
14305247 15805742
12611734 15805742
877011 15805742
16234188 15805742
16171601 15805742
3531101 15805742
16169733 15805742
10219728 15805742
16169739 15805742
16169752 15805742
10219730 15805742
1600882 15805742
16171343 15805742
683777 15805742
16169779 15805742
27698683 15805742
12165395 15805742
6334222 15805742
11861240 15805742
27698684 15805742
27698685 15805742
1366121 15805742
27698686 15805742
16170012 15805742
234715 15805742
1459812 15805742
10219763 15805742
16171949 15805742
16170107 15805742
16170133 15805742
16170154 15805742
14300194 15805742
27698687 15805742
27698688 15805742
1378289 15805742
27698689 15805742
16170287 15805742
16238531 15805742
16170384 15805742
27698690 15805742
16239652 15805742
1527814 15805742
27698691 15805742
14302925 15805742
234715 15843639
478825 15843639
1776712 15852512
128413 15852527
1462454 15852531
10471321 23916718
251346 9559227
213713 9559227
1415161 15855717
566444 16809217
414993 16809217
750355 1090095
16170133 15805747
3649649 15805748
1620743 15805749
659004 15805751
234715 15805755
715547 15805756
15211134 22464749
1539937 22464749
404246 22464749
531448 22464749
16452611 27698692
12242438 15852405
1306163 15858017
478825 15843645
16235535 14618128
414993 18146863
750355 16011368
10317196 1088983
16169656 11808638
16169785 11808638
16169876 11808638
739718 27698693
820705 1064601
12661050 3069615
8489818 22467937
366939 22467938
8402535 22467938
577564 22467938
1856132 22467938
27698694 1091115
22409684 16503752
27698695 1064627
16237830 1064627
807857 27698696
4233173 27698696
4828710 27698696
22430611 27698696
15101461 9493085
16269689 27698697
601890 27698698
3102276 1064636
27698699 1064636
16268274 1064636
27698700 1064636
491407 3637396
22368366 2701266
12631022 16507250
1460577 15839238
1510369 15839238
1605750 15839238
622630 15839238
27698701 15839238
1457556 15839238
1638466 15839238
14306544 15839238
84418 15839238
27698702 15839238
1839641 27698703
1510988 22475366
10589980 22475471
465244 22475471
27698704 22475471
12668481 22475471
1888532 27698705
1888532 27698706
16371159 835518
4513391 2618886
11903874 27698707
158621 2713525
12627174 2663420
440877 4126315
27698708 851704
311252 2618098
302048 27698709
155276 27698709
185930 2710639
409619 4750977
611467 15822831
27698710 15822831
10245024 15822831
10245024 15822831
16171491 15822831
18499412 15822831
16171897 15822831
18513488 15822831
18513488 15822831
12619834 15822831
12619834 15822831
2248983 27698711
