1152774 10590231
1155042 10532617
19722625 10532618
15252417 10532620
15115198 10532623
15246609 10532626
19814594 10532631
15246608 10532636
15255792 10532637
15250140 10532640
28991524 19235842
28991525 20837685
28991526 10532642
28991527 14353421
15115428 19235846
15252403 10532652
15246602 10532653
3649308 10532654
15250217 10532660
15247891 10532661
15246240 10532666
16976610 10532669
15123519 9964067
15175206 10532670
28991528 10532671
15250200 10532673
28991529 10532675
28991530 10590236
15183512 10532677
28991531 10532678
16945994 10532681
28991532 10532682
15138300 9571088
3108561 10532684
28991533 10532686
15115504 16414998
16991381 10532689
15173149 10532690
19746810 10532691
28991534 10532693
28991535 19086672
19801805 16020688
16933792 10532702
18486253 10532704
15192763 10532706
15242403 10532707
28991536 10884395
28991537 10590248
28991538 16415026
28991539 16203404
15115487 17868636
19755741 10532709
28991540 10848627
28991541 10848628
28991542 16415053
28991543 10018635
19739508 17868637
28991544 13615912
15183486 13610419
28991545 16415061
15175984 10018674
15175986 12183618
28991546 12183623
15175987 12183625
1811280 10532712
15239559 10848639
28991547 10848640
28991548 10848642
15250121 10590258
16927515 10590260
16927581 13818135
28991549 10848644
28991550 9571187
19763046 10532714
15246189 10848645
15243204 10848646
28991551 10848647
28991552 10848649
15239561 12183637
15147815 10848652
16939992 13610429
15192821 10532716
28991553 10848654
28991554 9964095
19757804 10590267
28991555 10590268
19758014 10532717
16936055 9964115
28991556 9964121
19758716 10532718
28991557 13610434
16944559 10848658
28991558 13818140
15179516 10532719
28991559 10848662
28991560 10532720
15252549 10532727
28991561 10532728
28991562 10532734
16966929 10532736
15192849 10532739
16992489 10532741
15195691 10532743
11916091 10532752
16979318 10532754
15133727 10532755
14682376 10532756
28991563 10532759
15192482 10532761
28991564 10532766
28991565 10532769
15108897 10532776
28991566 10532795
28991567 10532805
28991568 10532808
15257047 10532811
28991569 10019325
17000813 10532813
17000821 10532815
28991570 10532818
15239888 10532824
28991571 9964225
28991572 10532841
28991573 9964277
15175174 10532843
28991574 9964306
19829280 10532852
10494750 9964316
19798238 10532858
15244103 10532868
15192780 10532871
15239604 10532884
19804422 9964368
28991575 10532903
15230659 10532909
15192819 10532913
5173095 10532933
15183467 9964396
28991576 9571445
15175408 10532948
28991577 10532966
15244593 10532974
15115322 10532979
15252378 10532983
5073545 9964400
28991578 10532987
28991579 10532993
15248343 10532995
19781111 10532997
15192599 10020114
19783478 10533020
19784054 10533026
28991580 9964413
28991581 10533030
28991582 10533032
28991583 10533057
19794151 10533076
28991584 13616409
15192755 10533089
15248765 10533095
15249296 10020441
15115478 18146949
15249359 10533101
15115489 14354886
28991585 10533113
28991586 16022987
28991587 10533121
15248321 10533122
21311056 16023109
11910784 10533130
16925463 10533131
19833513 10533141
28991588 10533142
28991589 10848670
15230367 10533160
15248006 10020699
28991590 24367405
15183542 10533170
15239560 9964504
15239143 10533172
15236352 9964513
15240952 9964519
28991591 9964521
15115386 20843512
20568560 9964523
12607108 9964529
10494753 9964531
28991592 9571659
28991593 9964538
15233281 10533180
19838044 10533181
15234987 9964542
15184097 10533182
28991594 10533185
28991595 9964550
15117042 10533186
28991596 9571669
16994905 9964567
28991597 10533188
15233282 10533189
12609302 10533195
28991598 10533198
28991599 10533199
15235227 10533203
16983549 10533207
15189472 10533215
28991600 10533219
15228439 10533221
28991601 16023965
15115254 19236241
15234623 10533229
28991602 10533230
28991603 10533238
15192828 10533240
15174070 10533241
15183197 10533252
15241200 10533256
28991604 10533259
28991605 10533264
28991606 10533272
28991607 10533278
28991608 10533284
28991609 10533292
28991610 10533296
15115518 14312537
28991611 10021208
15227597 10533302
28991612 10533311
16970528 10533315
28991613 10533320
15243910 10533330
15115440 16024737
15242961 10533345
19812681 14312582
15238413 10533350
28991614 10533359
15246759 9964600
15248682 9964602
15238450 10021510
15251955 9964606
28991615 16025006
28991616 22585099
28991617 9571778
19762601 14312830
28991618 14312831
15247006 9964626
28991619 22702716
28991620 14312839
28991621 10533375
28991622 10848675
15252056 10533378
28991623 10533380
28991624 10533397
10307235 9964640
28991625 10533401
19775915 10533407
19797395 10533412
19781212 10533416
15109825 10533419
28991626 10533423
28991627 14313249
15260256 16025345
18486266 10533447
15252662 10533454
28991628 10533460
28991629 10533471
28991630 9964652
15133746 10533510
28991631 9964668
28991632 10533520
15238647 10533530
28991633 10533539
28991634 10533584
15238631 10533595
15238638 9964748
15249435 10533605
15255515 10533612
17261456 10024030
15251375 10533613
15251033 10590344
15257052 10533632
28991635 9964777
28991636 10533645
11872572 10533648
28991637 10533668
15250555 10533672
28991638 9964828
15255786 10533678
28991639 10533697
15247239 10533699
15127188 16026999
10397581 10533710
15241671 10533720
28991640 9964879
15245225 10533729
28991641 10533732
15230080 10533738
28991642 10533741
28991643 10533749
15235922 10533759
15248226 10533770
15254576 10533776
3099946 10533779
28991644 13656963
28991645 13656973
28991646 10533797
28991647 10533798
15246604 10533799
15149145 10533801
28991648 10533802
28991649 10533803
28991650 10533804
28991651 10533805
28991652 10533806
28991653 10533808
15248750 10533810
28991654 10533812
28991655 9964980
15255567 9964986
28991656 10533817
10883109 10533818
15175200 9965000
15251676 10533819
28991657 24782662
15238570 10024036
15111081 9965016
15251133 10533826
12686434 9965023
15230036 9965027
28991658 14314497
28991659 14314499
28991660 9965031
15238419 9965039
15232028 9965076
19745733 16028412
28991661 10533953
28991662 10533954
15244759 10533955
28991663 10024042
28991664 10533957
28991665 10533958
28991666 10848694
12601886 10024044
15232117 10534002
15238652 9965226
28991667 10534027
1127933 10534050
15255561 9965309
28991668 14356629
28991669 22585483
28991670 10534096
15244189 10534120
15227195 10534133
28991671 10534146
28991672 10534162
28991673 10534190
28991674 9965497
28991675 14356803
15186565 22585594
16961472 10534210
15252101 10534216
28991676 10534217
15228438 10534220
21800445 10534230
28991677 10534238
28991678 10534241
15256941 10534286
15147888 10534288
28991679 10534294
15189467 10534297
28991680 10534305
15249415 9965673
15252667 10534315
15133758 10534324
28991681 9965685
19762164 10534341
15115525 10534344
15253386 10590387
28991682 10534360
15248806 10534379
28991683 9965720
15117048 10534420
15248111 10534422
1151789 10534427
15246712 10848702
19746327 10534439
28991684 10534444
15246184 10590396
28991685 10534471
28991686 10534499
15148777 10534505
15109826 9965762
15178882 10534514
19753961 9965768
28991687 9965806
28991688 9965810
28991689 9965814
15252980 10534549
28991690 10534566
28991691 10534569
1137609 10534570
1137651 10534576
1138393 10534599
15115376 10534600
15248022 10534622
19741981 10534625
15253922 10534634
28991692 10534637
28991693 10534673
28991694 10534677
28991695 10534678
15185389 21804018
28991696 10534711
28991697 10534712
28991698 10534718
28991699 10534719
28991700 10534723
28991701 10590426
15250100 9965863
28991702 9965899
15248787 10534749
28991703 9965905
28991704 9965913
15245743 9965917
28991705 9965925
15183422 9965927
28991706 10534753
15175414 9965931
28991707 10534759
16911933 10534775
28991708 10534782
15252247 12183870
15246728 10534793
15255311 10534799
15251603 10534802
28991709 10534808
28991710 10534837
28991711 10534839
28991712 12183872
15250196 10534919
28991713 10590456
28991714 10534935
28991715 10534946
10471465 12420833
28991716 10534988
15250434 10535009
15106391 10535012
28991717 19237385
28991718 10535069
15133802 10535075
15253688 10535087
28991719 10535099
21276538 10535108
15254401 10535110
28991720 9574168
14643891 10535112
15257065 10535179
15250921 10535183
28991721 10026047
22138685 10535190
28991722 10535223
28991723 10535226
15257003 10535229
15175638 10535234
15175176 9966106
1978007 9966112
15133725 9966162
15133788 9966176
15251035 10535358
16992030 9966266
15220217 9966285
15220213 9966293
15220461 9966300
16921924 10535371
15247012 10535381
15248229 10535382
16887948 10535384
15246383 10535385
15256990 10535395
15246195 10535428
15238039 10026054
1158768 10535438
15250119 10535461
28991724 9966318
28991725 9966329
28991726 10535546
15232100 10535601
15230155 10535602
15230314 10535606
15231025 9574702
15230645 9574708
15115216 10535627
28991727 10028172
28991728 10535676
15255395 10535679
28991729 10535681
15250123 10535685
1132926 10535686
28991730 10535689
28991731 10535692
15175528 10535693
28991732 10535696
15175217 10535705
28991733 10590531
19772259 10535706
28991734 10535709
28991735 10535711
28991736 10535713
28991737 9966394
28991738 10028176
28991739 9966404
28991740 9966408
10881967 9966414
28991741 10535723
28991742 9966418
28991743 10535732
15256971 10535738
15256904 10535749
28991744 10590545
1136083 10535789
15230146 10535794
15230384 10535812
16966847 9966434
28991745 9966464
28991746 9966466
28991747 9966468
28991748 10535828
15250567 9966470
28991749 10535832
28991750 9966472
28991751 9966478
15250445 9966480
15230732 10535836
16898948 10535847
28991752 10535848
15230471 10535852
15231610 10535857
28991753 10535903
28991754 10535905
28991755 10535920
15148472 10535925
28991756 10028185
15250319 10535964
15254905 10535972
15253531 10536003
15253278 10536009
15175319 10536010
28991757 10536016
1110605 10536024
15175226 9966504
10469376 9966508
15175287 9966514
28991758 10536044
15253566 9966525
28991759 10536049
28991760 9966529
15250473 10536072
15175192 10536075
28991761 10536084
15250128 10536089
28991762 10536115
28991763 10536118
28991764 10536121
28991765 10536156
27698523 9966551
28991766 9966559
16948803 9966569
28991767 10536236
15252922 10536245
1134401 10536256
15133717 10536277
28991768 10536313
15115293 10536364
15115234 10536400
28991769 10536416
16395873 10536466
15255483 10536471
15243253 10536488
15232960 10536497
15232266 10536500
16988268 10536509
15241929 10536516
28991770 10536522
15183202 12420919
15175442 10028205
28991771 10536530
15175444 10536532
15133742 9966796
15117045 9966840
15253687 9966846
19830728 10536626
15147971 10536657
28991772 10536666
19838756 10536671
28991773 10536681
15109746 10536693
15254170 10536698
15175337 12217689
15183265 10536728
28991774 9966964
15183429 9966969
19835603 10536747
15249401 10536783
15248744 10536785
28991775 10536790
1135708 9967045
14672738 9967061
15252461 9967101
28991776 10536838
15253597 12817594
15254586 10536877
15256974 10536891
15250130 10536899
1114764 10537003
15242763 10458095
15254252 10537085
15235858 10537186
1114345 10537220
28991777 10537252
15255343 10537256
15243484 10537374
15250124 10537400
15175362 10537435
19798796 10537440
15189478 10537468
15250903 10030853
10882312 10537524
19765864 10537528
28991778 10537530
28991779 10537533
1136090 10537548
1115761 10030936
28991780 10537630
15111148 10537653
15175425 9967595
15189474 10537683
28991781 10537685
15184098 10537686
28991782 10537688
28991783 10850290
28991784 10537692
28991785 10537694
28991786 10537698
15240926 9967614
28991787 10537715
15250129 10537731
15133763 10537766
15133747 10537799
15183206 10537803
19733400 10537805
28991788 10537821
28991789 10031372
28991790 10537859
28991791 12421330
15250133 10537942
15247102 10537943
28991792 9967828
15239409 10538003
28991793 10538044
19802711 10538052
15175168 10538053
19732643 10538054
28991794 10538055
20606773 10538058
15250112 10538059
15256960 10538096
1118853 10538109
28991795 10538118
15250143 9967923
28991796 10538156
28991797 10538166
28991798 10538179
15253600 10538195
28991799 10538207
28991800 10032921
28991801 10538211
28991802 10538213
28991803 10538214
28991804 10538224
28991805 10850347
15175386 10850348
28991806 10538235
28991807 10538237
28991808 9968068
1130757 10850355
15250116 10850361
15256075 10850374
15252743 10850376
15253528 10850382
28991809 9968229
15126118 10538567
17253904 10538627
28991810 10538742
15115353 10538775
28991811 10538784
14740500 10538792
15253530 10538800
15250139 10538811
28991812 10538812
28991813 10538816
15115354 10538833
15252083 10538840
28991814 10538847
15256906 10538880
28991815 10850433
15252260 9968552
28991816 10538980
28991817 9968574
15133751 10538996
28991818 10539000
15255475 9968610
15240066 10539020
28991819 10539040
28991820 10539042
15255558 10850438
28991821 10539066
28991822 10539094
28991823 10539096
15254544 10850446
28991824 10539132
15239414 10539143
28991825 10539197
28991826 10539278
28991827 10539299
15148287 10539306
15250146 10539314
17253895 10850462
28991828 10539367
15239987 10539383
15251042 10539390
15133740 10539392
15255724 10539400
17261463 10539412
15115284 10539435
15133729 10539491
15115314 10539559
15115543 10539570
15257080 10539624
15115407 10539633
21345886 10539670
15133743 10850488
15256894 10850495
15254816 10032960
15250117 10539730
1126819 9969235
15250478 10539791
28991829 10539831
1127623 10539834
10469377 10539856
15111013 10539862
15115514 10539965
1128143 10540006
15235690 10540053
28991830 10540058
15256969 10540069
28991831 10540070
15147305 10540079
28991832 10540111
28991833 10540118
28991834 10540125
28991835 10540130
21440427 10540138
19796945 10540139
28991836 10540142
19825736 9969646
19838471 9969650
28991837 9579874
19796778 10540169
15251140 10540174
15231502 9969680
19784393 10540205
28991838 12421385
28991839 12421387
28991840 10540240
28991841 9969726
11894139 10540257
15255826 10540293
15115404 10540308
28991842 10540319
15257009 10540325
28991843 10032986
28991844 10540413
28991845 10540444
17262886 10540519
28991846 10540529
28991847 10850568
28991848 10850569
28991849 10540629
15115307 10540630
28991850 10540631
19215972 10540632
15254620 10540641
28991851 10850575
28991852 10850577
28991853 10850578
15254927 10850590
15133716 10540681
15115330 10540708
15253385 10540714
15253443 10540736
15243590 10540740
28991854 10540776
22420185 10540784
28991855 10540787
28991856 10540788
28991857 12183975
15256972 10540793
28991858 10540923
15115298 10540972
28991859 10540981
28991860 10850615
28991861 10850616
28991862 10540983
28991863 10540987
28991864 10540989
28991865 10540995
15250114 12421641
776057 10541059
15250197 9580513
15250126 9580514
15254961 9970753
15180271 10541069
28991866 10541071
28991867 10541075
28991868 15403840
28991869 10541098
15251855 9970800
15255003 9970802
28991870 10541137
15133765 10541151
15123516 10541168
15115288 10541169
15147429 10541216
28991871 10850628
15122375 10850629
28991872 14690873
28991873 14690874
15247035 10541251
28991874 10541253
28991875 10541256
28991876 10541269
15248645 10541277
15248456 10541290
19774998 9970956
16901001 10541298
15255344 10541299
15250120 9970963
28991877 10541304
16921851 10541314
28991878 9580670
16941625 10541330
15243298 10541341
15244162 10541349
19798584 10541358
28991879 10541360
15248510 10541370
28991880 10541380
28991881 10541390
15240139 10541400
15248496 10541410
28991882 10541416
28991883 10458149
28991884 10541420
15241422 10541431
15255264 10541445
20070240 10541446
5066609 10541448
15255468 10541449
15147324 10541452
28991885 10541454
28991886 10541455
19740790 10541459
15250122 10541461
15248019 10541464
15147986 10850639
15242960 10541465
19792154 9971046
28991887 9971048
28991888 10850644
15148345 9971061
15237663 10541473
15244641 10541474
15240738 10541481
15240918 10541482
28991889 10541483
28991890 10541484
28991891 10541485
15246607 10541487
15257058 14327634
15239383 10541501
15115324 12818368
15253984 11811868
15247007 10541512
19739223 12421712
15248434 10541535
15239537 10541563
15183271 10033044
28991892 9971565
28991893 9971609
1980235 10541661
28991894 10541669
28991895 10541674
15253529 10541681
15247069 10458157
28991896 10541768
28991897 10458158
15244644 10458159
15115241 10541970
28991898 10541985
15239980 10542001
15115537 10850880
15241767 12183993
28991899 14366025
28991900 10542005
28991901 10458163
28991902 10542015
15147940 9972625
28991903 10850968
28991904 10542021
28991905 10542027
28991906 10542032
15115417 10851176
1133913 10542056
15246237 10542057
28991907 10542058
17253900 9972938
15228365 9972950
28991908 10542060
28991909 9972958
16971649 10851277
19735304 10851279
28991910 10542063
19769123 12225693
15252202 10542069
28991911 10851339
15253270 10851357
28991912 10542078
28991913 10851392
28991914 10851469
28991915 10542101
28991916 9973747
28991917 12422255
28991918 10035313
28991919 10542126
15115474 10851653
28991920 10542137
15242417 10542138
15196524 14333176
28991921 10542140
15252419 14333190
28991922 10542141
28991923 9974465
28991924 10542142
28991925 10542146
15115347 9974616
28991926 9974647
15115521 9974661
15251515 12184034
15229980 12422308
11898468 10851733
28991927 10542163
15106623 10458182
15235977 10542167
28991928 12422349
1847341 10542170
1794391 10542173
28991929 10542175
15175242 15407325
28991930 10851777
28991931 12422379
28991932 10851780
28991933 10542184
28991934 14334232
28991935 15407417
15252362 10542186
28991936 12422409
28991937 12818768
28991938 15407522
28991939 13662522
15178443 10542198
28991940 10542199
15174067 10851831
3503229 9581588
28991941 13662538
28991942 10851832
28991943 9975400
28991944 9975402
15174074 9975412
28991945 13617590
28991946 9975421
28991947 9975425
28991948 12422428
16897388 9975427
15174075 9975429
28991949 14979156
28991950 14691753
16972378 10851837
28991951 10037676
28991952 12422433
28991953 10542205
28991954 10542207
28991955 9975638
15236089 12422452
28991956 14691767
28991957 12422462
28991958 10542219
28991959 12422483
28991960 10542227
15239408 10542229
19738778 10851913
15245237 10542235
28991961 10542240
15238541 10542241
28991962 12521044
15239335 10542248
15234982 10542253
15175432 12422563
28991963 14523812
28991964 9976585
15151485 10542261
28991965 10542262
1158328 10542265
15242962 10542268
15189475 10542269
15115295 15408346
15242964 10542286
28991966 10542288
15109019 9977294
15240021 10542290
15244373 10542293
15228055 12422707
15250142 10542294
15247113 10542297
28991967 14337528
15196525 15408681
15239079 9977421
15147239 12422731
28991968 12818892
15241338 15408764
14681718 12422770
15115291 14369212
12246050 10542309
28991969 14337773
28991970 10037705
14740325 10542313
15247020 10542314
15251620 10542315
15251528 10542316
28991971 10542319
15115420 12422814
28991972 10542320
28991973 10542321
15239574 10542322
28991974 10542324
15114604 10542326
28991975 10542329
28991976 10542330
28991977 10542331
28991978 12422854
28991979 12422856
28991980 12422857
28991981 13663066
28991982 12422858
28991983 12184073
19768306 12422859
28991984 13663078
15239077 10542335
15244973 10542336
15112092 12422872
15109737 12422883
15239255 10542345
15242363 10542348
15254465 14369541
28991985 12422899
15242364 10542353
15246307 10542354
15239259 10542361
19747470 14692441
15232699 10542366
15147289 13818546
14740353 10458200
15239264 10542372
15175274 9979213
15244364 10037720
16938607 10542377
15239347 10542378
19739359 12423023
10883364 10542399
28991986 15409792
15246314 10542400
15179512 10458205
15248117 9582114
15237169 10542404
15196571 12423115
15255351 10542405
15242834 10542418
28991987 9980330
28991988 15410092
15117564 10542430
15247967 9582190
15183848 12423243
15238666 10542439
15246019 10542444
15244395 10542445
15240500 9980753
15238992 9980757
28991989 10037748
28991990 10542452
15242116 10542453
28991991 10542455
15238667 10542456
15251864 10542457
15238675 10542462
15251914 10542465
28991992 10542468
10469217 10542473
15235130 10542474
28991993 10542487
15257006 12423473
28991994 10542504
4242929 10542507
28991995 9582435
15115510 12423549
15115421 9582444
28991996 10037773
15115545 12423560
28991997 10542513
28991998 15411089
15240688 10542514
15250147 10542520
15244468 10542521
28991999 10542531
15133707 12423682
28992000 12423690
15178441 10542541
2009201 10542543
28992001 12423736
1598768 10542551
15242950 10542553
28992002 10542556
15243535 10542557
15240520 10542566
28992003 12819320
28992004 14371742
4015659 12423825
28992005 10542575
28992006 15411886
2022706 10542596
15235630 10542611
15239928 10852002
28992007 10542616
15233522 12819349
15240064 10542625
15123115 14372324
28992008 12424067
28992009 12424075
28992010 13818597
15254723 14979166
15255334 12424083
15255347 12424092
15246716 10459637
14977059 12424093
28992011 14343028
28992012 14343030
28992013 10542638
28992014 12819511
28992015 12819513
28992016 12819521
15240002 10542641
28992017 10542645
21798406 9583019
15258274 12819641
15254526 12424191
15239361 10542659
15115296 12424202
15115459 12424204
15255570 9583042
15115320 12819680
28992018 12424215
15246576 10542666
28992019 12424222
15109335 12819696
15115343 12424224
15239157 10542674
28992020 10542682
28992021 10542695
15237293 10542702
28992022 10542710
28992023 12424423
15243526 10542713
28992024 12184165
15238945 9583208
15257341 10542719
15247768 10542726
15241954 10542727
28992025 9583280
15240139 15413556
28992026 14373361
15256938 13664401
15250152 12424510
15238867 10542734
15133762 13818616
15133739 12424518
15178446 13664406
28992027 12819932
28992028 13664410
15109334 12184172
15244565 10542737
28992029 12424532
15244793 10542738
1797907 9983213
15115346 12424546
15251926 12424552
28992030 15413684
28992031 12424556
28992032 12424559
2509666 12424573
15243576 10542761
28992033 10542769
15250184 10542772
28992034 12424661
15246696 10852004
28992035 12819974
15250193 14343743
15254991 12424681
15241592 10542779
15147280 12184196
15251533 12424682
28992036 13818624
15147249 9583505
15148358 12424686
15147699 14343757
28992037 12424688
15241459 10542782
15253686 14838688
28992038 10542786
15241039 10542789
15257053 12424729
15180286 12424734
15255878 14373951
12615594 10542792
15147230 13664532
15241265 10542797
22146612 13664548
15257064 12424778
15244396 10542803
15225613 10542805
1141280 12424789
28992039 10542806
1139678 14373965
17016611 13818658
15239477 10542816
15239480 10542817
15148297 9983277
28992040 9983279
15253286 13818691
15115513 13818692
15255679 14373981
28992041 10542822
28992042 9583723
15251957 16417193
15117043 14343816
15175655 16417196
15239373 10542825
28992043 14373986
28992044 12424848
15251473 14704541
28992045 12424850
28992046 13818705
28992047 13818717
15244191 9583754
15251965 12424872
28992048 13818718
28992049 12424873
28992050 14343825
15252144 13818720
28992051 14374005
3426603 10542836
15183405 14343831
28992052 14343832
15242632 10542838
28992053 9583779
28992054 10542839
28992055 16176781
28992056 10542842
15251515 13818734
28992057 12424914
15115265 13818735
28992058 12424915
28992059 12424916
28992060 12820000
28992061 9583792
15115541 12424918
15123116 12820008
28992062 12424922
15242835 10542846
28992063 9583795
28992064 12424924
22420185 12424928
28992065 12820013
28992066 12820015
28992067 12820017
15251865 12424931
21513734 12184244
28992068 10542848
15175204 10542849
28992069 12424940
28992070 14343844
15123116 9583807
10882199 10542850
15246799 10542851
16940837 10852006
15141462 10542860
28992071 10542862
3610436 10542864
28992072 16062856
15242896 10542869
15235980 10542874
28992073 10542887
15244483 10542892
15239076 10542894
1158527 10542899
15242340 10542909
28992074 12425131
28992075 10542912
15189496 10542917
28992076 9584080
17001171 12425184
20460841 12425206
21338577 16417272
22285456 9584095
15239299 10542929
28992077 12425233
19784056 12521252
28992078 12521253
15246789 10542934
15246788 10542935
15242963 9983324
15183759 12521271
15147475 14374088
16937446 9983326
28992079 12425251
28992080 10542937
16954192 10542938
28992081 12184288
28992082 10542940
28992083 12521288
15133733 12425284
28992084 10542942
19720532 10542945
15178449 10542947
15175602 10542951
15192628 10542952
15174386 12425349
28992085 10542954
15115280 9584135
15173778 10542955
28992086 10542958
28992087 10542961
19809014 10542962
19811016 10542964
19818600 10542967
28992088 10542968
12599439 16065892
28992089 10542973
15246197 10542976
28992090 9983334
19732441 10542978
28992091 10542980
19755359 9983338
19754237 10542984
15243578 10542985
19754274 9983340
5144689 9983342
19761609 10542986
5064184 10542989
12619385 10542990
15255564 12425505
28992092 9584157
28992093 10542997
19820454 10542999
19822525 10037927
28992094 10543001
15252043 10543004
28992095 10543006
15251166 9584167
19827075 10543007
5068424 10037931
19829199 10543009
19799294 10543010
15192820 10543011
19798210 10590821
28992096 11812222
19799248 10037935
11916210 10037936
28992097 12425676
28992098 12425681
28992099 10543024
5161694 10543027
19737466 10543028
11916088 10543029
15192715 10543031
28992100 14344212
15246321 10543033
19743966 10543037
28992101 10543038
28992102 10543039
19766005 10543042
19767328 10543043
28992103 10543045
28992104 10543046
19780166 10543049
19779892 10543050
15231309 12425800
28992105 10543052
15175033 10543055
15115227 14344266
19777998 10543058
5173374 10543059
28992106 12425833
28992107 12425834
18480155 14344286
19778390 10543061
15250212 12425845
19783003 10543063
19784932 10543064
28992108 14344319
15108975 10543067
15115290 16177098
5145771 10543068
5154604 10543069
15112229 14374217
19763453 12425865
15147298 14344335
15240750 10543071
28992109 12425870
19794891 10543073
28992110 13618022
15254518 15789066
28992111 10543076
15192716 10543077
28992112 13664756
28992113 12425890
28992114 9584199
28992115 12425893
19791040 10543079
15256916 14979186
28992116 10543082
19733112 10543085
15115546 12425923
28992117 10037957
19841390 10037958
28992118 10543086
28992119 12425929
28992120 10543088
15133715 13664762
28992121 12425932
5166304 10543091
28992122 15861985
16294502 14705977
28992123 12425947
15184081 10543094
28992124 12425948
19837943 10543095
19836908 10543096
15115277 10852009
15248392 9983392
15106390 12425980
28992125 14705984
15133745 13618048
15148400 12425985
15256944 15861990
15240801 10543107
15256999 14838708
15115221 12517354
16892888 10543114
28992126 10852068
15106621 10852069
28992127 10543115
28992128 10543117
18477371 10852081
15256887 16417464
28992129 10543118
15115301 15861992
15111478 9584225
28992130 10852092
28992131 10543119
15249902 10543121
28992132 10887779
28992133 10543122
15248082 10543123
28992134 10543125
16883775 10543126
28992135 10852155
16885107 10543127
16895288 10543130
28992136 10543133
16934050 10543135
19798034 16417482
15147889 14374295
28992137 10543136
28992138 10852199
15246191 10543138
16979193 10543140
16980046 10543141
15175568 10543144
28992139 10543145
28992140 10543146
15189031 10460840
28992141 10543147
19748376 16417497
15239355 10543155
28992142 10543162
16897593 10543164
15254139 10460890
15244153 10543171
15246527 10543173
28992143 10543177
28992144 10543185
15239018 10543186
15246319 10543187
15174391 10543188
15246190 10543189
15253932 16417577
28992145 10543190
28992146 14344548
15250181 14980601
15250137 13618105
28992147 10543192
15248376 16417586
28992148 14344552
28992149 10543193
28992150 10543194
28992151 16177236
28992152 10543195
15247735 10543196
15113368 14344571
28992153 9584276
28992154 16417604
15249832 15862034
28992155 10543199
28992156 10543200
28992157 10543201
28992158 16417613
15133713 16177244
15250215 14980602
28992159 14344590
15115363 16206613
15133735 10852358
15250432 10852359
15244095 10543205
28992160 10041190
15242566 10543206
28992161 10543211
16901234 10543212
28992162 9584286
15243257 10543213
28992163 10543214
15248230 10543215
28992164 10852429
16984936 10543216
15250134 10543217
15133728 10852439
19725913 10852441
15243103 10543219
19786391 10852442
15148240 16417643
28992165 10852443
28992166 10543220
15243201 10543221
15115278 13618129
28992167 10543222
15248764 10543223
21279543 15862053
15244170 10543224
28992168 15862054
28992169 10543226
17271915 10543227
15246188 10543229
15239815 10543230
15189480 10543232
16969177 10543233
28992170 10543234
17292477 10852520
15250125 10852522
15132548 9983651
28992171 10852533
28992172 10852534
28992173 12426023
15241094 10543239
28992174 10543243
28992175 10543245
28992176 10543247
15196522 10852614
15175066 14344734
28992177 13664836
15111040 10543261
15247206 10543264
28992178 14706200
15256993 14344785
28992179 9584324
21266629 14344828
15106392 13664855
19732825 16417779
15147308 14344849
28992180 14344850
28992181 14344851
28992182 10543280
15109745 14344855
16956406 10543286
15192720 10543287
15115305 16417800
16979469 10543288
15244542 10543289
15246208 9584332
28992183 14374471
15115282 16417816
15239172 10543296
15241722 10543299
28992184 16206707
28992185 14706227
19749417 14706231
15115299 19689365
15239229 10543303
19755289 13618188
19812889 14374502
19811681 14374504
19820606 14344882
28992186 16206719
15250145 14344884
15115367 13618190
15239158 9584344
28992187 14344894
15242702 10460894
19731367 10852618
15255791 14344898
28992188 15789203
15250132 10852624
15250115 10852625
28992189 9983694
1141103 10852630
15175281 10852658
15242126 10543314
19834468 10852676
15189493 10460932
28992190 10543320
28992191 10543321
15239497 10543323
15256913 10852726
15248953 10543325
15235963 10543326
15115268 9983787
12599527 10543328
15242070 10543330
1143068 14344928
15147863 14344935
15246577 10543333
1141004 14344943
15115325 10852779
15248163 10543334
28992192 9584375
15115378 10852781
28992193 14344952
28992194 14344954
15244505 9983827
15253285 10852821
15256909 10852822
15245210 10543341
15256963 10852845
15238525 10543344
28992195 10852858
15115303 13618209
28992196 10852879
28992197 16417912
28992198 9584398
15111263 9584403
28992199 9584405
15255096 10852960
15115529 10852965
15178549 10852977
10245178 10543367
15254784 10852993
15255731 9584416
15255586 10853002
15255523 10853006
28992200 10853007
15123123 10853009
15252262 10853013
28992201 10853026
28992202 10543374
15180282 10853040
28992203 10853041
28992204 10543375
15250136 10853056
15248298 10460951
15239605 10543377
15245211 10543379
15115530 9984083
28992205 9984089
15243077 9984097
28992206 9984105
15242690 9984109
15115509 13618224
28992207 9584427
28992208 9584429
28992209 9584431
28992210 16417948
15253850 10853108
28992211 10853109
15239514 10543385
28992212 10853155
15111011 10543389
15245725 10543394
15240847 10853188
15133748 13664881
15133744 9584445
15133732 13618230
28992213 14706402
15115344 14345113
28992214 10460965
16393157 10853190
28992215 10041698
15133731 10853194
15115360 10853197
28992216 9584449
17253879 10543404
15147302 14374593
28992217 10543405
15175291 10853207
28992218 10853211
15175487 10853212
15250144 10853213
28992219 10543406
28992220 14345126
15251863 14345127
28992221 10543407
22475419 10543408
22129153 10543410
15115405 10853233
28992222 10543411
15108977 10543413
17253880 10543414
15115540 10853250
28992223 10853258
15115318 14345160
15111794 10853267
17253836 10543416
15250127 10853269
28992224 14345166
15133720 10853275
17253848 9984137
15115357 10853287
16895128 10543418
15115350 10853294
15253564 10853303
15256994 10853306
28992225 10543420
15133721 10543421
15115377 10853316
28992226 10853318
28992227 10853319
28992228 10853320
15255692 10460981
12640615 10543422
15253469 9584470
17253876 10543423
28992229 9984143
28992230 10543425
15133759 10543426
28992231 10543427
18486430 10543428
28992232 10853368
28992233 10041705
15189486 10543431
22453528 9984145
28992234 10853404
28992235 10853427
28992236 10543436
15257063 10853446
17254045 10543438
14660081 10853453
28992237 10543440
28992238 10543441
15115342 9984154
28992239 10543445
15115329 14345240
28992240 9984181
28992241 10543447
28992242 9584493
28992243 10853523
28992244 10543451
28992245 10543452
28992246 10543455
15243477 10543458
28992247 10543461
28992248 10543462
18515946 10543463
15178440 10543464
15241414 10543465
28992249 10853632
28992250 10543467
17268401 10853656
28992251 10543469
28992252 10853672
15242672 10543471
15115548 16177581
28992253 10853709
28992254 10543477
28992255 9584514
15115286 10041716
15115266 10853723
28992256 10543478
15115238 16418080
15106386 10853742
15250813 10461007
28992257 10853745
15240839 10543481
10471671 10853761
10165491 10543482
15115236 10853771
22137711 10853775
28992258 10543485
15133760 10543487
15115316 10853806
28992259 10543489
15242838 10543491
28992260 10543496
28992261 10543498
14985964 10543500
1108113 9584541
15247983 10543505
15109735 10853906
16978530 10543506
15246790 10543507
28992262 10853919
15249835 10853926
16907707 10543510
15179525 10461032
16976244 10543514
28992263 10543518
15248074 10543519
28992264 10854013
15180354 14345292
1142814 10041731
28685453 9984195
14675596 10543527
14676473 10543529
15239300 10543531
15244758 10041740
15245008 10543533
15255257 10854120
28992265 10854122
15147012 10041742
15241571 10543536
15174207 10041743
28992266 10854129
15147303 10854131
15148371 10041744
15251937 10543538
28992267 10854138
28992268 14374637
28992269 10543539
20069762 14374638
15115258 10854142
15256926 13618284
15115452 12184371
15115418 10854155
8403875 10543542
28992270 12184381
28992271 10854180
15248602 10543551
15255644 9984241
15254926 10854225
15256908 9984256
16313525 10854231
28992272 10543560
15239199 10543561
10468193 10041756
15236600 10543565
15239907 10543566
15256948 10854314
15115397 12426070
15243485 10543573
15232296 10543578
28992273 10543591
15244720 10543593
15239917 10543594
16927510 10543596
15255384 9584623
15106622 10854472
15246185 10543599
15255472 9584625
15253921 10854475
15115220 10041766
28992274 10854490
28992275 10543602
28992276 10854497
16999889 10543603
14888648 10854503
28992277 14345436
17001374 10543604
28992278 12426072
20568561 10854511
28992279 10854517
28992280 10854520
1160334 10543606
28992281 10854524
28992282 10854527
1698818 10543612
28992283 10854557
28992284 16418217
15117047 10543618
28992285 10854590
28992286 10854596
28992287 10543622
28992288 10854607
15241160 10543624
28992289 10543626
15242047 10543628
15244444 10543630
28992290 10543632
28992291 10543633
15243312 10041780
15115257 10854684
28992292 10543634
28992293 10854689
28992294 9584657
28992295 10854690
28992296 10543635
15256922 16418235
28992297 10543636
15248135 9984382
28992298 10543637
15183770 10854719
15248813 10543638
15246246 10543640
28992299 10543641
28992300 10854741
15249715 10543644
19726800 10854786
28992301 10543649
15255078 12426078
15241053 10543653
19783231 10854860
28992302 10543658
19734496 10854865
19757740 10854871
15147420 9584684
28992303 10543660
16887510 10543661
19813465 10854875
19752033 10854883
15138974 10543663
28992304 10854889
19818053 9584687
28992305 10543666
28992306 10041785
15233379 10854907
28992307 10854911
28992308 10543669
28992309 10854934
15248206 10543673
15241997 10543675
15240934 10543676
28992310 10854964
28992311 10854965
28992312 13818826
28992313 10543677
28992314 10854968
28992315 13618328
15246606 10543678
28992316 10854976
28992317 10543680
28992318 10854993
28992319 12517749
28992320 12184454
28992321 10854995
28992322 10854996
28992323 9584700
28992324 12426080
28992325 16418292
28992326 16418293
28992327 10855004
28992328 10855006
15252498 10543683
28992329 10855009
15239125 10543685
28992330 10543686
15174072 12426081
28992331 14374719
28992332 10855024
28992333 15862108
28992334 10855026
28992335 13618332
15248418 10543687
28992336 16418299
28992337 10041787
28992338 12184457
28992339 10543688
28992340 10041790
28992341 14524589
28992342 10855032
28992343 10855033
28992344 10543689
28992345 10855034
15174076 10855035
28992346 10855036
28992347 10855037
28992348 16418303
15174069 10855038
28992349 10855039
28992350 10855040
28992351 13618335
28992352 10855042
16931273 14374720
28992353 16418306
28992354 10855045
22139206 12184462
28992355 14345505
15247824 10543692
28992356 12184463
28992357 10041791
28992358 10855048
16993369 10855049
28992359 16418308
28992360 10041792
28992361 15862110
19769233 14345506
28992362 14345507
28992363 10855052
28992364 13664926
28992365 10855053
28992366 10855054
28992367 10543694
28992368 10855055
28992369 10855057
28992370 10855058
28992371 15789464
3482084 9584708
28992372 10855063
28992373 10855064
28992374 10855065
14888649 10855066
15174058 10855067
28992375 10855068
15246599 10543696
28992376 10855070
28992377 16418316
28992378 14374721
15237844 10543697
28992379 10855074
28992380 13618338
28992381 14374724
15174056 16418321
28992382 9584712
28992383 14707000
28992384 10855084
15241958 10543700
28992385 10855086
28992386 12184469
28992387 10855087
28992388 16207030
28992389 16177963
15174052 9584715
28992390 10855088
15244267 10543702
28992391 16207033
28992392 10855089
28992393 14374728
28992394 14345513
28992395 10855090
28992396 10855091
28992397 16177966
15245878 10543703
1356249 10543704
28992398 10543707
15235787 10543710
15240767 10041796
15115199 10855143
28992399 10543712
28992400 10855161
15244336 10543714
15257974 10855169
1160336 10543717
15248028 10543719
15180325 10855189
14382051 10543720
28992401 10041800
28992402 10855228
15133730 10855229
28992403 10855230
15133767 10855231
28992404 10855232
28992405 10855233
28992406 10855234
28992407 10855240
15257007 10855246
15247022 10543729
15257049 14374745
15115223 10855268
15115263 10855281
28992408 9584747
15248631 10543741
15254837 10855345
28992409 10855351
28992410 10543746
15106510 9584755
28992411 10543747
15255769 10855370
28992412 10855383
15250207 10543749
15255697 9584761
28992413 10543752
28992414 10855392
28992415 10543753
15148005 10855407
28992416 10543756
28992417 10543758
16947927 10543760
28992418 9584768
28992419 10855465
28992420 9584769
28992421 10543766
28992422 10543767
11897547 10543776
15254726 10543778
15183389 10543781
10167391 10543784
15192529 10543786
15192680 10543799
19786788 10855623
28992423 9584802
15175417 10543801
15133734 13618391
28992424 10543803
28992425 10855635
15133600 10855640
15175138 10855643
15244223 10543806
15133766 10855654
28992426 14345610
28992427 10543809
28992428 10041825
15251523 10855655
28992429 14345612
15248065 10543810
15253599 10855661
15128263 10855664
15192681 10543815
15189498 10543821
28992430 10543822
28992431 10543823
28992432 16418486
15192636 10543827
15115334 10855748
15183436 10543828
28992433 10543829
5062264 10855769
15250997 10461090
15239080 10543832
11897234 10543833
28992434 10543834
28992435 10855796
15244556 10543839
15175064 14345657
15115310 10855820
28992436 10543845
28992437 10855862
5065686 16418545
15244706 10543850
15257054 14374791
15106388 14707349
28992438 14707352
15238690 10543863
15133761 14524664
28992439 16418590
15251572 10543864
28992440 10543865
28992441 14345746
15175430 14345767
28992442 16418608
15133750 14345769
28992443 13664996
15147326 13664997
15242839 10543870
15115527 13664999
28992444 14345774
28992445 14345775
15115269 13618442
15115472 16418621
19823366 16207168
15115229 13618453
28992446 16418639
17001295 10543885
15192689 10543886
19819232 16418668
15241638 10543887
28992447 12426107
15247868 10543895
28992448 14524683
28992449 10543901
11999497 15862136
15115210 16178328
19838061 13665027
15254959 10543914
15115351 13665029
15115358 16418752
15232973 10543921
15228916 16178366
17253840 14345828
15253685 10543937
15115208 16418852
15239410 10543953
19834711 9584957
15115275 13618628
28992450 14707576
28992451 14524782
28992452 12426120
15253598 16178385
14659705 18141896
15256934 16178402
28992453 14980634
21342049 14345947
15243662 10543993
28992454 14374960
28992455 12521344
28992456 13618687
28992457 9585002
28992458 14707605
15238682 10543998
28992459 14374963
15115425 14345976
21444699 19093358
15256942 14374993
28992460 16419046
15238673 10544015
15257598 16419053
15133757 14374997
28992461 16419060
15115226 16178439
28992462 14524845
28992463 9585029
15115498 16207294
28992464 13618724
19751529 14345980
15175554 19093364
15180288 14375012
28992465 16419072
28992466 12426134
28992467 13618740
15115535 18141960
15188344 13618756
15241246 10544027
15115528 16419088
15254567 16207313
15115533 9585043
28992468 14346009
28992469 12426138
28992470 14980638
15133799 16419095
28992471 20830038
28992472 14980639
15252968 16419099
15235999 10041877
15115488 14346018
15255464 14346020
28992473 14346021
28992474 10544034
15115326 14346023
15255085 16419108
28992475 14375062
28992476 14375063
28992477 16419109
15255467 16419112
15115381 16207335
15257001 16419122
28992478 13665055
19745748 14375076
28992479 14375077
1151672 9585072
19787449 10041886
28992480 14980642
28992481 14375118
15147307 16419187
4773533 10544058
15111787 14707704
28992482 14346083
28992483 14346088
28992484 13618929
15255357 9585113
15115432 14346091
15126124 13665061
28992485 13618975
15115209 16419236
28992486 10544081
28992487 10544083
28992488 14375160
15115469 14524938
19835607 18142233
28992489 10544101
15248336 10461150
15115456 9985451
28992490 16178546
28992491 10855899
4320453 10544111
28992492 12188737
15115414 9985514
28992493 16419310
15108894 10544121
15225326 10544130
28992494 14346130
15256931 9585213
28992495 16207431
15148300 10856039
15115439 9585220
15256965 10856046
15147327 10856055
15257067 10856059
28992496 10856060
15253611 10856061
28992497 10856077
15147325 10856080
15175135 9585223
28992498 9585226
28992499 9585228
1109652 9985639
28992500 10544166
28992501 9985726
15248103 10544192
1158621 10544194
19727829 10856324
28992502 9985780
19801268 9985782
11913179 9985787
15115542 10856328
28992503 14346150
15147470 10856344
15115273 14375947
28992504 10856354
15115400 10856360
15178444 10544214
28992505 15789726
28992506 10856468
16379191 10856473
28992507 10544220
15250228 10544225
28992508 10544231
28992509 10544235
28992510 10544236
15254839 16419518
15244492 10544248
28992511 10856659
15115364 14376435
10486670 14707917
15106408 10856712
28992512 10856714
28992513 10856718
15244398 10544257
15173592 10856728
28992514 16419544
19733532 10856739
15175530 10856740
341344 10544262
28992515 13665080
28992516 10544263
15247152 10544276
15220433 9585384
15115526 10856912
28992517 10544295
15220364 10856991
15251047 10544299
15115304 10857090
19833635 10857112
28992518 10857122
15232272 10544320
15251617 10461176
28992519 10544324
15115321 10857168
28992520 10857172
15115289 14377176
19758066 10857205
28992521 10544346
28992522 20830045
28992523 20830046
21306741 10857337
21431464 10857358
28992524 10857361
28992525 10544358
28992526 10857385
15115461 10857403
15257002 10857410
28992527 10045190
28992528 10857420
28992529 10857421
15251330 10544369
28992530 9585529
28992531 10544380
28992532 10857511
15242949 10544392
28992533 21080014
1146365 14377908
28992534 16419644
28992535 14377916
28992536 14377938
28992537 9585565
15257000 9987510
15174222 9987516
28992538 20836736
19831299 14378147
17261443 9987534
15115217 19093442
28992539 9585571
28992540 10544438
15115352 19231741
15138320 13619749
17253901 19689858
28992541 20995137
28992542 20995138
28992543 16179035
28992544 20836741
15115362 20830066
15115502 14378415
15133718 20830067
15115285 16179042
28992545 9987573
15228437 14346365
15180349 14346374
28992546 14346377
28992547 14346382
15255416 9987575
15257060 9987581
28992548 9987587
28992549 19468222
28992550 14346390
28992551 24085351
28992552 14346392
28992553 21036947
28992554 20830072
15254876 14346396
28992555 21033331
28992556 14378593
28992557 9585590
28992558 14378601
15245846 10544467
15115292 15862171
28992559 20995187
28992560 20830083
15115247 13619795
28992561 10544472
15115534 14346432
15175371 14346442
15113177 16179092
19722361 15789823
15115501 14378838
28992562 9987642
15115300 14378843
15147886 17338874
15252766 14346466
15255774 14346479
15257055 19689870
15115332 18142745
28992563 20966433
16292692 14379053
28992564 14379057
15115536 14379067
10529040 14346497
28992565 10544500
28992566 10544503
28992567 9585610
15115308 19093491
17261467 9585615
28992568 10544511
15174732 19093499
15255212 19468232
19726422 14379232
15115222 13619861
15117044 9987713
15115523 9585619
28992569 16207646
28992570 10544518
28992571 14379262
15147319 9987747
15180323 9987755
15148429 18401236
15115323 14379323
28992572 14346590
15148341 14379333
15256893 14346593
19811786 14346596
15147680 14346601
15253684 14346607
15147279 14379395
15147166 19093520
15106231 19093525
28992573 18401238
15175074 21080117
15256940 15862184
15175522 14379434
15147306 14379484
15147290 14379491
15175089 14379493
28992574 10045244
28992575 10045245
15115359 10045246
12599974 19093544
15115519 9987812
15230733 10544565
15256910 21080137
28992576 14379927
28992577 19093553
28992578 16207685
28992579 9987852
28992580 14380042
28992581 16207706
28992582 13619946
15133737 16186869
15133749 13619956
19722145 14346753
15115224 14346759
17261440 9987868
28992583 9987887
1122912 10857620
28992584 10591026
28992585 14525184
15179526 10544588
1144400 20995279
15248377 10544589
28992586 10857641
28992587 10857651
28992588 10857654
28992589 9585723
28992590 9988021
28992591 10857726
28992592 9988054
15248073 10544591
28992593 10857790
19721272 10857829
15115345 10857830
15254790 17164374
15133754 10857836
15133791 10857838
15133741 10857857
28992594 10857859
15250014 10544592
28992595 10857862
15224152 10857863
28992596 10857864
626910 12521389
28992597 10857899
28992598 10857928
10468961 10544593
28992599 9988126
28992600 14380974
28992601 10045299
28992602 10857983
28992603 10857986
2568837 9585778
28992604 10858008
28992605 10858009
28992606 9585780
28992607 10858029
28992608 10045306
28992609 10858034
28992610 10858041
28992611 10858044
15173937 10858059
28992612 10858076
15250467 10544595
28992613 10858101
28992614 10858137
1110743 9988176
15248445 10544596
28992615 10591069
15220512 10591070
15230654 13818844
28992616 10858144
1127440 10858149
28992617 10858152
28992618 10858173
15178448 10544597
15257066 9988422
1128405 10045312
28992619 14346988
15115331 14347002
28992620 14381470
28992621 14347029
28992622 15790033
28992623 16186887
28992624 9585851
28992625 10591086
1129439 10591088
19765227 13620235
1130154 10591098
19817690 16207798
28992626 9585898
15115267 14347146
10488742 16186901
15253284 13620275
28992627 16419751
28992628 13620338
15115448 16419775
15109736 13620340
28992629 10858221
28992630 16207821
19804337 16419797
19769734 15790061
28992631 14347198
15256943 14347199
28992632 14347240
15256933 14347253
15115512 19093645
15114475 13620408
15115524 17339066
16959946 10045345
28992633 10591114
21324835 14347286
28992634 9988712
28992635 10858233
28992636 10591117
15115375 9585978
22130144 14347309
28992637 17164449
15115538 14347312
28992638 14347318
28992639 19477604
28992640 19477606
28992641 19477608
19835892 17164460
15106389 9585997
28992642 9585999
17253814 17164462
19726675 19093675
19741406 19477689
15241938 10544608
15115255 9586006
28992643 16419845
28992644 12184619
15115373 19477778
28992645 16419865
15115230 14347370
28992646 10045357
15233445 13620486
15257056 9586017
19772277 9586018
28992647 16186909
28992648 10045358
15254861 17164477
28992649 9586026
28992650 10591138
15189465 10591139
28992651 9586050
16330227 10858247
28992652 14347445
28992653 10858248
28992654 10045372
16325376 10591141
16974093 10858250
16993562 12184623
16325378 9988787
28992655 16419999
28992656 13620535
15147357 14383106
28992657 10858251
15255362 10544613
15256959 9988809
15225333 14347484
28992658 10858254
28992659 12184628
15239165 10544614
1146575 13818850
28992660 10858259
28992661 10858260
28992662 10858261
21430336 14347563
15115572 10045382
15115244 13620606
28992663 16420108
28992664 10858264
15115392 9586096
28992665 10591145
28992666 14347611
28992667 10544616
28992668 10591149
28992669 10591151
28992670 10858265
28992671 10858266
15225331 14347690
28992672 9989046
28992673 9989048
28992674 13620692
28992675 9586118
28992676 10858267
17253849 14347695
15115232 9989065
19818474 9989085
16889262 10461248
28992677 9586119
28992678 16420224
15115473 14383543
15254862 14347699
11870438 10858270
28992679 9586120
15256966 17164519
28992680 16420236
28992681 16420238
15254776 14347709
28992682 10858273
15255749 16420247
28992683 14347713
15180349 9586123
15255135 15790182
28992684 10858274
15256896 14347718
28992685 14383583
22402788 10858275
15242057 10544618
28992686 16420290
28992687 13620732
28992688 10858280
28992689 10858281
15115419 14347780
28992690 10461250
15256945 16420350
28992691 19478544
15115283 19478547
15255572 14383739
15147293 16420359
28992692 13620765
19733278 16179482
28992693 14347814
15195687 9586150
28992694 10544619
15227896 10858285
15256900 9989101
28992695 14347836
28992696 14347844
15192519 12184640
28992697 16420432
28992698 10858289
28992699 10858290
28992700 16420446
15122386 10858291
28992701 16420466
15115302 15790214
19769377 16420481
15115319 16420484
15255709 16420487
28992702 10591169
12601817 10858295
28992703 10858296
28992704 16179510
28992705 9989156
28992706 14347964
28992707 10045403
14740547 10591171
28992708 10858297
28992709 15790255
15239404 9586209
28992710 14347986
12612924 16420545
28992711 12188762
20450401 10544624
11855550 15790285
28992712 10544627
28992713 10544628
2104634 10045410
28992714 15790305
28992715 14384223
28992716 14348043
28992717 10544632
28992718 14348048
15248382 10544633
28992719 10544634
2224186 10544635
28992720 16420606
28992721 10544639
15239406 10544640
28992722 17419038
28992723 19479168
28992724 19093734
28992725 10544642
28992726 16420638
28992727 10544645
28992728 16420642
28992729 14348092
28992730 19093736
280954 10544647
28992731 16420653
28992732 9586222
28992733 10045416
28992734 14348103
28992735 10045419
28992736 10544650
15232946 10544651
28992737 11812473
28992738 16179556
15248172 10544655
28992739 10544657
28992740 10544660
28992741 14348127
15111982 14384504
28992742 10544663
28992743 9586238
28992744 14348134
15227922 10544665
19791368 16179594
15248630 10544666
28992745 10045429
28992746 10544669
19724285 14348171
28992747 10544671
15147994 14384579
22139070 16420758
22139087 13621281
28992748 10544676
28992749 10544677
10486598 9989303
15228054 10544679
28992750 10544680
18492134 16179629
28992751 10544682
28992752 9586252
28992753 10544683
15232971 10544684
15220368 10544687
28992754 16420833
15147299 16420838
19830384 14384733
15232180 10544691
28992755 10544692
28992756 10544693
15238815 10544694
15236052 10544696
15115368 16179676
2565200 10544698
28992757 10544699
28992758 10544702
28992759 10544703
15180352 9989346
15113089 9989348
15115341 9989350
11897377 9989357
15254865 9586268
28992760 9989366
15232301 10544705
15124621 9989368
28992761 16420900
28992762 10544707
15115212 16420907
28992763 15790377
28992764 9586272
28992765 10544712
28992766 10544715
2564382 10544716
15233930 10544719
326037 9989380
28992767 10544720
15115253 13621629
28992768 14348306
28992769 10544725
28992770 9989390
15245651 10544730
28992771 9989398
15230642 10544731
28992772 9989412
101955 9989424
15115436 9989430
15239997 10544732
28992773 10544734
28992774 14348339
15234528 10544737
15233286 16179802
28992775 10544738
28992776 10544743
1150999 19093763
28992777 10544744
28992778 10544746
28992779 10544747
28992780 9586294
15230658 10544749
28992781 10045450
15234687 10544750
18516038 16179853
28992782 10544752
28992783 19690090
28992784 9586301
28992785 16207958
28992786 16207959
28992787 14348385
19745628 17869561
15147320 16179861
28992788 14348387
28992789 18150081
28992790 10544754
17261464 14385323
19764626 12518240
28992791 20811886
15232828 10544757
28992792 9989515
28992793 10544758
28992794 14348410
28992795 14385349
28992796 9989517
28992797 13622001
28992798 10544760
15115531 10461317
15115515 16421256
15220366 10045458
28992799 9989547
28992800 16179896
28992801 10544763
28992802 14348436
15115387 9989561
15146691 10045461
15220844 9989563
15115211 16179904
28992803 13622162
18432684 10045463
28992804 10544773
28992805 10544775
15231522 10544776
20435924 10544780
15225332 10544785
28992806 10544787
11843090 10544788
28992807 10544789
15226818 10544791
12599965 10461373
15221161 10544793
28992808 10544794
15230644 10544796
15115544 16207996
15115233 15790442
15115389 20970212
15229139 10544799
23937043 16421445
28992809 14385802
28992810 10544804
15220280 10544805
15115444 17869565
28992811 14348539
28992812 14348544
21331209 14348551
15115398 14348556
15115522 14348557
15115240 17869566
607176 10544815
15115391 12242863
15241037 10544817
15237681 10544818
28992813 12242895
15220329 10544823
19736885 14386028
19739218 12426793
28992814 14527521
28992815 10544826
28992816 14386032
15235189 12242930
28992817 10544831
15253601 14527523
15232826 10544834
15115403 10045915
28992818 10544837
28992819 14386118
28992820 10544841
15230405 9989722
28992821 10544847
15111789 12243002
15112074 12243013
15232624 10544850
15225334 10544852
15233745 10544853
15147286 9989724
28992822 10544854
15147860 12243050
28992823 9989732
28992824 10544855
15115206 9989754
28992825 9989756
15115260 17164656
28992826 10544857
15174081 10046486
2490110 10544859
28992827 10544860
15228180 10544863
28992828 10544864
15115246 14348662
28992829 14527579
28992830 13622792
28992831 14348668
28992832 10544868
15147885 14527596
28992833 10544878
15220365 10544879
28992834 10544880
15242107 9586429
28992835 10544884
15122385 10544885
28992836 10544887
28992837 10544888
15233737 10544895
28992838 14348769
15236768 10544897
15115361 13622922
28992839 10544900
15239384 9989778
15189471 10544907
15239363 13622969
15239104 9989802
15239899 14527695
28992840 10544909
15235857 9989814
18420359 10544910
15239900 14527698
15239901 9989824
28992841 10544912
15239902 9989836
15239433 14348812
15239903 9989840
4048304 10544914
28992842 14527705
16957363 14348821
28992843 10544919
28992844 10544920
28992845 13623031
15173934 14348828
28992846 14527737
15234400 9586452
15115271 14527742
15228050 10544924
28992847 10544925
28992848 14348842
28992849 14348847
28992850 16208041
28992851 14348848
28992852 14527751
28992853 14348851
15188338 12426821
28992854 14527753
28992855 19480444
28992856 14527755
28992857 13623056
28992858 14527756
28992859 14387115
28992860 14527757
11841081 14387128
28992861 10544930
28992862 14527767
28992863 10544932
4452187 10544933
28992864 10544934
28992865 10544938
15115458 14348876
15231609 10544939
15232830 10544940
28992866 10544941
28992867 10544942
28992868 10544943
10472845 10544944
28992869 10544946
28992870 10544951
11833689 10544954
28992871 10544961
1109796 10544964
28992872 10544965
22278250 10048276
20547119 10544968
4032937 10544970
28992873 9586488
15115348 9989930
28992874 10544972
22139102 9989955
15115451 14387642
28992875 10544980
1116539 10048285
28992876 14349032
28992877 10544991
28992878 10544992
28992879 10591208
28992880 9989984
28992881 14527969
21157774 10544997
15115270 10048290
28992882 9989998
28992883 10545000
28992884 9990012
28992885 9990020
2310395 10048291
28992886 9990022
15226038 10545006
15106406 9586520
28992887 10545008
28992888 10545010
1121013 10545011
15233717 10545012
28992889 10545015
28992890 10545016
28992891 10545017
28992892 10545023
818217 10545024
28992893 16180355
28992894 10545025
28992895 10545027
28992896 10048299
1123529 10545029
28992897 14388378
11879491 10545032
28992898 14528114
16294501 10048301
28992899 14528115
28992900 14528116
16294497 9586545
28992901 16422060
28992902 14528117
28992903 10545034
16294498 13623323
28992904 16422064
28992905 9586546
16294499 14349154
16294500 16180380
28992906 14528118
28992907 14528119
28992908 14349155
28992909 13623324
14888470 10545035
28992910 16180384
28992911 14349156
28992912 14528120
28992913 16422078
28992914 16180387
28992915 14528121
28992916 13623325
28992917 10545036
28992918 13623326
28992919 14528122
28992920 14349159
28992921 9586550
28992922 16180390
28992923 10048302
28992924 14528123
28992925 14528124
28992926 16208114
28992927 9586551
28992928 17164729
28992929 10545039
15228823 10545040
28992930 10545046
15115231 14349167
15230348 10048309
28992931 10545048
28992932 9990406
28992933 9990408
28992934 14528163
28992935 13623345
28992936 9586563
28992937 9990412
28992938 13623346
28992939 14528164
28992940 16180416
15228440 14528165
15229344 15790510
28992941 16422140
28992942 14528168
28992943 9990416
28992944 9990418
28992945 9990420
28992946 9990422
28992947 9990424
28992948 9990426
28992949 14528171
28992950 9990434
28992951 9990436
28992952 9990442
28992953 14528173
28992954 14528174
28992955 12426860
28992956 14528175
28992957 14528176
28992958 14528177
28992959 14388575
28992960 10545055
28992961 14528178
28992962 9586568
28992963 14528179
19751166 14528180
28992964 9586569
28992965 14528181
28992966 14349184
28992967 13623350
28992968 14349185
28992969 14388579
28992970 13623351
28992971 13623353
15230953 10545058
28992972 10545064
28992973 10545066
28685069 9990448
15233813 10545069
28992974 10545070
15136001 10545073
28992975 10545074
541011 10545075
28992976 9990513
28992977 10545076
22474731 10545077
12605823 10545078
28992978 9990537
15230643 10545085
15230006 9990539
15225330 10545087
15231098 10545090
15147557 13623396
28992979 10545095
15115412 14528288
15238560 9990547
15239412 10545097
28992980 14349334
28992981 9586602
28992982 14349351
19739003 14349357
15115465 14349360
28992983 14528315
15229615 10545105
15115349 14528321
15225277 10545106
15115200 14389016
28992984 14528329
15256946 10048322
28992985 10048323
28992986 13623415
15180405 14349379
28992987 14389064
1112300 10545112
15239767 10545114
28992988 10545121
28992989 14528359
28992990 10545126
15220845 10545130
28992991 10545131
28992992 10545133
28992993 10545134
28992994 10545137
15230744 10545140
1026656 10545147
28992995 9990639
28992996 10545148
15238576 10545149
28992997 10545150
28992998 10545151
28992999 10545152
28993000 10545154
15232886 10545156
28993001 10545158
15239795 10545159
1129285 10048335
28993002 10545161
15228366 10545162
28993003 10545163
28993004 14528489
28993005 10545165
28993006 14528494
28993007 14349531
28993008 10545170
19722798 10545171
15115485 13623477
19792773 10545174
15229855 10545175
28993009 10545176
28993010 10545177
15245356 9586675
19736112 9990716
11869416 10545178
11910286 10545180
19807007 10545185
28993011 10545186
28993012 10545187
15115317 14349635
19808922 10545188
19772257 10545190
19810035 10545191
15256921 14528565
19811779 10545192
15256899 14349660
15233743 10545195
15147292 14528575
28993013 14389846
28993014 14528579
15115306 14528581
15115508 14349677
28993015 14349686
643302 10545200
28993016 10545201
28993017 10545205
19732599 10545206
19727823 10545207
1113790 10545209
5154914 10545210
344552 10545211
19747169 10545213
378030 10545215
796484 10545216
19747650 10545217
19752088 10545218
15122382 10545219
28993018 10545220
2466655 10545224
15115388 9586731
15238587 10545227
19761485 10545228
19761170 10545229
15115427 14349808
11905457 10545230
15227880 10545232
28993019 10048363
28993020 10545233
19823336 10545234
15147322 14528702
28993021 14528704
15238599 10545236
28993022 9990788
5156696 10545238
1118459 10545239
5069616 10545240
19821360 10545241
28993023 16180823
15227756 10545243
19826128 10545244
19827153 10545245
19754256 10545247
28993024 10545248
19831490 10545249
19830133 10545250
19828249 10545252
19798269 10545256
4236834 10545259
15189459 10545260
19800448 10545263
15229018 10545264
15183940 14349904
11919581 10545265
28993025 14528792
15122383 10545267
15115365 14528796
15247932 10545269
28993026 14349918
15189466 10545271
28993027 14349920
5184107 10545272
19740114 10545275
19786872 14528813
15183935 13623581
20879904 14349926
28993028 14528814
542532 10545276
19738221 10545277
28993029 10545278
15237326 10545281
28993030 10545285
28993031 10545286
5082618 10545287
19766974 10545288
15180375 14390703
15232880 14528852
15233377 14349956
19766472 10545289
28993032 13623595
28993033 9990893
28993034 9990895
19815261 13623598
15240568 10461554
15224448 10545292
19768485 10545293
19769486 10545294
20484225 10545295
28993035 14390793
15189468 10545297
19771882 10545298
15115395 13623606
11920814 10545299
15227206 10048381
15248192 10545300
12617825 10545301
1143553 14528884
15229017 10545302
5131547 10545303
15184174 10545304
28993036 10545305
19779621 10545306
28993037 10545307
28993038 10545308
3598175 10545309
15232641 10545311
15235706 14528911
19786255 10545314
15237736 14528914
19790569 10545316
5159963 10545317
5081515 10545318
15248581 10461557
28993039 9586802
28993040 14528929
28993041 14528932
5086201 10048387
11836121 10545326
19835206 10545327
28993042 14528953
28993043 13623643
19834455 10545328
28993044 16187015
1641415 10858304
5079139 10545329
28993045 14528963
15244147 10461559
28993046 10545330
19748106 14528968
28993047 14528971
19838769 10545331
15115453 13623652
28993048 14528976
28993049 14528977
28993050 14350067
28993051 10545335
15235322 10545336
28993052 13623658
28993053 14391195
28993054 9990991
28993055 14529002
28993056 9991001
15254256 14391208
28993057 14529007
15246320 10461569
20425610 10545344
12618776 10545345
28993058 10545346
15115497 13623665
15235971 10545350
17253905 13623669
28993059 10545355
1118397 10545357
15227429 10545359
28993060 10545361
28993061 10545362
28993062 9991064
28993063 9991070
28993064 14391469
15230552 10545369
15227849 9586839
15228388 10545370
15235904 10545372
15115204 13623698
15239298 10545374
28993065 14350144
15183936 14529120
15224438 9586843
15115207 14350147
28993066 14350151
15146382 10545375
1143902 14350155
15231228 10545378
28993067 9991112
28993068 10545382
28993069 10545386
15230640 10545390
17262880 10545394
17262864 10048401
15238384 10545396
28993070 14529160
17262881 10545404
15174224 9586887
28993071 9586890
15115327 14350221
15179514 10545407
15230208 9586894
15225329 10545408
15227698 10545409
15224560 10545411
15224931 9586897
28993072 9991205
15123112 14391968
15115384 9586899
28993073 10048410
28993074 14529198
28993075 14391976
28993076 9586905
19722148 14392019
15250229 10461586
1835514 10545418
15230411 10545420
17262890 9586915
17262883 10545421
15238397 10545422
17262879 10545423
15229923 10545424
28993077 10545426
28993078 9586925
15242033 14350269
15219986 10545430
28993079 10545431
15115251 16181260
15133709 10545436
17262888 10545440
17262889 10545441
28993080 10545442
15115374 14392224
15231521 10545444
15115446 14350286
17262885 10545445
15133753 10545447
17262891 10545448
17262901 10545450
17262902 10858305
17262919 10048424
17262931 10545452
17262878 10545453
28993081 12243506
15229933 10545454
28993082 14529315
16393139 10545459
17262887 10545461
2022708 10545462
28993083 14529327
15225327 9586960
16294619 14529340
28993084 14529343
28993085 9586964
15256962 14529344
28993086 10048432
28993087 14529347
28993088 14529348
28993089 14529350
28993090 14529352
28993091 14350330
28993092 14350332
28993093 10545473
28993094 14350334
28993095 14529375
28993096 13623814
28993097 15790621
28993098 14350356
28993099 14392519
15232565 10545478
28993100 19690280
28993101 10545479
28993102 10545480
15115213 13623820
15115256 14529385
18455490 10545484
28993103 10545485
28993104 10545486
20069534 16181340
21436948 10048441
15115249 9586982
20071383 11812559
28993105 10545490
28993106 14529415
1115864 10545494
28993107 9586985
28993108 9586988
28993109 10545500
15115471 14350392
28993110 10545501
28993111 10545503
28993112 10545505
15115312 9587008
28993113 10545508
15220367 10545510
28993114 10545511
15115261 9587016
15230219 10048464
15238574 10545515
28993115 10545518
28993116 10545519
2009411 10545520
20430587 10545521
15115445 13623851
28993117 14350435
28993118 14529492
16360832 9991321
15123114 9991323
28993119 14392931
15119893 14529505
15219914 9991331
28993120 14529506
15115355 14529507
28993121 14529515
15115491 14392955
15248444 10545534
28993122 14392962
28993123 10545537
15115447 9991354
28993124 16208351
28993125 9991362
28993126 9991364
15239387 10545540
28993127 14525564
15241765 10545541
15234654 10545543
28993128 14393039
28993129 20757496
28993130 14350469
15234663 10545547
28993131 10545549
28993132 14393102
15230542 9991413
28993133 14350484
28993134 10545554
28993135 10545557
28993136 10545559
28993137 14529607
28993138 10545561
15233380 9587070
17253846 10545563
28993139 14350516
15147283 13623888
15237383 10545564
15115467 13623889
28993140 10545566
28993141 9991423
28993142 9991427
15123120 16423425
28993143 15790684
28993144 9587074
28993145 9991448
28993146 10545573
15115214 14529621
15237035 10545577
28993147 16181444
28993148 16423432
15237243 10545578
15115237 14393272
28993149 10545580
15115372 20757715
28993150 9991464
15239376 10545584
15111941 14529643
17253835 10545586
28993151 14529657
28993152 10545590
15239010 9991506
17254271 10545591
18515970 10545592
15189460 10545596
17253844 10545597
15189456 10545603
10419283 10545605
15115243 14529694
15115379 14529695
28993153 9991514
15115315 13623921
17254483 10545609
15256973 14529697
28993154 14393440
15115366 14529701
15133738 10545612
18516085 10545614
28993155 14350708
15228900 10545616
18459081 10545618
28993156 14529713
28993157 10545623
15225328 10545626
28993158 17164964
15115393 14350762
28993159 9991560
28993160 9991566
15258228 14529728
16392916 10545630
28993161 13623950
28993162 9587126
28993163 14350787
15133736 10461605
15133789 9991674
28993164 10545639
15239377 10545644
15231465 10545646
15115336 13623965
15256947 14393611
28993165 14529747
17253885 14350889
28993166 14350896
18458629 10545656
28993167 13623977
15230757 10545657
15230704 9991695
28993168 14525688
28993169 14350941
22453344 10545662
18516005 9991697
15220523 10545663
28993170 10545664
15231592 10545666
28993171 10545667
28993172 14350963
15114425 14529778
28993173 10545669
15115426 9991713
17253837 10545671
28993174 9991721
28993175 9991745
15122384 10545674
28993176 9991753
28993177 9587159
28993178 16423659
28993179 9587160
17253838 9991767
15115335 13818888
28993180 14529800
15115500 16423666
28993181 14529805
15115435 13624002
17253827 9991769
28993182 16181560
28993183 9587168
17253834 10545679
28993184 10545680
19823439 19093893
19725379 14525708
17253839 10545682
15115276 13624004
28993185 14393807
28993186 14529822
15117565 14351055
28993187 9587180
15230026 10545688
28993188 10545689
15178447 10545690
10422971 10545692
28993189 16423699
28993190 14351075
22479998 10545693
28993191 13624015
15226400 10545696
28993192 14529861
15133779 14529865
10424506 10545698
18469907 14529876
15133787 13624019
15242338 10545701
15225549 10545702
16412485 21081216
18516086 10545707
17253788 10545708
15235978 10545709
17253841 10545710
18516087 10545711
15139458 10545712
28993193 10545713
18458798 10545717
17253826 10545718
17253865 10545721
15115262 14394014
15257010 10545723
15257120 9587213
15235133 10545727
28993194 10545728
15115313 14351146
15256901 13624039
15230808 10545729
15115294 14351150
17253842 10545730
15133723 10461623
1128049 10545731
12679213 10545733
15224436 10048530
28993195 10545734
15237361 10545737
17253516 10545741
12632660 10545744
17253676 10545746
22394704 10545747
15237242 10545748
28993196 10545750
15247997 10545752
28993197 10545754
15228367 10545758
28993198 10545759
28993199 10545761
15252268 10545764
28993200 14351354
28993201 10545767
15239241 10545768
15239243 10545770
28993202 14351383
28993203 9587256
28993204 10545771
15241955 10461625
28993205 10545773
28993206 10545774
28993207 10545775
28993208 10545776
15225037 10545778
28993209 10545780
28993210 10545781
2467068 10545783
28993211 9587272
28993212 10545789
15255063 10545790
1725788 14351485
28993213 10545794
15230264 10545797
28993214 14530150
28993215 10545798
15239144 10461629
28993216 10545800
28993217 10545801
28993218 10545804
15235979 10545807
28993219 10545808
15235398 10545809
28993220 10545810
20419032 10545813
28993221 10545814
15227431 10545815
15232640 14530186
15191355 13624132
28993222 10545816
28993223 14351607
28993224 10545819
15133711 10545821
15174223 13624140
28993225 10545823
15232475 10545824
15235769 10545825
15237972 10545826
15232728 10545827
15234783 10545828
15189463 10545829
28993226 12427395
28993227 10545830
15247815 10461640
27568424 10545832
15235132 10545833
12609790 9587302
15236015 10545835
28993228 9991838
28993229 10545838
15239479 10545839
15244684 10591273
15239407 10545840
15234270 10545842
15239491 9991842
15239413 10545845
19822517 14530252
3082921 9991858
15232829 9991864
28993230 10545850
28993231 10545853
15241145 10545854
18507414 12243741
15232726 10545855
1924564 9991878
15115272 12243766
15133764 10545860
28993232 9991891
15248241 10545868
28993233 12243841
28993234 14351762
15115442 9587327
15178438 9991936
28993235 14530351
18486265 9991957
28993236 14351853
19772044 9991989
19803142 9991991
28993237 12243956
1127124 10545900
28993238 9992001
15184143 10545905
15229353 10545906
15115264 10050675
15229359 10545907
15184151 10545908
28993239 10545909
11909900 10545910
15234398 10545911
28993240 13624229
28993241 14351894
28993242 12427420
28993243 16182020
15115297 12243999
28993244 10545916
28993245 10545918
15192541 10545922
28993246 9992062
28993247 10545923
15219738 10545924
15184140 10545926
28993248 10545928
15178445 9992076
28993249 10545935
15184099 10545937
15189469 10545940
28993250 10545941
28993251 10545942
15220193 10545943
15228133 10545944
28993252 10545945
14655591 9992082
15229755 10545946
11897233 9587383
28993253 10545952
15230641 10545953
28993254 10545956
28993255 10545957
15232976 10545958
28993256 10545959
28993257 10545961
28993258 10545962
28993259 10545964
28993260 12518781
28993261 14530515
28993262 10051467
15232970 10545975
15244992 9992097
15115492 9992108
15249472 10545984
19782313 14525800
15189461 10545986
15246299 9992140
15232977 10545997
15147321 12244453
28993263 9992158
28993264 10546000
28993265 14352146
15115433 12244518
28993266 14530587
28993267 10546015
2109986 10051482
28993268 10546017
15253915 10546021
28993269 9992228
28683328 12244572
28993270 9992230
28993271 9587437
19809500 9992238
22283351 14530619
15232073 10546033
15180421 12244614
21333407 14530635
19724643 10546038
28993272 10546039
19721284 10546040
15240752 10546041
15250569 10546045
28993273 9992309
28993274 9992357
28993275 9992388
28993276 10546056
28993277 14530680
28993278 14530692
15180245 10546062
10294119 9992412
28993279 14530719
15106409 10591290
15250118 10546066
15248060 10546088
15185577 14530787
28993280 14525820
15115480 9587483
20611606 14395694
28993281 10546094
28993282 14530809
19819412 22701853
15147284 14530821
28993283 10546102
15115449 13624378
28993284 10546105
15255864 9992439
15251837 10546118
28993285 12244908
28993286 10546131
15248232 9992477
15238598 10546134
28993287 9992501
28993288 14530950
15180182 10546147
15115408 14530971
28993289 13624421
21313937 21081369
15186566 12184741
28993290 9992535
810170 10546159
8461695 10461729
28993291 10546173
15233378 10546177
15115424 9992553
19806105 9992566
15228199 10546184
15140457 10546190
28993292 10546191
28993293 10546192
15243076 10546193
15251612 10461732
13819884 14525891
19737459 10546204
19725785 10051573
15248870 10546205
15147911 10546206
15228387 10546207
28993294 14531135
16964009 10546213
28993295 10546215
19732245 12245262
15243752 10546229
19765851 10546237
28993296 9992669
28993297 10546239
15185355 14531276
15249498 10546252
28993298 10546253
28993299 10546258
1113752 9992716
15246392 9992718
28993300 10546267
15240862 10546270
11917716 10546285
15178452 10546288
28993301 10051598
15235774 10546291
15239362 10546293
28993302 10546294
28993303 10546296
28993304 9587627
11897239 10546301
15238581 10546302
28993305 10546305
28993306 10546311
15246167 10546315
28993307 10546316
16912636 10546322
15233026 10546324
19835633 9587649
19794443 14396963
15256917 20762489
28993308 10546333
15147323 19690574
28993309 16182667
15242307 9992892
15115401 12245489
15115429 16208751
28993310 10546342
15242306 9992932
15115399 14531598
17253883 10546350
28993311 10546351
15238661 10546355
28993312 10546356
15242713 10546357
15244219 10546358
451384 10546362
28993313 9992978
28993314 12245562
15138285 14531648
15245726 10546366
1114508 10546367
28993315 10546369
28993316 10546370
15115279 14397172
19839679 10546378
15179522 10546380
28993317 12245582
10468962 10546385
15247632 10546386
19822053 10546388
19822512 10546389
28993318 12245602
19821074 10546390
16393117 12245610
1119194 10546394
28993319 12427536
15238591 10858309
11900348 10546401
15179523 10546402
28993320 10546407
28993321 9993058
28993322 10546408
28993323 10546410
28993324 14531782
28993325 14531786
15246906 10546414
15242570 10546416
28993326 10051660
28993327 10546417
28993328 14531809
28993329 10546419
15253919 10546421
15244590 10546424
28993330 10546425
28993331 10546428
28993332 14531851
28993333 10546434
11834948 10546435
28993334 13624625
28993335 10546438
15239052 10546441
15235981 10546444
15115431 14397476
28993336 10461801
16997764 10546453
15250220 10546454
28993337 9587727
28993338 9587731
15192534 10546463
28993339 9993266
28993340 10461808
28993341 10546476
15244713 10546488
15185358 14532015
15111960 14397724
15111888 14532018
28993342 16425751
28993343 14397734
28993344 14532025
15248366 10546500
16301694 14352310
28993345 14532060
28993346 14397775
1959678 10546525
28993347 14532137
15242840 10546538
28993348 16208869
28993349 9993372
15115250 14532169
28993350 9993388
15115539 9993390
28993351 9993394
19787765 9993396
28993352 14532182
15240853 10546559
15253565 10546562
15106238 10546566
28993353 14532217
28993354 10546571
15249489 10546576
15115532 10546580
15133756 10546586
28993355 12246026
15113162 10051722
15257906 10546589
28993356 10546595
15239403 10546596
28993357 14398205
28993358 12246095
15251061 10546611
28993359 10546613
15248420 10546615
15248590 10546616
28993360 10461837
15133726 10546625
15115370 13624789
28993361 10546627
28993362 10546628
15114532 10546629
28993363 10546630
28993364 10546631
28993365 10546632
28993366 13624797
28993367 10546633
15248277 10546635
15246603 10546637
15246600 10546638
15248565 10546639
28993368 10546640
28993369 10546641
28993370 10546642
28993371 10546644
15245166 10546645
15247798 10546648
15123121 13624826
15235474 10546650
28993372 14532415
28993373 14532416
28993374 10051745
28993375 10546651
28993376 12427558
28993377 10546652
15256991 14532422
15238531 10546654
28993378 10051748
15257051 12246212
28993379 16426196
15238528 10546655
28993380 10546656
28993381 14532427
28993382 14532428
28993383 10546657
28993384 14532439
15229813 10546660
28993385 13624839
28993386 14398405
28993387 10546664
28993388 10546666
15178451 10461839
15248901 10546667
15230010 10546670
15220449 10546672
16981179 10546673
28993389 10546675
15230699 10546676
15115520 9587866
22442033 9587867
15238771 10546678
28993390 10546681
28993391 16208984
28993392 13624891
28993393 16426297
15231994 10546688
28993394 14532504
19832626 12246258
19730710 13624908
28993395 10546699
15115460 14398618
28993396 12246353
28993397 16426362
15115356 14532541
28993398 9587887
28993399 9587888
19773648 12246404
15115203 16426391
28993400 12246414
28993401 14532557
15230656 10546718
28993402 16426408
19766949 10051773
28993403 9587899
15244409 10546728
15133719 10546729
28993404 12246493
28993405 14526088
28993406 14526092
15115406 14532606
20600289 10546738
28993407 12246518
15147282 14398858
28993408 10546761
15115411 14398870
15183769 9587910
15115333 16183342
28993409 14532716
28993410 10546794
15246210 10546810
15248203 10546817
21417690 14399103
28993411 10546832
14622311 10546835
15115484 14532916
28993412 14532943
15189477 10546839
28993413 10546841
20554876 14399159
15147072 13625185
18469903 10546854
28993414 10546857
15115215 13625233
28993415 17165082
19814114 17165083
15248821 10546860
15115486 17165087
28993416 14399223
15173935 22701903
15256949 17165098
15189489 10546868
15115337 21809211
28993417 14399323
28993418 14399381
15226720 10546889
28993419 16426950
15115339 14399423
15247650 10546900
15115311 13625338
28993420 14532990
15195692 14533002
15115494 13625387
28993421 13625388
15115385 12246760
28993422 13625399
28993423 15862405
28993424 10546938
15252715 10052894
28993425 13625432
4012623 14399590
28993426 10546954
28993427 10546957
28993428 12246838
17271910 10546963
28993429 10546966
28993430 10461857
28993431 10546976
28993432 10546980
28993433 13625478
15115328 9993578
15115463 13625492
28993434 14533124
15115416 14533130
15243960 10546993
15239417 10546998
28993435 10547007
15239416 10461871
28993436 16427374
15140966 16427386
15115281 14399793
15234585 10547030
28993437 13625623
15115394 9993623
15235713 10547041
15243106 10547052
15240656 10547054
17253894 10547058
15242897 10547063
15236026 10461876
15173936 16187264
28993438 12427627
28993439 13625802
15133724 10547101
15239415 10547103
28993440 10547106
15115242 13625812
28993441 18623980
28993442 16427542
19807964 16187273
19805985 16187274
28993443 14400072
28993444 14400076
15115218 13625831
19737278 16427576
1108115 10547127
28765965 10896183
15133840 13625858
15115505 14400155
15115423 21081705
19840164 20766493
15256958 9588138
15115413 21081708
28993445 18623990
15115219 13625921
15256892 16184263
28993446 10547166
28993447 14400248
28993448 16184267
28993449 10547170
28993450 14400258
19754833 14400274
19725343 14400276
15234265 10547183
28993451 13625987
15115205 21809231
19758304 14400301
28993452 16187301
28993453 10547197
15241583 10547211
15183286 10547230
15241913 10547236
15243105 10547246
28993454 16184448
15115371 16184509
15133755 10547268
15248748 10547281
15236022 10547292
19799655 9588235
15115239 16209431
15115476 13626259
15248759 10547316
28993455 13626285
15112069 20767265
28993456 10547324
15115422 13626306
28993457 10547344
28993458 16184783
19800841 13665383
28993459 14400832
15115245 20767562
19763153 19094018
15148132 16184890
28993460 16428154
19734542 22701957
28993461 10547383
28993462 16187340
28993463 10547385
28993464 10054471
15115201 13626424
15252530 10547405
15146384 10547407
15238685 10547408
15239411 10547418
28993465 16428293
28993466 16428306
28993467 16428307
15250180 10547427
15230434 10547428
17253884 10547430
15236177 13626534
15179528 10547437
15115369 16209548
28993468 16209551
15115287 13626544
28993469 14401096
19739984 18624414
19738803 16428353
28993470 14401097
28993471 10547447
20610875 14401137
28993472 16428410
15252253 10547458
28993473 10547461
28993474 10054474
15123118 12247175
28993475 14401255
15185357 9993958
15248187 10547490
15115410 14401259
28993476 10547492
17253877 10547507
15238671 10547508
15241042 10547511
17271919 16428663
15115259 14533473
28993477 16428694
18459093 10547527
15236027 10547536
28993478 16187393
28993479 16428778
15231584 10547570
15246807 10547583
28993480 16428879
15186563 13626819
15244630 10547593
28993481 13626832
15248257 10547597
28993482 12184912
28993483 14401551
28993484 12247273
19740854 10547600
28993485 10547602
28993486 10547614
15248373 10547615
28993487 16185041
19763932 10547632
28993488 10547633
15115479 14401637
15256707 14533631
15115483 9994183
15240892 10547637
15115202 14401659
28993489 13665411
19838263 15862437
19725583 14401666
19721174 14401667
28993490 10547647
19796051 16209665
28993491 16209667
28993492 10547660
28993493 10547661
28993494 10547665
15234613 10547673
20546807 14401775
15247857 10547680
28993495 14401790
28993496 14401792
28993497 10858312
15246134 10547703
15115464 9588516
15244830 10547706
28993498 10547717
28993499 13627026
28993500 16429346
28993501 10547731
28993502 14533821
15248129 10547734
15241362 10547747
28993503 16187458
15250113 10547765
15239401 10461925
15175345 10547791
28993504 20768123
15148776 10547792
11833924 10547793
15252197 10461942
28993505 14534017
28993506 9588586
28993507 16187477
15242045 10547835
28993508 10547842
28993509 16185240
28993510 9588599
15115457 14402341
15255957 13627296
28993511 13627297
28993512 14402343
15115415 13627301
28993513 14534133
28993514 14352669
15126539 14534137
28993515 18150557
28993516 14402350
15250568 10461961
28993517 21082151
28993518 14402354
28993519 20768551
28993520 9994464
28993521 10547873
15234529 10054495
19740551 10054496
19833504 10547907
15244691 10547909
28993522 10547912
15115235 17419608
15115309 14402461
28993523 13627423
15115493 14402491
28993524 19247424
15115450 14352691
15123124 17419693
28993525 13627449
15115470 12427730
28993526 14402513
28993527 21560984
28993528 13627466
28993529 14402526
15229316 10462006
28993530 19691173
28993531 9994579
28993532 9994585
28993533 13627495
19812501 10547953
28993534 10547956
28993535 17899305
28993536 10547958
17253881 14402576
19740654 10547964
15183842 14534156
28993537 14534158
15250194 10547973
28993538 20768843
15115225 13627561
28993539 13627564
28993540 10547974
28993541 9588752
28993542 12427735
15115438 13627572
15183292 10547977
15115396 13627582
15256740 14526464
15115441 20768876
15115274 12427736
15175635 10547980
28993543 10547982
28993544 10547988
15279559 16209896
28993545 22710783
28993546 12247438
15189484 10462024
15250135 10547996
17002233 10548000
15244829 10548003
15115511 10548027
28993547 13627682
28993548 16154211
15243104 10548040
28993549 10548041
28993550 9994743
15252404 10056267
28993551 9994745
28993552 13665475
28993553 14402714
28993554 14402716
28993555 20769303
28993556 12247518
28993557 10548054
15236370 10548055
28993558 12247548
28993559 10462042
28993560 12247590
15115477 14534221
15115466 16155941
28993561 14402829
15115402 13627778
15234416 10548103
28993562 13627785
28993563 14534245
28993564 9588889
15244846 10548124
15256930 20769833
15192769 10548141
28993565 14534310
28993566 13665490
28993567 14534311
28993568 9995218
28993569 9995220
19746133 14534318
28993570 13627879
28993571 10548159
28993572 10548171
28993573 13627949
28993574 10548206
28993575 22702080
28993576 14403173
15244484 10548234
15255163 10548246
15133782 10548251
20070393 14534517
28993577 14534518
28993578 13628025
15239402 10548258
15242471 17095864
19834298 14534574
28993579 13628089
28993580 14534575
19752135 17096121
28993581 9589041
19728929 14403329
15244300 10548293
28993582 10548300
15239490 10548302
15253596 10548315
19782171 9995546
28993583 10548319
19792793 9995555
19770017 27169857
20069741 14403416
15250225 9995571
28993584 10548327
28993585 13628217
28993586 13628249
15257050 10548357
28993587 13628252
20070431 9589117
15128420 9995760
19790232 9995778
19723404 9995780
19838748 9995782
15115434 17097205
15242957 10548391
21548103 17097301
15244541 9995821
28993588 9589152
28993589 13628422
15256898 17097596
28993590 14534753
17253902 10548429
28993591 9995979
28993592 9589180
15256902 14403682
15106229 10548443
15242890 10548444
21494211 14403716
28993593 9589201
28993594 9589205
17253903 10548459
16889054 10548463
28993595 9996029
15250191 9589221
28993596 10548467
28993597 10548471
15241280 10548475
28993598 14403800
28993599 10548478
28993600 10548479
28993601 10057050
28993602 9996131
28993603 9996157
28993604 10548483
28993605 9996183
21352459 13628553
10272088 10057051
10488722 10548490
17261445 10548492
10488318 10548493
19722337 14403831
28993606 10548498
28993607 10548499
28993608 10548500
28993609 17098581
28993610 10548504
15246601 10548505
15147550 10548509
28993611 14534905
15251672 10548516
19804575 13628593
28993612 10548523
28993613 9996238
28993614 9996244
15189431 10548533
17261465 10548536
15248693 10548539
15221746 10548551
15115506 20772145
15133793 10548560
15178551 14403980
28993615 13628667
28993616 10057054
28993617 22702183
28993618 19247607
28993619 21082526
28993620 21082529
19826433 14404000
28993621 10548570
15115481 14404007
28993622 9589340
15115462 13628691
28993623 27658448
15133786 10548573
28993624 22702187
15133790 10548575
15133752 10548576
19738619 9589360
28993625 13652762
15225617 10548583
15115380 13665609
15225265 10548586
15115430 14404041
15225356 10548590
28993626 13628725
15227283 9996290
15174050 10858330
15141163 13628726
15174054 10548600
28993627 9996299
15225385 10548603
15225618 10548611
15225539 10548616
15225564 10548617
15227080 10548623
16358657 17099210
15227127 10548629
15234307 10548631
15227688 10548634
15189470 10548635
15115338 13628808
16955621 10548640
15115340 17099443
28993628 17099453
15257183 17099455
28993629 10548642
15115228 17099462
15225244 10548645
15225538 10548646
15226787 10548648
15225274 10858331
15225275 10548651
15242958 10057060
15189458 9996343
15226866 9996359
15225077 10548657
16997156 10548661
15173215 17100012
15225232 10057061
28993630 10548668
28993631 14352946
28993632 10548683
28993633 10548684
28993634 10548692
15251827 10548693
28993635 10548697
15126120 10548700
15246183 10548703
15248638 10548705
28993636 10548712
28993637 9996376
15240604 10548717
15251636 9996394
28993638 19247776
15252434 10548731
15251542 10858333
15238593 10548746
15192759 10591541
15239558 10548754
19719774 10548756
15243203 10548763
28993639 10548768
28993640 10548770
15250565 10591547
28993641 10548773
15256471 10548779
15251908 10548781
28993642 10548782
15183291 10548784
19765497 9996408
1108232 10548787
28993643 10548789
28993644 10548790
15252692 9996434
5069565 10548795
28993645 10548796
15246526 10548799
15111010 10548801
28993646 10548808
15148243 10548809
15248637 10548815
15250195 10548817
28993647 10548819
15173932 19691933
15115390 19691941
15245328 10548821
28993648 10548822
19829830 10548829
28993649 21809361
15138177 19247929
28993650 19247930
28993651 14404447
15247674 10548835
28993652 19692033
28993653 13629215
15147473 10548840
28993654 10548843
15132182 14404482
28993655 14404494
10588145 13629255
15192855 10548856
28993656 16429449
28993657 17419922
15123520 10548858
15245452 10548859
28993658 13629267
15132095 13629270
28993659 10548863
15244305 10548865
19208140 9996459
28993660 12821417
15108896 10462151
28993661 9996486
15126886 13629325
28993662 10462154
28993663 19247982
15192535 10548878
19761520 13629353
15251023 10548879
28993664 21082849
28993665 9996509
28993666 17420010
28993667 10548890
15246605 12247774
19838059 20999255
19785087 19692182
28993668 16158649
15173590 16158686
28993669 16158693
28993670 20999258
28993671 14404622
15189499 10548899
28993672 10548901
19774356 13629413
15250131 10548906
15133806 13629422
28993673 10548909
15250566 10548911
28993674 21082891
28993675 16158806
19802365 21082892
28993676 19248014
19798233 14404645
28993677 20773609
28993678 10548918
28993679 10548921
28993680 19692200
15253883 10548925
28993681 10548926
28993682 14404660
28993683 16158848
15243220 10100971
15123518 10548930
28993684 10548932
28993685 14404668
19745415 10548933
19767045 14404670
28993686 13629494
28993687 10548934
15243202 10462158
19762476 19248060
19827317 13629526
19797907 9589833
15106232 9996631
15243205 10548953
28993688 9996650
28993689 9996652
15183313 10462164
28993690 10548969
15247731 10548972
15251205 9589926
15247695 10107635
28993691 10549004
28993692 10549013
28993693 10549026
15253870 10858339
15115252 18401547
28993694 10549059
15115495 16429558
28993695 14404969
10471619 10549068
28993696 10549069
15115547 10549073
28993697 19248211
28993698 19248213
19742071 20774434
19745658 20774437
19735302 13629717
19796802 13629720
19835735 14404991
15115482 18401557
28993699 16429582
21427970 16429590
15192854 10549087
15250138 9996880
19841361 19692405
19833827 16186386
28993700 10549101
28993701 14405096
15115248 16186389
28993702 10549108
10469930 12427841
15178450 10549115
28993703 14405118
28993704 14405121
28993705 16429686
15117040 10549125
28993706 9590124
1136830 10549133
1158525 10549150
28993707 13629875
1130114 10549158
15189491 10462216
19815221 13629933
20069060 17165301
15183546 10549204
19768308 17165314
28993708 14405342
19795102 16429872
28993709 9997045
28993710 9590229
19727929 16210674
15243074 9997057
19769102 21083280
28993711 24367528
15239568 10858349
28993712 10462223
15248596 9997063
28993713 10549217
28993714 10549220
28993715 10549223
28993716 10549224
28993717 10549225
19727505 10549226
15241118 10549231
28993718 10858350
15247860 10549234
28993719 10549236
15236097 10591634
28993720 10549239
20460809 10107672
28993721 10549242
28993722 10549243
28993723 10549244
614038 9997136
28993724 9997142
28993725 10549246
28993726 10549248
28993727 10549255
28993728 10549256
28993729 10462273
28993730 10591642
28993731 10549275
28993732 10549278
28993733 10549279
15106240 10462284
19733387 10549287
15248090 10549295
28993734 9590351
15226993 10549305
15247990 10549307
28993735 9997350
15178439 10549315
15241065 10549325
28993736 10549335
28993737 10549337
15239478 10549338
15239481 10549339
28993738 10549341
15234485 10549342
28993739 10549343
15236023 10549345
28993740 10549346
28993741 10549347
15239398 10549351
28993742 10549354
28993743 10549356
28993744 10591654
15250069 10549358
15239388 10549359
28993745 10899214
15236098 10549360
28993746 9590413
28993747 10549362
28993748 10549364
15239405 10549365
28993749 10549367
15238914 10549368
15228429 9997425
16919992 10549369
28993750 9997429
19786446 14353247
28993751 9997431
28993752 9997433
15238237 9997437
28993753 10549371
28993754 14405741
15108899 10549372
28993755 10549373
28993756 10549374
15238916 10549375
28993757 10549376
28993758 10549377
28993759 12247980
28993760 10549378
15239399 10549379
28993761 10549380
28993762 10549381
28993763 9590437
1656471 10549383
28993764 10549385
28993765 10549387
28993766 10549388
28993767 10549389
28993768 10549391
15245150 9590456
28993769 10549392
28993770 10549393
15239400 10549394
28993771 10107859
28993772 10549395
28993773 10107860
15187975 10107861
28993774 10549396
28993775 10549397
28993776 9997525
28993777 10549398
28993778 10549399
28993779 10549400
28993780 10549401
15241340 10549402
15233288 10549403
15236099 10549404
15231735 10549406
28993781 10549408
28993782 16430342
28993783 10549423
15179517 9997618
15178547 12521734
15178552 19094344
28993784 10549432
15241014 10549433
19761478 17869883
28993785 12521777
19725316 16430380
19795065 20775417
28993786 9590528
28993787 9590531
20069922 16430385
28993788 9997711
17262884 10549441
28993789 10549442
28993790 16430426
28993791 13665847
15115437 14405933
15251509 9997728
15115455 20775538
15230509 9997740
28993792 9997748
28993793 10549470
15250564 9590594
28993794 10549483
28993795 10549485
15115499 19692886
28993796 10549501
28993797 10549505
15240925 10549513
15230524 10549519
15186567 16430659
28993798 10549532
28993799 9997846
19761483 16210872
15179519 10549548
15115454 21083596
15240068 10549554
15246457 10549571
16356995 10549579
28993800 16210921
15134049 10549580
1539058 10549592
28993801 17421120
15115443 22702627
15240535 10549603
15233029 10549606
28993802 10549607
15236024 10549608
15236016 10549609
15239389 10549610
28993803 10549611
15233027 10549612
15236025 10114991
15229382 12248090
15233014 10549614
15230657 10549615
28993804 10549616
28993805 10549617
28993806 10549618
15233028 10549619
15233015 10549620
15146379 10549622
15240682 10549623
28993807 20776276
15233030 9590732
15232821 10549625
28993808 10549627
15228140 10549628
28993809 9590738
28993810 10549631
15178442 10549632
28993811 10549633
15233017 10549634
28993812 9997874
28993813 9997878
28993814 9997880
28993815 9997884
15220402 9997886
28993816 9997890
1572641 9997892
15229895 9997894
15229752 9997896
28993817 9997898
15220411 10549635
15221346 9997902
15233377 20776373
28993818 19693074
28993819 9590775
28993820 9997909
28993821 9997911
15228357 9997913
15221590 9997921
28993822 9997927
3692761 9997929
28993823 10549638
15220412 10549639
15189495 10549640
28993824 9997931
28993825 10549641
28993826 10549642
19812711 16430963
28993827 10549643
28993828 10549644
28993829 9997935
15175122 10549646
28993830 9997937
28993831 19248624
15179520 10549647
28993832 9997945
28993833 10591691
28993834 9997951
15183181 9997955
28993835 10549648
28993836 10549652
28993837 14406542
28993838 19248639
15192801 9997957
15113478 17421334
15248225 9997959
28993839 9997961
15189492 9997963
28993840 9997965
28993841 10549655
15254829 10549656
20439030 10549658
28993842 9590825
28993843 10549663
15115409 13630673
28993844 10549664
15250141 10549666
