10837563 29576428
10837563 29576429
10837563 29576430
10837513 29576431
10836885 29576432
10841651 29576433
10801828 29576434
10828684 29576435
10828684 29576436
10842508 29576437
10834775 29576438
10834775 29576439
10842523 29576440
10842524 29576441
10842525 29576442
10842528 29576443
10828682 29576444
10828682 29576445
10842529 29576446
10735859 29576447
10735738 29576448
10801764 29576449
10841661 29576450
10801759 29576451
10801759 29576452
10832220 29576453
10834773 29576454
10834773 29576455
10830747 29576456
10801762 29576457
10834895 29576458
10832250 29576459
10803512 29576460
10803513 29576461
10841617 29576462
10841665 29576463
10837617 29576464
10828683 29576465
10828683 29576466
10832221 29576467
10840327 29576468
10832243 29576469
10828731 29576470
10836883 29576471
10847014 29576472
10799648 29576473
10799648 29576474
10799741 29576475
10799741 29576476
10833194 29576477
10833194 29576478
10828840 29576479
10828840 29576480
10828785 29576481
10843711 29576482
10846945 29576483
10735735 29576484
10735735 29576485
10799666 29576486
10834855 29576487
10799714 29576488
10799714 29576489
10799715 29576490
10799715 29576491
10688674 29576492
10832162 29576493
10832162 29576494
10832181 29576495
10799619 29576496
10799619 29576497
10828488 29576498
10846977 29576499
10841674 29576500
10801708 29576501
10801708 29576502
10801708 29576503
10735843 29576504
10830712 29576505
10799571 29576506
10799727 29576507
10799727 29576508
10799725 29576509
10799725 29576510
10801765 29576511
10832241 29576512
10832242 29576513
10832245 29576514
10839209 29576515
10841685 29576516
10688811 29576517
10841637 29576518
10799743 29576519
10846877 29576520
10838652 29576521
10735741 29576522
10799728 29576523
10799711 29576524
10799747 29576525
10830655 29576526
10830654 29576527
10840332 29576528
10840332 29576529
10803480 29576530
10803480 29576531
10828703 29576532
10828705 29576533
10828739 29576534
10828836 29576535
10799399 29576536
10834825 29576537
10848485 29576538
10833188 29576539
10833188 29576540
10834875 29576541
10841656 29576542
10841658 29576543
10828486 29576544
10839225 29576545
10828400 29576546
10828400 29576547
10828400 29576548
10836876 29576549
10836876 29576550
10830701 29576551
10830701 29576552
10846924 29576553
10735740 29576554
10833186 29576555
10833186 29576556
10834774 29576557
10834774 29576558
10799663 29576559
10834776 29576560
10834776 29576561
10836448 29576562
10848453 29576563
10735851 29576564
10735852 29576565
10845105 29576566
10735784 29576567
10845106 29576568
10735840 29576569
10830752 29576570
10830752 29576571
10834813 29576572
10799692 29576573
10799692 29576574
10799692 29576575
10799693 29576576
10799693 29576577
10799693 29576578
10801830 29576579
10841709 29576580
10841710 29576581
10688570 29576582
10688783 29576583
10688730 29576584
10845117 29576585
10830773 29576586
10801812 29576587
10688791 29576588
10688792 29576589
10838700 29576590
10837568 29576591
10799652 29576592
10828710 29576593
10838681 29576594
10735797 29576595
10799749 29576596
10799749 29576597
10735753 29576598
10803507 29576599
10828424 29576600
10848451 29576601
10836890 29576602
10832223 29576603
10799740 29576604
10799556 29576605
10840365 29576606
10840366 29576607
10847001 29576608
10847003 29576609
10688739 29576610
10735856 29576611
10801826 29576612
10833229 29576613
10837580 29576614
10799617 29576615
10799618 29576616
10828755 29576617
10828714 29576618
10828778 29576619
10836409 29576620
10840369 29576621
10840370 29576622
10840367 29576623
10840368 29576624
10840364 29576625
10840362 29576626
10688755 29576627
10688803 29576628
10688732 29576629
10801898 29576630
10801901 29576631
10801903 29576632
10801904 29576633
10828749 29576634
10830750 29576635
10688757 29576636
10688757 29576637
10688795 29576638
10845108 29576639
10845109 29576640
10688734 29576641
10688740 29576642
10688741 29576643
10688768 29576644
10688781 29576645
10828421 29576646
10845135 29576647
10801797 29576648
10836443 29576649
10688711 29576650
10688721 29576651
10688744 29576652
10846982 29576653
10828491 29576654
10799735 29576655
10848474 29576656
10848506 29576657
10735757 29576658
10735758 29576659
10735897 29576660
10832165 29576661
10832247 29576662
10803508 29576663
10828752 29576664
10688714 29576665
10843708 29576666
10828751 29576667
10832182 29576668
10838683 29576669
10735789 29576670
10828796 29576671
10834812 29576672
10828783 29576673
10828781 29576674
10828771 29576675
10799557 29576676
10845065 29576677
10828789 29576678
10828789 29576679
10834814 29576680
10799403 29576681
10688802 29576682
10688723 29576683
10688725 29576684
10688747 29576685
10688747 29576686
10688789 29576687
10735781 29576688
10828838 29576689
10828839 29576690
10688798 29576691
10688799 29576692
10688800 29576693
10688804 29576694
10688761 29576695
10846886 29576696
10836422 29576697
10688787 29576698
10688788 29576699
10828442 29576700
10828442 29576701
10688779 29576702
10799716 29576703
10832213 29576704
10832257 29576705
10841615 29576706
10843679 29576707
10843723 29576708
10843750 29576709
10843751 29576710
10848504 29576711
10688718 29576712
10688728 29576713
10688729 29576714
10688749 29576715
10688753 29576716
10688793 29576717
10836408 29576718
10735755 29576719
10801767 29576720
10801835 29576721
10801835 29576722
10801836 29576723
10801836 29576724
10801838 29576725
10801839 29576726
10801840 29576727
10801840 29576728
10801841 29576729
10801841 29576730
10801842 29576731
10801843 29576732
10801844 29576733
10801846 29576734
10801847 29576735
10801849 29576736
10801850 29576737
10801851 29576738
10801852 29576739
10801854 29576740
10801855 29576741
10801856 29576742
10801858 29576743
10801859 29576744
10801860 29576745
10801861 29576746
10801862 29576747
10801863 29576748
10801863 29576749
10801865 29576750
10801866 29576751
10801867 29576752
10801868 29576753
10801869 29576754
10801870 29576755
10801870 29576756
10801870 29576757
10801871 29576758
10801872 29576759
10801874 29576760
10801874 29576761
10801875 29576762
10801876 29576763
10801877 29576764
10801878 29576765
10801880 29576766
10801880 29576767
10801881 29576768
10801881 29576769
10801883 29576770
10801894 29576771
10801885 29576772
10801885 29576773
10801887 29576774
10801888 29576775
10801889 29576776
10801891 29576777
10801893 29576778
10801893 29576779
10833207 29576780
10828713 29576781
10828716 29576782
10828722 29576783
10828794 29576784
10828799 29576785
10828802 29576786
10828817 29576787
10828817 29576788
10828819 29576789
10828821 29576790
10828823 29576791
10828827 29576792
10828827 29576793
10828827 29576794
10828829 29576795
10828831 29576796
10828831 29576797
10828831 29576798
10828708 29576799
10688738 29576800
10842526 29576801
10841672 29576802
10688719 29576803
10688772 29576804
10688776 29576805
10828748 29576806
10688770 29576807
10799565 29576808
10799609 29576809
10799664 29576810
10799680 29576811
10799688 29576812
10799689 29576813
10799699 29576814
10799705 29576815
10830643 29576816
10830648 29576817
10830723 29576818
10830761 29576819
10834784 29576820
10834798 29576821
10834819 29576822
10834847 29576823
10834851 29576824
10834880 29576825
10834883 29576826
10834899 29576827
10840320 29576828
10840330 29576829
10840335 29576830
10840339 29576831
10840351 29576832
10840358 29576833
10840373 29576834
10840388 29576835
10845058 29576836
10845060 29576837
10845063 29576838
10845072 29576839
10845084 29576840
10845102 29576841
10845120 29576842
10803462 29576843
10803462 29576844
10803462 29576845
10803506 29576846
10803520 29576847
10803522 29576848
10803525 29576849
10832174 29576850
10832184 29576851
10832184 29576852
10832184 29576853
10832207 29576854
10832217 29576855
10832237 29576856
10832238 29576857
10832265 29576858
10828405 29576859
10828414 29576860
10828418 29576861
10828458 29576862
10841676 29576863
10841677 29576864
10841718 29576865
10843685 29576866
10843687 29576867
10843695 29576868
10843707 29576869
10843714 29576870
10843720 29576871
10843728 29576872
10846904 29576873
10846930 29576874
10846956 29576875
10848454 29576876
10848455 29576877
10848472 29576878
10848479 29576879
10848489 29576880
10848498 29576881
10848499 29576882
10848517 29576883
10848531 29576884
10842500 29576885
10842522 29576886
10842537 29576887
10688681 29576888
10688697 29576889
10838660 29576890
10838662 29576891
10838676 29576892
10838690 29576893
10838691 29576894
10838697 29576895
10735772 29576896
10735802 29576897
10735862 29576898
10735868 29576899
10735872 29576900
10735886 29576901
10801723 29576902
10801746 29576903
10801771 29576904
10801778 29576905
10801786 29576906
10801798 29576907
10801834 29576908
10833206 29576909
10833222 29576910
10833232 29576911
10833245 29576912
10837565 29576913
10837576 29576914
10837581 29576915
10828687 29576916
10828760 29576917
10735870 29576918
10735870 29576919
10828498 29576920
10836383 29576921
10833201 29576922
10845066 29576923
10832211 29576924
10688736 29576925
10688759 29576926
10688777 29576927
10688806 29576928
10838702 29576929
10735893 29576930
10837606 29576931
10837607 29576932
10828720 29576933
10828742 29576934
10828792 29576935
10828777 29576936
10688763 29576937
10828793 29576938
10834811 29576939
10688745 29576940
10832261 29576941
10688785 29576942
10828842 29576943
10828843 29576944
10735854 29576945
10735855 29576946
10801802 29576947
10801803 29576948
10828774 29576949
10799694 29576950
10688717 29576951
10836896 29576952
10846883 29576953
10840360 29576954
10837626 29576955
10837626 29576956
10837629 29576957
10841652 29576958
10801829 29576959
10841650 29576960
10828733 29576961
10842509 29576962
10842507 29576963
10842527 29576964
10842531 29576965
10828780 29576966
10842530 29576967
10735860 29576968
10735737 29576969
10801763 29576970
10801760 29576971
10832219 29576972
10834794 29576973
10830748 29576974
10801761 29576975
10834896 29576976
10832249 29576977
10841618 29576978
10841666 29576979
10837618 29576980
10842532 29576981
10828779 29576982
10832222 29576983
10832244 29576984
10836884 29576985
10847015 29576986
10799647 29576987
10832251 29576988
10799742 29576989
10828841 29576990
10828841 29576991
10828786 29576992
10834877 29576993
10846946 29576994
10832240 29576995
10832180 29576996
10803511 29576997
10828489 29576998
10846978 29576999
10841639 29577000
10838710 29577001
10735844 29577002
10830713 29577003
10799572 29577004
10841679 29577005
10801766 29577006
10832246 29577007
10839208 29577008
10848470 29577009
10841686 29577010
10799710 29577011
10840333 29577012
10845119 29577013
10803481 29577014
10828702 29577015
10828704 29577016
10828738 29577017
10799402 29577018
10834826 29577019
10848486 29577020
10834876 29577021
10841655 29577022
10841657 29577023
10828487 29577024
10839226 29577025
10828399 29577026
10828399 29577027
10828399 29577028
10847012 29577029
10846923 29577030
10735739 29577031
10834827 29577032
10836439 29577033
10836449 29577034
10848452 29577035
10845104 29577036
10735783 29577037
10845107 29577038
10801831 29577039
10836887 29577040
10688727 29577041
10846911 29577042
10688731 29577043
10834797 29577044
10845118 29577045
10830774 29577046
10801813 29577047
10837569 29577048
10799653 29577049
10828711 29577050
10735796 29577051
10735754 29577052
10848450 29577053
10836891 29577054
10846947 29577055
10832224 29577056
10799739 29577057
10799620 29577058
10841688 29577059
10847002 29577060
10847004 29577061
10801827 29577062
10833230 29577063
10837579 29577064
10848483 29577065
10828756 29577066
10828715 29577067
10840363 29577068
10840361 29577069
10801897 29577070
10828750 29577071
10688794 29577072
10688735 29577073
10845134 29577074
10801796 29577075
10688710 29577076
10688720 29577077
10688743 29577078
10828490 29577079
10799736 29577080
10848473 29577081
10848505 29577082
10735896 29577083
10832166 29577084
10832248 29577085
10735788 29577086
10828797 29577087
10828784 29577088
10828782 29577089
10688724 29577090
10846885 29577091
10828443 29577092
10828443 29577093
10799717 29577094
10832256 29577095
10841616 29577096
10843724 29577097
10836407 29577098
10735756 29577099
10801895 29577100
10801895 29577101
10833208 29577102
10828712 29577103
10828717 29577104
10828723 29577105
10828801 29577106
10828818 29577107
10828818 29577108
10828822 29577109
10828826 29577110
10828826 29577111
10828709 29577112
10841673 29577113
10828747 29577114
10799687 29577115
10799700 29577116
10834879 29577117
10840338 29577118
10840359 29577119
10845073 29577120
10803521 29577121
10832173 29577122
10832186 29577123
10832186 29577124
10832208 29577125
10832239 29577126
10828467 29577127
10848471 29577128
10848480 29577129
10848488 29577130
10688682 29577131
10688698 29577132
10838675 29577133
10838689 29577134
10735773 29577135
10735869 29577136
10735869 29577137
10688737 29577138
10688760 29577139
10832262 29577140
10833231 29577141
10828811 29577142
10688764 29577143
10828808 29577144
10828787 29577145
10828788 29577146
10845095 29577147
10828805 29577148
10828810 29577149
10828806 29577150
10828807 29577151
10828809 29577152
10688796 29577153
10688797 29577154
10688774 29577155
10828459 29577156
10828460 29577157
10841619 29577158
10841620 29577159
10846983 29577160
10846984 29577161
10838665 29577162
10799685 29577163
10735763 29577164
10735764 29577165
10834780 29577166
10834781 29577167
10803464 29577168
10803465 29577169
10845055 29577170
10688722 29577171
10841621 29577172
10688752 29577173
10828743 29577174
10828744 29577175
10799659 29577176
10837577 29577177
10830657 29577178
10688676 29577179
10848457 29577180
10799702 29577181
10834905 29577182
10839212 29577183
10828828 29577184
10830711 29577185
10828798 29577186
10801905 29577187
10843727 29577188
10828494 29577189
10843688 29577190
10828507 29577191
10836394 29577192
10833242 29577193
10833242 29577194
10833242 29577195
10833242 29577196
10833242 29577197
10799671 29577198
10840321 29577199
10834897 29577200
10801857 29577201
10801882 29577202
10801890 29577203
10801892 29577204
10801853 29577205
10801864 29577206
10801886 29577207
10801884 29577208
10801884 29577209
10834888 29577210
10834889 29577211
10836386 29577212
10836387 29577213
10834799 29577214
10834800 29577215
10801715 29577216
10848475 29577217
10848476 29577218
10845132 29577219
10799730 29577220
10838654 29577221
10838654 29577222
10828509 29577223
10803474 29577224
10846943 29577225
10801744 29577226
10828815 29577227
10828813 29577228
10828766 29577229
10799670 29577230
10799670 29577231
10839203 29577232
10839203 29577233
10843699 29577234
10801837 29577235
10845129 29577236
10830640 29577237
10688765 29577238
10688765 29577239
10801848 29577240
10801848 29577241
10828767 29577242
10848532 29577243
10838709 29577244
10735776 29577245
10801743 29577246
10799764 29577247
10832179 29577248
10828850 29577249
10828850 29577250
10828850 29577251
10832190 29577252
10803533 29577253
10735842 29577254
10830696 29577255
10828477 29577256
10828478 29577257
10828479 29577258
10828480 29577259
10828481 29577260
10828482 29577261
10843733 29577262
10837586 29577263
10830670 29577264
10830670 29577265
10837575 29577266
10843715 29577267
10833211 29577268
10833211 29577269
10799587 29577270
10848464 29577271
10846971 29577272
10848467 29577273
10845112 29577274
10799707 29577275
10842514 29577276
10841634 29577277
10846995 29577278
10799391 29577279
10799391 29577280
10799391 29577281
10799391 29577282
10799391 29577283
10799391 29577284
10799391 29577285
10799391 29577286
10799391 29577287
10799391 29577288
10799391 29577289
10845114 29577290
10846993 29577291
10840393 29577292
10840371 29577293
10828680 29577294
10828680 29577295
10828680 29577296
10828680 29577297
10828680 29577298
10830627 29577299
10830627 29577300
10830627 29577301
10830627 29577302
10830725 29577303
10830715 29577304
10688808 29577305
10834894 29577306
10837620 29577307
10735898 29577308
10848508 29577309
10735745 29577310
10843684 29577311
10843684 29577312
10840357 29577313
10799589 29577314
10833235 29577315
10830720 29577316
10688705 29577317
10840378 29577318
10846992 29577319
10799651 29577320
10834878 29577321
10832189 29577322
10828757 29577323
10843678 29577324
10832163 29577325
10832163 29577326
10838673 29577327
10842542 29577328
10838647 29577329
10840346 29577330
10801779 29577331
10838684 29577332
10828461 29577333
10688692 29577334
10688692 29577335
10688692 29577336
10688692 29577337
10688692 29577338
10803492 29577339
10838706 29577340
10846890 29577341
10839206 29577342
10828772 29577343
10845085 29577344
10828401 29577345
10828401 29577346
10828401 29577347
10828401 29577348
10799722 29577349
10848493 29577350
10837614 29577351
10838664 29577352
10834835 29577353
10735768 29577354
10833191 29577355
10848496 29577356
10799703 29577357
10799703 29577358
10799750 29577359
10799751 29577360
10837571 29577361
10843725 29577362
10828754 29577363
10828417 29577364
10688742 29577365
10834836 29577366
10828681 29577367
10828681 29577368
10833203 29577369
10848512 29577370
10801896 29577371
10801896 29577372
10828736 29577373
10846884 29577374
10838720 29577375
10801774 29577376
10830760 29577377
10799770 29577378
10836447 29577379
10839220 29577380
10833195 29577381
10833195 29577382
10846931 29577383
10801713 29577384
10801714 29577385
10836459 29577386
10828769 29577387
10828770 29577388
10828765 29577389
10803540 29577390
10833243 29577391
10833244 29577392
10843682 29577393
10843683 29577394
10833193 29577395
10799744 29577396
10828837 29577397
10836410 29577398
10832183 29577399
10845067 29577400
10803518 29577401
10836419 29577402
10836419 29577403
10840374 29577404
10799602 29577405
10828448 29577406
10828468 29577407
10840375 29577408
10843740 29577409
10847013 29577410
10688709 29577411
10845068 29577412
10836434 29577413
10846909 29577414
10799633 29577415
10828764 29577416
10842513 29577417
10828833 29577418
10828834 29577419
10834802 29577420
10834803 29577421
10838677 29577422
10838678 29577423
10735830 29577424
10843676 29577425
10842497 29577426
10845083 29577427
10841653 29577428
10834806 29577429
10828845 29577430
10842539 29577431
10842540 29577432
10799661 29577433
10799662 29577434
10845069 29577435
10841683 29577436
10735803 29577437
10799595 29577438
10799643 29577439
10799643 29577440
10799649 29577441
10836878 29577442
10836878 29577443
10836878 29577444
10836878 29577445
10799706 29577446
10799706 29577447
10799712 29577448
10799719 29577449
10799746 29577450
10799773 29577451
10799777 29577452
10830633 29577453
10830637 29577454
10830668 29577455
10830681 29577456
10830717 29577457
10830730 29577458
10830733 29577459
10830733 29577460
10830732 29577461
10830732 29577462
10830751 29577463
10830753 29577464
10830775 29577465
10834779 29577466
10834783 29577467
10834787 29577468
10834790 29577469
10834833 29577470
10834862 29577471
10834898 29577472
10840329 29577473
10840376 29577474
10840382 29577475
10840390 29577476
10845113 29577477
10845116 29577478
10803463 29577479
10803510 29577480
10803523 29577481
10803524 29577482
10803528 29577483
10803532 29577484
10832178 29577485
10832200 29577486
10828423 29577487
10828439 29577488
10828449 29577489
10828456 29577490
10828465 29577491
10841610 29577492
10841641 29577493
10841659 29577494
10841687 29577495
10843671 29577496
10836875 29577497
10836875 29577498
10836875 29577499
10843712 29577500
10843721 29577501
10843721 29577502
10846898 29577503
10846915 29577504
10846915 29577505
10846921 29577506
10846925 29577507
10846960 29577508
10846970 29577509
10846976 29577510
10846990 29577511
10846996 29577512
10847017 29577513
10842501 29577514
10842517 29577515
10842536 29577516
10688680 29577517
10688707 29577518
10688751 29577519
10688790 29577520
10838718 29577521
10838719 29577522
10836382 29577523
10836384 29577524
10836401 29577525
10836411 29577526
10836411 29577527
10836411 29577528
10836411 29577529
10836413 29577530
10836413 29577531
10836413 29577532
10836414 29577533
10836414 29577534
10836414 29577535
10836427 29577536
10836437 29577537
10836457 29577538
10735736 29577539
10735790 29577540
10735845 29577541
10735894 29577542
10735902 29577543
10735903 29577544
10801711 29577545
10801775 29577546
10801776 29577547
10801804 29577548
10801805 29577549
10801807 29577550
10833199 29577551
10833202 29577552
10833223 29577553
10833236 29577554
10833240 29577555
10836877 29577556
10836877 29577557
10836901 29577558
10837564 29577559
10837564 29577560
10837588 29577561
10837588 29577562
10837595 29577563
10837630 29577564
10828824 29577565
10828825 29577566
10828844 29577567
10828844 29577568
10799574 29577569
10830669 29577570
10735895 29577571
10843738 29577572
10843746 29577573
10843748 29577574
10843749 29577575
10843677 29577576
10843694 29577577
10847005 29577578
10846894 29577579
10846881 29577580
10846987 29577581
10848539 29577582
10848458 29577583
10848511 29577584
10842499 29577585
10842538 29577586
10688810 29577587
10688679 29577588
10688689 29577589
10838661 29577590
10838686 29577591
10838688 29577592
10838698 29577593
10735837 29577594
10735837 29577595
10735889 29577596
10735759 29577597
10839211 29577598
10839215 29577599
10839221 29577600
10839196 29577601
10801742 29577602
10801719 29577603
10801791 29577604
10801811 29577605
10799668 29577606
10799679 29577607
10799686 29577608
10799695 29577609
10799745 29577610
10799594 29577611
10799564 29577612
10799604 29577613
10799611 29577614
10799568 29577615
10833227 29577616
10833241 29577617
10836893 29577618
10830631 29577619
10830686 29577620
10830687 29577621
10830688 29577622
10830634 29577623
10830734 29577624
10830754 29577625
10830768 29577626
10830642 29577627
10830673 29577628
10834782 29577629
10834817 29577630
10834832 29577631
10834837 29577632
10840392 29577633
10840336 29577634
10840326 29577635
10845131 29577636
10845049 29577637
10845057 29577638
10845050 29577639
10845080 29577640
10803514 29577641
10832232 29577642
10832199 29577643
10832199 29577644
10832206 29577645
10828416 29577646
10828437 29577647
10828438 29577648
10841713 29577649
10841640 29577650
10841642 29577651
10841649 29577652
10828763 29577653
10828835 29577654
10828718 29577655
10828753 29577656
10845082 29577657
10837594 29577658
10830735 29577659
10799607 29577660
10799608 29577661
10830728 29577662
10845078 29577663
10845079 29577664
10832218 29577665
10828469 29577666
10843691 29577667
10848546 29577668
10842505 29577669
10842506 29577670
10735849 29577671
10735850 29577672
10735877 29577673
10833220 29577674
10833221 29577675
10833218 29577676
10837570 29577677
10837624 29577678
10828695 29577679
10799758 29577680
10841715 29577681
10828435 29577682
10828436 29577683
10828433 29577684
10828434 29577685
10833215 29577686
10836881 29577687
10836881 29577688
10848449 29577689
10845062 29577690
10841644 29577691
10848513 29577692
10837590 29577693
10832252 29577694
10845099 29577695
10847009 29577696
10848524 29577697
10799701 29577698
10735863 29577699
10799616 29577700
10845081 29577701
10845093 29577702
10803527 29577703
10843741 29577704
10843742 29577705
10846972 29577706
10842520 29577707
10832235 29577708
10837632 29577709
10837633 29577710
10803530 29577711
10836412 29577712
10836412 29577713
10836412 29577714
10836412 29577715
10799646 29577716
10828776 29577717
10828404 29577718
10799582 29577719
10799583 29577720
10836392 29577721
10735878 29577722
10735879 29577723
10830697 29577724
10830698 29577725
10836423 29577726
10836423 29577727
10836424 29577728
10836424 29577729
10830635 29577730
10830636 29577731
10830652 29577732
10832177 29577733
10840355 29577734
10848507 29577735
10828483 29577736
10836882 29577737
10836882 29577738
10840385 29577739
10840385 29577740
10841700 29577741
10841701 29577742
10714781 29577743
10714781 29577744
10803455 29577745
10803535 29577746
10803536 29577747
10838699 29577748
10834785 29577749
10836391 29577750
10836391 29577751
10832263 29577752
10841703 29577753
10841704 29577754
10848541 29577755
10837602 29577756
10841643 29577757
10841643 29577758
10841681 29577759
10845123 29577760
10848494 29577761
10848494 29577762
10832205 29577763
10832205 29577764
10828698 29577765
10799776 29577766
10799601 29577767
10803539 29577768
10834874 29577769
10828454 29577770
10846997 29577771
10834843 29577772
10848514 29577773
10834838 29577774
10843698 29577775
10803498 29577776
10828420 29577777
10828420 29577778
10841667 29577779
10828740 29577780
10828741 29577781
10837596 29577782
10839210 29577783
10803488 29577784
10836438 29577785
10845092 29577786
10828700 29577787
10834829 29577788
10688684 29577789
10803541 29577790
10801732 29577791
10843745 29577792
10838656 29577793
10832191 29577794
10843752 29577795
10840394 29577796
10828745 29577797
10801800 29577798
10832187 29577799
10832187 29577800
10848487 29577801
10735871 29577802
10735871 29577803
10735891 29577804
10828402 29577805
10828402 29577806
10845122 29577807
10834844 29577808
10799566 29577809
10799590 29577810
10799596 29577811
10799597 29577812
10799603 29577813
10799630 29577814
10799640 29577815
10799657 29577816
10799660 29577817
10799669 29577818
10799718 29577819
10799600 29577820
10799721 29577821
10799765 29577822
10799772 29577823
10830632 29577824
10830645 29577825
10830646 29577826
10830651 29577827
10830659 29577828
10830663 29577829
10830665 29577830
10830678 29577831
10830678 29577832
10830680 29577833
10830721 29577834
10830722 29577835
10830722 29577836
10830740 29577837
10830755 29577838
10830766 29577839
10830767 29577840
10834789 29577841
10834801 29577842
10830716 29577843
10830716 29577844
10834845 29577845
10834846 29577846
10834850 29577847
10834854 29577848
10834887 29577849
10840345 29577850
10833234 29577851
10833234 29577852
10840347 29577853
10840348 29577854
10840352 29577855
10840353 29577856
10840384 29577857
10840387 29577858
10840395 29577859
10845045 29577860
10845047 29577861
10845051 29577862
10845064 29577863
10845089 29577864
10845094 29577865
10845115 29577866
10803479 29577867
10803500 29577868
10803515 29577869
10803516 29577870
10803519 29577871
10803526 29577872
10803526 29577873
10803531 29577874
10803534 29577875
10832234 29577876
10832258 29577877
10828444 29577878
10828445 29577879
10828462 29577880
10828398 29577881
10828398 29577882
10841612 29577883
10841614 29577884
10841631 29577885
10841633 29577886
10841635 29577887
10841636 29577888
10841675 29577889
10841699 29577890
10841702 29577891
10841702 29577892
10841705 29577893
10841706 29577894
10841714 29577895
10843672 29577896
10843673 29577897
10843674 29577898
10843675 29577899
10843729 29577900
10843739 29577901
10843747 29577902
10846892 29577903
10846899 29577904
10846920 29577905
10846929 29577906
10846959 29577907
10846980 29577908
10846991 29577909
10847000 29577910
10847008 29577911
10847016 29577912
10848461 29577913
10848510 29577914
10848516 29577915
10848519 29577916
10848534 29577917
10848545 29577918
10842496 29577919
10842521 29577920
10842535 29577921
10842547 29577922
10688683 29577923
10688686 29577924
10688702 29577925
10688706 29577926
10688716 29577927
10688820 29577928
10838649 29577929
10838648 29577930
10838648 29577931
10838648 29577932
10838658 29577933
10838685 29577934
10838687 29577935
10838694 29577936
10838703 29577937
10838704 29577938
10836390 29577939
10836431 29577940
10836432 29577941
10836433 29577942
10735751 29577943
10735762 29577944
10735765 29577945
10735778 29577946
10735787 29577947
10735875 29577948
10735876 29577949
10735908 29577950
10839202 29577951
10839216 29577952
10839222 29577953
10839224 29577954
10801784 29577955
10801793 29577956
10833228 29577957
10833233 29577958
10837611 29577959
10837619 29577960
10837631 29577961
10828691 29577962
10828701 29577963
10828734 29577964
10828734 29577965
10828758 29577966
10688822 29577967
10688821 29577968
10688819 29577969
10841632 29577970
10799650 29577971
10799713 29577972
10799720 29577973
10799778 29577974
10830682 29577975
10830731 29577976
10834834 29577977
10840383 29577978
10803529 29577979
10828457 29577980
10841611 29577981
10841660 29577982
10839192 29577983
10839192 29577984
10843713 29577985
10843722 29577986
10843722 29577987
10846916 29577988
10846916 29577989
10846926 29577990
10688708 29577991
10836385 29577992
10801712 29577993
10801777 29577994
10833224 29577995
10837625 29577996
10846973 29577997
10836393 29577998
10830653 29577999
10840386 29578000
10840386 29578001
10803456 29578002
10848495 29578003
10848495 29578004
10828455 29578005
10848515 29578006
10803499 29578007
10801733 29578008
10838657 29578009
10843753 29578010
10799656 29578011
10834849 29578012
10841613 29578013
10735750 29578014
10735750 29578015
10839223 29578016
10841682 29578017
10799584 29578018
10846908 29578019
10848456 29578020
10839207 29578021
10839195 29578022
10845077 29578023
10828762 29578024
10799578 29578025
10845087 29578026
10845088 29578027
10845128 29578028
10845046 29578029
10845052 29578030
10845054 29578031
10845137 29578032
10845138 29578033
10803460 29578034
10803461 29578035
10803466 29578036
10803467 29578037
10803501 29578038
10803505 29578039
10803517 29578040
10803542 29578041
10803453 29578042
10803454 29578043
10803472 29578044
10803473 29578045
10803504 29578046
10832171 29578047
10832196 29578048
10832197 29578049
10832203 29578050
10832203 29578051
10832204 29578052
10832204 29578053
10832209 29578054
10832215 29578055
10832216 29578056
10832230 29578057
10832231 29578058
10799698 29578059
10832167 29578060
10832168 29578061
10832172 29578062
10832198 29578063
10832225 29578064
10828409 29578065
10828410 29578066
10828413 29578067
10828451 29578068
10828452 29578069
10828475 29578070
10828476 29578071
10828411 29578072
10828412 29578073
10828472 29578074
10828474 29578075
10828492 29578076
10828493 29578077
10841608 29578078
10841609 29578079
10799762 29578080
10799763 29578081
10841625 29578082
10841626 29578083
10841670 29578084
10841671 29578085
10841689 29578086
10841690 29578087
10841698 29578088
10841645 29578089
10841646 29578090
10799766 29578091
10799767 29578092
10841684 29578093
10841707 29578094
10841708 29578095
10843681 29578096
10843705 29578097
10843706 29578098
10799774 29578099
10799775 29578100
10843709 29578101
10843710 29578102
10843710 29578103
10843731 29578104
10843732 29578105
10843743 29578106
10843744 29578107
10843692 29578108
10799592 29578109
10799593 29578110
10843597 29578111
10843717 29578112
10846887 29578113
10846888 29578114
10846889 29578115
10846906 29578116
10846914 29578117
10799567 29578118
10846957 29578119
10846958 29578120
10846966 29578121
10846967 29578122
10846979 29578123
10846998 29578124
10846999 29578125
10846900 29578126
10846901 29578127
10799585 29578128
10799586 29578129
10846981 29578130
10847020 29578131
10847021 29578132
10848460 29578133
10848500 29578134
10848501 29578135
10848535 29578136
10848536 29578137
10848465 29578138
10848466 29578139
10842511 29578140
10842512 29578141
10842518 29578142
10842519 29578143
10842541 29578144
10688694 29578145
10688672 29578146
10688673 29578147
10688695 29578148
10688696 29578149
10688703 29578150
10688704 29578151
10688813 29578152
10688814 29578153
10688815 29578154
10799641 29578155
10799642 29578156
10838668 29578157
10838669 29578158
10838670 29578159
10838671 29578160
10838721 29578161
10838722 29578162
10838650 29578163
10838651 29578164
10838666 29578165
10838667 29578166
10838711 29578167
10836395 29578168
10836396 29578169
10836406 29578170
10836450 29578171
10836451 29578172
10836452 29578173
10836430 29578174
10836467 29578175
10836468 29578176
10735779 29578177
10735780 29578178
10735782 29578179
10735794 29578180
10735795 29578181
10735798 29578182
10735799 29578183
10735806 29578184
10735807 29578185
10735808 29578186
10735809 29578187
10735812 29578188
10735813 29578189
10735858 29578190
10735892 29578191
10735766 29578192
10735767 29578193
10735785 29578194
10735786 29578195
10735792 29578196
10735793 29578197
10735805 29578198
10799723 29578199
10799724 29578200
10735853 29578201
10735861 29578202
10735864 29578203
10735865 29578204
10735882 29578205
10735883 29578206
10735890 29578207
10735900 29578208
10735901 29578209
10839204 29578210
10799752 29578211
10799753 29578212
10839217 29578213
10839219 29578214
10839227 29578215
10839228 29578216
10801709 29578217
10801710 29578218
10801724 29578219
10801725 29578220
10801726 29578221
10801727 29578222
10801747 29578223
10801820 29578224
10801821 29578225
10801822 29578226
10801824 29578227
10801906 29578228
10799768 29578229
10799769 29578230
10801899 29578231
10801900 29578232
10801919 29578233
10833204 29578234
10833205 29578235
10833209 29578236
10833210 29578237
10833225 29578238
10833226 29578239
10830638 29578240
10830639 29578241
10833237 29578242
10833238 29578243
10836892 29578244
10836899 29578245
10836900 29578246
10837566 29578247
10837567 29578248
10837622 29578249
10837623 29578250
10837627 29578251
10837628 29578252
10837600 29578253
10837601 29578254
10830644 29578255
10837612 29578256
10837613 29578257
10828686 29578258
10828693 29578259
10828694 29578260
10828706 29578261
10828707 29578262
10828685 29578263
10830677 29578264
10830677 29578265
10830684 29578266
10830685 29578267
10830705 29578268
10830705 29578269
10830709 29578270
10830710 29578271
10830737 29578272
10830738 29578273
10830738 29578274
10830739 29578275
10830739 29578276
10830758 29578277
10830759 29578278
10830666 29578279
10830667 29578280
10830676 29578281
10830679 29578282
10830689 29578283
10830689 29578284
10830690 29578285
10830690 29578286
10799638 29578287
10799639 29578288
10830691 29578289
10830692 29578290
10830693 29578291
10830694 29578292
10830695 29578293
10830708 29578294
10830726 29578295
10830727 29578296
10830769 29578297
10830770 29578298
10830771 29578299
10830772 29578300
10834823 29578301
10834824 29578302
10834872 29578303
10834884 29578304
10834885 29578305
10834777 29578306
10834778 29578307
10834786 29578308
10834788 29578309
10834809 29578310
10834810 29578311
10799645 29578312
10834840 29578313
10834841 29578314
10834852 29578315
10834853 29578316
10834903 29578317
10834904 29578318
10840324 29578319
10840325 29578320
10840380 29578321
10840381 29578322
10840322 29578323
10840323 29578324
10840337 29578325
10840342 29578326
10840343 29578327
10845074 29578328
10845075 29578329
10845076 29578330
10735752 29578331
10735866 29578332
10799635 29578333
10799634 29578334
10799636 29578335
10840350 29578336
10801799 29578337
10832185 29578338
10830664 29578339
10840349 29578340
10843730 29578341
10828735 29578342
10828735 29578343
10801738 29578344
10801739 29578345
10830671 29578346
10830672 29578347
10830762 29578348
10830763 29578349
10834859 29578350
10834860 29578351
10845125 29578352
10845126 29578353
10803486 29578354
10803487 29578355
10828440 29578356
10828441 29578357
10842502 29578358
10842503 29578359
10842515 29578360
10842516 29578361
10838707 29578362
10838708 29578363
10799756 29578364
10799757 29578365
10838716 29578366
10838717 29578367
10735824 29578368
10735825 29578369
10839229 29578370
10839230 29578371
10799675 29578372
10801814 29578373
10735838 29578374
10832233 29578375
10840331 29578376
10834863 29578377
10836458 29578378
10838715 29578379
10834873 29578380
10799696 29578381
10799697 29578382
10848544 29578383
10836465 29578384
10839201 29578385
10799729 29578386
10830660 29578387
10834818 29578388
10828484 29578389
10688823 29578390
10688824 29578391
10801782 29578392
10801783 29578393
10845100 29578394
10845101 29578395
10735873 29578396
10735874 29578397
10837582 29578398
10837583 29578399
10843693 29578400
10838701 29578401
10834892 29578402
10834893 29578403
10842545 29578404
10842546 29578405
10842533 29578406
10842534 29578407
10846985 29578408
10846986 29578409
10828848 29578410
10828849 29578411
10688687 29578412
10688688 29578413
10799614 29578414
10799615 29578415
10735822 29578416
10735823 29578417
10846917 29578418
10846918 29578419
10839213 29578420
10839213 29578421
10839214 29578422
10839214 29578423
10799628 29578424
10799629 29578425
10799605 29578426
10799606 29578427
10688690 29578428
10688691 29578429
10836380 29578430
10836381 29578431
10841647 29578432
10841648 29578433
10799708 29578434
10799709 29578435
10834890 29578436
10834891 29578437
10801740 29578438
10801741 29578439
10830699 29578440
10830700 29578441
10840340 29578442
10840341 29578443
10839231 29578444
10839232 29578445
10828464 29578446
10828446 29578447
10834856 29578448
10841695 29578449
10803458 29578450
10801753 29578451
10828689 29578452
10803509 29578453
10832164 29578454
10832164 29578455
10845070 29578456
10834839 29578457
10828447 29578458
10803459 29578459
10803497 29578460
10846891 29578461
10828403 29578462
10828403 29578463
10828697 29578464
10842510 29578465
10688699 29578466
10801756 29578467
10830683 29578468
10799573 29578469
10799684 29578470
10843667 29578471
10848502 29578472
10838646 29578473
10838646 29578474
10838646 29578475
10830756 29578476
10830757 29578477
10836904 29578478
10834869 29578479
10840354 29578480
10845086 29578481
10832266 29578482
10828450 29578483
10799667 29578484
10799726 29578485
10841638 29578486
10838653 29578487
10735742 29578488
10735857 29578489
10688782 29578490
10688715 29578491
10828790 29578492
10828820 29578493
10828832 29578494
10828832 29578495
10828832 29578496
10688773 29578497
10830724 29578498
10834900 29578499
10845103 29578500
10828761 29578501
10837608 29578502
10828721 29578503
10845130 29578504
10688767 29578505
10828775 29578506
10841622 29578507
10832210 29578508
10846994 29578509
10688809 29578510
10840379 29578511
10828429 29578512
10828773 29578513
10799704 29578514
10837572 29578515
10843726 29578516
10828814 29578517
10840391 29578518
10735791 29578519
10801808 29578520
10836888 29578521
10828746 29578522
10801801 29578523
10832188 29578524
10832188 29578525
10833212 29578526
10828699 29578527
10828692 29578528
10838712 29578529
10799637 29578530
10735800 29578531
10735801 29578532
10688766 29578533
10801806 29578534
10828732 29578535
10830656 29578536
10688756 29578537
10688769 29578538
10688762 29578539
10688754 29578540
10828795 29578541
10688758 29578542
10688746 29578543
10828495 29578544
10828508 29578545
10848533 29578546
10801716 29578547
10845133 29578548
10838655 29578549
10838655 29578550
10803475 29578551
10846944 29578552
10801745 29578553
10833192 29578554
10830729 29578555
10833219 29578556
10799759 29578557
10841668 29578558
10803489 29578559
10799579 29578560
10839218 29578561
10801823 29578562
10735839 29578563
10837589 29578564
10834820 29578565
10799644 29578566
10837603 29578567
10836905 29578568
10830675 29578569
10843669 29578570
10846897 29578571
10848490 29578572
10845048 29578573
10688685 29578574
10799676 29578575
10843670 29578576
10799627 29578577
10735867 29578578
10841654 29578579
10840389 29578580
10834861 29578581
10799588 29578582
10838680 29578583
10828690 29578584
10828759 29578585
10801795 29578586
10714782 29578587
10714782 29578588
10847018 29578589
10846896 29578590
10848484 29578591
10836402 29578592
10799591 29578593
10846922 29578594
10735804 29578595
10735846 29578596
10836889 29578597
10845053 29578598
10832236 29578599
10832253 29578600
10828696 29578601
10735847 29578602
10845110 29578603
10845111 29578604
10834791 29578605
10834792 29578606
10799631 29578607
10799632 29578608
10828470 29578609
10828471 29578610
10836894 29578611
10836895 29578612
10848491 29578613
10848492 29578614
10846927 29578615
10846928 29578616
10836454 29578617
10836455 29578618
10848462 29578619
10848463 29578620
10836420 29578621
10836421 29578622
10843718 29578623
10843719 29578624
10836897 29578625
10836898 29578626
10832254 29578627
10832255 29578628
10735820 29578629
10735821 29578630
10836415 29578631
10836415 29578632
10836415 29578633
10836415 29578634
10836416 29578635
10836416 29578636
10836416 29578637
10836416 29578638
10830718 29578639
10830719 29578640
10830743 29578641
10830744 29578642
10846939 29578643
10846940 29578644
10801757 29578645
10801758 29578646
10843735 29578647
10843736 29578648
10843737 29578649
10847006 29578650
10847007 29578651
10688671 29578652
10836388 29578653
10836388 29578654
10836389 29578655
10836389 29578656
10839194 29578657
10801785 29578658
10803451 29578659
10803476 29578660
10841711 29578661
10841712 29578662
10799397 29578663
10836880 29578664
10836880 29578665
10836880 29578666
10836880 29578667
10828803 29578668
10828804 29578669
10836886 29578670
10840328 29578671
10688675 29578672
10846878 29578673
10799748 29578674
10830702 29578675
10833187 29578676
10833187 29578677
10735841 29578678
10832264 29578679
10688784 29578680
10838682 29578681
10688733 29578682
10801902 29578683
10828422 29578684
10836444 29578685
10688726 29578686
10688748 29578687
10688748 29578688
10688801 29578689
10688805 29578690
10688780 29578691
10832214 29578692
10843680 29578693
10688750 29578694
10801768 29578695
10801845 29578696
10801873 29578697
10801879 29578698
10828800 29578699
10828830 29578700
10688771 29578701
10799610 29578702
10845059 29578703
10845061 29578704
10845121 29578705
10828415 29578706
10828419 29578707
10843696 29578708
10848518 29578709
10838663 29578710
10828688 29578711
10832212 29578712
10688778 29578713
10688807 29578714
10688786 29578715
10843700 29578716
10828737 29578717
10830641 29578718
10846910 29578719
10828768 29578720
10828812 29578721
10845096 29578722
10688775 29578723
10845056 29578724
10830658 29578725
10688677 29578726
10799672 29578727
10735777 29578728
10843734 29578729
10837587 29578730
10843716 29578731
10843697 29578732
10735899 29578733
10848509 29578734
10838674 29578735
10735769 29578736
10848497 29578737
10828816 29578738
10799771 29578739
10846932 29578740
10836460 29578741
10842498 29578742
10828466 29578743
10833200 29578744
10828719 29578745
10845124 29578746
10837597 29578747
10846907 29578748
10801815 29578749
10836466 29578750
10843668 29578751
10803452 29578752
10799558 29578753
10799559 29578754
10799560 29578755
10799561 29578756
10799569 29578757
10799570 29578758
10799575 29578759
10799576 29578760
10799580 29578761
10799581 29578762
10799598 29578763
10799599 29578764
10799612 29578765
10799613 29578766
10799621 29578767
10799622 29578768
10799623 29578769
10799624 29578770
10799625 29578771
10799626 29578772
10799673 29578773
10799674 29578774
10799682 29578775
10799683 29578776
10799690 29578777
10799691 29578778
10799731 29578779
10799732 29578780
10799733 29578781
10799734 29578782
10799754 29578783
10799755 29578784
10799760 29578785
10799761 29578786
10846875 29578787
10846876 29578788
10846879 29578789
10846880 29578790
10846919 29578791
10846933 29578792
10846934 29578793
10846935 29578794
10846936 29578795
10846937 29578796
10846938 29578797
10846950 29578798
10846951 29578799
10846948 29578800
10846949 29578801
10846954 29578802
10846955 29578803
10846962 29578804
10846963 29578805
10846968 29578806
10846969 29578807
10846974 29578808
10846975 29578809
10846988 29578810
10846989 29578811
10847010 29578812
10847011 29578813
10848468 29578814
10848469 29578815
10848477 29578816
10848478 29578817
10848481 29578818
10848482 29578819
10848520 29578820
10848521 29578821
10848522 29578822
10848523 29578823
10848529 29578824
10848530 29578825
10848547 29578826
10848548 29578827
10688712 29578828
10688713 29578829
10688816 29578830
10688817 29578831
10838713 29578832
10838714 29578833
10836397 29578834
10836398 29578835
10836399 29578836
10836400 29578837
10836403 29578838
10836404 29578839
10836417 29578840
10836417 29578841
10836417 29578842
10836418 29578843
10836418 29578844
10836418 29578845
10836435 29578846
10836436 29578847
10836441 29578848
10836442 29578849
10836445 29578850
10836446 29578851
10836461 29578852
10836462 29578853
10836463 29578854
10836464 29578855
10735743 29578856
10735744 29578857
10735770 29578858
10735771 29578859
10735774 29578860
10735775 29578861
10735810 29578862
10735811 29578863
10735826 29578864
10735827 29578865
10735828 29578866
10735829 29578867
10735831 29578868
10735832 29578869
10735833 29578870
10735834 29578871
10735835 29578872
10735836 29578873
10735880 29578874
10735881 29578875
10735904 29578876
10735905 29578877
10735906 29578878
10735907 29578879
10839197 29578880
10839198 29578881
10801717 29578882
10801718 29578883
10801730 29578884
10801731 29578885
10801734 29578886
10801735 29578887
10801736 29578888
10801737 29578889
10801748 29578890
10801749 29578891
10801754 29578892
10801755 29578893
10801772 29578894
10801773 29578895
10801787 29578896
10801788 29578897
10801789 29578898
10801790 29578899
10801809 29578900
10801810 29578901
10801816 29578902
10801817 29578903
10801818 29578904
10801819 29578905
10801832 29578906
10801833 29578907
10801911 29578908
10801912 29578909
10801913 29578910
10801914 29578911
10801909 29578912
10801910 29578913
10801915 29578914
10801916 29578915
10801917 29578916
10801918 29578917
10801920 29578918
10801921 29578919
10799562 29578920
10799563 29578921
10830741 29578922
10830742 29578923
10830745 29578924
10830746 29578925
10830764 29578926
10830765 29578927
10833216 29578928
10833217 29578929
10833246 29578930
10833247 29578931
10836902 29578932
10836903 29578933
10836906 29578934
10836907 29578935
10837573 29578936
10837574 29578937
10837584 29578938
10837585 29578939
10837592 29578940
10837593 29578941
10837604 29578942
10837605 29578943
10837609 29578944
10837610 29578945
10837634 29578946
10837635 29578947
10834795 29578948
10834796 29578949
10834804 29578950
10834805 29578951
10834807 29578952
10834808 29578953
10834864 29578954
10834865 29578955
10834867 29578956
10834868 29578957
10834870 29578958
10834871 29578959
10834881 29578960
10834882 29578961
10834901 29578962
10834902 29578963
10845090 29578964
10845091 29578965
10845097 29578966
10845098 29578967
10803470 29578968
10803471 29578969
10803477 29578970
10803478 29578971
10803484 29578972
10803485 29578973
10803493 29578974
10803494 29578975
10803502 29578976
10803503 29578977
10832169 29578978
10832170 29578979
10832192 29578980
10832193 29578981
10832194 29578982
10832195 29578983
10832201 29578984
10832202 29578985
10832226 29578986
10832227 29578987
10828425 29578988
10828426 29578989
10828430 29578990
10828431 29578991
10828432 29578992
10828473 29578993
10828496 29578994
10828497 29578995
10828499 29578996
10828500 29578997
10828501 29578998
10828502 29578999
10828505 29579000
10828506 29579001
10828510 29579002
10828511 29579003
10828514 29579004
10828515 29579005
10841623 29579006
10841624 29579007
10841627 29579008
10841628 29579009
10841629 29579010
10841630 29579011
10841662 29579012
10841663 29579013
10841691 29579014
10841692 29579015
10841693 29579016
10841694 29579017
10828729 29579018
10828730 29579019
10828846 29579020
10828847 29579021
10799393 29579022
10799393 29579023
10799393 29579024
10799393 29579025
10799395 29579026
10799395 29579027
10799395 29579028
10799395 29579029
10799737 29579030
10799738 29579031
10846961 29579032
10848525 29579033
10848526 29579034
10836428 29579035
10836428 29579036
10836429 29579037
10836429 29579038
10836440 29579039
10735746 29579040
10735747 29579041
10735748 29579042
10735749 29579043
10735816 29579044
10735817 29579045
10735818 29579046
10735819 29579047
10735884 29579048
10735885 29579049
10833189 29579050
10833190 29579051
10833197 29579052
10833198 29579053
10833213 29579054
10833214 29579055
10834821 29579056
10834822 29579057
10803482 29579058
10803483 29579059
10832175 29579060
10832176 29579061
10832228 29579062
10832229 29579063
10828427 29579064
10828428 29579065
10841696 29579066
10841697 29579067
10799677 29579068
10799678 29579069
10846952 29579070
10846953 29579071
10848542 29579072
10848543 29579073
10838692 29579074
10838693 29579075
10838695 29579076
10838696 29579077
10735760 29579078
10735761 29579079
10735814 29579080
10735815 29579081
10801728 29579082
10801729 29579083
10801750 29579084
10801751 29579085
10801780 29579086
10801781 29579087
10830706 29579088
10830707 29579089
10837615 29579090
10837616 29579091
10834815 29579092
10834816 29579093
10803468 29579094
10803469 29579095
10832259 29579096
10832260 29579097
10828512 29579098
10828513 29579099
10828727 29579100
10828728 29579101
10828725 29579102
10828726 29579103
10848527 29579104
10848528 29579105
10848537 29579106
10848538 29579107
10801720 29579108
10801721 29579109
10837598 29579110
10837599 29579111
10834857 29579112
10834858 29579113
10803495 29579114
10803496 29579115
10828503 29579116
10828504 29579117
10846964 29579118
10846965 29579119
10841716 29579120
10841717 29579121
10841678 29579122
10843701 29579123
10843702 29579124
10843703 29579125
10843704 29579126
10839199 29579127
10839200 29579128
10846912 29579129
10846913 29579130
10846941 29579131
10846942 29579132
10799654 29579133
10799655 29579134
10830703 29579135
10830704 29579136
10830628 29579137
10830629 29579138
10803490 29579139
10803491 29579140
10828406 29579141
10828407 29579142
10803537 29579143
10803538 29579144
10843689 29579145
10843690 29579146
10830630 29579147
10688670 29579148
10688670 29579149
10841669 29579150
10688678 29579151
10830714 29579152
10828463 29579153
10838705 29579154
10688700 29579155
10688701 29579156
10830661 29579157
10830662 29579158
10836425 29579159
10836426 29579160
10735887 29579161
10735888 29579162
10848503 29579163
10830736 29579164
10799577 29579165
10846882 29579166
10828485 29579167
10840377 29579168
10801722 29579169
10848459 29579170
10799665 29579171
10803457 29579172
10836453 29579173
10688693 29579174
10799658 29579175
10847019 29579176
10840344 29579177
10846902 29579178
10828408 29579179
10845127 29579180
10839205 29579181
10836456 29579182
10735848 29579183
10834842 29579184
10801907 29579185
10833196 29579186
10838659 29579187
10834828 29579188
10836405 29579189
10840356 29579190
10838679 29579191
10846905 29579192
10836879 29579193
10836879 29579194
10846895 29579195
10688818 29579196
10688818 29579197
10848540 29579198
10842543 29579199
10801825 29579200
10842544 29579201
10834848 29579202
10801792 29579203
10839193 29579204
10842504 29579205
10830674 29579206
10841664 29579207
10840372 29579208
10799681 29579209
10828453 29579210
10801794 29579211
10843686 29579212
10846903 29579213
10828724 29579214
10845136 29579215
10828791 29579216
10834793 29579217
10801769 29579218
10801770 29579219
10830649 29579220
10838672 29579221
10838672 29579222
10801752 29579223
10801908 29579224
10834866 29579225
10834886 29579226
10840334 29579227
10688812 29579228
10833239 29579229
10841680 29579230
10837578 29579231
10837621 29579232
10837591 29579233
10830647 29579234
10845071 29579235
10846893 29579236
10830650 29579237
10830749 29579238
10834830 29579239
10834831 29579240
