1064599 11466685
1064599 11466685
1090052 11480658
1089046 11480658
1089944 11480658
1089948 11480658
1089958 11480658
1064603 11480658
1064534 11480658
1090218 11480658
1090132 11480658
1090188 11480658
1090234 11480658
1064629 11480658
920818 11486358
1064527 11486358
1089976 11486358
1090140 11486358
1090220 11487420
1064673 11492940
1089952 11492940
1453816 11492940
1090294 11492940
1090306 11492940
1089946 11492940
1093168 11492940
1106975 11492940
1091129 11492940
1089942 11492940
1090296 11492940
1064726 11492940
1064548 11492940
1064536 11492940
1090182 11492940
1090120 11492940
1090126 11492940
1090230 11492940
1064675 11500147
980613 11500147
1064684 11500147
1064529 11500147
1089925 11500147
861562 11500147
1091500 11500147
1090228 11500147
1064661 11579085
1064667 11579085
853473 11579085
1064643 11579085
1089298 11579085
1089304 11579085
11771957 11579085
1073433 11579085
1064673 11579085
11735298 11579085
2658251 11579085
980613 11579085
11471249 11579085
11746635 11579085
11526837 11579085
1073459 11579085
11768982 11579085
11470536 11579085
11539204 11579085
11776587 11579085
11505803 11579085
1064680 11579085
1073475 11579085
11755168 11579085
11749693 11579085
11789903 11579085
1064684 11579085
1064686 11579085
1064708 11579085
1064688 11579085
11500800 11579085
11528226 11579085
1073345 11579085
11625655 11579085
11755150 11579085
11488065 11579085
11751494 11579085
11616990 11579085
11604887 11579085
11621289 11579085
11684845 11579085
11756041 11579085
11746117 11579085
11756985 11579085
11791320 11579085
11704080 11579085
11614192 11579085
1073425 11579085
11708856 11579085
11581091 11579085
1073437 11579085
11508394 11579085
11518811 11579085
11493789 11579085
11585160 11579085
1064696 11579085
11477532 11579085
11627658 11579085
11525016 11579085
4256943 11579085
11511645 11579085
11649857 11579085
11640858 11579085
11730432 11579085
11694057 11579085
11520901 11579085
11704791 11579085
11606588 11579085
11796878 11579085
1064704 11579085
1073435 11579085
11631423 11579085
11621730 11579085
11467296 11579085
11553737 11579085
11651519 11579085
11677445 11579085
11532456 11579085
11659782 11579085
1073453 11579085
11516460 11579085
11656679 11579085
11655994 11579085
11670909 11579085
11753254 11579085
11662987 11579085
11684597 11579085
11712233 11579085
11469317 11579085
11777624 11579085
11645812 11579085
11653262 11579085
11709045 11579085
11546734 11579085
11662854 11579085
11701406 11579085
1073361 11579085
1073339 11579085
1066920 11579085
11521259 11579085
11668693 11579085
11759038 11579085
11740724 11579085
11578880 11579085
11733135 11579085
11704755 11579085
11580577 11579085
11588751 11579085
11673398 11579085
11551555 11579085
11528398 11579085
11493947 11579085
11755257 11579085
11729080 11579085
11700611 11579085
11738728 11579085
11631109 11579085
11637866 11579085
11758675 11579085
11599590 11579085
1089035 11579085
11771534 11579085
11530533 11579085
11567892 11579085
11673226 11579085
1453816 11579085
11482981 11579085
11775328 11579085
11626763 11579085
11741558 11579085
11762524 11579085
11649767 11579085
11494471 11579085
11656835 11579085
11560958 11579085
11542173 11579085
11475196 11579085
11694661 11579085
11688388 11579085
11628406 11579085
11707034 11579085
11681551 11579085
11776772 11579085
11482907 11579085
11756864 11579085
11773600 11579085
11762955 11579085
11604689 11579085
11499839 11579085
11525891 11579085
11511858 11579085
11665079 11579085
11599046 11579085
11553298 11579085
11612360 11579085
11609800 11579085
11600124 11579085
11686420 11579085
11484875 11579085
11651517 11579085
11653320 11579085
11636344 11579085
11613585 11579085
11757600 11579085
11682245 11579085
11654032 11579085
11640543 11579085
11660576 11579085
11641566 11579085
11632636 11579085
11679929 11579085
11622198 11579085
11697186 11579085
11675206 11579085
11701928 11579085
11641226 11579085
11625743 11579085
11649108 11579085
11634889 11579085
11691317 11579085
11569086 11579085
11488434 11579085
11615363 11579085
11673794 11579085
11566964 11579085
1073401 11579085
11688524 11579085
11657823 11579085
11635004 11579085
11705999 11579085
11608400 11579085
11605516 11579085
11557137 11579085
11603371 11579085
11551924 11579085
11597349 11579085
11651914 11579085
11570386 11579085
11664997 11579085
11588811 11579085
11581662 11579085
11543581 11579085
11645601 11579085
11609816 11579085
11588236 11579085
11685770 11579085
11774679 11579085
11672726 11579085
11603845 11579085
11664978 11579085
11652988 11579085
11498958 11579085
11565718 11579085
11663655 11579085
11663605 11579085
11513742 11579085
11635577 11579085
11626369 11579085
11646565 11579085
11645542 11579085
11544964 11579085
11796613 11579085
11689440 11579085
11616610 11579085
11592755 11579085
11672890 11579085
11474327 11579085
11610601 11579085
2607715 11579085
2650902 11579085
2661839 11579085
2607581 11579085
11600015 11579085
1064589 11579085
9468919 11579085
1073379 11579085
11466186 11579085
11640917 11579085
11605315 11579085
11681863 11579085
11628938 11579085
11626894 11579085
11631086 11579085
11640444 11579085
11601494 11579085
11619903 11579085
11690839 11579085
11697347 11579085
11770616 11579085
11610948 11579085
11566998 11579085
11631930 11579085
11470170 11579085
11581137 11579085
11530488 11579085
11665039 11579085
11492252 11579085
11620295 11579085
11631918 11579085
2628339 11579085
11551852 11579085
11582683 11579085
11663649 11579085
11661393 11579085
11648541 11579085
1073463 11579085
11532395 11579085
11517578 11579085
11669247 11579085
11637504 11579085
11588899 11579085
11537924 11579085
11569805 11579085
11606043 11579085
11548600 11579085
11794183 11579085
11608502 11579085
11711379 11579085
11518242 11579085
11755285 11579085
11504917 11579085
11580435 11579085
11535482 11579085
11515410 11579085
11591953 11579085
11735156 11579085
1064529 11579085
11769300 11579085
11497824 11579085
11632259 11579085
11576774 11579085
11635322 11579085
11658007 11579085
11670917 11579085
11597675 11579085
11601178 11579085
11616810 11579085
11627862 11579085
11732066 11579085
11579525 11579085
11732236 11579085
11743208 11579085
11768669 11579085
11549444 11579085
1089395 11579085
11731894 11579085
9464515 11579085
9468657 11579085
9493106 11579085
1073359 11579085
1073353 11579085
1073355 11579085
11469976 11579085
11559776 11579085
11481309 11579085
1090354 11579085
11506834 11579085
1064693 11579085
1073399 11579085
11701368 11579085
1073445 11579085
9467773 11579085
11792528 11579085
11638261 11579085
2681329 11579085
11542961 11579085
11742328 11579085
11640180 11579085
11740330 11579085
11785204 11579085
11695993 11579085
11762006 11579085
11781225 11579085
11734043 11579085
11785001 11579085
11689292 11579085
11795259 11579085
11771651 11579085
11617192 11579085
11622213 11579085
11494900 11579085
11524421 11579085
11589886 11579085
11728551 11579085
11603913 11579085
11583551 11579085
11480585 11579085
1073447 11579085
11615053 11579085
11507271 11579085
11520700 11579085
11471943 11579085
11499963 11579085
11683630 11579085
11536903 11579085
11774097 11579085
11779339 11579085
11688794 11579085
11525155 11579085
11670841 11579085
11775146 11579085
11786339 11579085
11664180 11579085
11678899 11579085
11747278 11579085
11570460 11579085
11465693 11579085
11583232 11579085
11637807 11579085
11720247 11579085
11697330 11579085
11724415 11579085
11717543 11579085
11635990 11579085
11655459 11579085
1073423 11579085
11757448 11579085
11581025 11579085
11538538 11579085
11729827 11579085
11511016 11579085
11567571 11579085
11510924 11579085
11520691 11579085
11606521 11579085
11768774 11579085
11489014 11579085
11729832 11579085
11724282 11579085
11682761 11579085
11761340 11579085
11470314 11579085
11599256 11579085
11488227 11579085
11588328 11579085
11498973 11579085
11789887 11579085
11639433 11579085
11587689 11579085
11730283 11579085
11503791 11579085
11658068 11579085
11616559 11579085
11519227 11579085
11513756 11579085
11661136 11579085
11644405 11579085
1073443 11579085
11472592 11579085
11785111 11579085
11605644 11579085
11544360 11579085
11627653 11579085
11764221 11579085
11525348 11579085
11520520 11579085
11513817 11579085
11595735 11579085
11532659 11579085
11641164 11579085
1093304 11579085
9487634 11579085
9518333 11579085
1090514 11579085
11768989 11579085
1073409 11579085
11672089 11579085
11777618 11579085
11603148 11579085
11659436 11579085
11523671 11579085
11701132 11579085
11742304 11579085
11679974 11579085
11603611 11579085
11552071 11579085
11672488 11579085
11719620 11579085
11661362 11579085
11605541 11579085
11603848 11579085
11586251 11579085
11715341 11579085
11585286 11579085
11626866 11579085
11688822 11579085
11716619 11579085
11791495 11579085
11486020 11579085
11500766 11579085
11573351 11579085
1073367 11579085
11773788 11579085
11788056 11579085
11523241 11579085
11575379 11579085
11755775 11579085
11588215 11579085
11688101 11579085
11652989 11579085
11605239 11579085
11664983 11579085
11611539 11579085
11629007 11579085
11660815 11579085
11764543 11579085
11675956 11579085
11656995 11579085
11567309 11579085
11759405 11579085
1073457 11579085
11724268 11579085
11648921 11579085
11646211 11579085
11659768 11579085
11792049 11579085
11742612 11579085
11769075 11579085
11576157 11579085
11468623 11579085
11733270 11579085
11776652 11579085
11717865 11579085
4111826 11579085
11732045 11579085
11757812 11579085
1073413 11579085
11672763 11579085
11770217 11579085
11704825 11579085
11611387 11579085
11600186 11579085
11589676 11579085
11675441 11579085
11657755 11579085
1073341 11579085
11742318 11579085
11480251 11579085
11758672 11579085
11694990 11579085
11700900 11579085
11534978 11579085
11636103 11579085
11712095 11579085
11516733 11579085
11575477 11579085
11593252 11579085
11495726 11579085
11560343 11579085
11645511 11579085
11615272 11579085
11638082 11579085
11573158 11579085
11730516 11579085
11616416 11579085
11787498 11579085
11593703 11579085
11663696 11579085
11541202 11579085
11636037 11579085
11575543 11579085
11656915 11579085
11477541 11579085
11467928 11579085
11611015 11579085
11597321 11579085
11468550 11579085
11661626 11579085
11561615 11579085
11550830 11579085
11617274 11579085
11551299 11579085
11554369 11579085
11722599 11579085
11628957 11579085
11706232 11579085
11536181 11579085
11762150 11579085
11746589 11579085
11550843 11579085
11773137 11579085
11591763 11579085
11644268 11579085
11691653 11579085
11598841 11579085
11482732 11579085
11608289 11579085
11734519 11579085
1073397 11579085
11476627 11579085
11635330 11579085
11600253 11579085
11630771 11579085
11706632 11579085
11773990 11579085
11686604 11579085
11652516 11579085
11695965 11579085
11782322 11579085
11570475 11579085
1073451 11579085
11645256 11579085
11648291 11579085
11670049 11579085
11737402 11579085
11545662 11579085
11714358 11579085
11742992 11579085
11595165 11579085
11625531 11579085
11648355 11579085
11700498 11579085
11589377 11579085
11597209 11579085
11597231 11579085
11597203 11579085
11646152 11579085
11796417 11579085
11615027 11579085
11600008 11579085
11521486 11579085
11604725 11579085
11488937 11579085
11613990 11579085
11561352 11579085
11542418 11579085
11595162 11579085
11597300 11579085
11621439 11579085
11598189 11579085
11664490 11579085
11597325 11579085
11781974 11579085
11588287 11579085
11632654 11579085
11560929 11579085
11668759 11579085
11791382 11579085
11580065 11579085
11580966 11579085
1073461 11579085
11520750 11579085
11709690 11579085
11724447 11579085
11714310 11579085
11688126 11579085
11611568 11579085
11637457 11579085
11660036 11579085
11707342 11579085
11631094 11579085
11641431 11579085
11703881 11579085
11647978 11579085
11690966 11579085
11734715 11579085
11570228 11579085
11568044 11579085
11689452 11579085
11678711 11579085
11598791 11579085
11524145 11579085
11717362 11579085
11561664 11579085
11670071 11579085
11573154 11579085
11611784 11579085
1073421 11579085
11639783 11579085
11541734 11579085
11621807 11579085
11749675 11579085
11721431 11579085
11548391 11579085
11632554 11579085
11558415 11579085
11567382 11579085
11644070 11579085
11482253 11579085
11713939 11579085
11570384 11579085
11759531 11579085
11674041 11579085
11557466 11579085
1090512 11579085
1073411 11579085
1073427 11579085
11719553 11579085
1073471 11579085
11481616 11579085
9492048 11579085
1090476 11579085
1090504 11579085
1064550 11579085
11534347 11579085
1090508 11579085
1091392 11579085
2618120 11579085
11710237 11579085
11688103 11579085
1090124 11579085
11628746 11579085
11610266 11579085
11549991 11579085
861562 11579085
859698 11579085
11688853 11579085
11779343 11579085
11514957 11579085
1090520 11579085
11696343 11579085
11569714 11579085
11606412 11579085
11619131 11579085
11589830 11579085
11578990 11579085
11533241 11579085
11580496 11579085
11471150 11579085
11557713 11579085
11510210 11579085
11580181 11579085
11585155 11579085
11554064 11579085
11527374 11579085
11651892 11579085
11753973 11579085
11556477 11579085
11534976 11579085
11585713 11579085
11545628 11579085
11593786 11579085
11680628 11579085
11638235 11579085
11573707 11579085
11619114 11579085
11504822 11579085
11599182 11579085
11536941 11579085
11579940 11579085
11500877 11579085
11594215 11579085
11481551 11579085
11601154 11579085
11588268 11579085
11519849 11579085
11589196 11579085
11686426 11579085
11585215 11579085
11721809 11579085
11581905 11579085
11733131 11579085
11604021 11579085
11608267 11579085
11743222 11579085
11566844 11579085
11555924 11579085
1073405 11579085
11512052 11579085
11638233 11579085
11550723 11579085
11611907 11579085
11576111 11579085
11608300 11579085
11633225 11579085
11573679 11579085
11717728 11579085
11505807 11579085
11524503 11579085
11690604 11579085
11706430 11579085
11660236 11579085
11616214 11579085
11608269 11579085
11639551 11579085
11636731 11579085
11573436 11579085
11524574 11579085
11721940 11579085
11728254 11579085
11744417 11579085
11678654 11579085
11685267 11579085
11644319 11579085
1073383 11579085
11755769 11579085
11636471 11579085
11628697 11579085
11697605 11579085
11654256 11579085
11587790 11579085
11586273 11579085
11714982 11579085
11758565 11579085
11661214 11579085
11642425 11579085
11704864 11579085
11611089 11579085
11536277 11579085
11727970 11579085
1073455 11579085
11581038 11579085
11712488 11579085
11693454 11579085
11649783 11579085
11541530 11579085
11597225 11579085
11569897 11579085
11674206 11579085
11483525 11579085
11526639 11579085
11644358 11579085
11696611 11579085
11736236 11579085
11550833 11579085
11780472 11579085
11643654 11579085
11498479 11579085
11515687 11579085
1073395 11579085
11633712 11579085
11689314 11579085
11734603 11579085
11644416 11579085
11475310 11579085
11740813 11579085
11493857 11579085
11468700 11579085
11740576 11579085
11795529 11579085
11711938 11579085
11517458 11579085
11702317 11579085
11718109 11579085
11710400 11579085
967069 11579085
11603028 11579085
11543197 11579085
11527443 11579085
11521361 11579085
11509126 11579085
11559788 11579085
11525958 11579085
11510225 11579085
11679894 11579085
11724876 11579085
11525190 11579085
11557946 11579085
11542491 11579085
11501530 11579085
11650452 11579085
11484947 11579085
11691699 11579085
11546439 11579085
11558372 11579085
11635237 11579085
11525191 11579085
11787505 11579085
11789874 11579085
11541014 11579085
11557833 11579085
11598326 11579085
11542951 11579085
11536390 11579085
11741288 11579085
11755185 11579085
11762934 11579085
11526537 11579085
11701352 11579085
11651639 11579085
11664976 11579085
11603386 11579085
11579492 11579085
11532465 11579085
11514080 11579085
11467375 11579085
11571956 11579085
11677192 11579085
11518237 11579085
1073381 11579085
11707772 11579085
11776774 11579085
11764541 11579085
11499758 11579085
11565666 11579085
11711406 11579085
11519822 11579085
11728706 11579085
11653017 11579085
11520027 11579085
11581505 11579085
11517626 11579085
11519228 11579085
11526070 11579085
11654051 11579085
11538347 11579085
11473900 11579085
11545652 11579085
11788681 11579085
11772320 11579085
11724080 11579085
11625951 11579085
11757611 11579085
11760664 11579085
11712771 11579085
11605645 11579085
11489340 11579085
11610257 11579085
11716779 11579085
11672119 11579085
11508332 11579085
11669293 11579085
11670282 11579085
11714112 11579085
11739259 11579085
11676769 11579085
11514545 11579085
11651547 11579085
11603858 11579085
11728289 11579085
11682708 11579085
11709251 11579085
11760660 11579085
11694880 11579085
11710232 11579085
11661152 11579085
11488290 11579085
11717721 11579085
11605295 11579085
11785474 11579085
11709855 11579085
11591347 11579085
11641429 11579085
11737027 11579085
11663886 11579085
11598591 11579085
11693614 11579085
11679954 11579085
11792028 11579085
11781952 11579085
11694670 11579085
11791224 11579085
11773979 11579085
11765569 11579085
11524417 11579085
11526679 11579085
11691524 11579085
11717296 11579085
11779357 11579085
11756037 11579085
11770212 11579085
11728886 11579085
11655508 11579085
1073429 11579085
11680106 11579085
11771756 11579085
11691882 11579085
11776890 11579085
9533033 11579085
3914958 11579085
9533043 11579085
11693478 11579085
11662737 11579085
11600093 11579085
9533052 11579085
11735319 11579085
1064728 11579085
11538034 11579085
11733109 11579085
11661155 11579085
11498627 11579085
11644609 11579085
11642562 11579085
11626701 11579085
11588713 11579085
11741555 11579085
11692118 11579085
11641914 11579085
11673394 11579085
1073391 11579085
11700949 11579085
11730857 11579085
11680637 11579085
11593375 11579085
11465893 11579085
11468541 11579085
11708858 11579085
11471242 11579085
11716599 11579085
11611040 11579085
11752241 11579085
11493946 11579085
11779235 11579085
11792852 11579085
11634917 11579085
11540976 11579085
11791485 11579085
11500885 11579085
11480343 11579085
11693499 11579085
11630381 11579085
11594295 11579085
11469118 11579085
11614047 11579085
11788767 11579085
11779884 11579085
11481219 11579085
11558045 11579085
1064538 11579085
1090492 11579085
11474135 11579085
11546839 11579085
11635607 11579085
11632497 11579085
11519158 11579085
11558468 11579085
11794398 11579085
11528476 11579085
11493852 11579085
11660606 11579085
11620276 11579085
11545711 11579085
11791223 11579085
11588866 11579085
11595351 11579085
11617394 11579085
11574509 11579085
11542820 11579085
11653641 11579085
11598132 11579085
11591827 11579085
11635627 11579085
11714277 11579085
11481116 11579085
1090506 11579085
11735050 11579085
11691276 11579085
11675279 11579085
11507551 11579085
11663125 11579085
11650434 11579085
11758547 11579085
11769108 11579085
11578857 11579085
11650030 11579085
11472752 11579085
11587696 11579085
11535668 11579085
11517218 11579085
1107246 11579085
11711709 11579085
11546733 11579085
11499907 11579085
9536790 11579085
11544497 11579085
11609327 11579085
11628722 11579085
11559865 11579085
1073365 11579085
11582126 11579085
11566702 11579085
11775365 11579085
11539294 11579085
11556691 11579085
11714703 11579085
11546434 11579085
11685947 11579085
11516580 11579085
11546369 11579085
11592047 11579085
11629039 11579085
11549357 11579085
1073385 11579085
11686444 11579085
11642256 11579085
11494691 11579085
11537285 11579085
11655814 11579085
11530890 11579085
11662849 11579085
11678386 11579085
11608902 11579085
11568745 11579085
11496887 11579085
11609299 11579085
11586796 11579085
11580502 11579085
11591869 11579085
11541046 11579085
11594783 11579085
11616466 11579085
11742610 11579085
11741562 11579085
11493838 11579085
11686464 11579085
11755877 11579085
11608780 11579085
11539287 11579085
11538711 11579085
1073357 11579085
11581473 11579085
11592272 11579085
1073371 11579085
11566434 11579085
11752157 11579085
1090484 11579085
11613678 11579085
11672963 11579085
11679368 11579085
11664140 11579085
11719421 11579085
11630625 11579085
4275079 11579085
11638193 11579085
11635955 11579085
1073347 11579085
11712258 11579085
11773150 11579085
11771570 11579085
11742740 11579085
11575409 11579085
11791315 11579085
10485883 11579085
11593932 11579085
11586160 11579085
11631937 11579085
11470008 11579085
11594848 11579085
11503811 11579085
11473901 11579085
11557727 11579085
11570177 11579085
1064544 11579085
11755275 11579085
11655493 11579085
11592542 11579085
11746755 11579085
11734096 11579085
11773131 11579085
11670584 11579085
11707716 11579085
11649252 11579085
11638161 11579085
11639457 11579085
1064603 11579085
11544246 11579085
11523341 11579085
11691454 11579085
11643980 11579085
1073465 11579085
1073473 11579085
11700787 11579085
11732353 11579085
11782483 11579085
11553929 11579085
11506040 11579085
11504125 11579085
11636511 11579085
11661479 11579085
11641194 11579085
11692125 11579085
1073343 11579085
11772328 11579085
11644430 11579085
11626101 11579085
11537591 11579085
11745405 11579085
11498833 11579085
11771886 11579085
11542840 11579085
11758681 11579085
11657530 11579085
11622094 11579085
11650085 11579085
11717542 11579085
11685222 11579085
11661492 11579085
11611900 11579085
11594680 11579085
11682645 11579085
11663034 11579085
11743533 11579085
11587923 11579085
11694283 11579085
11587927 11579085
11780650 11579085
11547070 11579085
11654250 11579085
11593813 11579085
11638078 11579085
11673184 11579085
11646570 11579085
11556001 11579085
11708851 11579085
11609194 11579085
11772057 11579085
11730546 11579085
11765639 11579085
11525137 11579085
11656012 11579085
11649106 11579085
11709464 11579085
11730522 11579085
11549145 11579085
11610500 11579085
11556511 11579085
11657385 11579085
11588690 11579085
11572121 11579085
11533521 11579085
11724394 11579085
11551800 11579085
11716634 11579085
11644327 11579085
11611542 11579085
11627660 11579085
11707003 11579085
11660359 11579085
11587423 11579085
11532684 11579085
11592787 11579085
11529837 11579085
11483588 11579085
11599310 11579085
11621351 11579085
11670328 11579085
11609722 11579085
1073393 11579085
11665098 11579085
11606898 11579085
11473915 11579085
11739385 11579085
11744279 11579085
11499821 11579085
11622045 11579085
11741521 11579085
11716401 11579085
11673945 11579085
11648374 11579085
11723931 11579085
11756138 11579085
11521759 11579085
11490362 11579085
11760910 11579085
11742306 11579085
11476648 11579085
11582096 11579085
11796862 11579085
11501961 11579085
11579627 11579085
11481285 11579085
11723808 11579085
11781860 11579085
11709146 11579085
11475471 11579085
11794016 11579085
11471522 11579085
11526127 11579085
11600132 11579085
11734871 11579085
11736412 11579085
11765219 11579085
1073369 11579085
1073373 11579085
11648639 11579085
11673476 11579085
1073377 11579085
11489280 11579085
11649514 11579085
11614504 11579085
11664711 11579085
11680226 11579085
11521536 11579085
11622103 11579085
11621848 11579085
11669874 11579085
11736278 11579085
11704409 11579085
11738603 11579085
11746621 11579085
11720411 11579085
11496946 11579085
11589205 11579085
11626375 11579085
11480091 11579085
4281618 11579085
1073441 11579085
1748771 11579085
11485829 11579085
11746618 11579085
11773360 11579085
11513736 11579085
11779442 11579085
11635648 11579085
4265251 11579085
11787845 11579085
11588686 11579085
4374438 11579085
11498828 11579085
11652176 11579085
11599566 11579085
11691487 11579085
11735127 11579085
11720056 11579085
11597819 11579085
11608909 11579085
11737393 11579085
11701514 11579085
1073419 11579085
1073439 11579085
11645621 11579085
11585904 11579085
11641546 11579085
11614956 11579085
11721468 11579085
11471785 11579085
1073431 11579085
11664145 11579085
1089761 11579085
2615526 11579085
11555866 11579085
11659225 11579085
11598579 11579085
11785212 11579085
11582091 11579085
11786174 11579085
11770860 11579085
11717172 11579085
11637533 11579085
11707745 11579085
11663942 11579085
11788761 11579085
11707203 11579085
11687900 11579085
11716804 11579085
11619141 11579085
11507326 11579085
11693798 11579085
11487246 11579085
11761379 11579085
11476474 11579085
11639848 11579085
11581963 11579085
11738851 11579085
11572621 11579085
11547035 11579085
4312885 11579085
11685224 11579085
11659155 11579085
1073469 11579085
11680159 11579085
11634929 11579085
11696981 11579085
1073389 11579085
11525008 11579085
11614482 11579085
11550807 11579085
11609329 11579085
11707747 11579085
11585929 11579085
11652702 11579085
11684513 11579085
11633608 11579085
11577075 11579085
1073351 11579085
11712726 11579085
11614407 11579085
11676387 11579085
11772202 11579085
11688837 11579085
11757432 11579085
11635203 11579085
11605989 11579085
11627185 11579085
11660069 11579085
11704282 11579085
11680108 11579085
11730670 11579085
11569693 11579085
11585907 11579085
11552670 11579085
11615240 11579085
11571922 11579085
11674242 11579085
11532614 11579085
11541216 11579085
11760581 11579085
11566093 11579085
11692120 11579085
11732041 11579085
1064647 11579085
11556719 11579085
1064733 11579085
835968 11579085
835964 11579085
11768869 11579085
11575857 11579085
11536521 11579085
11586345 11579085
11653081 11579085
4133749 11579085
11560207 11579085
11627975 11579085
1092643 11579085
11601525 11579085
11622151 11579085
1064542 11579085
11742987 11579085
11634864 11579085
11746193 11579085
11567976 11579085
11598278 11579085
11611560 11579085
11734075 11579085
11597447 11579085
11568646 11579085
11592486 11579085
11700988 11579085
11542335 11579085
11636842 11579085
11488203 11579085
11628638 11579085
11659235 11579085
11663603 11579085
11640397 11579085
11685495 11579085
11605514 11579085
11648621 11579085
1064546 11579085
1088979 11579085
1091701 11579085
11686175 11579085
11556093 11579085
11597419 11579085
11593965 11579085
11670086 11579085
11673699 11579085
11592022 11579085
4484982 11579085
11576553 11579085
11714726 11579085
11488406 11579085
11477602 11579085
1090510 11579085
11782228 11579085
11583735 11579085
11677203 11579085
11644943 11579085
11509465 11579085
11550626 11579085
11539332 11579085
11754269 11579085
11524363 11579085
11765663 11579085
11627589 11579085
11541832 11579085
11762747 11579085
11769005 11579085
11604338 11579085
11673252 11579085
11769006 11579085
11595901 11579085
11614448 11579085
1064609 11579085
11686357 11579085
11711543 11579085
11694247 11579085
11735416 11579085
11653721 11579085
1064623 11579085
1064627 11579085
1091404 11579085
2605168 11579085
11790304 11579085
981602 11579085
2660495 11579085
11561322 11579085
1090516 11579085
11541575 11579085
1064632 11579085
1064636 11579085
1088997 11579085
1073403 11579085
11746362 11579085
1064579 11579085
1073415 11579085
1064678 11579085
1064640 11579085
1064619 11579085
1064645 11579085
1091608 11579085
853981 11579085
1064655 11579085
853498 11579085
11551361 11579085
1089296 11579085
1064649 11579085
1064653 11579085
1089300 11579085
1064657 11579085
11712213 11579085
1064663 11585418
1064669 11585418
1064675 11585418
1089054 11585418
1064682 11585418
1064690 11585418
1089308 11585418
1064698 11585418
1064702 11585418
1064712 11585418
1089310 11585418
1064665 11585418
1089974 11585418
1064560 11585418
1090876 11585418
2692847 11585418
1089923 11585418
1088945 11585418
1064563 11585418
1090488 11585418
924487 11585418
1090490 11585418
1090518 11585418
1065987 11585418
860710 11585418
1090530 11585418
1064572 11585418
969015 11585418
1090526 11585418
1092399 11585418
1090522 11585418
1090524 11585418
1090326 11585418
1090340 11585418
1091529 11585418
1090318 11585418
1090093 11585418
1064706 11585418
1091671 11585418
1064565 11585418
1090446 11585418
1064576 11585418
1064554 11585418
1089713 11585418
1089005 11585418
1064558 11585418
1089715 11585418
963303 11585418
1064556 11585418
1090471 11585418
1064567 11585418
1091680 11585418
1091110 11585418
1090528 11585418
1016878 11585418
1064552 11585418
1059568 11585418
1064585 11585418
1064634 11585418
1187160 11585418
1064570 11585418
1060592 11585418
1091703 11585418
835978 11585418
1088971 11585418
1064735 11585418
1064527 11585418
1089970 11585418
1090282 11585418
1089966 11585418
1064525 11585418
1089950 11585418
1064595 11585418
1064597 11585418
1088983 11585418
1064601 11585418
1064607 11585418
1088999 11585418
1064583 11585418
1064615 11585418
1064617 11585418
1064623 11585418
1064587 11585418
1091402 11585418
1064714 11585418
891703 11585418
1064720 11585418
853500 11585418
1064651 11585418
1089302 11585418
1064717 11591547
1064700 11591547
1064671 11591547
1090091 11591547
1064591 11591547
835972 11591547
1089042 11591547
1090399 11591547
1090397 11591547
1064724 11591547
1089040 11591547
1064540 11591547
1089968 11591547
1064605 11591547
1064611 11591547
1064613 11591547
1064621 11591547
1091620 11591547
1064581 11591547
1090066 11591547
1179223 11591547
1064560 11668533
1090124 11714018
