164454 10532618
601094 10532619
207547 10532620
84468 10532651
548355 10532667
1743197 10532709
29514580 12183620
621355 10532712
820873 9571183
391769 10532716
3803329 9964107
11998962 9964109
220505 10848655
3819288 10848657
456858 10532766
3817861 10532779
356252 10532822
1535598 9964229
217905 10532832
1053802 10532841
801311 10532852
23957467 10532862
418924 10532871
2348482 10532900
2348469 10532903
2340103 10532913
998454 10532924
809936 10532937
160836 10532945
1011270 10532946
4357767 10532947
1014635 10532948
15341487 10532997
829158 10532999
3810108 10533076
220375 10533083
209149 10533098
227578 10533112
1012177 10533113
23946114 10533117
611253 10533121
477450 10533141
3791892 10020699
198914 9964513
1056013 10533180
3787168 10533198
3840060 10533208
186504 10533225
2288088 10533301
430402 10533321
22358026 10533323
446593 10533325
14989219 10533340
3784547 10533373
17170549 10533389
673778 10533397
3801886 10533403
1052631 10533413
138201 10533457
3800911 10458070
623239 10533460
166623 10533473
3809718 10533498
22358638 9964656
10487174 10533513
565853 10533519
762408 10533546
1011266 9964686
3800989 10533584
3787151 10533615
30246179 10590344
30246180 10533621
171726 10533625
242116 10533632
233136 9964777
1015488 9964879
1055684 10533790
215946 10533806
3878300 9965039
196762 10024040
159022 10024044
3826920 10458077
14814042 10534031
605498 10534034
137093 10534035
19701722 10534037
2473502 10534043
14989270 10534060
10470604 9965309
2354121 9965311
14989136 9965319
14989262 9965321
2422959 10534074
1055532 10534075
733468 10534108
497495 10534119
1014320 10458078
401733 10534135
129079 10534139
260001 9965501
1013939 9965503
720853 10534202
233574 10534216
443362 10534231
3792207 10534241
3821174 10534267
736244 10534281
22406702 9965663
398239 10534333
1826878 10534334
19618839 10534459
18876540 10534512
22431631 9965810
19616519 10534572
720701 9965828
18936531 10534629
1052221 10534674
3807139 10534730
459310 10534736
623783 10534751
206256 9965911
271669 10534807
30246181 10534834
2287791 10534876
388190 10534894
175494 10590454
253520 10534901
999540 10534922
139719 10535050
1052324 10535068
27567819 10535069
1429899 10535075
3819509 10535076
3804419 10535089
213460 10535091
3820302 10535099
10487050 10535175
3831329 10535216
804758 10535307
1155084 10535320
1000661 10535342
171882 10535351
1810625 10535363
253150 10535423
128074 10535425
233735 10535429
3798015 10026347
179071 10026397
2219426 10535561
2250341 10535578
2226092 10535604
19093096 10535671
18908886 10535677
207671 10535705
2494749 10028177
223087 10535732
2476643 10535777
679768 10535790
3789162 10535878
3789164 10535889
3789164 10535898
3798062 10535977
1809023 10535978
270764 9966498
460488 10536057
1809412 10536061
292608 10536065
432236 10536073
84946 10536084
3807137 10536100
15970283 10536104
22358973 10536121
365376 10536139
316208 10536187
757460 10536195
457791 10536205
1013609 9966567
167911 10536215
1001918 10536310
724253 10536392
3799197 10536421
1805960 10536427
234225 9966698
381465 10536446
204674 10536502
488392 10536613
465399 10536640
806472 10536699
1004178 10536708
12185129 10536723
275824 9966908
784027 9966928
7758741 10536772
268628 10536825
3878630 10536833
19087497 10536869
212957 10536920
1444034 9967142
22426821 10458094
30246182 12420941
1057271 10537046
2256189 10537055
336032 10537064
234689 10537068
814723 9576366
10206866 9967313
1014523 10537176
2209651 10537189
145406 9576469
3845825 10537220
141102 10537238
218201 10537250
2209653 10537266
226371 10537292
151315 10537299
218199 10537312
3784031 10537320
10467998 10537387
3783418 10537418
3846024 10537439
236754 10537440
14885187 10537560
461115 10537636
463883 10537814
3849196 10537824
27567995 10537825
1429832 12421328
486327 10537843
1054266 10537859
1053199 10537925
7854087 9967759
2525733 9967868
165581 10538057
1004159 10538170
3800356 10538233
3805283 10538334
3830571 10538394
15011259 10538432
22461392 10538476
2505563 10538517
17169177 10538585
187795 10538587
235349 10850394
244815 10538669
2481443 10538698
3785574 10538719
679974 10538981
184395 10539092
18936954 10539121
168990 10539154
1002091 10539183
1338873 10539199
2462027 10539227
236026 10539241
356897 10539258
3796116 10539384
1056392 10539474
28686995 10850473
801812 10539504
214684 10539539
19616915 10539548
998839 10539565
2360817 10539596
717431 10539834
1432029 9969345
443913 10539910
383976 10539978
3854313 10032968
3790105 10540104
1346376 9969620
489341 10540148
236922 10540153
267455 14406612
137293 10540269
323620 10540271
447729 10540277
2216345 10540303
17169304 10540314
173605 10540337
2319296 10540344
17167868 10540476
237488 10540525
355869 10540547
22461294 9970091
30246183 10540835
1051942 10540917
999353 10540996
214466 10541066
22461292 9970753
3847166 10541253
445993 10458149
22431630 10541431
3835984 12421665
22357960 10541492
237726 10541493
2311194 10541495
10883357 10541496
22479757 10850760
574018 10541506
547356 10033039
137087 10541513
1010441 10541535
765545 10541563
2481417 10541639
693665 10541709
782049 10541736
21796341 10541758
2213946 10541768
446513 10541867
1581764 10541979
2206925 10541988
3790640 10542001
3794619 10542006
3854503 10542015
3849237 9972627
18936969 10542038
3818462 10590747
466659 10542045
466659 10542046
2472487 10542048
1793488 10542050
15368890 10542059
2314100 10542067
776003 10542068
4128297 10851334
1004823 10542077
1010976 10542083
167953 10542085
3792101 9581303
691718 10542111
427134 10851572
232049 12226918
230389 10851591
688748 9581422
3802172 10542146
23944641 10851735
220509 14367583
1004169 12422324
595175 12422345
385223 12422346
2473558 12422348
311368 10542172
3790074 10542173
211154 9975190
212909 12422365
403935 13617587
22404713 14367923
1009799 10542190
1005352 10542193
3854551 10542197
29504863 10542198
30246184 9975668
3786811 10542209
3785892 10542217
794084 10542226
219373 10851909
245023 15408024
3854581 10542246
343200 12422536
161684 12818829
3787777 10542256
3831259 10037691
406268 14406704
15009089 12422592
2128938 12422599
2337028 14523827
3791146 10542269
3813200 12422623
999784 10037695
1001895 12422630
255713 13818526
1053881 10542276
3858175 12422653
3844627 10851956
3798661 10851960
14988866 14336902
160854 10851961
1732904 10851965
730924 13617625
730922 10851974
129741 10851977
1004137 15408516
1054772 15408540
287860 12422692
171900 9977341
15011246 10542300
22461382 9977421
1810823 10542306
1007799 10542335
17102849 12184077
1054756 14692130
3810039 10542337
238402 10542339
625045 10542340
165179 12184090
3786573 12184092
815278 12184093
625043 10542345
17172769 12422912
23945179 10542359
809928 12422958
231202 12184130
370717 12422978
150569 12422979
2257373 10542380
1003705 12423036
446851 10542393
286551 12423078
3789879 10542402
30246185 10542410
489347 12423173
1014432 10542420
2209651 15410035
254863 10542421
3797311 13818557
2169782 10542439
14814444 9980598
16390195 9980606
1717541 13617704
183023 12423260
244859 10542444
2294118 12423272
209366 12521074
180353 12521098
459544 10542452
3803354 12521103
3793955 10037750
1002041 10542453
228464 12423321
335565 12423322
170021 12423335
1056674 12521135
3849517 15410527
16390156 12423349
276258 12423350
526948 12423369
228152 14370773
3791253 10542474
668019 9981069
509299 12423406
22407687 12423408
2306226 10542479
2301449 12423416
1053874 10542481
456488 10542483
500339 15410744
3785002 10542492
3810110 10542495
204454 12423494
251592 12819200
1009279 12423515
3878179 13617719
1013243 12423533
2510020 12819221
1378809 15410983
337953 14371157
3829506 12423550
262307 9582442
244711 14524174
3803219 10037774
1052447 15411068
3836117 10542516
3805987 10542518
1054259 10542521
1006506 10542525
166633 12423634
370042 10542529
3815605 10037777
764588 14371402
1015078 10542542
3871350 12423714
3800441 10542548
234193 9981441
2231435 9981443
1755588 12423748
3810471 10542553
11858599 14371598
1007891 10542559
1054198 10542563
448575 9981499
230136 12423804
230383 12423806
29505645 10542572
629553 9582680
3809325 10542575
1279362 12423846
566530 12423871
186186 12423902
2472981 10852003
17170448 12424019
1340370 10542621
1053411 10542622
3822719 10542637
239715 10542638
400187 10542656
2034759 10542663
3817520 10542664
3807431 10542665
380773 10542667
216154 10542679
215266 12819771
22357903 14524231
3789467 10542689
458129 10542691
3785775 10542694
459328 10542695
3844089 9583156
409087 10542708
1013564 10542714
482352 10037842
720877 10542721
2477901 10542722
3804648 10542724
216194 10542730
716200 10542741
132530 10542743
3798995 10542758
356082 10542759
1698613 10542761
1752113 10542766
3805016 10542771
305753 9583453
1013273 10542777
150917 10037869
186152 12184199
500515 9583646
825308 10542805
3809145 10542809
19005567 9583684
216382 10542812
826841 10542829
2184225 9583754
804684 10542833
17166720 10542841
18293861 10542846
3828157 10542847
1351912 10542852
1006177 10542892
1628325 10542895
461901 10542905
202734 10542906
3789338 10542909
638117 10542910
241235 10542922
162545 10542925
3802819 10542947
491683 10542948
151901 10542949
3840926 10542951
22479433 10542952
627479 10542958
22459049 10542961
14989010 9983330
23930594 10542965
18924241 9983334
3784843 10542987
2244927 10543008
2306615 10037934
3807792 10543023
747422 10543044
3816850 9584181
3784217 10543062
15348904 10543067
241820 10543071
2536569 10543072
3788374 10543077
22358007 10543079
3830654 10543080
3808764 10543081
602499 10543082
3829413 10543083
230839 10543084
3850584 10543085
826999 10037958
629151 16417408
3784543 10543087
29508287 10543088
17170694 10543090
1052330 10543091
3850589 10543092
16235017 16417419
89162 10590838
22358660 10543105
1007548 10543118
3806197 9584225
441090 10543119
3877853 10543120
1054255 10543121
1757453 10887779
456888 10543130
2233039 10543131
817077 10543134
208296 10543135
1009974 10543136
3810323 10543138
811089 10543139
2233710 10543140
3846774 10543141
15011279 10543142
3783293 10543144
1007410 10543157
263905 10543161
459112 10543163
18930400 10543165
18293915 10460890
814725 10543166
1015668 10543172
782723 10543177
3798259 10543178
573359 10543180
809198 10543181
3788452 10543183
609582 10543185
361089 10543189
278297 10543190
814859 10543192
192839 10543214
22358971 10543216
218329 10543218
3829706 10543224
184331 10543225
3786581 10543226
457224 10543227
3837890 14374413
3810942 10543232
802416 10543233
2206098 10543234
3701632 10543235
1006017 10543236
3805976 10543238
327363 10543280
694489 10543282
101373 10543304
239221 10543305
3536128 10460932
1532830 10543321
3784458 10543328
3784460 10543329
3811316 9584373
3807521 10543331
30246186 10543335
3801745 10543341
1734626 10543342
1015553 10543344
257560 10543356
3784418 10543360
243779 10543363
1052085 10543374
160810 10543380
100945 9984087
1014692 9984109
3793935 10543381
204688 10543384
219037 10543389
369713 10543392
723152 10543397
3845019 10543404
491185 10543406
204624 10543412
734039 10543415
172826 10543418
246983 10543421
15011258 10543423
794154 10543429
810092 10543431
22464779 10543432
3784938 9984149
244183 10543437
3794180 10543439
802326 10543442
802336 10543444
794080 10543446
3810061 10543454
1052407 10543458
3804934 10590908
3806094 10543481
3815521 10543486
2307024 10543487
456255 10543497
3794501 10543504
204490 10543514
147501 10543521
3792081 10543532
1378809 10543533
3789523 10543534
747949 10041750
490659 10543567
17166308 10543575
712502 10543577
208562 10543578
3801347 10543582
3735830 10543584
1348063 10543590
2330264 10543594
3800098 10543599
245197 10543602
3798943 10543605
3812371 10543606
2330262 10543607
1015000 10543618
446799 10543628
3795873 10543632
3810048 10543641
825059 10041782
30246187 10543657
1559018 10543670
22415237 10543673
1006470 10543679
431115 10543682
18936530 10543688
150367 10543689
3792647 10543697
219753 10543699
999450 10543700
756595 10041796
3785085 10543715
1437626 10543721
2304599 10543731
3787339 9584747
461375 10543738
212781 10543753
3802794 10543764
17174538 10543770
3840410 10543772
3846654 10543784
17170917 10543789
1001620 10543801
18977679 10543802
3844259 10543806
15011312 10543811
3820185 10543825
632056 10543826
3786615 10543827
3838430 10543838
1059098 10543839
646867 10543842
1005359 10543845
1010385 10543862
3645723 10543865
15368916 10543872
1000686 10543873
1054237 10543874
1001561 10543882
246413 10543883
447219 10543886
3809508 10543893
1057720 10543894
14990148 10543911
163482 10543934
3798077 10543938
456101 10543939
14989162 10543940
22357905 10461107
233202 10543953
220333 10543955
2176944 10543958
1014762 10543977
351447 10543989
122884 10543992
1754967 10543997
763650 10544017
3855836 10544021
321855 10544032
3796633 10041878
3856794 10544050
3847547 10544068
205388 10544077
3799912 10544083
204650 10544089
3798950 10544092
3831717 10461150
809579 9985439
3826450 10544105
129569 10544108
246053 10544112
17167550 10544114
247357 10544116
1359081 10544118
1970602 10544123
1438466 10544125
1006631 10544126
3798954 10544130
3847915 10544133
22357971 10544136
1008282 10544139
3843445 10544143
3799817 10544150
470720 10544154
23938960 10544157
594099 10544167
1054583 10544183
448149 10544192
295020 10544216
3701490 10544225
3794277 10544240
1008330 10544245
22461287 10544248
3820124 10544266
1439238 10544295
248348 10544296
3789410 10544298
703667 10544299
463619 10544300
647590 10544301
19707761 9986603
4893546 10045170
403323 10544324
3819852 10544329
224162 10544334
1052416 9585494
99544 10544347
3821168 10544359
3836982 10544364
198500 10544365
249056 10544368
2468015 10544380
493628 10544394
786727 10544395
606392 10544417
3828018 10544423
14989523 10544428
2474097 10544433
3793629 10544435
3784326 10544440
95970 12521385
750711 10544465
624537 10544467
3818150 10544479
1759145 10544480
2377324 10544481
15011603 10544502
2422631 10544515
250013 10544521
2468021 10544523
3785015 10544524
730664 10544529
1013057 10544543
759436 10544551
10486932 10544561
3804039 10544567
620480 10544568
753401 9585679
1005269 10857616
3795493 10857617
3795386 10857621
999982 10857633
3808313 12188741
15011269 10591037
200484 10591038
3804198 10591041
756603 10857840
121531 12184607
476343 12188742
251552 10591062
2472894 10591066
1000331 10591070
558748 9988239
1805749 10858195
1805738 9988315
999389 10858204
2344308 12242725
3786517 10591078
2474247 10591081
603536 10858208
1337667 12521393
3804077 10858210
1011170 10591095
772334 10591096
1809337 10591106
814731 10591107
2335004 10591112
716362 10045346
3824993 9988695
1002911 9988712
3788591 9988716
455016 9988720
140740 13611296
221321 9586015
3843794 9586020
3800861 9586026
151579 10858244
3801120 10591135
359082 9586042
253288 10591137
30246188 10858247
638933 10591144
1012057 10858262
29518986 10591145
1614836 10591148
790222 10591151
15941192 10591152
2298020 10591157
3795158 10858270
3735516 10858274
3798135 10544618
1877199 10858281
1058244 12184634
3792071 9586142
772020 10858285
772018 10591162
3845239 12184638
3791418 10591163
809944 12184639
156029 10858286
133683 12184640
3797656 10858293
2456836 10858295
2488311 10858300
467419 10544638
2453230 10544651
3796207 10544653
1010978 10544660
782083 10544666
662270 10544672
152976 10544675
739363 10544679
1817380 10544693
1015443 10544699
3856582 10544701
428840 10544705
1052046 10544707
3790017 10544708
642782 10544709
3789987 10544719
501560 9989380
801812 10544720
306801 10544721
2474378 10544722
998351 10544728
1011239 10544731
3788983 10544735
18936951 10544738
3831342 10544743
735209 10045448
3784234 10544747
14990159 9989535
3794297 10544767
2348414 10544802
661182 10544979
1001853 10544987
3798719 10461423
160327 10544995
3787611 10544998
147615 9989998
10881033 9990016
1828916 10545001
18979128 10048294
4816437 10545002
22357968 10545004
18908344 10545005
18293918 10545006
171732 10545013
258468 10545021
258774 10545024
1007570 10545026
3783351 9990143
22371758 10048299
1002594 10545031
1003265 10545032
3786309 10545037
687045 10545045
3791290 10545053
1001510 10545064
583130 10545078
456484 9990535
720855 10545080
786816 9990537
758464 10545083
259086 10545085
446085 9990539
816364 10545088
1009874 10545089
2465176 10545091
463124 10545093
1119350 10545099
3787267 10545101
700308 10545106
3795218 9990569
17170555 10545113
449821 10545122
2215650 10545129
134283 10545131
17170597 10545138
363742 10545140
563214 10545153
3818335 9990661
1013919 10048335
1006602 10545162
330707 10545169
3808357 10545175
14989196 9990716
3784487 10545178
1168653 10545226
1428335 10048379
1053963 10545283
1053870 10545290
182985 10545299
1013526 10545303
607886 10545304
1008684 10545310
1059413 10545314
725352 10545315
1051946 10545316
1011470 10545328
580605 10858304
204626 10545336
420735 10545338
260878 10545341
414887 10545344
22357951 10545355
747871 10545356
456037 10545360
3808206 10545363
761844 10545368
2370092 9991112
1051961 10545381
3847586 10545383
1005945 10545401
1013773 10545403
180891 9586894
720980 10545408
1003960 10545412
2306090 10461586
463146 10545421
610064 10545422
1052564 10545428
1165118 10545435
1003601 10545441
3810904 10545442
3817838 10545446
226343 10858305
10471427 10545457
665095 10545465
3820225 10545469
2253442 10545475
18929583 10545476
17170552 10545480
2296685 10545484
1053179 10048440
1003383 10545495
720851 10545496
90040 10545528
3788323 10545544
492944 10545561
3817092 10545565
15011357 10545574
3797726 10545577
3817884 10545582
471302 10545583
14989161 10545585
15105665 10048472
339910 10545590
3841093 9991502
473180 9991504
1535598 10545599
152285 10545608
2253655 10545615
573263 10545621
467990 10545623
170157 10545631
151935 10545639
727177 10048485
3847200 10545658
1052138 10545662
3786852 10545670
15011434 9991767
204480 10545690
294297 10545695
3818621 10545700
1838160 10545702
3818407 9587202
3740085 10545719
1053639 10545727
442071 10461623
264305 10048530
1055307 10545734
774041 10545738
1004050 10545754
3786918 10545755
3818496 10545756
1054993 10545757
811957 10545758
17170321 10545761
337040 10545766
1009945 10545786
30246189 10545787
3807949 10545794
14990160 10545803
222307 9587296
1839741 10545813
2365842 10545816
1000419 10545817
2474793 10545818
212877 10591271
3794892 10545850
19093414 10545862
2254487 10545864
161940 10545878
18293658 9991957
10486995 10545891
3796112 10545893
1004169 10545894
497358 10545896
3832573 9992001
15362491 10545907
591288 10545910
3807163 9992042
29495804 9992062
3824824 10545923
826695 10545925
3796263 10545927
3807199 10051400
267511 10545939
212975 10545942
22396900 9992082
3799356 10545946
2298577 10545947
272525 10545948
461075 10051460
796978 10545954
233632 10545955
1562970 10545970
1003552 10545988
3794909 10545990
388614 10545996
741844 10545998
461954 10546007
379053 10051482
1958955 10546016
1055562 10546017
230306 10546022
546768 10546025
3808202 10546041
3801558 10546043
340934 10546044
3797275 10546058
1735587 10591290
456500 10546066
1886240 10546077
998841 9587475
3840030 10546092
3818958 10546104
213423 10546111
7546782 10546118
14990162 10546122
22461479 10546127
1001339 9992477
3800168 10546133
771683 10546143
149303 10051541
794046 10546144
14990136 10546152
2256146 10546179
1003621 10546181
720843 10546185
2239885 10546187
3800792 10546192
334595 10546194
3809767 10546211
1006675 10546217
30246190 10546222
3788764 10546229
3796739 10546231
827432 10546262
3801213 9992716
3795362 10546269
3800632 10546284
3808548 10546287
136915 10546288
3803095 10546291
228631 9992796
3822555 9992824
18876536 10546315
630527 10546319
1000531 10546321
1773278 10546322
274404 10546323
3796529 10051617
3788598 10546336
2213096 10546338
466557 10546339
3818971 10546349
590487 10461800
292622 10546388
204069 10546389
275598 10546393
200030 10546395
3793594 10546396
22402540 10546414
442313 10546424
1055872 10546429
157513 10546436
3787906 10546437
1013758 10546444
1056493 10546446
157511 10461801
1053914 10546453
441796 10546454
113677 10546459
442263 9587731
3826578 10546462
442225 10546475
2461104 10546487
18936983 10546490
373011 10546502
2578547 10461814
3785679 10546515
29496356 10546548
15369229 10546552
616475 10546555
297243 10546560
305002 10546568
3802764 10546588
1008566 10546592
3785640 10546595
228777 10546607
3807169 10546611
3799980 10546630
2254241 10546635
2464857 10546643
128697 10546646
585309 10546652
998473 10546656
560701 10461839
168574 10546668
2165425 10546678
464094 10546680
278303 10546681
446881 10546704
1007099 10051767
298180 10546716
645688 10546717
457488 10546722
601430 10546726
281444 10546743
1748489 10546745
2466978 10546748
3858010 10546755
3795228 10546759
720976 10546764
3832342 9993555
3846160 10546775
1053823 10546802
3846501 10546803
340652 10546813
3794517 10051805
2281127 10546815
764217 10546817
22406706 10546818
29531961 10546825
409377 10546836
1006504 10546840
1166959 10546845
170795 10546847
786776 10546853
3808179 10546862
3803478 10546865
2467108 9993557
1011611 10546866
1053452 10546868
1448816 10546876
3840229 10546878
3801260 10546879
166999 10546881
1448887 10546893
18942188 10546895
2467227 10546896
1057333 10546900
2474289 10546912
3802028 10546923
442243 10546924
1053812 10546928
456896 10546938
2221917 10546940
3794520 10052813
3735318 10052894
2467484 10546967
215948 10053572
3786798 10546971
3804804 10546977
18872938 10546980
1004345 10546982
1008357 10546985
183670 10546992
94168 10547027
720841 10547052
3784287 10547053
3834802 10547076
3803111 10547083
1688064 10547084
447868 9993643
826869 10547098
826849 10547099
3852100 10547100
3822548 10547103
3791347 10547106
283198 10547108
1348464 10547114
3791720 10547123
1013521 10461877
190110 10547129
226355 10547137
3801371 10591380
1051502 10547152
3797360 10054466
1053969 10547157
203504 10547161
795632 10547162
1010713 10547164
3806166 10547167
469459 10547168
3822736 10547169
123192 10547178
502755 10547185
2529977 10547186
18929826 10547191
745206 10547192
3816944 10547199
1051944 10547200
435707 10547210
223099 10547215
3786532 10547216
459024 10547218
466529 10547232
15105617 10547249
18293766 10547271
771209 10547273
2345430 10591392
1002769 10547275
141684 10547276
1588643 10547278
3817960 10547283
696660 10547290
3794356 10547298
1766244 10547313
1054223 10547314
15011614 10547315
1006250 9588268
1055189 10547329
433761 10547342
3820207 9588281
2476554 10547367
1003015 10547368
1449908 10547381
368598 10547386
1006810 10547389
30246191 10547402
15369265 10547404
828923 10547418
3798490 10547421
29534771 10547423
15009090 10547427
15011251 10547428
2000585 10547430
999960 10547431
1009336 10547457
358055 10547463
1006671 10547474
3730905 10547477
999259 10547487
1010569 10547490
1001321 10547496
497499 10547497
1749812 10547498
1844373 10547499
603231 10547500
204213 10547504
14990161 10547510
428970 10547516
431301 10547517
1057000 10547519
747945 10547526
3787780 10547530
1450844 10547543
3815681 10547551
210254 10547563
1846174 10547564
3802269 10547567
3818070 10547574
3786948 10547577
2473314 10547579
126659 10547613
176490 10547614
3806651 10547619
3800761 10547624
177711 10547630
3804343 10547633
3796067 10547638
3784471 10547644
23958646 10547666
786806 10547667
286671 10547669
786713 10547673
18851361 10547686
3797942 10547697
2347942 10547698
1001680 10547699
2238064 10547706
456656 10547707
1053184 10858313
1015758 10547736
3792957 10547740
18935853 10547746
22461175 10547747
149901 10547757
1007748 10547764
466145 10547768
24082753 10858314
3797960 10547771
403325 10547774
1823572 10547791
2476863 9588573
122063 10547801
3791502 9588581
1054257 10547815
1011694 9588585
1006916 10547818
1004602 10547819
3844991 10547820
1056680 10547822
3811117 10547823
3795750 10547834
3807714 10547837
139919 10547840
3806919 10547842
2476894 10547865
138511 10547868
461181 10547885
170153 10547886
3786280 10547887
816734 10547888
204718 10054494
3832512 10547897
1052831 10547904
1750023 10054496
449829 10547910
1009670 10054498
819484 10547913
1054956 12247361
734572 10547928
1843706 10547929
810595 10547932
3820062 10547933
3808452 9588689
3817948 10547947
287896 10547953
1351571 10547955
1005210 10547956
498184 10547967
2190252 10547973
438565 10547977
3815500 10547983
287906 10054858
1015347 10548000
1000365 10548003
2201929 10548005
3785344 10548011
3792985 10548014
3792553 10548015
3816999 10548017
459292 10548027
558702 10548030
14987783 10548031
3790592 10548034
616493 10548039
3811289 10548043
998963 10548057
805928 10548081
287952 10548085
1053197 10548086
212211 10548087
3789688 10548092
811083 10462046
1053878 10548115
2531106 10548117
367551 10548129
204488 10548134
1377788 10548135
3800619 10548137
30246192 10548138
3820133 10548144
186428 9588919
217921 9588928
1010560 10548170
3787394 10548171
18926517 10548175
1051948 9588945
14886074 10548178
219329 10548182
3817537 10548188
289270 10548200
2306365 10548201
3792174 10548204
679770 10548208
133460 10548212
18936511 10548216
552777 10548233
221545 10548254
294181 10548255
1924916 10548260
1058442 10548261
746208 10548264
1924008 10057039
3795812 10548267
2477683 10548276
1012710 10462085
18938169 10548289
442793 10057043
236550 10548298
24429005 10548299
18876621 10548301
1014000 10548302
824856 10548305
561204 10057044
1052483 10548308
772344 10548317
191370 10548319
213571 9995559
1058183 9995571
1011972 10548322
3836808 9995593
3835179 9995595
3804081 10548324
463178 10548325
3783400 9995597
3786882 10548326
136336 9995605
186234 9995611
1695210 10548331
3835196 10548332
155064 10548336
1135085 10548344
2239652 10548350
2391357 10548351
3794456 10548354
2326547 10548375
1003208 10858327
378215 10548378
170473 10548381
1337756 10548384
1011663 10548386
14814167 10548389
3809597 10548392
3791371 9995821
3802789 10858328
267931 10548407
2467129 10548415
3835848 9995880
15513579 10548417
1858251 10548419
14990156 10548420
3804591 10548421
3791059 10548425
21821679 10548427
218645 9995975
3735453 10548455
3820349 10548460
3834278 10548462
720749 10548465
1010654 9996044
286279 9996046
23959234 9996052
215580 10548484
207703 10057051
27565975 10548503
222469 10548520
209827 9996240
747072 10548539
430911 10548564
235331 10548575
323200 10548592
14999658 10548612
204514 10548635
690084 10548636
1007576 10548654
128222 10548662
465681 10057061
2196442 10548678
189944 10548688
30246193 10548702
221325 10548706
251991 9996363
22473751 10548708
22461090 10858333
3818647 10548755
285705 10548756
126617 10057064
441694 10548773
461877 10548784
8438734 10548808
4361588 10591563
720699 10858337
3791206 10548852
204426 10462151
1004103 10462154
1055921 9996497
1054611 9589736
218377 12188783
19707582 10548893
3804035 10548909
22357967 10548913
207421 10548943
3793411 10462158
173338 10548999
319118 10549026
178707 10549054
405012 10858342
2352036 9996874
720956 9996878
19093094 10549112
23957263 10549145
214586 10549179
10467833 10549196
1007087 10549197
11841168 9997061
22479673 10549234
17170126 10462274
22383034 10549281
744516 10549297
130515 10549298
85510 10549304
225383 9997331
764590 10549369
283458 10549384
2513541 9590456
134666 10591661
211194 9997624
1013327 9997728
1052533 10549477
548497 10549504
460799 10549532
1811436 10549554
3803406 10549562
22357922 10549600
3786627 10462482
286251 10549640
2307773 9997935
2484378 9997937
27567813 9997945
1052404 10549649
8461382 10549651
796510 9997963
