10277060 10590231
10277151 10532617
10436852 10458067
10436364 10532642
10436802 10532654
10277132 10532691
10436865 10532702
1611171 10532706
10436686 9571145
10436382 10532710
10276945 10532712
10267698 9571183
7841485 10532715
10436399 10532716
10436607 10532725
10277089 10532726
1557539 10532739
10437044 10532797
10436531 10532808
10436410 10532828
10277032 10532832
10436653 10019462
10436856 10532871
3345174 10532924
10436473 10532933
10266826 10532956
10398953 10532997
1185814 10533020
10436472 10533047
10436640 10533089
10277075 10533113
10249429 10533130
10277062 10533150
10436750 10020699
10276869 10533170
10436483 10533174
10436755 10533181
10367473 10533186
10276997 10533208
10277245 10533230
10267031 10533240
10277167 10533252
10276921 10533262
10259438 10533311
10277171 10533332
10437078 10533389
10436757 10533413
10436587 10533435
10436682 10533444
10436681 10533454
481422 9571860
10437092 10533460
10437019 10533470
10436940 9964648
782751 10533498
10436392 9964686
10276920 9964688
10437085 9964723
10436751 10533615
10266285 10533625
10436494 9964777
10277084 10533709
10267018 10533720
10436416 9964879
10436440 10533738
10277289 10533759
10267565 10533770
10276857 10533790
10277175 10533969
10277025 10534002
10436836 10534079
10367471 10534120
10437214 10534146
10436870 10534202
3644587 10534370
10276859 10534381
10436594 10534395
10436428 10534402
7845333 10534436
10277227 10534447
10249433 10534449
10277176 10534458
10436695 10534475
10436411 10534512
10436761 10534526
10436396 10590416
10276998 10534538
10276860 10534551
10277194 10534592
10266676 10534606
7866368 10534643
31410305 10534721
10367484 9573822
10436872 10534745
10437083 10534752
10277174 10534758
1426204 10534791
10387519 10534800
10436693 10534829
10266856 10534852
10277114 10534902
10365432 10534917
10436696 10534971
10436383 10534987
10436941 10535037
10437079 10535050
10436412 10535204
10282078 10535219
7865069 10535245
10387525 10535255
10437074 10026048
10437064 10535291
10277049 10535320
10265762 10535332
10365435 10535342
10267416 10535353
10367472 10535364
10436889 10535369
10436871 10535400
10436510 10535429
10277334 10535438
10277044 10535447
10436759 10535468
31410306 10535477
10277048 10535499
10436498 10535516
10436422 10535547
10437002 10535555
10436661 10535561
3108306 10535635
10437103 10535657
10436492 10535666
10277136 10028175
10275301 10028177
10276861 10535730
10436442 10535756
10437224 10535815
10277232 10535826
10436649 10535834
10436417 10535956
10436480 10535966
10436407 10536008
10436377 10536045
10436495 10536195
10436512 10536244
10276885 10536373
10436469 10536407
10277137 10536505
10436625 10536517
10276953 10536533
10277177 10536557
7849130 10536604
10266962 10536639
10436793 10536640
10436596 10536651
10259305 9966882
10437097 10536699
10277311 10536719
10367481 10536744
10436384 10536750
10436400 10536777
10267125 10536829
10436819 10536889
10387527 10536907
10277327 10536933
10436637 10536938
10436842 10536950
10436926 10536971
10436994 10536980
22418264 9576256
10436694 10537003
10276941 9967275
10276858 10537068
7895770 10537100
10436387 10537161
10276870 10537202
7855041 10537238
10436626 10537250
31410307 10537266
1506555 10537299
10277347 10537335
10437041 10537366
10436490 10537418
10436634 10537440
7893916 10537513
10436462 10537524
10436641 10537538
105849 10030935
10276874 10537622
7851385 10537645
10437071 10537702
10277157 10537730
10436705 10537792
10260111 10537843
10266712 10537869
10436672 9967703
10436949 10537886
10436554 9967719
10436380 9967757
10436878 10538003
7844642 9967911
10437043 10538092
10436879 10538111
10436420 10538121
31410308 10538128
10276994 10538157
10277101 10538192
10365427 10538295
10436948 9577723
10277138 10538427
10277257 10538450
10365434 10538538
10365431 10538548
10436419 10538562
7795551 10538603
1546761 10538625
10277196 10538768
1119301 10538782
10387521 10538804
10436888 10538861
22403726 10538909
10437025 10538922
10436861 10539010
10436905 10539021
10436537 10539030
10437100 10539099
10436402 10539121
10436394 10539133
10436506 10539154
10437104 10539166
10437101 10539212
10276937 10539258
10277188 9578924
10437102 10539299
10277306 10539356
10436902 10539451
10436507 10539494
10436584 10539505
7858698 10539613
10436404 10539651
10436455 10539651
10436389 10539681
10437109 10539700
10436386 9969245
10276963 10539796
10276875 9969283
10436683 9969320
10387524 10539920
10276867 10539978
10436508 10540028
10276993 10032971
10437093 10540056
10437299 10540075
10437317 10540093
10436470 10540109
10436484 10540157
10437246 10540161
10260190 9969682
10436397 10540192
10436645 10540217
10436977 10540234
10436975 9579972
10436460 10540314
10437089 10540334
10436855 10540355
10436408 10540368
10436984 10540406
10276902 10540415
10276865 10540425
10437017 10540445
7835889 10540457
10276925 10540476
10436620 10540485
10276999 10540509
10276929 10540526
10436840 10540533
10436837 10540542
10276853 10540557
10436925 9970069
10437315 10540587
10436564 10540594
10277183 9970222
10276924 10540644
10249443 9970272
10436914 10540667
10277000 9970338
10436556 9970380
10387532 9970471
10277030 10540764
10387523 12183973
10437003 10540813
10266724 10540853
31410309 10540863
10436906 10540890
10436589 10540901
10436608 10540942
10266873 10540966
10276938 10540996
10259697 10541008
10436805 10541043
10276939 10541066
3237148 10541072
10436582 10541083
7826209 10541105
10436388 10541117
10436497 10541159
10387528 10541203
10436617 10541216
10436467 10541269
10436998 10541290
10277341 10541293
1655995 10541298
10277077 10541304
10436398 10541314
10437057 10541341
10267602 10541349
10277028 10541400
10277093 10541420
10436456 10541440
10437065 10541487
1534396 10541498
10277316 10541504
10276923 10541506
10387520 10541507
10436557 10541511
21084845 10541513
10437107 10541516
10443499 10541517
10436395 9580886
22375457 10541519
10277164 10541523
10367474 10541535
10436406 9971563
22388907 10541596
10436379 10541630
10249383 10541632
10266697 10541649
10276926 10541682
10437028 10541697
10436421 10541736
10436438 10541774
10276862 10541795
10277208 10541817
10436401 10541944
10437029 10541995
10437027 10541996
10436776 10541999
10267435 10033058
10436413 10542001
10276876 12183993
10436499 10542004
10436375 10542009
10436897 9972607
10436393 10542015
10436920 10542017
7863178 9972655
10249393 10542018
10437050 10542020
10436463 10542021
10436791 10542023
10259410 10542027
10436586 10542029
10387526 10542030
10436565 10542031
10436900 10542037
10265768 10542039
10437024 10590747
10375771 10542044
10308032 10542045
10437221 10542054
10277092 10542058
10436390 10542060
10277079 10033668
10365436 10542065
10277247 10542095
10436794 10542137
10367470 10542141
10436610 10542154
10277204 10036709
10277213 10542162
10277318 10542163
10276976 10542166
10277065 10542167
10276978 10542168
10277284 10542170
10277215 10542171
10436466 10542172
10277197 10542173
10277020 10542174
738519 10542175
10277222 10542177
10276970 10542178
3059326 10542179
10277037 10542180
3841404 10542181
10277107 10542182
10267414 10542184
10277313 10542185
10277010 9975298
10277203 10037388
10277235 10542187
10277217 10542189
10277202 10542190
10276972 10542191
10276971 10542192
3058773 10542193
10277190 10542194
10277149 10542195
10276974 10542196
10436899 10542197
10277052 10542199
10277014 10542200
10277225 10542201
10277216 10542202
10277150 10542203
10277153 10542204
10277223 10542205
10277007 10542206
10277057 10542207
10437354 10542232
10277229 10542265
10277282 9979197
10277192 9981070
10277016 10542586
10436658 10542691
10276990 10542792
10436615 10542899
10277021 10542993
10375775 10590838
10277209 10887338
10276962 10543197
10436817 10041647
10436544 10543249
493297 10543271
10437318 10543283
10436648 10543297
10436745 10543306
10436848 10460894
1466257 10460932
10276995 10543327
10436821 10460942
10277119 10543345
10437219 10543354
10436798 9584410
10436676 10460951
10436590 10543381
10436665 10543389
10436448 10543401
10436747 10460965
10437055 10543413
10277004 10460981
10436599 10543431
10436622 10543440
10436650 10460989
10436924 10543459
10437000 10543470
10437265 10461007
10437264 10543491
10436609 9584541
10436543 10461025
10436748 10461032
10436545 10041733
10277083 10543532
10277102 10041745
10437339 10461039
10436535 10543560
10437056 10543573
597008 9584616
10437295 10543594
3712229 10543606
10436965 10543607
1563257 10543618
10436668 10543629
10436927 10543638
10436601 10543649
10436657 10543660
10436702 10543671
10436533 10543683
10436612 9584708
10259325 10543706
10436666 10543717
10436953 10543718
10437242 10543729
4500223 10543739
10437313 10543751
10437362 10461070
10260198 10543772
10437237 10543784
10437361 10543797
10437254 10543810
10437364 10543821
10277173 9984613
777550 10461090
10277023 10543841
10437262 10543852
10277009 10543864
10437302 10543875
10437241 10543888
10437325 10543901
10437353 10543914
10436660 10543924
10437291 10543937
10437022 10543947
447345 10461107
10260116 10543960
10437331 10543970
10277239 10543982
10437327 10543993
10277156 10544004
10437363 10544016
10437253 10544024
10437238 10544031
10437263 10544040
10436969 10544050
10437348 10461125
10437244 10544058
10437345 10544069
10437314 10544081
10437308 10544092
10437217 10461150
10277154 10544111
10437341 10544121
10437239 10544133
10437226 10544144
10437053 9985637
10277231 9985639
10437336 10461156
10437344 10544167
10437261 10544179
10267542 10544192
10437289 10544203
10260226 10544214
10277254 10544225
10260132 10544238
10277019 10544248
10437298 10544257
10436746 10544266
10437320 10461168
10437350 10544276
10277271 10461173
10437312 10544299
10277291 10045170
10277122 10461176
10277346 10544329
10437220 10544340
10437235 10461185
10437257 10461186
1507065 9987362
10437233 10544369
10276969 10544380
10277058 10544392
10437360 10544404
1465960 10544413
10277186 10461215
10277002 10544434
10437311 10461216
10437234 10544456
10437240 10544467
10436688 10045223
10437316 10461219
10437251 10544491
10437248 10544502
10437338 10544512
10437256 10544523
10437280 10544534
10437290 10544545
10437252 10544557
10437305 10544569
10437259 10544578
1587766 10544584
10437352 10461231
10437335 10544587
10277277 10544588
10277312 10544589
1526859 10544593
3246281 10544594
430897 10544595
10436873 9988176
1449648 10544596
1511468 10544597
7745956 10544598
10266880 10544598
7831271 10544599
10276967 10544600
10276964 10544601
1529580 10544602
10436528 10544603
2316368 10544604
1479923 10045336
10436631 10544605
7893021 10461241
677617 10544607
7874169 10544608
609556 10544610
10276961 10544612
359285 10544613
10277198 10544614
10277244 10544615
10267359 10461246
10436570 10544616
10260267 10544617
10437319 10461248
10277290 10544618
10277066 10461250
10277286 10544619
10277054 10461251
10437008 10544620
10436527 10544622
10276866 10461257
10277120 10544633
10277321 10544644
10277118 10544655
10277082 10544666
10277261 10544678
10277050 10544688
10277255 10544699
10277070 10544710
10276989 10544720
10436614 10544729
10277253 10544730
10277036 10544738
960693 10544747
10436822 10544754
10437342 10461317
10277274 10544766
10277214 10461364
10277206 10461373
10277275 10544802
10276977 10544813
10436799 10544814
10437359 10461396
10276975 10544838
10436765 10544849
10277155 10544859
10277103 10544870
10437309 9586429
10277212 10544894
10277038 10544916
10436595 10544926
10277015 10461400
10277017 10544936
10276891 10461406
10436851 10461420
10277040 9586486
10436546 9586499
3160781 10461423
10437250 9989988
10277067 9990016
10267349 9586520
10436946 9586528
10277056 10461431
10276854 9990143
10277205 10545037
10277241 10461434
10437322 10545057
10276856 9990456
10277033 9990523
10277276 10545084
10277237 9586599
10277226 10545104
10267707 10545112
10436671 9990569
10277012 9990582
10277008 9990606
10436921 9990639
10277124 9990661
10277006 9990699
10277320 9586675
10277199 10461473
10277034 10545196
10260235 10461474
10436700 10545216
10436825 10461501
10437343 10545226
10436636 10461503
10436923 10545258
10436934 10545269
10437356 10048379
10277152 10461554
10436370 10545300
10276864 10461556
3642254 10545321
10437216 10461557
10277220 10461559
4156150 10461569
10277078 10545351
10437330 10048392
10437326 9586837
10260236 10545377
10437332 10545386
10436698 10545397
10437218 10545407
10277236 10545415
10436990 10461586
10436403 10545426
10437236 10545436
10277181 10545447
10437303 10545459
10277238 10545470
10260207 10545482
10265835 10545493
529623 10545501
10276868 10545515
10276968 10545526
10437358 10461587
10436613 10545537
10276884 9587054
10437014 10545555
10436930 10545568
10437090 10545580
10436409 10545590
10436996 10545599
10436670 10545612
10436752 10545623
10277046 10048480
10436414 10461605
10437333 10545644
10436951 10545655
734045 10545664
10436880 10545673
1401435 10545680
10436446 10545701
10437328 10545713
10437260 10545723
10437346 10858306
10437347 10461623
10436415 10545739
10436647 10545752
10277011 10545764
10437004 10461625
10437001 10545781
10436583 10545790
10437255 10461629
10436662 10545810
10277005 10545821
10436933 10858307
10436935 9991808
10436459 10461640
10436913 10591273
10436797 10545850
10267282 10545860
10276889 10545868
10437304 9991936
10436882 9991957
10436635 9992001
10266659 9992042
10437351 10545933
10277259 9992076
10437292 9992082
10437296 10461645
10277071 10545965
10436936 9992097
10436468 9992140
10277317 9992158
10436418 10546010
10436461 10546021
10277260 9992256
10260188 10546043
10277294 10461695
1538304 10461701
10277125 9992412
10436597 9992416
10437300 10546088
10276988 9992418
10436471 9992439
10436656 9992473
10259106 9992477
10436606 10546140
10436782 10546150
10437038 9992527
10436881 10546159
10277109 10461729
10436960 10546181
10437281 10461732
10437075 10546205
10436792 10546217
10436932 10546229
10277061 10546240
803368 10546252
10436591 9992716
10259672 9992718
10436964 9992742
10436447 10546284
10436968 9992796
10436598 9992824
1374659 10546315
1466654 9992884
790074 9992892
10436967 9992932
10436701 10546367
10436542 10461800
10436987 10546392
10436973 10546402
10436547 10546414
10436813 10546424
517573 10546436
10277233 10461801
10259539 10461802
10436659 10461808
10277110 10546475
10436764 10546476
10436974 10546488
10277246 10546500
10277234 10461814
10436989 10546525
10436677 10546538
10436944 10546548
10249440 10546548
10437247 10546559
10437026 10546571
10436611 10546585
10277296 9587823
10437005 10546596
10436651 10546607
10436780 10461837
10436372 10546629
3262062 10546641
10436569 10546655
10437258 10461839
10436675 10546678
10436954 9993547
10436573 10546718
10276886 10546728
10277324 10546738
10436758 10546778
10436939 10546802
10437052 10546813
10277266 10546839
3514052 10546868
10437076 10461846
10436801 10546900
10437232 10546911
10436367 10546912
10436867 10461847
10436830 10546924
10277123 10052894
10277003 10546955
10437340 10546956
10436530 10546957
10436633 10546959
3079726 10546961
10436433 10461857
10276881 10546976
10436458 10546982
10277228 9588039
10437334 10546983
10437046 10546998
10276973 10547005
10276890 10547006
10436604 10547007
10277221 9588052
10266637 10547008
10276897 10547009
10437231 10547010
10436970 10547011
10277111 10547012
10437023 10547013
10276991 10547014
10437337 10547015
10277256 10547016
10277345 10547017
10277207 10547018
10436966 10547019
10436600 10547020
10277031 10547021
10277262 10547025
10437081 10547030
808205 10547046
10266814 10547052
10277248 10547063
10265711 10547068
10437021 10547069
10436917 10461876
10437034 10547082
10437323 10547087
10436999 10547088
10437301 10547089
10436602 10547090
10436844 10547091
10436981 10547092
10436823 10547094
10436980 10547095
10437307 10547096
10277230 10547097
10436846 10547098
10437355 10547099
10276965 10547100
10437329 10547102
10436929 9993645
10437349 10547105
10436943 10547106
10436945 10547107
10437357 10547108
10277059 10547109
10437058 10547110
10436982 10547111
10436971 10547112
10277315 10547113
10437054 10547114
10277288 10547116
10436371 9993647
10437306 10547117
10437245 10547118
10277297 10547119
10436937 10547127
10436524 10461877
10437243 10547131
10277293 10547132
10267654 10547138
10436667 10547153
10437225 10547154
10276901 10547155
10276898 10054466
10437222 10547156
10437223 10547176
10436450 10547177
10436952 10547197
10437227 10547207
10276908 10547209
10276910 10547210
10276917 10547213
10276904 10547214
10276912 10547215
10276911 10547217
10276905 10547218
10276906 10547220
10277251 10547223
10276913 10547224
10276916 10547227
10276914 10547228
10276907 10547229
10437228 10547230
10276909 10547231
10276915 10547232
10437229 10547234
10277219 10547245
10260227 10547251
10436568 10547281
10276981 10547292
10276880 10547324
10436663 9588274
10436644 10547354
10436864 10547355
10436434 10547376
10277340 10547397
10436436 10547407
10277142 10547449
10436368 10547461
10277185 10461897
10436891 10054477
10267149 10547536
10436893 10547547
10436847 10547569
10436585 10547570
10436654 10547626
10436795 10547637
10266564 10547648
10267700 10547673
10277080 10547685
10436558 10547707
7819364 10547737
10437032 10547768
10277106 10461925
10277258 10547788
10437030 10461954
10436687 10461959
7768544 10461961
10277292 10547885
10265834 10462006
7828158 10547983
10277099 10547984
10436979 10462024
10267208 10548051
10277326 10462027
10437324 10548081
10277189 10462042
10267508 10548103
460983 10462046
10277200 10548154
10277281 9588949
10437042 10462072
10436539 10548206
10276980 10548226
10436826 10548237
10436482 10548268
10437249 10548279
7590878 10548302
10249414 10548319
10375662 10548356
10436451 9995680
10436529 10462092
16248786 9995880
10436443 10548437
10276855 10548444
10436588 10548445
10277158 10548455
10276882 10548467
10277013 10548475
10277098 10548485
10437067 10548494
10436643 10548523
10436983 10548528
10277323 10462113
10436809 10548539
10277300 10057053
10277184 10057055
10277112 10548592
10436858 9996299
10436957 10057058
10277224 10548620
10277265 10548631
10436464 10548668
10436444 10548677
10259698 10548688
10277273 10548698
10276922 10548707
10276960 10548708
10276903 10548717
10436986 10548746
10436423 10548754
10277091 10548763
10436449 10548785
10436859 10548790
10277096 10548808
10277332 10548843
10367476 10548852
10437073 10548863
10277039 10057067
10276966 10548873
10436366 10462151
10277299 10462154
10436452 10548890
10437310 10548909
10277130 10548921
10436853 10548950
10266736 10462158
10436767 10548960
10436955 10549022
10276942 10462189
10277210 10549041
10436378 10549051
10436566 10549088
10436749 10549107
10277027 10549108
10367479 10549125
10276931 10549136
10436912 10549144
3399928 10549156
10436632 10549197
10436639 10462234
10436854 10549269
10277263 10549309
10387529 10549335
10367468 10549346
10375685 10549357
10436922 9590437
10436376 9997525
10436391 10549415
10436536 10549432
10436445 10549434
10277162 9590557
10436638 9997728
10436706 10549464
10387518 9590594
10277319 9590594
10436652 10109557
10276863 10549562
10436845 10549580
10437061 10549602
10437009 10549603
10436578 10549623
10276896 10549632
