2764434 31659123
2768234 31659124
3871822 31659125
1262706 31659126
1254101 31659127
1260269 31659128
1258393 31659129
1276611 31659130
740552 31659131
164206 31659132
449809 31659133
130263 31659134
224498 31659135
1951366 31659136
1746380 31659137
503308 31659138
473088 31659139
129487 31659140
985642 31659141
84176 31659142
1168890 31659143
2594797 31659144
210154 31659145
676397 31659146
100403 31659147
270864 31659148
125114 31659149
557735 31659150
758344 31659151
780859 31659152
642896 31659153
3470236 31659154
731349 31659155
270524 31659156
2361888 31659157
418700 31659158
426110 31659159
128056 31659160
565636 31659161
99244 31659162
2543949 31659163
323734 31659164
427348 31659165
3737125 31659166
1642375 31659167
506470 31659168
336231 31659169
288651 31659170
3334093 31659171
360471 31659172
148365 31659173
436441 31659174
226871 31659175
222937 31659176
927345 31659177
8402596 31659178
442801 31659179
3186076 31659180
351603 31659181
130808 31659182
172453 31659183
420669 31659184
379339 31659185
1064623 31659186
344267 31659187
1683368 31659188
413661 31659189
221571 31659190
141222 31659191
31659192 31659193
432568 31659194
196718 31659195
86944 31659196
760468 31659197
164082 31659198
242806 31659199
1737537 31659200
2752589 31659201
394540 31659202
129009 31659203
323272 31659204
280990 31659205
164104 31659206
141882 31659207
228719 31659208
129527 31659209
229127 31659210
423019 31659211
193172 31659212
1091680 31659213
228967 31659214
819434 31659215
297605 31659216
492874 31659217
133150 31659218
1064579 31659219
920818 31659220
130215 31659221
2740278 31659222
168054 31659223
200834 31659224
139861 31659225
197460 31659226
2339814 31659227
218553 31659228
173470 31659229
769775 31659230
129053 31659231
136382 31659232
622570 31659233
2001016 31659234
165833 31659235
631657 31659236
272661 31659237
314866 31659238
3439727 31659239
232595 31659240
297353 31659241
363908 31659242
110091 31659243
186779 31659244
386144 31659245
309048 31659246
107753 31659247
290108 31659248
507154 31659249
194373 31659250
250561 31659251
331662 31659252
130862 31659253
129253 31659254
266442 31659255
644091 31659256
1984522 31659257
358705 31659258
533541 31659259
317254 31659260
1835211 31659261
145440 31659262
853498 31659263
419197 31659264
173132 31659265
243945 31659266
969015 31659267
157147 31659268
965914 31659269
2722901 31659270
1731891 31659271
407488 31659272
343692 31659273
226901 31659274
126166 31659275
346331 31659276
1064643 31659277
973246 31659278
1876880 31659279
576618 31659280
1873694 31659281
577628 31659282
334826 31659283
987807 31659284
334997 31659285
276334 31659286
766368 31659287
361779 31659288
707303 31659289
274842 31659290
278004 31659291
2546795 31659292
155739 31659293
988134 31659294
255982 31659295
1092703 31659296
267979 31659297
173907 31659298
208953 31659299
881880 31659300
2719066 31659301
2731073 31659302
989121 31659303
870022 31659304
2592216 31659305
2634825 31659306
309623 31659307
375605 31659308
607228 31659309
210542 31659310
967069 31659311
197700 31659312
423894 31659313
421018 31659314
362307 31659315
1886495 31659316
1873963 31659317
1642673 31659318
2719380 31659319
165242 31659320
438865 31659321
393567 31659322
924116 31659323
956074 31659324
1064649 31659325
250670 31659326
948578 31659327
1953211 31659328
205265 31659329
250051 31659330
302402 31659331
104121 31659332
540439 31659333
8502796 31659334
308390 31659335
359991 31659336
1727779 31659337
427040 31659338
426600 31659339
1875687 31659340
151175 31659341
3459367 31659342
228843 31659343
220651 31659344
790100 31659345
409197 31659346
155511 31659347
3061479 31659348
274614 31659349
286719 31659350
519839 31659351
417434 31659352
1809400 31659353
190942 31659354
370238 31659355
179370 31659356
222689 31659357
314071 31659358
3349633 31659359
431311 31659360
1837076 31659361
176580 31659362
293080 31659363
384993 31659364
476835 31659365
452699 31659366
145746 31659367
214189 31659368
706139 31659369
912341 31659370
925294 31659371
1088945 31659372
514748 31659373
962274 31659374
890378 31659375
385211 31659376
329979 31659377
183351 31659378
469036 31659379
192593 31659380
1875454 31659381
188754 31659382
263787 31659383
152109 31659384
165839 31659385
155953 31659386
394043 31659387
296113 31659388
955651 31659389
855249 31659390
1952784 31659391
881911 31659392
2667430 31659393
3302835 31659394
31659395 31659396
1091701 31659397
1064632 31659398
633434 31659399
158905 31659400
1690373 31659401
3670319 31659402
3161659 31659403
485410 31659404
241123 31659405
977662 31659406
260593 31659407
351025 31659408
1746709 31659409
227496 31659410
674026 31659411
485043 31659412
344005 31659413
108739 31659414
303751 31659415
580289 31659416
515389 31659417
363970 31659418
2247332 31659419
85980 31659420
553571 31659421
600068 31659422
680233 31659423
281542 31659424
1878977 31659425
280378 31659426
84482 31659427
326581 31659428
364788 31659429
1435650 31659430
242054 31659431
1642611 31659432
193538 31659433
2730882 31659434
1809004 31659435
1859814 31659436
221353 31659437
90558 31659438
342810 31659439
3687552 31659440
285212 31659441
110575 31659442
183636 31659443
376043 31659444
175626 31659445
536714 31659446
164060 31659447
3415614 31659448
3463003 31659449
390536 31659450
333086 31659451
633148 31659452
1516488 31659453
3285190 31659454
1051526 31659455
362301 31659456
181251 31659457
1459047 31659458
1064665 31659459
1837172 31659460
107033 31659461
331266 31659462
181285 31659463
179518 31659464
406192 31659465
496088 31659466
268528 31659467
338558 31659468
3339635 31659469
742516 31659470
187913 31659471
3327684 31659472
528306 31659473
770938 31659474
224823 31659475
2306498 31659476
739223 31659477
606263 31659478
2554161 31659479
84404 31659480
208744 31659481
369591 31659482
281804 31659483
245285 31659484
282938 31659485
1064657 31659486
853473 31659487
1064667 31659488
155386 31659489
1879291 31659490
172105 31659491
1932523 31659492
177134 31659493
3410642 31659494
622498 31659495
619134 31659496
491335 31659497
235543 31659498
693972 31659499
199041 31659500
1437706 31659501
1437723 31659502
113491 31659503
1437771 31659504
203462 31659505
2435391 31659506
195763 31659507
380260 31659508
188468 31659509
315736 31659510
393271 31659511
122768 31659512
246413 31659513
777261 31659514
371063 31659515
236302 31659516
125586 31659517
496009 31659518
124721 31659519
691898 31659520
145173 31659521
125744 31659522
89466 31659523
145818 31659524
121933 31659525
265087 31659526
422251 31659527
159698 31659528
288211 31659529
784797 31659530
534986 31659531
1689380 31659532
1689371 31659533
1842342 31659534
1645784 31659535
909518 31659536
904204 31659537
1951761 31659538
961255 31659539
1721605 31659540
1953204 31659541
1951722 31659542
1688776 31659543
903232 31659544
3213165 31659545
595742 31659546
371818 31659547
929771 31659548
929771 31659549
3274533 31659550
3264153 31659551
425805 31659552
247963 31659553
1090220 31659554
2721325 31659555
1064599 31659556
248218 31659557
547300 31659558
121353 31659559
466165 31659560
100671 31659561
313798 31659562
151381 31659563
172065 31659564
189906 31659565
427670 31659566
978656 31659567
407928 31659568
2568206 31659569
753638 31659570
1091392 31659571
150309 31659572
84392 31659573
176172 31659574
1090510 31659575
181753 31659576
715046 31659577
121801 31659578
394011 31659579
178365 31659580
553972 31659581
250387 31659582
206042 31659583
630801 31659584
466689 31659585
101291 31659586
277510 31659587
433089 31659588
324582 31659589
292409 31659590
529759 31659591
424915 31659592
333134 31659593
193524 31659594
491523 31659595
341146 31659596
231997 31659597
270826 31659598
506254 31659599
250333 31659600
552157 31659601
1064675 31659602
952773 31659603
370298 31659604
215692 31659605
388968 31659606
564161 31659607
509532 31659608
232131 31659609
246815 31659610
560127 31659611
271478 31659612
575666 31659613
1962077 31659614
205211 31659615
3162886 31659616
1581958 31659617
561803 31659618
127662 31659619
361271 31659620
385976 31659621
216218 31659622
753642 31659623
232988 31659624
164989 31659625
521700 31659626
365282 31659627
165619 31659628
1875143 31659629
127788 31659630
267310 31659631
172812 31659632
172814 31659633
136320 31659634
889734 31659635
1090446 31659636
202291 31659637
215488 31659638
3540159 31659639
563198 31659640
1304515 31659641
987743 31659642
188966 31659643
204897 31659644
436877 31659645
761210 31659646
348893 31659647
1064684 31659648
570086 31659649
206094 31659650
504236 31659651
123726 31659652
335797 31659653
550005 31659654
1562888 31659655
364158 31659656
116043 31659657
192511 31659658
759364 31659659
1064682 31659660
266508 31659661
3668450 31659662
918460 31659663
299503 31659664
1873691 31659665
379892 31659666
442221 31659667
258460 31659668
181747 31659669
126508 31659670
85022 31659671
3212561 31659672
120838 31659673
182071 31659674
360069 31659675
344766 31659676
206828 31659677
181723 31659678
3378990 31659679
2327678 31659680
1748002 31659681
406180 31659682
754472 31659683
522281 31659684
133907 31659685
259979 31659686
479641 31659687
208188 31659688
797893 31659689
552471 31659690
599210 31659691
608856 31659692
310534 31659693
395657 31659694
2722340 31659695
193542 31659696
269513 31659697
3344904 31659698
753598 31659699
481804 31659700
3384819 31659701
190214 31659702
949738 31659703
351399 31659704
365032 31659705
223421 31659706
202027 31659707
331646 31659708
448805 31659709
941471 31659710
3467652 31659711
613992 31659712
131300 31659713
1064688 31659714
129455 31659715
1991858 31659716
3288954 31659717
217090 31659718
844410 31659719
3462823 31659720
2586822 31659721
427244 31659722
141358 31659723
275788 31659724
1653532 31659725
86136 31659726
2227480 31659727
1624907 31659728
471641 31659729
359507 31659730
1090520 31659731
643080 31659732
159464 31659733
389684 31659734
389684 31659735
273160 31659736
470444 31659737
93432 31659738
92110 31659739
321003 31659740
261773 31659741
197768 31659742
115991 31659743
322840 31659744
762774 31659745
222673 31659746
332484 31659747
257744 31659748
130912 31659749
480224 31659750
268967 31659751
462741 31659752
1445500 31659753
4930702 31659754
351243 31659755
250796 31659756
408410 31659757
328401 31659758
2442434 31659759
212637 31659760
196003 31659761
183646 31659762
222409 31659763
578140 31659764
319671 31659765
194893 31659766
255111 31659767
1089952 31659768
269249 31659769
610902 31659770
665225 31659771
1874640 31659772
784582 31659773
737075 31659774
304312 31659775
185108 31659776
3311650 31659777
767291 31659778
909886 31659779
251979 31659780
264269 31659781
1763188 31659782
908539 31659783
2598951 31659784
162537 31659785
381677 31659786
321909 31659787
474964 31659788
285358 31659789
263188 31659790
267897 31659791
287310 31659792
266368 31659793
2442926 31659794
740084 31659795
3243982 31659796
242644 31659797
256734 31659798
417076 31659799
339410 31659800
373871 31659801
118669 31659802
595845 31659803
335061 31659804
523193 31659805
272780 31659806
128096 31659807
336655 31659808
583128 31659809
140844 31659810
666327 31659811
518118 31659812
187664 31659813
604194 31659814
275604 31659815
297085 31659816
270818 31659817
276941 31659818
95272 31659819
4188797 31659820
231035 31659821
2426929 31659822
123977 31659823
649742 31659824
285553 31659825
291032 31659826
189378 31659827
360603 31659828
162501 31659829
301608 31659830
243078 31659831
477064 31659832
975669 31659833
530528 31659834
417058 31659835
664110 31659836
213035 31659837
157419 31659838
284838 31659839
588096 31659840
2671871 31659841
275018 31659842
254174 31659843
441346 31659844
817708 31659845
278435 31659846
139017 31659847
390056 31659848
353335 31659849
166849 31659850
1745786 31659851
2591515 31659852
1548857 31659853
652279 31659854
1874112 31659855
3278313 31659856
748621 31659857
571140 31659858
1802978 31659859
163936 31659860
168390 31659861
172986 31659862
589879 31659863
487359 31659864
164068 31659865
963303 31659866
342329 31659867
357217 31659868
1064627 31659869
584359 31659870
129299 31659871
516070 31659872
734833 31659873
85026 31659874
232424 31659875
129687 31659876
305348 31659877
341461 31659878
753658 31659879
3263989 31659880
306498 31659881
348585 31659882
2346892 31659883
235400 31659884
522443 31659885
204742 31659886
390236 31659887
565382 31659888
320984 31659889
128110 31659890
224859 31659891
462454 31659892
170257 31659893
164965 31659894
156705 31659895
1875388 31659896
351079 31659897
3219775 31659898
1402889 31659899
206590 31659900
877011 31659901
2720421 31659902
1546055 31659903
284896 31659904
503672 31659905
375719 31659906
1880841 31659907
177427 31659908
128673 31659909
237808 31659910
349607 31659911
672307 31659912
792203 31659913
94418 31659914
930542 31659915
160806 31659916
187991 31659917
170629 31659918
299888 31659919
129239 31659920
3317899 31659921
287544 31659922
164072 31659923
266228 31659924
409853 31659925
181811 31659926
533287 31659927
2217268 31659928
652165 31659929
172299 31659930
422621 31659931
2085065 31659932
223822 31659933
398587 31659934
553831 31659935
767427 31659936
84502 31659937
168970 31659938
553819 31659939
154360 31659940
553200 31659941
206892 31659942
567592 31659943
374869 31659944
217126 31659945
230449 31659946
373468 31659947
820737 31659948
86828 31659949
377601 31659950
181091 31659951
764417 31659952
348383 31659953
314683 31659954
737812 31659955
1813622 31659956
2205461 31659957
1644820 31659958
2676749 31659959
1948308 31659960
3069040 31659961
2723352 31659962
1951167 31659963
1950141 31659964
968920 31659965
2226394 31659966
1857112 31659967
881198 31659968
971146 31659969
2723414 31659970
14475889 31659971
898803 31659972
1950081 31659973
937197 31659974
2720560 31659975
2753038 31659976
2217296 31659977
987835 31659978
895353 31659979
958197 31659980
2581039 31659981
1950068 31659982
1749458 31659983
1951773 31659984
1715398 31659985
1960958 31659986
1342914 31659987
2719940 31659988
2664988 31659989
1737590 31659990
2753219 31659991
1064552 31659992
358805 31659993
266787 31659994
359093 31659995
711994 31659996
127029 31659997
180151 31659998
624898 31659999
355159 31660000
1456902 31660001
1950817 31660002
153707 31660003
293086 31660004
533729 31660005
718094 31660006
227650 31660007
221675 31660008
647368 31660009
766708 31660010
269831 31660011
203883 31660012
104665 31660013
251917 31660014
431561 31660015
164086 31660016
757274 31660017
1380228 31660018
2731433 31660019
732306 31660020
1379645 31660021
191366 31660022
517690 31660023
176400 31660024
705423 31660025
487789 31660026
185576 31660027
559000 31660028
128070 31660029
201481 31660030
430084 31660031
154538 31660032
109755 31660033
226183 31660034
165282 31660035
158173 31660036
765783 31660037
164056 31660038
134756 31660039
633802 31660040
506688 31660041
625904 31660042
2201529 31660043
1089296 31660044
345800 31660045
179045 31660046
226863 31660047
270626 31660048
3668782 31660049
662282 31660050
1984374 31660051
183141 31660052
197324 31660053
108253 31660054
204007 31660055
750130 31660056
408744 31660057
395699 31660058
559942 31660059
178191 31660060
220593 31660061
939372 31660062
156017 31660063
1871722 31660064
215550 31660065
394710 31660066
546012 31660067
228062 31660068
276100 31660069
976528 31660070
961844 31660071
466201 31660072
175806 31660073
1431631 31660074
101383 31660075
437460 31660076
917891 31660077
622090 31660078
603111 31660079
1818592 31660080
2591560 31660081
346137 31660082
3228113 31660083
24776335 31660084
135588 31660085
432370 31660086
119599 31660087
620730 31660088
388700 31660089
310423 31660090
1809107 31660091
2229913 31660092
1738345 31660093
336894 31660094
346705 31660095
114247 31660096
1289276 31660097
333190 31660098
490793 31660099
230082 31660100
420346 31660101
392310 31660102
331678 31660103
344936 31660104
296061 31660105
670670 31660106
1926761 31660107
713430 31660108
262916 31660109
693497 31660110
357843 31660111
181455 31660112
341575 31660113
294572 31660114
397595 31660115
385253 31660116
187574 31660117
644269 31660118
391624 31660119
282734 31660120
286193 31660121
1984420 31660122
169604 31660123
97776 31660124
516919 31660125
127370 31660126
166091 31660127
1583910 31660128
221683 31660129
336108 31660130
915254 31660131
1291844 31660132
2544331 31660133
2596740 31660134
2589408 31660135
199063 31660136
601008 31660137
288043 31660138
868587 31660139
178907 31660140
305420 31660141
161602 31660142
249404 31660143
452989 31660144
423912 31660145
145526 31660146
385329 31660147
872109 31660148
119133 31660149
390372 31660150
575770 31660151
263691 31660152
572933 31660153
733937 31660154
1348828 31660155
267344 31660156
400485 31660157
366579 31660158
1343710 31660159
517185 31660160
239351 31660161
1196532 31660162
290960 31660163
183497 31660164
557463 31660165
121214 31660166
263805 31660167
16322667 31660168
256207 31660169
745006 31660170
269517 31660171
566055 31660172
299581 31660173
236904 31660174
602573 31660175
221919 31660176
1984452 31660177
225597 31660178
781442 31660179
469521 31660180
572223 31660181
187600 31660182
333048 31660183
138329 31660184
243449 31660185
136747 31660186
2334471 31660187
1533678 31660188
727257 31660189
267719 31660190
687309 31660191
824902 31660192
949186 31660193
810977 31660194
427910 31660195
140065 31660196
385962 31660197
574849 31660198
921001 31660199
333406 31660200
121879 31660201
2288610 31660202
408638 31660203
741983 31660204
2676883 31660205
16321885 31660206
398459 31660207
1874642 31660208
1589616 31660209
2258319 31660210
1845452 31660211
375005 31660212
10369083 31660213
392722 31660214
736050 31660215
165224 31660216
142557 31660217
2730128 31660218
2577860 31660219
689906 31660220
291903 31660221
144433 31660222
669293 31660223
334559 31660224
557088 31660225
537407 31660226
214215 31660227
333312 31660228
1953784 31660229
94292 31660230
222663 31660231
263126 31660232
157319 31660233
416660 31660234
103051 31660235
446965 31660236
126286 31660237
136855 31660238
135354 31660239
1489072 31660240
242974 31660241
400802 31660242
125531 31660243
504728 31660244
619004 31660245
338303 31660246
1064698 31660247
504610 31660248
532148 31660249
443462 31660250
285625 31660251
393037 31660252
180113 31660253
698031 31660254
433431 31660255
364316 31660256
147855 31660257
909205 31660258
179622 31660259
1953461 31660260
652618 31660261
128673 31660262
750958 31660263
354646 31660264
93964 31660265
406104 31660266
458216 31660267
611006 31660268
725134 31660269
134075 31660270
206450 31660271
600454 31660272
178163 31660273
647903 31660274
501770 31660275
1950950 31660276
2497686 31660277
1731930 31660278
1691446 31660279
275040 31660280
382459 31660281
324020 31660282
424490 31660283
2176492 31660284
592669 31660285
304316 31660286
277990 31660287
988763 31660288
1090514 31660289
161193 31660290
1950870 31660291
1950534 31660292
1735471 31660293
2726946 31660294
2544224 31660295
979242 31660296
387132 31660297
2543933 31660298
359515 31660299
926402 31660300
1960850 31660301
411663 31660302
894623 31660303
895282 31660304
984413 31660305
951907 31660306
1064693 31660307
1952144 31660308
3175662 31660309
972637 31660310
285513 31660311
2718484 31660312
2752610 31660313
101127 31660314
3250508 31660315
194645 31660316
886868 31660317
1748436 31660318
1951390 31660319
1090516 31660320
2720393 31660321
880995 31660322
983972 31660323
1952657 31660324
906130 31660325
2722911 31660326
2544436 31660327
1952596 31660328
1640378 31660329
490707 31660330
3233184 31660331
1636005 31660332
508636 31660333
536612 31660334
165137 31660335
222439 31660336
265421 31660337
3472077 31660338
1941038 31660339
423119 31660340
1951009 31660341
601884 31660342
413207 31660343
321327 31660344
775639 31660345
639863 31660346
1951308 31660347
901556 31660348
1004046 31660349
2582952 31660350
196216 31660351
733767 31660352
331658 31660353
1090522 31660354
337239 31660355
287308 31660356
920095 31660357
689048 31660358
222893 31660359
335797 31660360
310538 31660361
2393993 31660362
635802 31660363
1461960 31660364
3266057 31660365
91656 31660366
2274831 31660367
678786 31660368
2725461 31660369
451849 31660370
768128 31660371
1596412 31660372
681244 31660373
893957 31660374
1951993 31660375
661268 31660376
326443 31660377
828525 31660378
223347 31660379
267090 31660380
419435 31660381
355547 31660382
674398 31660383
1951169 31660384
577653 31660385
770149 31660386
2539208 31660387
755539 31660388
2570026 31660389
1432152 31660390
442531 31660391
451697 31660392
178467 31660393
593547 31660394
1953497 31660395
985713 31660396
1770189 31660397
875828 31660398
2591510 31660399
1448328 31660400
527069 31660401
675193 31660402
491885 31660403
2721963 31660404
689967 31660405
644870 31660406
687112 31660407
902313 31660408
877461 31660409
381311 31660410
315120 31660411
911903 31660412
1729525 31660413
872208 31660414
1921830 31660415
689440 31660416
1619734 31660417
2043479 31660418
675221 31660419
388422 31660420
1877848 31660421
15325221 31660422
578391 31660423
2726909 31660424
702165 31660425
693557 31660426
451092 31660427
2651488 31660428
1876572 31660429
776700 31660430
3462719 31660431
2422146 31660432
253912 31660433
7736232 31660434
2035307 31660435
749363 31660436
699290 31660437
277506 31660438
116839 31660439
889799 31660440
151953 31660441
581940 31660442
1488467 31660443
906130 31660444
243229 31660445
206106 31660446
2458034 31660447
525385 31660448
561104 31660449
881225 31660450
698263 31660451
3426375 31660452
621627 31660453
2416301 31660454
717165 31660455
480930 31660456
263304 31660457
338267 31660458
3642488 31660459
737639 31660460
2589730 31660461
782581 31660462
1952768 31660463
695449 31660464
2720808 31660465
1641786 31660466
3080935 31660467
1880525 31660468
715798 31660469
3162346 31660470
431942 31660471
722245 31660472
692312 31660473
162161 31660474
3557338 31660475
763518 31660476
487311 31660477
3529322 31660478
766040 31660479
109715 31660480
2718940 31660481
686161 31660482
31660483 31660484
499248 31660485
1089976 31660486
89784 31660487
433435 31660488
163106 31660489
1825637 31660490
2727925 31660491
661482 31660492
737285 31660493
3109251 31660494
1457084 31660495
729904 31660496
1684768 31660497
1880927 31660498
612734 31660499
231687 31660500
437155 31660501
3466513 31660502
2463179 31660503
3143428 31660504
230779 31660505
332787 31660506
693155 31660507
963519 31660508
723714 31660509
3429117 31660510
2316961 31660511
387504 31660512
3753194 31660513
211721 31660514
1549663 31660515
517726 31660516
109457 31660517
556636 31660518
1985035 31660519
728849 31660520
287792 31660521
2728572 31660522
3267733 31660523
531326 31660524
363768 31660525
770499 31660526
2258878 31660527
2581402 31660528
1688795 31660529
929956 31660530
1763188 31660531
2601786 31660532
83186 31660533
1950950 31660534
2730964 31660535
2723831 31660536
203865 31660537
304320 31660538
304496 31660539
946672 31660540
213581 31660541
514268 31660542
209149 31660543
421792 31660544
291789 31660545
128609 31660546
431159 31660547
208186 31660548
475106 31660549
469143 31660550
1950588 31660551
340730 31660552
270331 31660553
605196 31660554
225229 31660555
413293 31660556
866221 31660557
318144 31660558
615490 31660559
2589660 31660560
259511 31660561
1787166 31660562
316778 31660563
664233 31660564
4322903 31660565
298180 31660566
572345 31660567
231639 31660568
255081 31660569
1880891 31660570
873512 31660571
393399 31660572
522774 31660573
610228 31660574
754271 31660575
581078 31660576
8453867 31660577
435216 31660578
757149 31660579
793823 31660580
909896 31660581
31660582 31660583
2728221 31660584
622098 31660585
481746 31660586
236054 31660587
134133 31660588
358349 31660589
152480 31660590
1935643 31660591
508806 31660592
2591885 31660593
617942 31660594
1690364 31660595
1388981 31660596
11909195 31660597
246301 31660598
875403 31660599
257872 31660600
410252 31660601
250449 31660602
2300579 31660603
511846 31660604
207038 31660605
776432 31660606
2552441 31660607
971506 31660608
93486 31660609
493193 31660610
137133 31660611
402760 31660612
2279949 31660613
386442 31660614
311146 31660615
255994 31660616
588081 31660617
1871690 31660618
178361 31660619
352907 31660620
591088 31660621
381984 31660622
339470 31660623
1289676 31660624
172892 31660625
538992 31660626
2011664 31660627
494868 31660628
216618 31660629
117609 31660630
195025 31660631
320669 31660632
87042 31660633
698933 31660634
677927 31660635
626037 31660636
3338608 31660637
240659 31660638
389720 31660639
1379407 31660640
729275 31660641
410862 31660642
284480 31660643
884035 31660644
668047 31660645
1928889 31660646
416568 31660647
3262791 31660648
534091 31660649
228887 31660650
1506881 31660651
3443241 31660652
3749906 31660653
355181 31660654
643839 31660655
445466 31660656
513770 31660657
191858 31660658
371415 31660659
3421912 31660660
483728 31660661
316932 31660662
317888 31660663
670736 31660664
621726 31660665
483298 31660666
629621 31660667
1432245 31660668
216618 31660669
2299310 31660670
270083 31660671
3651787 31660672
819268 31660673
730753 31660674
592458 31660675
376539 31660676
550562 31660677
674386 31660678
1451280 31660679
587625 31660680
504170 31660681
4967409 31660682
870915 31660683
270682 31660684
3680383 31660685
553457 31660686
558980 31660687
720220 31660688
366501 31660689
369168 31660690
747470 31660691
420361 31660692
204881 31660693
2476580 31660694
751951 31660695
502817 31660696
394462 31660697
553619 31660698
144755 31660699
409397 31660700
747264 31660701
243847 31660702
155601 31660703
487985 31660704
434025 31660705
95032 31660706
2446536 31660707
278576 31660708
567405 31660709
624265 31660710
481750 31660711
702653 31660712
563420 31660713
744464 31660714
442005 31660715
819100 31660716
1340140 31660717
2406316 31660718
418678 31660719
3394485 31660720
1311783 31660721
2667494 31660722
1760603 31660723
159490 31660724
277816 31660725
915528 31660726
432856 31660727
575986 31660728
2420982 31660729
1280602 31660730
806745 31660731
764534 31660732
2441712 31660733
227168 31660734
191790 31660735
221847 31660736
290078 31660737
586371 31660738
1952523 31660739
448193 31660740
738413 31660741
672106 31660742
757492 31660743
4219545 31660744
1699273 31660745
2719150 31660746
3067909 31660747
478059 31660748
317622 31660749
923183 31660750
249672 31660751
820209 31660752
478491 31660753
1372093 31660754
1943824 31660755
242264 31660756
3228711 31660757
282571 31660758
580193 31660759
457687 31660760
1951648 31660761
363185 31660762
695425 31660763
431067 31660764
382361 31660765
138039 31660766
3583440 31660767
696496 31660768
549615 31660769
84386 31660770
369471 31660771
904570 31660772
417268 31660773
336615 31660774
715646 31660775
2006775 31660776
444520 31660777
688854 31660778
2323955 31660779
981840 31660780
2320398 31660781
109197 31660782
165847 31660783
1374139 31660784
2365658 31660785
2647011 31660786
797153 31660787
343952 31660788
1701055 31660789
748643 31660790
2514032 31660791
522555 31660792
1422356 31660793
755949 31660794
2460728 31660795
2192361 31660796
3120012 31660797
1980453 31660798
250876 31660799
1837660 31660800
219773 31660801
803939 31660802
781739 31660803
477294 31660804
417906 31660805
3486362 31660806
537379 31660807
1475470 31660808
1362220 31660809
895353 31660810
916167 31660811
888085 31660812
575852 31660813
561889 31660814
508617 31660815
2283657 31660816
506298 31660817
1088971 31660818
20931660 31660819
747118 31660820
812869 31660821
503748 31660822
344117 31660823
4493661 31660824
358255 31660825
2137093 31660826
499643 31660827
615845 31660828
2056763 31660829
31660830 31660831
760241 31660832
815857 31660833
3085634 31660834
555890 31660835
1715566 31660836
2505826 31660837
719368 31660838
687780 31660839
499829 31660840
199926 31660841
230010 31660842
1749184 31660843
567618 31660844
893593 31660845
893607 31660846
309571 31660847
522261 31660848
2375804 31660849
429255 31660850
792728 31660851
810933 31660852
1556775 31660853
755155 31660854
401877 31660855
570122 31660856
340430 31660857
453289 31660858
115713 31660859
774808 31660860
1903063 31660861
506710 31660862
2439248 31660863
719851 31660864
865737 31660865
499707 31660866
730014 31660867
711376 31660868
1947635 31660869
710904 31660870
1402317 31660871
1193186 31660872
124417 31660873
504514 31660874
1186550 31660875
311646 31660876
187132 31660877
566037 31660878
31660879 31660880
232595 31660881
201657 31660882
2183147 31660883
81902 31660884
601668 31660885
142567 31660886
411044 31660887
584971 31660888
167843 31660889
558872 31660890
329837 31660891
4490012 31660892
215940 31660893
3737319 31660894
250806 31660895
2594171 31660896
496017 31660897
773552 31660898
435961 31660899
4870319 31660900
502245 31660901
506077 31660902
821220 31660903
553444 31660904
2729629 31660905
10217839 31660906
1185501 31660907
2034260 31660908
226093 31660909
389590 31660910
374869 31660911
795588 31660912
792199 31660913
4027253 31660914
10368919 31660915
3354085 31660916
790508 31660917
1802303 31660918
436611 31660919
188462 31660920
1753894 31660921
655795 31660922
686099 31660923
791788 31660924
558523 31660925
661686 31660926
2531203 31660927
786402 31660928
279300 31660929
3614098 31660930
329084 31660931
805694 31660932
1352044 31660933
900369 31660934
882984 31660935
393309 31660936
3381893 31660937
695665 31660938
606450 31660939
16359471 31660940
1950723 31660941
125063 31660942
227798 31660943
980665 31660944
764642 31660945
1950409 31660946
631126 31660947
803684 31660948
585509 31660949
157253 31660950
2728366 31660951
1658112 31660952
577448 31660953
2590221 31660954
2540083 31660955
433441 31660956
1921922 31660957
908305 31660958
390306 31660959
3344022 31660960
4191130 31660961
2492246 31660962
643615 31660963
3647472 31660964
2359350 31660965
230783 31660966
330747 31660967
283488 31660968
1479113 31660969
827632 31660970
825127 31660971
311978 31660972
305807 31660973
2517524 31660974
663990 31660975
793801 31660976
829273 31660977
818748 31660978
394089 31660979
200702 31660980
3642207 31660981
1774627 31660982
597060 31660983
2544244 31660984
3086241 31660985
384427 31660986
116339 31660987
2329369 31660988
159630 31660989
336056 31660990
246443 31660991
2544131 31660992
3056223 31660993
1831128 31660994
625031 31660995
2203932 31660996
902425 31660997
3365935 31660998
723832 31660999
1960889 31661000
825179 31661001
747887 31661002
1429532 31661003
2401596 31661004
1413069 31661005
3621998 31661006
85144 31661007
477977 31661008
1815811 31661009
1998021 31661010
748247 31661011
826589 31661012
2204763 31661013
870842 31661014
809625 31661015
814451 31661016
1664828 31661017
711922 31661018
3209169 31661019
173436 31661020
1672394 31661021
1495390 31661022
335661 31661023
349923 31661024
600296 31661025
257860 31661026
147611 31661027
216874 31661028
738318 31661029
552660 31661030
120838 31661031
1801379 31661032
122471 31661033
624898 31661034
1312811 31661035
210092 31661036
629533 31661037
179724 31661038
380112 31661039
317750 31661040
165445 31661041
313991 31661042
347389 31661043
930542 31661044
519071 31661045
630689 31661046
344185 31661047
1463336 31661048
231041 31661049
456984 31661050
332811 31661051
388698 31661052
311460 31661053
202183 31661054
118327 31661055
395603 31661056
911620 31661057
377874 31661058
536954 31661059
216746 31661060
282676 31661061
226521 31661062
1828649 31661063
497360 31661064
478719 31661065
191320 31661066
270654 31661067
131826 31661068
632236 31661069
255787 31661070
1915524 31661071
508461 31661072
429496 31661073
1754893 31661074
246853 31661075
648076 31661076
652917 31661077
323565 31661078
385057 31661079
2544246 31661080
2544246 31661081
278355 31661082
2167002 31661083
881267 31661084
10169295 31661085
770373 31661086
674660 31661087
881874 31661088
653778 31661089
716322 31661090
231803 31661091
589101 31661092
537929 31661093
221557 31661094
2013131 31661095
2495712 31661096
287036 31661097
489495 31661098
128607 31661099
135330 31661100
10166322 31661101
2031455 31661102
2445844 31661103
692764 31661104
256429 31661105
361389 31661106
2691798 31661107
19222472 31661108
2232791 31661109
2591589 31661110
396230 31661111
1987370 31661112
542726 31661113
728945 31661114
1808925 31661115
3555294 31661116
938763 31661117
201371 31661118
878191 31661119
586371 31661120
278642 31661121
1829508 31661122
1957346 31661123
1343388 31661124
749606 31661125
3411179 31661126
751252 31661127
31661128 31661129
31661130 31661131
551043 31661132
1429048 31661133
425263 31661134
128068 31661135
794807 31661136
405070 31661137
2012827 31661138
166737 31661139
881860 31661140
1724534 31661141
826585 31661142
160101 31661143
1704859 31661144
2059950 31661145
822641 31661146
732454 31661147
279468 31661148
2335071 31661149
311972 31661150
819040 31661151
788742 31661152
739998 31661153
1413862 31661154
2002841 31661155
698159 31661156
2560542 31661157
494510 31661158
1361409 31661159
1804318 31661160
416770 31661161
1723670 31661162
1484922 31661163
653584 31661164
643002 31661165
306512 31661166
914712 31661167
3259680 31661168
1688812 31661169
299305 31661170
1999434 31661171
2152006 31661172
135454 31661173
3122939 31661174
1969276 31661175
1725032 31661176
686109 31661177
1666766 31661178
2720682 31661179
3264518 31661180
1873603 31661181
1542627 31661182
2724054 31661183
471379 31661184
499625 31661185
352891 31661186
453428 31661187
865272 31661188
468742 31661189
170519 31661190
706995 31661191
4380006 31661192
2375090 31661193
826591 31661194
1283817 31661195
210540 31661196
1743160 31661197
1188115 31661198
2063057 31661199
113309 31661200
1976331 31661201
1653829 31661202
2093555 31661203
1930336 31661204
646282 31661205
3706335 31661206
195077 31661207
709490 31661208
733094 31661209
784865 31661210
564767 31661211
142225 31661212
3572878 31661213
545950 31661214
649941 31661215
10200693 31661216
773231 31661217
10219793 31661218
780169 31661219
462992 31661220
2551214 31661221
1652830 31661222
350251 31661223
689814 31661224
4966576 31661225
595064 31661226
1802563 31661227
411098 31661228
1808678 31661229
2343064 31661230
2724443 31661231
1951842 31661232
1485841 31661233
569490 31661234
1691187 31661235
390880 31661236
4230401 31661237
2460630 31661238
233186 31661239
605136 31661240
4476626 31661241
4473014 31661242
1920559 31661243
262647 31661244
2518115 31661245
717964 31661246
1695366 31661247
1837310 31661248
908703 31661249
245827 31661250
680992 31661251
819671 31661252
2724010 31661253
725070 31661254
2061798 31661255
1959293 31661256
370122 31661257
3480195 31661258
3677143 31661259
2082595 31661260
1769828 31661261
271108 31661262
621708 31661263
1688779 31661264
1688779 31661265
4887337 31661266
2727210 31661267
2727210 31661268
136380 31661269
3117879 31661270
1951062 31661271
679221 31661272
677443 31661273
299475 31661274
3546589 31661275
531746 31661276
500953 31661277
500951 31661278
3722018 31661279
1951761 31661280
160790 31661281
795695 31661282
765751 31661283
145750 31661284
722119 31661285
1611376 31661286
575270 31661287
1976035 31661288
1808656 31661289
1809612 31661290
883831 31661291
790810 31661292
207591 31661293
753640 31661294
545418 31661295
652951 31661296
195471 31661297
2547880 31661298
2019086 31661299
2723440 31661300
2542909 31661301
2544546 31661302
141792 31661303
687234 31661304
383091 31661305
2542909 31661306
2544546 31661307
3456491 31661308
2234574 31661309
729682 31661310
2383518 31661311
2724037 31661312
6530049 31661313
434807 31661314
543133 31661315
812587 31661316
321345 31661317
793757 31661318
1881886 31661319
771918 31661320
2326719 31661321
1949632 31661322
175438 31661323
511579 31661324
293515 31661325
645605 31661326
231569 31661327
1952634 31661328
1850573 31661329
668209 31661330
172846 31661331
825499 31661332
512316 31661333
895239 31661334
1967695 31661335
896182 31661336
2336005 31661337
373021 31661338
2024962 31661339
3245944 31661340
3321288 31661341
379890 31661342
4541015 31661343
336221 31661344
1421384 31661345
824492 31661346
1960531 31661347
412275 31661348
4538070 31661349
2007003 31661350
823844 31661351
823844 31661352
4519332 31661353
1944495 31661354
1999440 31661355
1718025 31661356
2260478 31661357
2391561 31661358
1935326 31661359
785669 31661360
1751148 31661361
1358760 31661362
3853172 31661363
28859669 31661364
1967669 31661365
705768 31661366
1828184 31661367
581045 31661368
747258 31661369
136769 31661370
550181 31661371
526709 31661372
1620565 31661373
1945286 31661374
751128 31661375
1303270 31661376
933094 31661377
2013866 31661378
757654 31661379
515301 31661380
2408871 31661381
2017450 31661382
16332022 31661383
1742244 31661384
829279 31661385
429618 31661386
200826 31661387
18445756 31661388
2000710 31661389
