14942763 31885178
2749307 31885179
15806406 26280982
2694557 31885180
2591472 31885181
21277784 31885182
2713015 31885183
13818060 9981963
2702213 20671460
2590476 31885184
2544376 20973161
1804050 31885185
2749490 31885186
2677284 27606070
2749835 31885187
2691986 31885188
1818247 31885189
18152532 31885190
14927972 31885191
31885192 31885193
31885194 31885195
21338575 31885196
21285062 31885197
3489385 31885198
31885199 31885200
14933817 31885201
22078569 31885202
14933825 31885203
31885204 31885205
31885206 31885207
22964658 31885208
18152551 31885209
17230192 31885210
22964672 31885211
24428587 31885212
31885213 31885214
31885215 31885216
11779575 31885217
18479354 31885218
18105969 31885219
14933844 31885220
14933846 31885221
21285731 31885222
22970000 31885223
20072213 31885224
14934361 31885225
22964984 31885226
22963395 31885227
22186212 31885228
12165592 31885229
3992151 31885230
20448510 31885231
31885232 31885233
22963629 31885234
22963635 31885235
14939505 31885236
22963898 31885237
14930747 31885238
14553947 31885239
17896613 31885240
22953033 31885241
14553950 31885242
14590772 31885243
14561156 31885244
1094748 31885245
22126595 31885246
14943100 31885247
22964929 31885248
21493901 31885249
31885250 31885251
14933840 31885252
31885253 31885254
14927335 31885255
18478895 31885256
31885257 31885258
18479291 31885259
18479188 31885260
15832133 31885261
15832173 31885262
15832112 31885263
14581414 31885264
18626388 31885265
15832103 31885266
15929118 31885267
15832108 31885268
15832110 31885269
15832107 31885270
18630236 31885271
15832105 31885272
30540183 31885273
15832172 31885274
1085437 31885275
15832143 31885276
15832102 31885277
2685170 31885278
15832149 31885279
15832147 31885280
18629737 31885281
15832138 31885282
15832111 31885283
15832164 31885284
18624934 31885285
15984956 31885286
21494159 31885287
31885288 31885289
31885290 31885291
31885292 31885293
14933893 31885294
21507658 31885295
31885296 31885297
18351870 31885298
4701929 31885299
2198657 31885300
18479350 31885301
1170698 31885302
31885303 31885304
3907578 31885305
14583592 31885306
21285484 31885307
11805547 31885308
14932548 31885309
14932550 31885310
17897034 31885311
3100686 31885312
4612200 31885313
18313392 31885314
31885315 31885316
14943684 31885317
1760855 31885318
31885319 31885320
15908459 31885321
31885322 31885323
14940993 31885324
2621741 31885325
2713808 31885326
18058902 31885327
1853202 31885328
14940989 31885329
14940991 31885330
14940983 31885331
14941037 31885332
14941032 31885333
14553942 31885334
12012006 31885335
22952898 31885336
3494312 31885337
12018561 31885338
2664547 31885339
2599081 31885340
2599115 31885341
13268902 31885342
1687063 31885343
14942000 31885344
14553930 31885345
14941977 31885346
12162791 31885347
13270166 31885348
14599671 31885349
14553923 31885350
14553911 31885351
14942130 31885352
14553887 31885353
14553916 31885354
12012864 31885355
14553925 31885356
2679247 31885357
14927918 31885358
2730876 31885359
1287201 31885360
2698447 31885361
951254 31885362
1728540 31885363
1777837 31885364
12018306 31885365
21319282 31885366
12653379 31885367
31885368 31885369
4067625 31885370
18474240 31885371
2617469 31885372
4013985 31885373
18489002 31885374
18302757 31885375
4107731 31885376
17214672 31885377
31885378 31885379
18256537 31885380
18479352 31885381
4041737 31885382
18474239 31885383
15331256 31885384
18256169 31885384
18479353 31885385
15925570 31885386
2753017 31885387
31885388 31885389
2727966 31885390
2743174 31885391
2721955 31885392
975864 31885393
4185554 31885394
14553918 31885395
2587171 31885396
2634198 31885397
1662711 31885398
4015370 31885399
1915289 31885400
31885401 31885402
12162790 31885403
14553845 31885404
2729238 31885405
31885406 31885407
2734685 31885408
14553891 31885409
14943081 31885410
14943114 31885411
31885412 31885413
14943090 31885414
14943047 31885415
14943075 31885416
14943108 31885417
14943071 31885418
14943098 31885419
14942756 31885420
14943067 31885421
14943094 31885422
14939751 31885423
14943061 31885424
14943110 31885425
14943096 31885426
14943088 31885427
14943079 31885428
14943083 31885429
14943069 31885430
14942749 31885431
14942742 31885432
14943077 31885433
14943052 31885434
14943057 31885435
1944057 31885436
19707750 31885437
31885438 31885439
12012113 31885440
14553958 31885441
18101194 31885442
14937040 31885443
14934718 31885444
14553935 31885445
1062404 31885446
1060453 31885447
79088 31885448
31885449 31885450
18055923 31885451
2680892 31885452
22952842 31885453
14574859 31885454
22952840 31885455
22952838 31885456
22953217 31885457
14933102 31885458
14933108 31885459
2660744 31885460
15924827 31885461
31885462 31885463
1094096 31885464
1179557 31885465
31885466 31885467
22026319 31885468
17387692 31885469
14553928 31885470
2696449 31885471
16008738 31885472
15918762 31885473
4634036 31885474
2734563 31885475
2723289 31885476
2627812 31885477
2614156 31885478
2673765 31885479
14940014 31885480
14940038 31885481
14940044 31885482
14940032 31885483
14940026 31885484
14940022 31885485
14940016 31885486
14940024 31885487
14940042 31885488
14940034 31885489
14940040 31885490
14940028 31885491
14940050 31885492
14940046 31885493
14940054 31885494
14940030 31885495
14940018 31885496
14940048 31885497
14940036 31885498
14940052 31885499
17013919 31885500
18269141 31885501
2607913 31885502
17024661 31885503
21504657 31885504
1693605 31885505
14839027 31885506
14927017 31885507
14927751 31885508
1691650 31885509
2588262 31885510
19468258 31885511
12169174 31885512
10175392 31885513
3999719 31885514
4474954 31885515
3965825 31885516
16278340 31885517
17211656 31885518
21533475 31885519
4070983 31885520
3999586 31885521
31885522 31885523
4222792 31885524
2245605 31885525
4015501 31885526
1063825 31885527
1061140 31885528
10858976 31885529
10861024 31885530
14553804 31885531
4012326 31885532
14562571 31885533
18266950 31885534
14553948 31885535
3971634 31885536
31885537 31885538
14940972 31885539
14940911 31885540
14940915 31885541
31885542 31885543
14940938 31885544
30430252 31885545
14940921 31885546
14941013 31885547
14940900 31885548
2591717 31885549
2611775 31885550
14940917 31885551
14940913 31885552
2695489 31885553
14940964 31885554
2620295 31885555
14940968 31885556
14940903 31885557
14940891 31885558
12018341 31885559
15939143 31885560
21869116 31885561
11851008 31885562
11686369 31885563
3107733 31885564
2650161 31885565
17230101 31885566
12164406 31885567
31885568 31885569
31885570 31885571
31885572 31885573
18253614 31885574
31885575 31885576
14932875 31885577
22953131 31885578
29020737 31885579
22969773 31885580
31885581 31885582
31885583 31885584
31885585 31885586
22964291 31885587
16019785 31885587
31885588 31885589
22964301 31885590
15792210 31885591
22964299 31885592
22463754 31885593
31885594 31885595
31885596 31885597
15968594 31885598
31885599 31885600
14933850 31885601
14933854 31885602
31885603 31885604
31885605 31885606
31885607 31885608
31885609 31885610
14933862 31885611
16216693 31885612
18152830 31885613
20072168 31885614
17196709 31885615
14933848 31885616
31885617 31885618
29204820 31885619
14933870 31885620
13817985 31885621
31885622 31885623
29158759 31885624
17196370 31885625
22963698 31885626
31885627 31885628
31885629 31885630
14927997 31885631
14582305 31885632
21505673 31885633
14588869 31885634
21268216 31885635
14930739 31885636
14478249 31885637
22964878 31885638
21386472 31885639
22953143 31885640
29124414 31885641
15956993 31885642
31885643 31885644
31885645 31885646
31885647 31885648
22953207 31885649
21509864 31885650
31885651 31885652
17218718 31885653
17209706 31885654
22964995 31885655
12461098 31885656
31885657 31885658
15950880 31885659
19702078 31885660
31885661 31885662
31885663 31885664
31885665 31885666
18479183 31885667
22156532 31885668
14934357 31885669
13777613 31885670
11914746 31885671
20598141 31885672
1726186 31885673
1689730 31885674
2597582 31885675
4764554 31885676
13613374 31885677
4041438 31885678
13613302 31885679
21352454 31885680
4132202 31885681
13615763 31885682
1107631 31885683
893544 31885684
21505651 31885685
11861843 31885686
14553856 31885687
11849825 31885688
4125022 31885689
17223093 31885690
14553846 31885691
14553931 31885692
3155792 31885693
5017553 31885694
13613031 31885695
14553910 31885696
29173964 31885697
21548799 31885698
21501854 31885699
21012371 31885700
18088167 31885701
31885702 31885703
21441304 31885704
77921 31885705
21535006 31885706
2582994 31885707
1692366 31885708
31885709 31885710
31885711 31885712
10175209 31885713
14553901 31885714
15977023 31885715
1082231 31885716
15854453 31885717
1092156 31885718
1948771 31885719
77293 31885720
17358730 31885721
18268876 31885722
17213182 31885723
18257972 31885724
31885725 31885726
31885727 31885728
14606055 31885729
10864285 31885730
3603984 31885731
14926292 31885732
2598898 31885733
31885734 31885735
1048672 31885736
1075181 31885737
1091612 31885738
14926357 31885739
31885740 31885741
3505394 31885742
14926352 31885743
14926350 31885744
14926370 31885745
14926368 31885746
16234119 31885747
20396909 31885748
18268818 31885749
20071786 31885750
12014767 31885751
14553926 31885752
14553873 31885753
2621020 31885754
4001786 31885755
4006621 31885756
2597832 31885757
29055198 31885758
12158794 31885759
14553867 31885760
4015022 31885761
3497981 31885762
12674318 31885763
4006428 31885764
1976307 31885765
3774161 31885766
14926166 31885767
14926170 31885768
12014715 31885769
14926177 31885770
14553915 31885771
31885772 31885773
1063130 31885774
14553945 31885775
14943838 31885776
3252476 31885777
1697760 31885778
14943727 31885779
2607587 31885780
1389652 31885781
14928850 31885782
3999890 31885783
14928836 31885784
14928845 31885785
14553949 31885786
3993105 31885787
22154718 31885788
18085248 31885789
31885790 31885791
4011389 31885792
23145384 31885793
12460655 31885794
12017977 31885795
14553871 31885796
12017977 31885797
14553924 31885798
14945012 31885799
1064211 31885800
14553955 31885801
1092682 31885802
14926244 31885803
14926266 31885804
14926259 31885805
14926253 31885806
14926255 31885807
14926237 31885808
14926242 31885809
14926232 31885810
14926261 31885811
14926270 31885812
14926264 31885813
14926228 31885814
14926249 31885815
14926257 31885816
14926239 31885817
14926164 31885818
14926159 31885819
14926230 31885820
14926162 31885821
14553879 31885822
12462114 31885823
30631001 31885824
18258901 31885825
1286446 31885826
14553822 31885827
3993175 31885828
14943909 31885829
14943942 31885830
29034578 31885831
29241954 31885832
14553929 31885833
20071805 31885834
21431878 31885835
10201966 31885836
2664261 31885837
14553865 31885838
12012611 31885839
14553957 31885840
14553956 31885841
12017989 31885842
18275393 31885843
14553921 31885844
1091875 31885845
21500438 31885846
31885847 31885848
20071317 31885849
81049 31885850
30550196 31885851
15842495 31885852
15842495 31885853
14599200 31885854
14599199 31885855
31885856 31885857
21534983 31885858
31885859 31885860
31885861 31885862
31885863 31885864
31885865 31885866
14943688 31885867
14943686 31885868
12450363 31885869
17896615 31885870
18260791 31885871
31885872 31885873
14943680 31885874
29003518 31885875
31885876 31885877
12444627 31885878
21887985 31885879
3984694 31885880
18152309 31885881
15858158 31885882
31885883 31885884
19699815 31885885
31885886 31885887
14943612 31885888
14943646 31885889
31885890 31885891
21426710 31885892
31885893 31885894
21003136 31885895
31885896 31885897
15986862 31885898
20402694 31885899
14943634 31885900
14943652 31885901
31885902 31885903
14943524 31885904
14943572 31885905
14943578 31885906
12015787 31885907
3634457 31885908
21436515 31885909
15853048 31885910
31885911 31885912
29204234 31885913
14943574 31885914
19700808 31885915
14943626 31885916
31885917 31885918
14943563 31885919
14943551 31885920
31885921 31885922
31885923 31885924
14926152 31885925
14926204 31885926
14926202 31885927
14926196 31885928
14926190 31885929
14926215 31885930
14926200 31885931
14926220 31885932
14926148 31885933
14926194 31885934
14926213 31885935
14926210 31885936
14926179 31885937
14943922 31885938
14943969 31885939
14943948 31885940
14943914 31885941
14943956 31885942
14943877 31885943
14943911 31885944
14943920 31885945
14943961 31885946
14943927 31885947
15396683 31885948
3923127 31885949
15421455 31885950
31885951 31885952
31885951 31885953
15412168 31885954
31885955 31885956
15411602 31885957
31885958 31885959
15395859 31885960
31180818 31885961
15402687 31885962
12649977 31885963
31885964 31885965
3736836 31885966
31885967 31885968
15403124 31885969
31885970 31885971
31741420 31885972
15414134 31885973
15404256 31885974
15415565 31885975
31885976 31885977
1093299 31885978
16234898 31885979
27663182 31885980
31885981 31885982
14553870 31885983
29051885 31885984
29051884 31885985
3308316 31885986
31885987 31885988
14553944 31885989
31885990 31885991
15922737 31885992
20072191 31885993
31885994 31885995
29201741 31885996
18255969 31885997
21494589 31885998
31885999 31886000
21372400 31886001
3225009 31886002
15791057 31886003
12012541 31886004
14943893 31886005
14943887 31886006
14943883 31886007
14943889 31886008
14943900 31886009
14943954 31886010
1463552 31886011
10208938 31886012
15832128 31886013
1091859 31886014
15832109 31886015
15052904 31886016
28860860 31886017
14585262 31886018
1656164 31886019
17022176 31886020
1300074 31886021
1296811 31886022
12461176 31886023
12461091 31886024
3917040 31886025
3912751 31886026
14585265 31886027
14585264 31886028
14585271 31886029
14585272 31886030
3899720 31886031
31886032 31886033
11804180 31886034
14601608 31886035
14585260 31886036
14601607 31886037
12460868 31886038
31886032 31886039
1293650 31886040
3971142 31886041
4004194 31886042
15903440 31886043
14580937 31886044
31886045 31886046
14585263 31886047
4007066 31886048
16835573 31886049
14585270 31886050
15333777 31886051
28860784 31886052
14585265 31886053
15951769 31886054
14601606 31886055
17862679 31886056
21254208 31886057
21254240 31886058
21254228 31886059
21254493 31886060
3994181 31886061
3999791 31886062
4007062 31886063
15052855 31886064
14580939 31886065
21254520 31886066
3999813 31886067
21254285 31886068
29004233 31886069
29020137 31886070
965517 31886071
14585261 31886072
31886073 31886074
18264816 31886075
15329971 31886076
17021544 31886077
21254495 31886078
10876536 31886079
17006633 31886080
3901161 31886081
19496579 31886082
3963342 31886083
29022028 31886084
17013775 31886085
15332250 31886086
31886087 31886088
14585266 31886089
14585259 31886090
14585258 31886091
14602063 31886092
14595339 31886093
3400825 31886094
18270349 31886095
2718961 31886096
14925766 31886097
14611223 31886098
14606932 31886099
30540634 31886100
78739 31886101
14927329 31886102
12014331 31886103
31886104 31886105
31886106 31886107
31886108 31886109
15806254 31886110
14584884 31886111
11802316 31886112
15315666 31886113
21337724 31886114
15926298 31886115
3600361 31886116
18479192 31886117
3264055 31886118
15939156 31886119
31886120 31886121
1084557 31886122
1084549 31886123
13615616 31886124
1299274 31886125
22964684 31886126
29151742 31886127
17195757 31886128
31886129 31886130
18253658 31886131
15791067 31886132
80016 31886133
21281887 31886134
15913308 31886135
14838711 31886136
21282982 31886137
18625081 31886138
15791058 31886139
15817290 31886140
31886141 31886142
31886143 31886144
14553922 31886145
14926155 31886146
14926150 31886147
14926282 31886148
2722867 31886149
21446974 31886150
15832156 31886151
1459014 31886152
15850776 31886153
1107116 31886154
1075035 31886155
15832121 31886156
15832117 31886157
21377178 31886158
13533561 31886159
21376904 31886160
20072323 31886161
17209931 31886162
16001397 31886163
21342216 31886164
18479351 31886165
12462409 31886166
21418138 31886167
15832161 31886168
10876155 31886169
15936950 31886170
15837956 31886171
14571530 31886172
15854455 31886173
13642411 31886174
15854456 31886175
15854447 31886176
12461316 31886177
15854457 31886178
21319550 31886179
1075277 31886180
12460987 31886181
18626580 31886182
1086790 31886183
15854450 31886184
15854451 31886185
15854446 31886186
15854454 31886187
12460571 31886188
15985249 31886189
15832166 31886190
31886191 31886192
15832122 31886193
15832114 31886194
12461416 31886195
15817824 31886196
15832182 31886197
15832148 31886198
15843451 31886199
14939676 31886200
22964697 31886201
31886202 31886203
15832088 31886204
6406192 31886205
2660135 31886206
12460727 31886207
1075009 31886208
21502965 31886209
1086858 31886210
18629332 31886211
15832170 31886212
15832168 31886213
15832124 31886214
21381132 31886215
17897977 31886216
15840767 31886217
15832157 31886218
15985462 31886219
2628298 31886220
2662147 31886221
889577 31886222
4140867 31886223
79154 31886224
12462126 31886225
2718070 31886226
1692608 31886227
21445620 31886228
14925341 31886229
18474322 31886230
1960839 31886231
12012779 31886232
18093427 31886233
83112 31886234
18625927 31886235
12460618 31886236
3379137 31886237
31886238 31886239
1074931 31886240
15854452 31886241
75983 31886242
1075077 31886243
18479347 31886244
1075225 31886245
15854448 31886246
31886247 31886248
12461255 31886249
15832142 31886250
1075215 31886251
12461303 31886252
21493283 31886253
18252216 31886254
20071846 31886255
1074935 31886256
30541364 31886257
22295416 31886258
15843453 31886259
15837152 31886260
15843452 31886261
31886262 31886263
14553938 31886264
14927988 31886265
31886266 31886267
83618 31886268
31886269 31886270
2734848 31886271
2591964 31886272
2748869 31886273
2749520 31886274
14585955 31886275
14933877 31886276
4096375 31886277
21519583 31886278
14934261 31886279
14927313 31886280
14927352 31886281
14927350 31886282
14927348 31886283
31886284 31886285
14927338 31886286
11802478 31886287
14927342 31886288
14927333 31886289
14927340 31886290
14553943 31886291
4512875 31886292
31886293 31886294
14931567 31886295
22956569 31886296
22956573 31886297
2650498 31886298
14944723 31886299
10680772 31886300
20071651 31886301
12655124 31886302
22952792 31886303
2212484 31886304
14943620 31886305
31886306 31886307
31886308 31886309
21534985 31886310
18324088 31886311
31886312 31886313
22953141 31886314
31886315 31886316
14943959 31886317
31886318 31886319
29102728 31886320
31886321 31886322
19611242 31886323
31886324 31886325
21209260 31886326
21013770 31886327
14590772 31886328
31886329 31886330
22964849 31886331
22964856 31886332
31886333 31886334
22956400 31886335
22963327 31886336
14932481 31886337
14926423 31886338
31886339 31886340
21341373 31886341
21505268 31886342
21501249 31886343
20606084 31886344
21528050 31886345
21507766 31886346
21554756 31886347
14551913 31886348
15925012 31886349
19076916 31886350
15963114 31886351
21542529 31886352
21525896 31886353
31886354 31886355
21528183 31886356
21520349 31886357
21543804 31886358
21527148 31886359
31886360 31886361
31886362 31886363
19706961 31886364
21527603 31886365
31886366 31886367
31886368 31886369
31886370 31886371
31886372 31886373
21543806 31886374
21527605 31886375
31886376 31886377
18152403 31886378
31886379 31886380
1061886 31886381
1064523 31886382
1064517 31886383
31886384 31886385
1090306 31886386
1291947 31886387
1089397 31886388
1091110 31886389
1090737 31886390
1090645 31886391
2617140 31886392
924487 31886393
1091129 31886394
1064378 31886395
1089288 31886396
835976 31886397
2681592 31886398
1064597 31886399
1063945 31886400
1088979 31886401
1064599 31886402
20060098 31886403
1291710 31886404
1059560 31886405
1293003 31886406
1089256 31886407
1090717 31886408
2628585 31886409
1092645 31886410
