20544220 14312266
20607095 14312266
20933357 14312266
1150742 14353385
1748147 10884315
719177 13656264
10437164 10884351
3088427 10884366
8429717 10017801
20588279 14353534
29344370 13615905
16283626 16415087
8405655 16020822
643387 19126535
15176295 14353608
7847727 10590257
8420769 16415121
10371444 9571168
16283589 16020844
526780 13615942
10883650 17898060
22461777 16020847
12154771 14353622
12192944 14353625
11874044 16415131
32790928 13615952
513166 16415146
10269557 16415154
10499340 14353639
18024724 10884430
1518194 14353653
7857563 10590266
671311 13615993
1478511 19086714
14826543 14353750
14827188 16203434
1887305 14353752
8403975 20841921
32790929 10848660
10579102 20841945
3483773 20618600
1649364 10532721
8456529 9964127
1121297 9964134
10468362 9571302
4502737 13616066
32790930 19236007
8418515 16203466
4783934 10532794
22400173 10532807
2364080 13616098
262387 9571360
22410247 9964213
20457038 13616130
29467668 20842268
22372577 9964265
22349043 9964285
32790931 16021337
20535566 20842382
29468682 16021449
3478734 10532873
20544650 16415560
8383609 16415562
16283627 10532896
32790932 9964368
20603022 20842495
32790933 13616219
3659614 9571428
20933340 9571434
1501493 13818152
20933704 20842585
16270239 20842587
29370461 20842627
29466690 20842663
20932878 16415733
20932649 14354248
20932649 16022277
20933148 16022277
1628896 14354272
20561789 9964400
421723 10533001
652527 14354353
524917 16022491
16400066 10533014
1831414 20842845
3709479 14354382
741205 14354384
1373422 14354387
16283938 10533022
32790934 14354428
32790935 10533023
495475 16022571
16314235 14354504
10294233 14354557
455721 14312440
352511 16022652
355111 14354584
8477892 14354586
22475377 14354592
8404069 10533042
4998019 14354628
1394033 17870245
1482663 14354670
16307418 14354677
10257361 13616394
8388093 14312451
22458394 14354748
32790936 9571583
16314151 20843168
3676968 19086846
3257444 16022855
446557 13616421
8459461 16022864
26393495 19126677
768980 16022915
12610504 18400623
32790937 9571617
454124 13616433
3483634 10533121
15203248 16023114
32790938 13656411
12613729 16023129
4220258 16416009
1806359 16023159
3559423 20002874
1941992 16023236
304314 19236182
20600297 10533148
3461002 14355029
1534858 14355039
1545893 16203623
29469694 21156940
20932083 20843374
492125 14355078
22354966 13656428
4324958 16023492
20526546 10533174
3650619 19236202
15220494 16023532
6459381 16023542
12605179 13616489
11878214 16023558
10371365 14355132
3394872 16023581
10560496 20843568
3266671 21803506
16297747 16023750
4947511 13616507
1506718 16023771
1876524 14355204
8424052 21803510
16314431 21803513
16293510 14355222
1806422 21803516
10245160 10533195
32790939 21803521
16314419 16416136
3530396 20002887
213999 13656449
15648873 19301003
501936 16811354
12599165 16023863
20933717 20002897
32790940 13616526
1857550 16023916
2526930 19126707
32790941 19236236
32790942 16416208
457040 14355269
26390316 16416223
8416168 16024094
16283579 20002945
16283683 20002947
3499179 19086883
20933311 16024168
8486708 16416267
15968888 20934974
3700501 13656471
16283562 9571700
15131866 14312524
1547209 14355352
1310795 13656477
163608 16024350
32790943 21156948
15295215 16024376
152159 16024419
648049 9571704
3485780 10533286
15126168 16024487
22477536 10021184
9553105 13656509
10467115 16024523
22466969 14312537
10371399 10533304
8431227 10533314
3064326 16416315
15183690 19236284
16400098 19301025
265664 14355482
648637 19236287
1876218 13656554
3424845 16416324
10371353 9571740
1372588 31450178
1605938 13656568
14371648 19236290
8394597 16024765
16400033 21156953
4473686 24782615
10476338 21030477
32790944 16024811
282119 16024832
1474091 14312581
22365226 14312598
15306819 9571753
3680101 14312665
2339676 9571757
10371463 14312728
784333 19236308
18614870 14312839
3485782 22585101
3503519 14312849
16290723 14312869
4269677 17412586
15219792 16025041
8493752 16025044
16297634 17898085
8441639 20002982
22476992 22732642
8394327 18400660
8484702 16203735
16982930 14312938
32790945 16811360
22364740 19236315
22356042 14313043
1380682 20934986
10264615 16025204
20569122 14313091
16270291 10533404
680646 14313134
32790946 17898105
22349050 14313150
16283557 19236321
463090 16025276
1730693 10533417
384197 14313216
590878 14313223
4024222 14313229
16300149 19236324
4996678 14313258
32790947 16025353
588659 14355734
8381115 14313386
650862 14355770
3525799 19126769
11839963 20002990
32790948 20002992
1828242 10533467
300532 10533468
4803214 10533477
20422442 9964648
1394993 10884737
2221645 12213695
1567553 14313483
8497790 10533486
139743 19301039
1504984 10533507
28682742 22585156
824372 14313584
32790949 20990424
572667 19236359
16281651 22481005
16400018 10533537
1514445 14355873
16261265 14355885
9472113 14313735
16283616 14313736
16283661 14355889
14784169 14313752
3643539 16026041
11839948 9964686
15964798 12520577
16314452 24357713
352717 14313829
23936879 9571934
16313910 14313833
4792693 14313834
10324903 13656730
10367997 14313838
10359196 9571938
8444290 9964694
32790950 14313857
23929799 9571942
19208172 16026153
32790951 14313861
16213843 14313893
16283680 14355917
3812598 10533572
10365480 14313943
15203625 16026218
1572878 13616989
1486474 9571951
2130066 9964729
10471525 24357715
574849 14313998
8420557 24358153
22413935 16026249
10257328 14314003
32790952 16026257
6432387 16026259
230248 17147805
22410332 9571955
1865389 9571955
8420441 14355955
10315212 10533595
10368045 24776223
397081 19126788
22366945 13617027
16400077 13617028
16313054 23209744
10371401 14314140
3479314 14314142
1386696 14355990
32790953 16026412
141252 13617044
32790954 16026473
12623068 16026623
1597817 14314262
8511464 14314270
10499341 10533658
1646411 14314283
22415956 14356056
22349047 14314335
3388511 13656867
1565383 14314338
16213930 14314339
4707492 9964818
10371366 13678704
10499343 14314362
16400107 22702769
8501997 14314371
10371323 16026862
22411968 10533689
4520880 19236436
8420760 19086973
3814082 19126806
8404431 19236446
32790955 16027066
20567732 13617092
460098 12520602
32790956 19126808
10575999 9964857
16283577 20990469
1529299 9964869
23929842 9572042
1374610 17870690
10323249 16203886
8387684 19236469
16400144 16027157
22410511 16027163
22410517 23200039
22410531 13656925
22475098 16027169
1121623 16027173
10472598 19301088
10265056 16027182
448729 16027184
4023704 14356148
8378756 16027223
8398610 13818187
694074 14356159
4022604 16027271
177177 10533737
20931662 19561480
2006827 16027347
32790957 13617120
441916 10533753
22462628 19086994
282449 10533759
16291379 16027474
15206246 9964954
15129194 16027510
1469351 10533775
16400088 23200094
531111 18396943
1348223 16027580
255583 9572067
10576072 16027703
4038202 19236547
3511343 20619479
4203369 14356298
12662991 14356311
12633486 19301110
878138 20619659
505038 20619666
11839954 16203929
96208 24358171
154227 22585378
16283650 27584360
514424 19236591
6942372 22585380
20583615 10533841
10311743 14356324
350373 19236593
1581054 19236599
10485226 16028143
32790958 19301115
16400073 20619715
15176231 13617222
22413764 14314402
4738892 14314403
32790959 9572125
22372120 10533859
4218573 21803584
32790960 13657032
4538822 14314447
1469406 14356368
771167 14314483
4684208 20619943
22440253 16028245
10467252 14314537
8468499 14314545
20451161 14314598
32790961 14356412
1648794 12213859
266899 21803601
1601674 19126867
3812622 10533960
22362978 10533964
1584823 9965104
3430251 9965116
12613267 22585420
10365487 21803605
1502700 10533970
18422005 10533975
4295176 18396983
10479664 14356500
8430468 9965122
503314 10024044
503608 12214037
15293253 10533995
15306253 13818202
1812842 10534001
10269488 20935090
8393499 22702840
7711978 9572285
15219795 9965282
2527241 16028729
734993 9572287
10371452 16028757
8481295 16028806
8383271 16028809
16283590 16028828
32790962 22702843
655894 16028850
1488231 9965286
23929836 9965290
22386981 14356582
23929834 19087050
23929835 23209898
22471090 16028879
1283265 9572298
133280 14314771
32790963 10534049
654169 16028919
20581614 10534055
1555370 16028940
3365043 16028951
16218764 14356605
22372435 22702846
22349025 19087051
16301600 16028961
221071 14314784
8481402 22585472
10245102 22702848
8383279 9572306
16261267 13617286
16283570 17870881
16297740 22585473
10315223 14314801
1876896 14356627
29468671 19087053
8414161 14356629
3815156 22585483
32790964 19236738
10493621 22585491
16213209 10024046
10168896 24776266
22348917 17870888
3814751 19236750
22471250 19087057
10361152 26386395
8375067 13617299
544616 14314826
32790965 14314827
8420473 20935107
3175304 21803685
14309179 19236766
8420477 14314842
548979 14356660
32790966 21803693
8481408 18397007
10365479 14356676
10251204 23200345
1932830 19236805
404610 13617328
9493866 16029016
18437959 18400728
8516435 14314880
32790967 14314882
32790968 23209939
10371299 18400729
654503 22702874
1467489 9965429
436587 24358257
227612 23209943
4108280 9965473
22348898 27583253
22432004 10534171
16962809 9572483
4718306 10534183
22471098 9572535
4520941 9965532
9536489 19236878
4504975 10534215
32790969 16029090
4815068 14356835
10251210 14314958
460459 24776295
12605184 19301195
881874 18400749
1311307 20935138
16283700 27137796
10264601 10534251
4021787 9572713
3812852 10534270
3491900 10534274
8396950 21803804
1445840 21560622
1505750 10534282
714323 21803808
16283561 22585637
10371337 14356879
16296986 21078885
10257339 9572742
639717 19301204
15232299 16029166
8501493 19236946
1366245 14315019
1347048 16029347
1612806 20620817
32790970 19236982
16400101 19301218
16310800 20620920
10251233 19087131
18427862 14315162
610902 21803850
710802 14357062
1594232 19237003
2553590 13657423
1559092 14357070
8383109 23210005
11882373 9572953
22348895 9965754
221991 20621201
4832473 20621204
15108058 20621211
2450213 16029732
32790971 21157057
1539228 10848698
15294156 16029756
3162586 20935158
15210986 20621277
16314790 13657447
3503386 16029784
32790972 16029786
20933497 20621307
22349058 14357117
22349038 20621332
22471119 10534445
16204415 10590396
10473048 14315235
2246554 9965760
648639 19237044
4452189 14357148
22356009 10590397
10371403 10534457
15211114 18400766
22471105 10884815
32790973 14357161
22471117 10534462
632020 14357165
1943434 10024630
29467663 19087212
4494779 21560623
4853083 13657488
4453209 20621545
477490 19237060
926833 14357175
12616779 9573200
16313605 13657493
20933334 19126997
255371 10590404
4761524 14357184
1496931 19237069
446019 14357185
22349081 16030058
16283635 10534473
22359583 10534475
540947 10884877
18831551 16030078
4998110 24358483
22471152 22585702
8495819 14357197
8474626 20935163
16283701 20621662
1662760 14357211
4343811 14315313
1547498 13657527
3485469 13657528
1605427 9573380
32790974 19127003
8459857 14357229
10371343 21803898
3709732 20621783
2444618 16030357
22388376 10534536
32790975 21803934
15267875 19237125
384681 20935173
18275710 13657558
16296959 16030452
545860 19237136
1343877 10534565
1871917 19127016
32790976 21803947
10371416 14357281
4823720 16030571
23955620 14357287
23955621 22585754
10371417 16030577
23955622 20807215
15143106 16030590
22348915 21803955
8415149 20990626
4490419 9573621
8510698 14315430
3671097 13657585
582048 19301276
522728 16030685
32790977 21803975
2322850 9573654
3328846 20990634
16297970 13818229
16295232 21803980
4884681 13657599
16305255 14357335
10257381 9573677
274884 19087253
16283597 9573695
32790978 10534656
12600219 20990654
11839943 13657617
10371305 16204175
8407230 19237223
32790979 20057356
8445524 19301290
15036222 13818231
8423537 19237226
10371302 16030807
4916798 16030811
14395526 16030819
5001499 20990666
1488734 19087266
1953797 24358578
10580245 22585821
4894675 14315513
1569002 19561566
2462490 22702963
8423574 19127039
1125048 14315521
1513290 14315523
1856412 19561568
15204927 10534703
8404450 10534704
10590110 14315528
15274558 16030862
4962267 20935191
1529075 22585837
16241294 22585840
10374727 23210066
20933365 10534715
10322481 19301297
11847637 23210067
12606870 18147022
15131803 13657693
335383 19237264
3257483 13657696
446609 23210071
3496502 19237268
750610 10848755
10265610 9573843
1481589 9965881
12643689 9965921
22349048 13657747
3723912 10849018
8421195 10849053
1496744 19301312
15126439 10849116
15204053 10849116
3498825 10849121
2913405 10849172
15205770 21157103
16283699 10849199
32790980 10849202
1344564 10849224
1529103 10849236
644129 10849237
15204835 19301317
32790981 10849267
23943226 10849290
16215057 10849329
8503147 10849354
4462665 10534803
32790982 10534804
8423892 10849453
986328 10849470
10318304 10849478
3815227 10849547
8442423 19237310
16296152 10849554
16298539 10849557
16213193 10849561
8385273 10534841
32790983 10849569
16294951 9573936
16302370 10849573
3814148 9573937
10367636 10849579
16314797 9573938
758040 10849589
8482974 10849593
3815224 20622395
4813697 21804092
10306065 10849669
1592781 10849738
20933302 10849760
1446270 10849823
23943414 9573978
166175 10849876
2578262 10849881
32790984 10849885
265250 14315761
16283611 10534928
4640463 10850041
8387876 12520719
11839961 12520725
720964 12520750
1317201 22585897
537845 12520781
14827543 10850119
8431862 10850154
10265061 19237340
14816865 10850157
1456175 10850158
1304744 10850163
10479988 10534982
3590953 10534984
15123871 13657814
10251229 10535007
1569168 19237362
11839914 22585922
22423784 10535015
10313414 19561591
8418011 13657830
16281860 14315967
32790985 16031502
32790986 22585936
10371304 16172626
16400023 10535075
22471125 14316066
8393479 16031790
8428101 9965993
1931231 19237390
3052877 27626722
727935 26386776
3478880 22585946
10473043 14357574
29466402 10535110
8463955 14357587
32790987 14316140
16300226 14316141
22383885 16031828
9475961 20057408
2791962 14357616
22365501 10535154
8426306 31463823
16283587 10535173
649195 10535178
10247057 14316303
10473044 14357671
12521053 13657914
20933038 14357727
492115 14357733
8507335 14316448
4107619 14316451
3496019 14316452
3496034 14316453
32790988 16032443
16283552 19127129
16297555 13657972
1418736 10535267
1638808 20623109
1651755 14357831
10493622 16032480
8401973 19237473
16286613 21804135
15968873 20623169
8442216 14316501
8438829 16032525
8431970 21804137
890327 16032532
514140 10535300
513364 19237492
16284304 9966196
20931737 10535320
8402615 10535332
1577128 10535338
602114 16032956
8408572 9966264
20932489 13658081
16287952 19237527
1572998 14357989
1290385 14357993
4833031 14316792
11839931 14316793
4865327 17898182
22471096 14316799
3069013 14358004
107039 14358008
2215488 9966280
704758 14316813
8515120 20623900
491989 14358023
1129154 9574415
32790989 13819944
395954 16033102
22363377 14316837
1536524 16033147
14801552 14316855
20404956 14316868
160069 14316886
20933263 14316888
1875726 16033256
10256668 19127170
20587231 14358101
12605174 10535402
130956 19237549
22471251 10535408
1558837 10535423
551875 12520846
1171772 20624173
20450278 14358187
20932595 22703052
20933058 14358224
9509275 16033636
29423964 21804180
8501258 10535472
1642663 10535473
29467665 20935270
29474238 16033717
20441043 14317175
29467127 14317175
29460734 14317178
22349023 10535488
20518664 14317194
1103427 14317212
16400116 10535494
23929801 10850240
15203417 13658219
16994390 12420874
22471140 9966329
12614461 10535522
3161232 10535529
96906 16034032
3361586 13658251
3443320 16034047
1387140 16034049
10264571 13658253
394275 16034090
16300150 14358341
32790990 10885019
10252920 19301395
16283674 14317396
8497898 13819966
14491829 16034174
12247150 16034184
4991027 16034218
2344461 19087364
20933799 9966353
10318305 14358367
3813824 16034259
1650019 19087367
3083184 14317432
1567339 27583311
4835354 13658266
18486780 22703070
8443871 9966371
4893095 18397234
12602381 10535567
11919670 14317481
15231736 20624851
1637041 13658283
10371442 14358420
16282653 14317491
16283605 19301398
3162584 14317523
32790991 16034427
8432016 12520849
32790992 13658296
2486701 19237668
567771 12214589
15279128 18397244
16400089 12214592
16205209 21157138
32790993 20624970
32790994 10535604
814625 9574696
626874 14317567
16297862 9574699
10374729 14317581
15295206 20625060
32790995 13658307
32790996 12214734
15176814 20625129
29245303 10535629
10584978 14358470
10584976 12214753
16308468 14358475
21796328 12214757
11839762 16034692
2171966 14317652
15293930 26326186
634963 14317657
8428581 21078919
15039663 10535646
360231 16034746
32790997 16172858
8420053 21804209
18454865 14358514
1450051 19237702
1857688 9574778
1430098 10535671
22346157 16172870
15145586 14317732
32790998 19087434
3546412 14317764
15592142 22586148
18282156 14317802
20517716 14317862
258100 12214954
8425463 16035143
8517752 10535763
16400070 10535769
1403067 10535798
16321554 9966430
16306507 12215226
32790999 10535828
32791000 18400885
3497745 14318160
3162580 12215306
333804 19237781
1277275 14318203
4730058 16035713
12606379 14318227
7726706 10535858
3863113 14318274
1634265 19237788
32791001 18400886
10493641 10535868
15224561 14318318
16269172 19237800
8511876 19237801
29473910 18397350
3814326 14358809
1563354 14318341
2385770 14318343
16283669 24357799
16287068 16035847
32791002 14318364
8438822 14318366
16283685 10535887
1571700 14318370
29473911 12215353
22448873 14318377
15238931 20990765
22471135 12215394
433663 12215398
20933325 10535916
4927036 13818259
341030 16173099
2012827 14318469
22410434 22586194
3166636 12215485
16295255 14520884
16296628 10028185
4255826 12215541
4755880 14358883
1363718 21804268
8483008 14318527
8435124 13658578
32791003 12215589
22409174 14318528
1665241 16036233
8449349 10535970
8467667 12215658
15219363 19087516
22471158 12215680
1500757 14318583
20933366 19237848
15131997 9575138
1803091 13820018
8499294 14358948
388238 14318622
1515455 14358951
16014531 14318624
22448872 14358952
607790 9575150
3814336 12215841
32791004 22586210
12671501 14358969
16298021 16036385
10265055 19087542
22368552 9966512
3872487 14318652
20487164 19087549
1662099 12215865
10365488 16173262
16301900 13658598
10256671 14318680
1779924 19237869
1655705 10536060
515625 22586213
10318296 10536080
8426399 14318754
16286315 16036569
17275084 14318773
10264870 14318788
32791005 14318812
16297703 10536105
23929824 10536107
170257 19087570
32791006 19087571
564643 10536120
22447140 23201499
16298456 10536151
523243 19237894
22349051 20626499
22410092 19087592
3334778 14318995
18831617 10536184
8394241 10590592
4465468 9966541
8516827 14359128
22363719 14359131
22383363 12216091
3275430 14319027
16283622 19237908
15144539 16037123
10368046 14319046
1595871 18397458
10322490 22586223
878224 12216118
8482529 14319066
32791007 12216130
1280748 21804312
32791008 12216141
4891316 19237918
1575285 12216195
6546019 12216205
8381619 14319078
1142865 14359175
32791009 20626821
629879 18397464
22149912 12216268
1656209 20626937
32791010 9966617
5001504 9575327
1397426 14319118
14374249 9966621
757236 9966623
11839997 12216334
228741 10536231
4887268 12216356
3485968 14359205
4318775 12216369
8382403 20627103
16261269 20627114
4875664 14689625
8380900 14319141
22410477 12216425
1387719 14359221
1591734 20627265
10493635 10536258
3397700 23201922
14793839 20627485
10294245 14319189
620582 10536290
32791011 12216553
8416920 10536292
10269473 12216571
2260558 19237959
694004 14319224
3276926 19237962
8416214 20627647
23956898 12216620
15203124 12216626
16400127 10536305
501658 20627711
10371409 19237973
20526162 19087658
350223 14359288
8492546 12216737
22471104 12216746
15297120 19087682
136234 18147063
8425961 20628065
8519582 18397539
3053264 18397540
32791012 14319324
22458064 18397544
556280 20628129
16296558 12216882
15303698 12216962
10469374 9575496
22461773 9575500
8521120 12216992
3187598 14319413
623985 12217019
271811 9575509
10371345 14359400
15180626 14319438
6543722 17898205
15630403 14319444
12619967 13658712
8405944 9575511
32791013 20628668
16204224 10536437
15626293 20628689
1775964 20628700
4023121 20628706
3448579 12217027
3556132 12217043
16312506 20628795
4450125 14319549
20933389 10536474
10472000 10536505
32791014 9575587
11847642 9575609
523527 14359505
4948891 10536533
671502 9575615
8395400 14359513
6349904 14319716
22349083 13658737
15321959 9966726
32791015 14319719
4324920 12217305
4459240 12217358
32791016 18147073
992521 12217419
1373901 12217423
1673229 19087725
235400 12217440
1450713 9966785
3555667 17412743
14888081 12217457
32791017 10536587
22443529 14359573
22440251 12217461
32791018 9575671
426433 13820072
2134532 12217506
840669 12217508
331688 9966836
8425115 12217552
15736205 20630047
1616970 22586246
1421183 18397784
16297680 19087758
32791019 10536632
1615852 16037399
8505921 18397822
4520862 19238092
11839726 13818278
32791020 18397838
32791021 18397859
10217917 18397890
596882 10885123
1881225 18397912
22349084 16037473
10472465 10536693
16314051 10850255
15205852 10536696
10371309 9575841
4108228 17898225
32791022 18397982
32791023 14320042
16400099 9575859
8386971 18398074
32791024 14359777
4887293 18398095
8378951 16037553
20547141 18398114
20475069 9966925
20518343 9575922
9502334 10885337
15311980 18398123
10371389 10536765
22365601 19238142
22471106 10590670
232271 10850260
3644919 14359930
8516821 10536778
32791025 14320236
16314640 19238179
16298293 14320272
4016388 10536792
21321398 19087853
15203246 10536799
15213836 13658871
16303245 22586269
8415746 10536804
331043 19087862
22349099 22482088
436035 19087869
32791026 24357836
32791027 10536817
15305761 9576057
32791028 19238213
3814366 21804397
15144959 14360018
10371439 13658876
32791029 19238221
16308163 20631946
22463937 14360038
16299592 19087890
10391176 31700563
11839919 14320367
22361147 14360052
20602899 14360056
20933060 13658884
3486320 14320386
229860 10536847
16298068 21804406
8427130 14320392
22390690 14320414
15294148 22586289
1367502 19238235
10315208 14360076
20932824 19087918
15136860 19238238
8432042 19087927
16291171 20632251
16294800 22586295
894396 20632297
10293934 14320447
4349653 19087936
16296263 27584782
1857793 19087939
32791030 9576139
8398779 14360115
15323362 19238261
3485271 14320538
22349053 20632567
15323363 14360130
32791031 9967128
10251217 19238274
161800 13658911
818263 14320592
22471155 22703169
16307667 14320599
1916686 14320605
8433374 24357848
10551057 21804447
15131847 9576203
22471161 17871259
413661 14320651
10318306 14320655
16315136 20990843
1404910 22703176
10371402 22587323
10397864 22587365
3504630 20990846
23951741 14360203
22403308 21804451
15245481 21804453
12603346 14320668
32791032 17871267
22348918 24783291
15176063 14360214
378747 22587755
11887051 19238331
236740 17868734
1137423 9967210
16297563 19088014
16264373 22588084
2265556 24357852
32791033 14320699
8518459 22482140
32791034 20936080
11839959 14360233
16887975 9576231
10442200 14320767
10355027 10537000
22474096 19088040
10265559 19088043
10321616 21804482
10321633 21804482
10264958 19238383
10321621 19238384
10321620 14360265
32791035 20936176
32791036 27584801
4029756 13658944
1463386 13658946
4952134 24357864
1877556 14360292
10359125 20057633
22471138 16038103
4854821 14320832
8439698 14360295
15207150 27175223
22384293 14320870
22384283 14360312
16325489 14360317
263000 16038127
635044 14320886
12618498 20632912
16207504 14360356
16309103 19088083
12170328 13658991
32791037 14320949
1480668 14320954
3161107 20057688
22366938 20633202
32791038 24357866
14819297 12420983
408716 10537111
764892 20633238
32791039 19238496
22390684 18147148
8455912 14320981
22365207 19088099
14369466 19238501
489315 12421019
3676442 10537131
3485368 14360416
8394557 14360420
8448711 16038260
10493640 12421065
3156509 12421066
22458667 14360423
32791040 12421072
15223448 20633483
476081 12421084
22366944 21804525
16400063 16038273
22349064 19088115
11839998 20633601
8501726 20633622
8395129 12421133
16295218 14321000
4352942 14321004
4324750 9967349
29473429 20633816
10367971 19238560
11839934 14321050
32791041 14321051
22348897 14321053
8495686 14321054
11863925 14360461
8379534 20633923
10371341 20633929
9467112 14321081
16301819 12421201
460779 10537220
569655 10537228
15205772 9967375
750297 20634067
16315235 9967385
22410462 12421228
31022554 9576516
10363871 19088148
16283655 18400932
2041399 12421279
1378738 12421282
8431052 13659019
8432066 13678843
4030075 22593021
22457446 12421287
22477376 16038367
1154307 10537296
22366003 14321154
15142726 22593635
730632 20634432
3482177 14321206
4711733 20634479
22458666 19238664
16283692 19088199
22349085 14360576
16400133 19088200
8425456 13659045
605843 19088209
16281875 10537334
109207 20634683
12623796 14321260
2188390 20634698
15297076 10537358
16309253 19088245
7859321 19561795
16309535 10537369
3534920 9576663
20932973 9576669
28856323 19088262
125011 10537377
16313684 16038489
1577727 10537383
4825296 19238695
10371333 20634850
12613019 19238696
10294048 20634895
10493619 20634913
10371375 20634916
22458073 24783642
6500337 14321326
86988 19238711
10251228 10850278
16315347 10537413
32791042 14321375
14816343 27686012
32791043 14321404
22407875 10537432
8515347 19238726
3204103 21078970
16307668 14321443
10371441 18147185
32791044 14360696
10471997 20635226
10396117 10537464
16313030 20635359
8474169 10537487
10322495 14321567
32791045 14360725
10371385 10537492
4520876 19088353
1595778 10537510
3824244 13820140
8463925 14321654
563706 14321656
1856317 13818314
16298010 14321692
16286311 10537535
16171364 21804593
1928017 14321746
298848 19088384
11874293 19238812
433813 14321815
1837106 20990938
16400017 14360811
974819 14321825
29413357 23210307
20518155 14321843
8429327 19238818
1135616 13659177
1526990 22597611
1637574 26326443
15277876 14321849
20933356 14360822
4171526 22597764
10371428 14321870
16298286 14321881
1857173 17898237
8420255 9576892
8432076 16038718
22461776 19238834
20931340 14321919
22363718 26326449
756271 14321943
20600743 9967554
1463290 14321955
1615702 14321957
22349096 19238839
32791046 14360865
1562081 10537632
12612148 13659202
3156538 14322024
3092305 14322026
16315344 19088418
32791047 22598528
22365500 14360876
10493639 22598580
8439892 19238852
10493618 9967587
22411481 10537647
20933055 21157219
330903 22598713
3331799 14360888
3478718 13659213
10251216 13659214
10588492 13659215
3080387 19238866
1597669 9967589
32791048 19088447
814335 19088448
18146946 16038795
8448674 14360893
10293939 9967593
10293938 19238868
10245159 21804630
10293891 13659216
10363884 18400946
1874371 9967595
1302307 21804634
1876091 16038813
18489051 26326465
1927206 21804635
1875444 22599111
1570494 9576952
1875587 22599132
16300607 19088460
16312542 26387645
12009775 26326467
8469039 14360919
16298604 19238889
32791049 14360923
16315152 16038824
16296644 20937050
12549964 19088471
16297346 21157223
16296519 14360924
12549469 19238893
16298783 9967600
15107329 19238894
15119551 9967602
16286012 26387653
15107494 19238898
20597862 26326471
16298916 20990957
20499857 10537690
20932899 10537690
16303284 16038832
22131683 9967604
16282440 20990960
16297357 14689941
16284273 14360935
16297347 22599418
16294952 9967610
16298500 14360937
16299616 19088478
16294958 9967612
16297952 14360941
16283624 20937057
15241813 20990961
15131856 16038841
16313861 22599474
16297412 20937059
16298605 22599484
4013401 14360942
16297424 14360944
16281747 14360946
16297466 14360947
16295203 22599516
32791050 16038846
16286127 14360949
16297511 14360950
16294957 19088487
16297701 13820158
16288230 19238916
15245269 19561834
16282210 19238917
16288199 22599559
16298001 19238918
16297834 27584917
16297625 19088491
16294542 18400947
16284470 16038853
11887862 16038855
16284672 27175312
16294533 16038857
16286128 16038860
16294536 14360957
16309555 16038862
16294530 19088493
16297965 19088494
16297705 21804645
22461779 19088495
16313863 19088497
16298214 19088498
16314386 16038864
15107531 9576984
15243734 19238927
16286289 9576986
16298602 23210323
26388091 19088501
20597911 13659228
1117133 14360966
16311935 19088502
16312700 19088503
16286287 21804647
16298346 19088505
16294576 22599677
12610958 14360970
16297940 22599696
8435513 19088509
16286130 9576988
16294955 22599715
16287993 27270617
16297895 22599730
16295225 14689945
16298394 20937081
16298123 13659229
16294954 27270618
16290563 31392274
16297971 19088513
16297868 22703263
16314101 26387670
4307675 19238943
2302979 26387678
3539471 14360980
12677757 20937097
4235533 14360982
8402178 14360987
8523560 16038889
713888 22599917
331398 14361000
15144550 21078979
22372430 26326479
15177505 19088520
15144551 21078980
32791051 22703267
703031 20937111
22300449 19238956
2001375 26387692
22301558 14361006
15145581 13820162
15144552 20807267
22372432 13659239
406192 19238966
16309725 18147200
16303122 19088529
10320563 10850292
11920246 10850292
32791052 14361020
12243769 26387707
12216467 22600199
32791053 14361033
15217510 21157229
12220592 19238982
32791054 9577004
32791055 20937136
8488162 19088550
1479503 9967629
20932104 19088552
12243064 19238992
32791056 19088566
15109751 16038927
12246807 20937160
12246809 13820165
12243210 19239004
12232215 22703275
12244745 21030919
8452542 19239012
7881315 13659250
32791057 20990970
8449825 19239018
8431247 19239024
14816864 21804676
8410920 22600692
8386289 20990972
922743 22600720
770749 21804678
8464860 19239035
14818392 23210327
6463518 22600795
22469389 19088599
32791058 26387756
22467944 20937208
11839945 14361078
1854218 19239057
32791059 22600952
8409897 19239060
16305787 9967655
208570 9577048
20057116 19239082
699991 19088624
12169425 14361101
4016785 19239098
12609449 14322078
334063 19088643
15210988 26387769
3316517 21207634
349969 19088646
8409281 19239106
32791060 14361109
16302808 19088659
1539383 20937264
10268519 22482394
16313230 27140363
16297246 22601567
16302103 21804719
32791061 21157240
12216382 22703288
1654553 16039021
22476847 19239124
3153198 21804721
11839932 19239130
3101627 14361132
3090264 22703290
3653093 14361133
11839915 22703291
4991801 19088681
3280138 27140365
16271248 19239139
14772689 10031372
4459670 13659264
27275195 19239151
15505379 13659271
819378 10885480
618721 10885482
4528600 10885484
1360532 10885486
1530473 10885488
4851367 10885490
32791062 10537859
1711267 10885492
2570612 10885494
1608536 27270660
8499768 19088699
2006296 23210329
1543294 16039066
1637800 19239166
32791063 19088702
22471160 24078754
10472021 19561848
22440249 16039068
645816 19239167
11839949 14361181
11839972 19239169
20606605 9967699
10493642 10537914
4465470 10537918
4017063 10537919
18433409 10537937
15131879 9577157
4482516 10537938
4328676 10537940
7713071 10537943
2391303 14361438
14833089 22605667
22372402 13659356
3676883 19239375
14817504 13818363
12621072 9577296
8464345 19239383
11839940 13820196
2569144 19239386
3109840 21804907
8462581 19239387
32791064 20635751
11839942 14361446
4146174 12516099
22363393 22703348
8481410 20635772
22471134 19088922
8515517 22605919
508237 20635784
1722657 21157260
1443806 19088926
22457522 16039394
1968111 14361455
2457640 14361472
3476576 20635854
22348939 21804912
32791065 14361476
4312411 14361479
16314818 19239404
22361338 9577311
16295868 20635902
8420055 20635934
8517438 20635937
1596074 12516106
7730603 19239416
10322474 20991037
1603131 20635946
22430423 14690079
3157242 26326580
8473044 27270835
32791066 14361501
29474264 14361503
4018263 12421338
21727611 10850315
6353332 19088953
2576061 19239439
16283553 21804941
15644196 10538098
22461775 10032916
1878829 19239446
104401 19088960
22410527 10850318
22475100 19088969
477510 22703353
10880114 10850320
32791067 16039485
1484471 22703354
22369857 13659386
3874333 16039502
22410143 21804960
32791068 16173697
549617 19088985
1587370 21804962
16881688 22703361
32791069 20636301
10493671 19089002
308818 13818386
1366035 16039540
259749 14521387
12621878 16039547
644011 21030981
1555460 16039567
15268591 13820205
263767 26387977
15235288 21804989
438947 22607977
16400028 19239540
8400400 20911255
15321642 14361631
20933612 19561892
32791070 26387987
20933224 22608224
10493650 22608405
8382874 19239576
22443734 20937885
3560728 19089081
32791071 22608831
741083 26326627
16283609 16039693
762194 13659436
12000697 22609318
3490285 17147926
3485879 22609337
978178 22609355
2202960 17147976
8511878 13678888
4071657 19089155
11839955 13818422
10318307 17147979
22410209 14361749
32791072 22609689
15515230 19239648
32791073 20938017
1269062 13659454
32791074 19089177
10473047 14361762
4900902 14690212
22349041 9967999
641814 17148027
10482610 17148029
3467378 19089181
8432357 27686289
2464160 10538311
1600230 13818431
32791075 19089214
16296591 14521514
323652 17148090
10321624 19239665
22471101 31487968
32791076 22610395
4112297 19089235
15004444 17148126
8462151 17148139
32791077 13659477
805438 19239685
16400132 16039860
22349074 27628310
608922 10538360
17047205 10850372
4538162 13659551
22469387 10538576
20610477 10538625
491043 10850404
22471115 9968330
20470569 10538694
20552377 10538694
11925655 10538732
32791078 10850422
10367975 10538784
8508082 10538795
16400038 10538807
9506656 10539003
29466978 10539108
22411314 10539144
310061 10539374
10371354 9579091
20933333 10539429
29468693 10539429
16400024 10539510
32791079 10539514
4174416 10539667
12008107 10539742
32791080 10539754
534339 10539778
3483775 10539823
4882539 9969322
8418899 9969324
127788 10539868
16283660 9969345
10551521 10539889
16297734 10539897
16270742 10539945
32791081 10539979
3161105 10540028
8383368 9969612
600386 10032973
32791082 10032974
22433645 12421380
32791083 9969618
16015820 10540122
12616751 10540123
3406852 9579860
8390253 9969641
16300647 9969652
20561503 10540158
433377 10540163
437470 10540169
32791084 12421386
8500424 10540240
3574173 9969718
16283690 10540305
22471103 10540307
10472515 10540309
15145054 10540320
322215 10540321
4324116 10540330
16281746 10540339
16887972 10540351
4757423 10540365
1072326 12421395
8420888 9580060
261326 10540418
1926959 10540440
12612481 10540442
4533564 10540444
15213233 10540457
10493656 15403028
1879643 14363940
29467611 10850552
29473262 10850552
15219791 12421456
10371446 10540582
1607551 10540584
8496411 10540593
16288211 9970103
16297858 9970128
22355976 9970177
15213837 10540609
23951586 10540616
11997060 10540619
16297724 10850569
8400880 10540625
10322479 12421510
12605227 10540628
12152799 10540632
16284178 10850572
10368019 10850573
8464263 9970280
3304606 9970286
328486 10850591
22409385 9970380
921126 10540696
16311067 10540705
11920333 10540720
16297670 9580349
545826 10540728
431067 10540729
15203354 10540741
14816866 10540768
16288067 10540769
4214223 12183973
18146973 10540796
15126179 15403540
8464502 10540806
8430403 9970545
16300856 10540815
16294922 12421622
3293202 10540824
16288204 10540830
16286098 10540832
15206901 10850608
22475177 10540866
16304206 10540908
164082 9970605
15203251 10540918
8451016 10540923
22410281 9970613
32791085 10541025
406108 10541035
18508462 10541050
18275718 10541052
32791086 10541082
32791087 10541093
10468698 10850620
32791088 10541106
4476810 10541115
19208174 10541120
14371152 10850623
14369716 10541121
11839944 10541123
32791089 9970802
20519470 9970804
20606760 9970804
4236611 10541156
32791090 10033012
16400052 9970818
1617325 10541160
32791091 9970924
569657 10541296
8390928 9970960
8387369 10541394
4482491 10458149
22363376 10541445
20547616 10541464
668161 14365065
1739060 10850682
16400106 10850683
1856441 14327319
1597154 10850689
2507696 10850697
3477793 10850698
8396874 12421663
635194 10850702
3173729 10850712
20584269 14365157
8415870 10850758
20607847 14327796
6433299 10850763
16283558 12818339
4495584 10850781
16400046 12818368
32791092 10850785
15997871 10541508
4485287 12421686
3503506 15404662
32791093 12818374
4484010 10850793
16283615 10850794
3631194 12818384
32791094 12818389
649698 15404687
8512785 14328076
788268 12818391
16283698 12818395
11839950 10850803
8503013 10850804
32791095 10850805
4466071 12421687
9516317 10850808
20425827 10850811
17045345 10850817
1381816 10850818
32791096 10850825
4855077 10850836
8518431 10850855
15145056 10850856
32791097 12421710
20933035 10541526
28682741 10541580
32791098 10541628
16400034 9971607
32791099 9971861
32791100 9971863
32791101 10541914
8515642 10541915
1855861 10541916
10359220 9972105
420777 10541943
32791102 10541959
4036236 10541964
8416840 9972313
12677738 10850879
20931646 9972567
20453852 9972567
29362675 10850921
29467029 10850921
29442507 12184003
4037061 12184005
8514677 10850937
10318309 9972635
11839758 12422120
16283560 12422122
3113411 10033070
8481305 14330834
10371450 9972769
10281489 10851030
20933037 10542043
15597074 10590747
4869141 10542055
8464829 32791103
8460803 13818499
636985 10542062
16310293 12225610
538558 12422187
1656039 10542068
22444114 12422191
10322485 12225729
32791104 10851336
10221065 14691510
32791105 12422200
1727779 10851339
16303268 9581277
2473630 10851370
1532159 10542092
32791106 10851465
32791107 10851495
10470925 10851507
2576081 10851510
20933258 9974153
10265059 10851622
10391154 10851626
10265058 14333057
8456265 10851660
10208538 9974465
15204776 10851684
20931779 9974561
4474737 9974612
1640451 9581472
32791108 13818503
15193140 10036488
16283591 14333592
32791109 10851749
20933065 10542160
4995955 9975054
752766 9975058
22349046 14406682
22349087 13617576
10371393 14979153
15246624 15407213
4777644 10542168
167869 13818506
10483806 10851771
20464671 10542180
29356036 12422382
15898846 12422382
20933064 9975298
16214442 15407455
22409123 14979155
23929820 10851815
22362368 10037544
1402109 12422400
22444628 12422401
32791110 12422403
23929819 12422404
8456215 12422405
23946988 12422406
1390294 12422419
3495206 12184041
817845 9975398
2522252 10542202
4234555 9975456
9553422 10851856
22361305 10542211
4427486 12818808
18150435 14368244
521398 14691773
422807 12422469
15205775 10542221
32791111 13818512
4037585 14523751
15203247 10851905
16210818 10542232
16283691 10851908
1616357 10542233
15303748 15407956
32791112 12422523
15652973 10851926
8452224 12422531
15311981 10542245
22471130 10542248
8390955 12422551
10472084 10037691
12660070 14406705
4505614 12422610
12652150 12422614
8461049 9976849
16314175 9976957
4832027 10542276
744148 13617619
8493390 12422652
16400064 12422653
1154045 15408429
18275711 10851958
32791113 10851963
8460784 10542287
20474576 10542304
20560949 10542304
3560791 12184063
1877813 12422823
16284198 12422824
563700 12422826
32791114 12422833
3554877 9977877
16293098 9977985
1877683 9978029
8499863 12184068
363027 12184069
629425 10037710
12606374 12422845
18448591 10542331
16294187 12422867
1405776 12422867
8449286 10542342
16400149 14369541
20931412 15409260
4138456 15409271
3099355 13617660
7387331 15409276
15241732 12422908
22349040 12184114
4255077 12422909
16283684 12422910
15675345 13663189
11839946 14369583
8419505 12818996
23951114 15409426
3464556 10542369
32791115 11812097
611809 12423026
16213206 14692590
8520408 12423030
8434535 12423032
3431696 12423033
22128659 12423050
23929816 15409744
14816796 15409811
23938522 10458205
22348900 12423148
22449506 12423182
8481413 14370262
10559771 12423191
1627965 14340011
305965 10542436
1153109 9582205
8507461 9980687
1821773 15410356
32791116 12521084
4876275 13617708
10371376 10037748
10371373 9980785
32791117 12521092
18286022 12521119
16213541 9980945
22409324 12521132
1961639 12423338
3611333 12423344
16400045 12423367
3110090 14370815
549315 12423397
16294196 15410634
2519138 9981069
1571493 9582319
10318297 12423410
8390511 12423414
10269556 9582321
22349062 12819151
32791118 14370923
11847651 12423461
765727 10037760
32791119 12423464
10265572 12423467
1320394 13617714
4253574 14371004
2406817 12423483
806046 12423491
15439009 12423493
10371314 12819166
32791120 12423494
10256672 12423500
29190883 12819180
3106160 12423511
32791121 12423515
804848 10542501
10493634 12423519
3401882 12819212
10321619 12423526
8444108 14341206
11839951 12819225
6406494 12819232
23949320 9582428
32791122 9582430
10527494 14371142
32791123 12423543
3195714 9582431
15125460 12423546
32791124 12423564
16283894 14524172
7032005 12423571
10251218 15411074
10371378 12423582
16283554 12423584
22471123 12423585
538786 13663821
649185 13663833
4514296 12423601
335813 14371277
16304450 12423609
10306062 14524180
4373023 12423619
8489077 12423630
10365535 12819282
32791125 12423633
10371433 12423634
2157256 14341587
1322576 10037776
32791126 14371374
8509349 12423659
10550863 14699724
16400056 14699744
946101 12423667
8445883 15411387
22469388 12423700
16313550 12423701
2521635 14371460
16313948 13818574
3603634 12423704
8463780 12423714
32791127 14341813
655619 14371524
10436307 12423742
10265033 9981441
10323682 12423752
8512459 12423753
8406114 14524188
825533 10037785
8433797 14341988
10322484 14524190
8519055 12819308
531946 12423787
10471999 9981509
22437311 9981511
1558122 9981519
32791128 12423802
32791129 9582655
3497548 10037792
22447212 12423811
8506897 13617776
16289073 12423818
10294448 14342149
432908 14342159
15294150 10542574
795574 13617787
10551343 14702130
10391197 13617800
22471093 10542589
3812810 9981633
10294440 12423898
10371443 12423899
32791130 12423907
8428928 15412047
16213221 12423909
23929831 15412059
32791131 12423921
12622448 14372037
32791132 14372039
14822469 12423943
2542455 12423944
11839975 12423945
360643 12423946
10470091 12423949
1862180 12423958
10294402 12423961
10371458 12423963
32791133 9981831
1565747 14704222
10256664 9582851
16283636 13617850
32791134 12424009
227608 9982034
15108041 10542618
16281796 12424028
22471151 12424049
32791135 12424052
8451745 12424054
32791136 14342985
4809042 12424080
10265250 12424091
32791137 12424094
10265097 12424096
10371457 9582948
11839920 12424106
1823953 12819521
4892866 12819531
636094 12819566
571730 12819572
3516054 15412612
22349075 12424141
32791138 12424142
16298579 12424146
10294538 12424149
8456229 12424150
32791139 12819588
22471114 12424156
3496477 12424159
10363883 12819605
10493664 12819608
16216137 12819624
10294178 12424176
32791140 9583018
10264546 12424181
4518908 14704284
32791141 12424182
14815230 12819655
15107650 12424197
17252664 12184147
15145585 12424201
32791142 12424205
611829 9583042
1153837 12424213
15240231 12819684
32791143 12424214
10371436 9583050
8501247 12424216
6476882 12424219
15229934 12424220
3639296 12819696
16297733 12424225
10493669 12424236
18438938 12819708
32791144 12819709
32791145 9583063
10371212 13617911
8443334 12424251
1862391 10542675
12603160 12424253
32791146 12424257
4893471 12819747
10442202 12424271
16293572 12424275
14978425 12819775
11847648 12819785
32791147 12424288
32791148 12424290
16294725 12819799
8497244 12184153
16298187 12424302
4893136 12424317
18423540 15413031
6366607 12424330
4514391 12424335
1496926 13664304
12601224 14524236
3327047 9583147
16973843 9583149
4891314 12424356
16314715 13664328
15211024 12424359
8379981 9583158
10294288 13818605
14819878 12424368
10371418 12424373
691465 14372978
15239580 12424375
8459908 15413175
1430498 12424385
16295715 13664335
6481521 12424387
10293941 9583175
1921600 12424403
20933120 10542706
12216469 12819840
32791149 12424429
423257 12819848
32791150 12819854
16302049 12424432
1845244 14343553
16900364 14373212
10371387 13664376
32791151 10037842
11839992 12424448
23960120 9583236
20932143 10037843
2225273 12424449
15231720 9583246
16283550 13664379
16204809 14524253
15210989 12424459
15236563 14343580
16300114 12424466
15234728 9583266
32791152 13617956
16295226 12424476
15107116 12424478
15145580 12424479
15145583 12424481
1152042 12184170
15180751 12424490
32791153 12424501
10251211 12424506
20933398 12424507
16313502 14979171
15306593 12424512
15145579 12424519
221357 12424522
32791154 12424524
20933769 15413609
32791155 12424532
15120808 15413651
15145055 12424545
10265113 12424550
15109449 12184174
32791156 12424555
15244439 13617968
15243913 12424571
32791157 10542748
12603128 15413754
10320198 12424581
32791158 12424583
10358785 9583382
1385606 12424588
4488384 14373568
32791159 12424606
8486685 12424613
7813003 12424614
11847635 12424615
1738678 12424616
780723 9983233
142829 16206090
8378552 13818620
4022178 14524277
8517280 16417133
10321614 12184190
22471131 16417135
3544005 12424643
20933354 12424650
1572646 12424655
1931871 12424661
32791160 12184192
753327 12424663
8379997 12424666
4459388 12424676
1378616 12819974
659871 12424687
3443322 14343756
823440 12424688
11924598 12424690
20465782 12424691
8434847 9583532
20933493 10037869
676957 10037871
10315200 16417158
22441918 12424707
1495656 10037872
10493628 12424732
1633040 12424735
32791161 12424736
4692361 15861968
11839976 12424744
569659 13818635
8427004 12424759
1746709 12424765
32791162 12184208
8435475 12424773
1517979 13664548
2911057 12184213
4173765 16206182
1991557 9983267
1927668 12424818
2792184 12424819
22361307 10542816
31133113 14343804
4189882 14343816
10437141 13818703
29470734 13818715
3877580 9983283
8398169 12424891
199006 12424899
16400026 13818735
10476287 12424920
32791163 12424930
10371400 10542851
424242 10542852
16213220 13818748
644917 13818750
351369 13818771
22472329 12184255
15211116 10542862
32791164 9583885
490307 9983302
416386 13818788
32791165 16063017
4867319 14343868
1833788 13818798
672625 12425015
8431435 12425096
12621073 12425099
4893542 12425104
11925657 12425113
22348905 12425118
305879 12425123
3482900 12425124
23933778 12425126
635077 12425129
22442653 12425136
22349024 9584022
10561870 12425151
4234552 11812201
8450843 12517206
22346331 12425182
1469457 12425183
2354838 12521228
7847551 9584108
1379699 12521280
8406010 14343995
1497296 12425325
431841 10542956
10371464 12425419
510760 12425428
16400122 12425436
22353460 12425442
334770 12425452
263344 12425478
8375722 14344082
29467042 12425481
20933216 12425481
1769683 12425494
4534403 14344094
18966597 12425550
16314758 14344118
8495709 16417321
8498405 12425563
16215660 12425566
1864687 10543004
32791166 12425572
32791167 12425634
1683826 12425636
1454439 12425655
11847633 12425672
32791168 12425675
18454840 14344179
14619119 12425682
277526 14344210
779707 14344211
236466 13617989
16314761 12425747
8407307 9584180
23929823 12425756
23929828 12425757
22469391 12425758
22349095 12425780
32791169 12425827
16234521 14344328
10474182 14344334
112833 9584196
214083 13618017
22410572 14705954
25944652 12425873
479461 12425886
32791170 12425929
276736 14374239
16879795 12425936
8431512 14344371
1393517 9584203
8441292 10038486
29473450 10852084
1540936 10852111
16283619 10543144
8405870 10852271
10365486 10543150
10559465 10543155
489295 10039888
489293 13618076
32791171 10543160
12190933 14344489
4242703 13618083
10371320 14344502
15229793 14374342
8479632 15862019
421018 14344515
1545478 14344521
15123702 9584260
16283630 12426013
3107722 10852348
32791172 14344555
16283665 16206599
22348891 10852395
10371449 14344613
1577692 10852413
670591 10543216
8376601 10041647
22349056 10852529
22363381 10852593
4481732 16417729
8493490 14706200
844412 14706212
32791173 10543304
1570419 16206716
1385081 10543305
10322494 10460894
154516 10543309
1186548 10852638
22422476 10852740
22422478 10852744
372272 10852848
134822 10543351
22444690 10852933
3532291 10852946
32791174 10852950
8521739 10852954
15872693 9584419
20414560 10041687
10318231 10543378
11887321 15789265
1472143 9984099
681026 16206776
2602866 10853118
200392 16417953
264329 10543389
2791587 16417989
154690 10853230
571264 10853306
32791175 9584474
8492936 13664891
1603133 10853454
8436598 10543441
263208 9584500
7734284 10853622
22410091 10853625
8445002 10853638
141510 10543467
20933108 10543470
32791176 10853681
685269 10543479
346363 10461007
16304913 10853745
3620026 9584520
8396444 10041722
1548520 10853793
12232213 10543487
21032773 9584529
32791177 9584530
20933190 10853957
199008 10853982
1956767 10041733
16283633 10854075
10493677 10854092
4342613 10854106
22438986 10854126
32791178 16418136
29474004 10041747
12010874 10854172
32791179 9984231
32791180 10543560
10493658 16418174
16400136 14345402
10558488 10854365
22471111 10854376
22471112 10854385
8498475 10543623
20606991 10543630
2808011 10854702
10396105 10854707
32791181 9584675
22365504 10854881
20933556 14524570
16213214 14374717
92724 10855021
4381845 10855139
15205771 10855145
15205773 10855147
155006 14374738
1544512 10855209
15183681 10543730
32791182 10855318
8408556 10855323
15323361 10855350
32791183 10855352
8400301 10855398
32791184 10855406
584779 10855408
708536 10041819
398952 10855438
8504351 10855448
10493659 10855450
22363395 10855469
6468388 10855475
22372094 12426093
1561401 10855486
16400071 16418403
8408733 10855502
1500495 10543771
32791185 10543772
32791186 10543773
22411313 13664952
32791187 10855529
22372440 14524616
1830566 10855566
32791188 14345588
329460 10855573
1806795 10855581
1296330 16418426
1561608 13618383
22348887 10855605
8504140 10855616
16303965 10855630
8436274 10855631
16282877 10855636
321283 9584809
16291724 10855641
4177075 10855646
10365536 14345606
3163450 14374774
1589021 14345610
1582819 14345611
22471094 10041825
15004309 14345613
14559253 10855680
22413904 10855715
634901 10543821
22390686 16418479
2550839 16418484
22471095 10855736
16293425 10543827
4019488 10855790
3485972 10855798
32791189 10855803
22475378 14345635
1859632 14345689
16307443 14345704
8430642 16178271
16283654 14374789
1736695 14374790
22406159 14524659
12603310 10855882
15203955 10855886
32791190 10855887
22365498 13618431
22349033 9984833
10371310 14345763
10561915 13664998
240739 16418631
32791191 16418636
11870414 14345789
8469732 14345793
1618652 16178300
10256666 16418689
18433757 14374815
15120604 14374817
32791192 14707398
7737244 14707403
22371728 10543897
20519376 10543898
32791193 10543902
355051 14524695
10322482 16418767
740438 10543924
4035944 16418800
10590062 16178353
1353493 14707496
18474526 14980626
449491 10461107
32791194 16418914
1556570 14524751
1562990 13618597
253098 13618598
1283590 14524756
32791195 16418934
16400094 9584962
16281805 16418962
1933379 13618624
22365225 14707574
22407878 14374917
562308 14524782
17170088 12820490
4035946 13618638
22390124 20963286
1353195 14345906
32791196 14524800
14827296 9584973
100503 12426121
16283620 15789570
8413492 12521342
8497670 10543993
3813089 14374977
8442513 9585019
15296159 16419038
22440356 16419044
8487400 12426131
22400433 19689786
22440360 9585024
11839921 10544017
16261271 12426132
14818016 14375009
1310296 9585050
1564593 10544033
4459882 9585054
16400142 13618770
16305637 16207333
12007244 16207338
10472002 10544069
4328650 10544072
207653 9585139
12615234 9585149
10371319 16178495
2352920 13619079
22471121 12184524
22475097 9985451
16215915 9585174
912339 9585175
22366565 10544111
22388370 9985485
16297756 9985487
10315210 13619115
86106 16419310
633434 10855922
15211229 16207409
16283628 10855925
7734971 10855928
22471118 10544121
23929797 10855963
32791197 9985567
32791198 9585204
22349107 10856008
391162 10856064
10493629 10856084
22349045 10856113
1530333 9985639
583010 10461156
2591515 9585241
8465492 10856164
1462150 10856215
1159694 9585252
3353454 10544173
10152625 9985699
23929829 10856245
16400110 10856246
10367973 10856263
394674 9985720
22410087 9985726
15123874 10856277
22359574 13619211
1879997 10856305
4866209 10856315
1497316 10544197
11839751 10544200
1863569 10856516
32791199 9985848
8432667 9985877
22361308 10856664
4966254 14376538
22348930 9986260
1307090 9986297
381998 10856976
32791200 10857031
20415131 10857090
796147 14377017
16313945 10857097
8427198 10045173
18485846 9585443
20407367 10857110
1546800 10857120
414417 10461176
22478846 14346249
8402749 9585474
22474888 10857206
10562183 10857278
32791201 10857293
10362078 10857310
22471157 9987289
10313037 14377322
1428473 10461185
15257009 10544362
22374249 10857397
22348982 9987406
22471150 10857504
32791202 10544388
129149 20995079
1838768 19093419
16283625 20836732
22349034 22689088
8409358 14377915
1280785 10544416
22390121 9987500
22355606 18142691
4199506 19093431
16324609 9585570
16400057 9987514
1492002 20830060
22468160 19689847
385345 18142701
7739588 19093443
22365499 14346354
4021459 14346355
3486057 14346358
4034153 19468217
1161254 19689856
32791203 12518023
10483158 10045212
8473688 9987548
8464296 10544439
9495175 10544443
4688123 14346462
20932808 14346478
10363974 15789840
12192624 14346490
17362178 14379025
12192087 9987709
32791204 9585623
22390107 9585632
10368021 9585637
3397836 10045240
22349020 10544559
666383 20995237
190316 14379851
8503985 9987821
15308857 14346700
32791205 20830098
447694 18401250
4034103 19093562
22459415 10544577
171654 14346724
22361334 14346728
22355987 13619954
16302517 14346743
22349027 9987863
10296849 9987868
479162 14346793
16400039 12521387
16283651 14346804
29471397 10857718
10493648 10857724
551229 9988065
16314484 10045288
2241599 10857803
10560476 10857824
8399104 10857826
8431420 10857835
22363717 10857840
12146581 10857844
10472195 10857862
32791206 10857881
8431417 10857885
1837330 10857953
1805996 9988098
4020496 9988106
1545241 10857976
610302 10858098
337507 10858144
32791207 9585826
32791208 14347002
22409175 14347008
22439167 13620135
1598330 14347034
10318298 19476709
22371726 15790033
10363794 19476713
3473592 17164396
4332372 14347055
121457 9585853
333066 9988496
15455974 14347076
3750322 10544601
4023975 13620213
22363380 14381733
3397741 16207793
7850561 14381773
4228536 19476938
16296581 14381833
32791209 9585886
22401988 19476974
3162582 9988531
16400102 17164409
3546934 19476999
4199656 9988554
32791210 10591100
20932933 13620338
4025832 14347208
621664 9585941
564645 9988593
32791211 14347230
16400016 14347232
8518720 9988597
8483041 9988599
8427736 9585942
3478626 16419822
810887 16419825
32791212 14382282
3499719 19477329
2501241 14347258
515213 13665108
32791213 13620387
3482902 17339059
23946961 17339061
10322470 14382346
3502595 10045343
32791214 19689993
10493631 14347271
567494 14382359
16283608 9988654
3053067 14382361
340496 9988676
2392547 9988705
6517143 9988707
3485776 19093653
1844232 14382415
20933342 13620446
4717830 13620463
1105588 14347338
2505824 10858239
8454834 14347374
1492669 10544610
432404 10858243
20507066 9988737
3854744 14383013
20932573 10858247
32791215 10544613
20467584 13818849
2393993 10544614
10265604 19478020
20933633 14347563
10561902 16420115
32791216 9988921
1534710 9988939
366283 10544617
8505560 14383455
8375090 9989071
30627690 16420251
10394188 14347735
3761363 19478572
32791217 9989124
4356946 10544620
1283270 12184642
18423619 14347940
10265062 13620913
1420897 16420612
32791218 14348093
27268753 9586222
4459890 14384409
16400078 14348100
4470596 16420661
4352775 9586227
20932732 16420718
1548622 10544663
22361325 14384666
10476474 19479508
32791219 16420788
10282650 16420833
4507623 14384729
10282670 19093751
10437961 14384752
32791220 14384860
4545117 14348271
15145584 17869556
4800194 9989398
1670651 9989412
8406190 10544745
426656 9989515
10371338 10544778
1572900 10544782
16261263 10544785
32791221 10544798
22478480 10544801
22372405 12242937
32791222 14348581
809956 14348584
8490498 14386192
225081 12242995
16295446 14386206
16283652 14386216
8504961 14348607
588560 12243007
629869 14348610
16286442 10544849
920398 12243031
22348991 12243035
8412737 13622724
10493645 9989724
4466118 12243091
3483142 14527562
20606602 13622775
1347963 14348668
1875230 14348670
15644310 19690125
1732022 14527590
11847636 14348687
16271430 14348689
20604349 14348692
1558484 16421741
910817 10544884
10561862 14348752
8502625 10047191
10371419 14348764
1668426 10544899
32791223 14527703
340494 14527706
545566 14527767
4801937 14527810
16304596 14527813
15234773 10461420
22349068 10544969
12004009 10544971
22133112 14527909
3171412 10544995
10264565 10544996
16211423 14349049
10371357 14349076
32791224 14387990
10269475 14528002
12247483 13623288
464347 13623294
27565784 14528019
8471945 13623299
16206188 14388100
16283825 19093832
10371445 10545008
10371361 14349096
14832767 14349103
16294531 14349105
16314410 14349108
8461947 15790498
702731 13623303
827282 9586525
16206677 10545012
32791225 10545015
297199 14388251
32791226 16180333
352313 13623316
4895410 13680423
12673797 14528088
14839527 14528100
603071 9990129
22349017 14528102
1875279 9586537
191306 9990155
4255415 9990159
16283667 9990161
32791227 9990170
4051890 14349145
548973 14349149
713748 14349150
32791228 14528121
2304531 13623325
8444392 16180390
463363 10545037
491399 9586558
22390102 10048307
1566560 17164733
1637181 14349164
10469860 14528179
1581409 14349184
1436486 10048313
8400791 14528223
16314825 14528240
20931544 15862327
10551102 10545084
8404044 10545088
20404958 14388869
20413156 14388870
1563635 14528313
8522721 14389007
8446125 14349385
1568141 10545112
14839733 14349400
19842863 14528371
20933352 14349419
20933142 10545126
20445363 14528392
30627856 9990623
8417417 9586647
8417415 9586647
20463338 10545150
3766919 14349495
3123097 15790530
32791229 14528450
20402260 13623455
8515512 14389522
1881482 16180651
20478239 14528515
425221 14349604
29471708 14349624
16297046 14349645
32791230 14528567
3503317 14528597
1857552 14349704
10365489 16422531
424264 14528613
11839941 13818875
32791231 16422542
8431094 13623522
16313961 10048353
22369807 14390001
3425936 14390012
923658 14528647
22366502 14349783
1649925 20753795
22356523 9990786
22476990 10545249
32791232 14528822
829226 10545286
3812542 10545289
338251 9990909
1841457 14390788
3149040 14528873
329368 14390794
8425445 14390809
20933117 14349967
1753939 10545299
8496000 10545300
8448879 10545301
1879261 14350011
17616191 14350021
16288464 14528912
16400137 14528917
3812545 10545318
518086 9990964
20558860 10461557
22368558 10545325
3196878 10048387
16283694 10545342
8501367 10545343
6440853 14529029
15176854 9586820
796364 9586821
16297059 14529050
1661888 14391360
1827160 14529083
32791233 14529102
20470610 13623688
32791234 9586836
1604900 14529108
15231146 9991078
4158184 14350145
14821959 13623706
16312746 12243289
15300593 14529147
406526 14391736
540387 13623718
15194618 14529163
1623517 14529164
22356041 14391945
8506878 17164873
1539398 13623735
12622274 9991205
22349029 9586898
14837471 16423085
12662988 9586912
10368066 13623746
14831519 14350258
8427189 14350259
22410522 14529229
4819348 14525549
467617 14529233
12613730 9586927
32791235 10545428
3156512 13623753
12609826 16423117
10371434 14392155
10493633 13623757
8468389 10048418
16315104 14529255
16283580 13623765
1582982 13623768
16303163 16423172
10265000 13623780
8489832 12243462
16283556 12243464
4813259 14529295
16400019 14529314
22383360 14529319
32791236 16181306
12606377 14392535
15177303 10048435
16283687 16181328
22371721 14392570
16314013 13623826
15203250 13623829
16283663 10048438
1879774 14392619
28682570 18401321
1521992 19093880
3147199 14350415
32791237 14350422
22373340 9991296
8388060 14392843
16400105 9587026
32791238 13623864
2527916 9587050
32791239 14525564
20933511 14393043
10401976 9587052
4024024 19690359
20933491 14350481
16261261 14393102
20422546 14525568
32791240 14529584
16283637 16423400
2494818 14529593
8495678 13623881
16281103 14529605
10371321 13623884
16400085 14350505
6479635 12427186
1547473 13623888
22471129 14350517
22471120 16181415
22365223 16208378
8518967 16181420
4512639 9587075
22472331 14350530
1857514 9587076
15585550 16423432
3463451 14350556
1752747 9587088
32791241 14350568
498004 9587091
4835270 14529634
3483796 9991476
32791242 9991494
32791243 9991500
32791244 14529649
32791245 14529650
32791246 14529652
16297370 14350583
456113 14350599
16400069 10545597
8412263 9991510
12627869 9991512
10269479 9991514
4535027 14529697
16283610 14350691
4514385 10545612
4809881 9991522
12608545 9991546
22365502 14350753
524467 14529722
3568198 13623940
16213210 14350774
32791247 9991640
16314200 16208420
510646 14350812
1606864 14350813
32791248 10545638
22359626 9991683
2730730 9991689
370174 14350899
1556654 10545655
15323359 14350915
10371311 14525643
15323360 14350924
1837066 14525658
2085482 14350960
10466257 14529775
22401782 9587154
32791249 14393710
378807 13623993
11843420 10048494
1441378 13623996
2535544 10545672
22471275 14529791
12672016 14529795
32791250 14529796
3563339 14351003
32791251 16181560
16314017 9587180
20931456 14351066
29424534 14351066
15311982 14351079
32791252 10545708
95034 14529937
3196008 14529952
32791253 10545727
8399897 17165009
18831618 14529987
614908 10461623
14827295 12427390
8392580 14351211
4460185 10545739
1584076 14529997
18943644 13624049
4018663 14351250
32791254 14351276
4035295 10545753
1566946 10048537
1792869 14351329
128871 10545756
3477220 13624059
3261076 20812028
1373074 18150330
16400125 14394329
277576 10545781
10566955 14530126
4234565 13624108
1283588 10545790
3476017 14394381
3590539 10048550
22440357 14394422
22473210 14351569
16281558 14351579
22471252 14351662
32791255 13624151
586727 10858307
4021566 12243599
22348899 9991822
6516819 9587306
289532 12243618
2550025 14530232
1438283 13624161
10367985 10048887
1569066 12243673
10321618 14351696
3656541 14530245
22410093 14530252
2524691 14530255
124721 9991856
32791256 9991862
10359225 12243784
32791257 9991887
10493632 9991911
20933059 14530317
16283575 14530321
15204930 14394723
16400061 14530341
14757797 10545877
20931687 14530346
1615343 12243883
8515345 9991944
14836326 14351788
10359226 10050206
567624 14351797
3483323 14351799
5001564 14351813
1657811 14351814
4251522 9991955
12603923 14351867
8411156 12243991
4784647 9992062
32791258 13624242
10535155 9992068
4500901 9992070
901687 12244071
32791259 14394958
15302158 13624249
4131351 14530420
22459416 14530424
12621070 14530432
15126172 12244143
1108235 13624260
10472519 14395004
1590668 9992082
2344267 14351957
10315192 12244181
16283564 12244183
17327635 12244187
16283640 14530473
12662987 12244204
16314202 14351986
15202464 14351990
1661890 12244238
20933339 9992091
32791260 14352000
1393273 9992095
32791261 10051461
32791262 13624272
22471148 12244248
2331132 14530490
10321626 14530491
264167 12244255
333190 14530499
175626 14530500
594264 9587399
597409 12518787
10371369 14352033
409325 14352034
8415247 12244315
786462 14395134
4036142 13665237
1553172 14530521
1418623 14530522
557149 10051465
310678 14530528
8390208 12244347
23951918 14395168
10365485 14352062
29469693 9992108
157193 10051469
20932368 12244373
16400082 9992138
16314557 9992152
1569537 16424324
8430700 14352100
8429040 10546000
491865 20760552
16281874 12244473
32791263 10546007
32791264 14530577
8415699 14352161
22471097 14530578
22439326 14530583
16213203 16424369
16283695 9992164
322411 14352170
22471156 14352181
124773 12244539
8469986 14352193
16296706 12244541
16283702 16424409
22400877 9992198
32791265 9992214
8399225 10051486
32791266 14530621
611745 14395359
22366960 16424430
22431886 19690529
22348892 12244626
16314097 14395386
2523514 12244641
16400025 12244644
333050 12244680
1435985 9992317
8407587 9992325
22349108 12244693
20933545 14530667
394289 14530729
3485750 14395535
345113 16187087
16171361 14352203
32791267 14530763
735914 14530771
17045342 10546090
2222707 9587483
8480956 14530806
16400059 14530807
32791268 10546096
713156 9992422
10493615 13624377
32791269 9992465
10472373 9992473
32791270 10051533
1752561 14530919
12642008 14530926
1571207 14530936
8376858 10546140
587987 10051540
542750 14530949
10265596 14352220
22349042 16424613
32791271 12244965
32791272 14530997
32791273 14525859
8410747 14531062
1474857 9992566
193538 16182394
22469223 20761555
4459880 14531115
3121349 14396327
4925088 12245227
22395310 16424817
3754278 10546226
10567724 14531219
32791274 14531224
16929954 9992665
32791275 14531249
4328706 14531252
560408 9992697
8417041 9992699
464413 14531256
189906 9587603
1625402 10546244
1565095 14531257
32791276 9587604
16297735 16187107
22435777 12245295
22464411 16424876
16296343 14531268
22410900 14531269
390250 13818969
8386748 14531272
4896504 14531275
275720 16424916
32791277 14352240
10256662 16182550
4807359 12245325
23929794 14531369
16261272 14531382
703579 16424980
29466981 16424981
16283658 14352248
20933210 10546278
1575312 14396719
15313457 12245362
782793 14531401
22424513 13624518
29474589 14531447
20455586 14531449
10465743 10546299
287360 16425104
484197 12245425
541873 14531474
1660208 14531476
246835 14531478
10567885 14396899
16313932 14396915
15968868 9587643
32791278 14531500
16283659 9587644
32791279 16425186
430987 14396936
8411592 10546340
32791280 14397055
8512888 14531594
22348886 14531598
32791281 10546354
16015840 10546360
8409522 14531641
10479163 9992982
346525 9992986
16314943 9587678
10478508 14397164
3650412 14397182
3814474 9992996
4482525 10546381
12655023 19690581
1569604 10546392
23967693 9587689
22363398 12245610
3582650 12245625
16298322 12427536
4991381 14531738
3814618 14397289
4516266 10546401
486366 9993052
22363375 9993056
22349052 14531759
8507051 14352276
32791282 14531771
14827293 20762765
2523266 14397331
351243 14531776
3580908 14531783
22370989 9993066
23929805 14531803
4934727 12245674
264781 9993076
4950877 20762927
262393 9587716
22471853 14531837
8410287 14352281
32791283 10051671
1335938 15790964
10563200 13624636
198416 9993160
10588344 14531920
22392391 14397520
32791284 13624651
276424 9993291
22361328 9993303
32791285 14532007
10564737 14532008
16305013 14532033
3813323 10051695
4682216 12245873
1515380 14397798
12606994 16425808
521090 10051705
1589031 16182953
16286310 14532140
16283555 14532142
20933114 10546540
22356010 14532151
8442803 9993360
32791286 9993362
16297745 9993366
32791287 10546547
18422638 14532170
101261 9993421
8411790 9993427
22356031 14397991
32791288 14397993
32791289 16182989
16216012 9993439
15132001 14398000
16261260 14532214
12629606 13624694
20607061 14532226
22348914 12246081
20933863 10051729
4534310 14532319
22471341 12246104
10365481 14398237
22471088 12246152
269965 16426137
8516370 14532347
495631 14398285
10256663 14398287
15120697 16426143
3522674 10051739
15205769 12246162
1426006 14532359
10324905 14532362
3656734 13624795
29474002 13624803
972550 14532371
16298240 14532378
187913 14532387
22410384 13818980
4999461 14532397
8455527 20997776
8518455 12246185
32791290 12246196
8397103 9993508
3197566 13624823
16296406 14532413
504938 10546660
4717005 12246235
32791291 13624872
388572 10546677
1109471 9587866
22356026 14398471
533599 14532491
10322475 10051755
10306064 14532498
22471147 13624889
32791292 16183194
32791293 16183196
8408678 14398516
4922056 14398522
8446123 14532503
8481323 14398551
1497817 10546695
467369 12246293
15120824 20764320
1874434 10546704
16297736 13624935
22471099 12246380
4534212 13624937
16314674 10546713
4460221 14398652
1876586 13624950
10469098 14398710
22403323 14398712
22410083 14532573
1364158 13624967
16314019 14398738
334842 16183272
10320196 13681187
32791294 14526083
22390688 12246491
10265054 16426472
1352005 16426493
8410729 12246688
8392676 14398971
22356040 10546802
648931 14532809
14817739 16426650
16290644 14532816
22459418 10461843
32791295 13625127
1651863 14532860
16315251 14532877
542955 12427568
32791296 10051811
803118 14532909
1546328 14399115
8415954 13665342
3228314 22701901
8440384 14352410
22348903 21081585
20933454 14532945
494570 14532946
10371316 14532951
1856370 14532960
32791297 13625188
16283559 13625190
15123828 10051815
3477836 13625231
32791298 17165080
16283646 20997997
16283643 16426858
22402144 13665347
1562428 20765126
32791299 16426861
341022 10546871
16298692 10051823
22439166 17165106
15121729 16426906
16315169 16426919
25944653 16426928
8520688 14399374
3715668 14399395
338616 16426942
16283617 10546896
1857719 18623863
22383361 10051838
329310 13625330
8521461 13625342
511144 14399446
10567466 13625344
1928594 13625345
559226 10546905
10567464 13625357
635085 13625359
16283688 13625366
4459648 20979956
16400068 13625370
16315259 20765319
8413446 14533001
3421900 19482800
7730990 10546921
8517092 18623865
1600016 19093982
16283641 18623876
20933328 16183632
1577569 20765470
16296967 14399566
175624 10546952
16281811 14399591
16300377 14352443
4034735 14533065
16292906 12246825
1528380 14533066
22474069 10546961
22349076 10546965
23951191 16183722
618723 9588034
2074706 13665357
10371349 14399667
16283653 14399687
233452 10054205
1388817 9588045
16312145 10547016
10371459 10547021
12607145 14533207
32791300 10547026
8401344 10547032
16281800 10547039
483630 14533234
2612432 16183909
1589975 10547045
4729519 14399902
17327082 10054443
16400021 14533283
8466538 14533293
8484638 16187258
1564890 14399978
20933350 20766279
8519285 13625789
7864415 14400009
3284905 16184089
666531 14400035
588469 20998156
1857751 21081687
513140 16209248
3475416 13625804
1598261 16427521
1837454 13625807
568074 13625809
2367319 18623971
22371530 16187271
20600215 13625830
32791301 19690786
1558177 9588127
16295782 13625843
15145582 10054459
22355894 13625848
32791302 20064920
32791303 9588133
22356006 14400150
8423894 10547137
22471092 14400169
1438496 13625879
32791304 10591380
8408822 13625899
269809 13625909
10371331 14400223
32791305 10547158
1646486 16184243
16301660 16427653
22361310 18624007
182529 16427666
3147000 16209308
32791306 14400258
3814945 12427649
32791307 20766660
20933647 14400332
3473651 14400343
16283668 14400345
32791308 16209325
1438677 16209326
19684253 9588192
430030 14526277
22437709 16427750
16400108 14400385
1467785 20998222
8385691 13626073
15229831 14400397
22348889 18624038
18505782 14400404
15223433 14400488
8478900 16427826
11472569 16209382
709142 13626129
10264600 13626130
15120713 13626147
2030648 10547262
22365503 9588216
10567366 9588217
1684868 10547266
1313250 13626176
8409087 9588233
4511853 13626252
16283686 16209449
32791309 10547314
3156536 13626287
301303 14400678
22372214 9588259
3814915 14400688
3286793 18624237
4183232 16428068
16400091 9993781
22363402 13626438
10359351 13626496
1626967 18624388
1574283 18624391
3483145 18150493
32791310 14352561
16283656 16209544
4764486 14401068
32791311 18624395
8517249 18624396
515629 13626536
32791312 9993906
16283377 18624398
8403111 14401072
32791313 18624399
8516601 16428326
4886487 14401073
4824092 20998355
1447835 16187362
20473173 16209568
20422535 12247160
18831561 16428496
8499915 14352578
2086239 14401291
10482387 13626638
20472840 14533427
32791314 16428639
16298577 14533462
16314713 14533465
32791315 13626674
32791316 16428686
22468158 21081944
22471269 16428697
22349035 9993974
2913321 14401359
16287887 10547524
20606458 9994004
8417222 19247256
261495 17884353
2508805 16428734
3483636 21081953
32791317 9588420
32791318 16187400
14758735 10547549
10322457 14401416
1876072 14401429
10322455 14533535
10365537 10547604
8425589 10547626
20583581 21082014
16274700 14401661
8436911 14401666
3645857 14401667
32791319 16429058
3088770 26401115
3436833 13626926
4892004 14401671
10436309 10547645
4921563 10547650
190337 21082028
32791320 16429103
10371352 9994191
1393515 21082035
4533060 14533648
10371372 14401745
32791321 16187437
570765 13665420
32791322 9994200
16314028 14401803
23946987 10547727
22472330 10591437
8516263 13627064
300534 13627067
20521473 14533863
1636017 14533864
273992 14402027
374157 13627072
3642162 14533870
12009358 13627079
1461337 14533871
22440358 14533875
709869 21082082
15476316 13627085
254735 13627102
32791323 14533898
1367732 14402051
20933494 14533900
3485970 20767933
1556223 14352639
112317 14533916
30247449 20767989
3108818 14533930
365579 13627138
796247 13627141
32791324 13627153
4809479 14533945
22412633 14402129
4016558 14526429
529937 19247328
10493653 14402142
15295978 14402144
1392252 14533962
16481780 13627194
541679 10547800
1515374 19691078
22349044 9588586
29463182 14534032
1613170 14534052
22356025 14534056
20491673 14534091
15176620 14402307
20931551 19691108
16283614 14402317
611405 14402347
16283705 10461961
3164911 14402355
32791325 9994482
9558877 13627337
20408722 13627347
18109913 20768633
16281559 13627382
8524423 16209803
1571333 17419546
1587504 17419549
1652630 14402435
32791326 10547906
4319858 10054497
11839924 14402444
32791327 16209807
9555662 19691147
32791328 10547913
296395 13627420
32791329 17419667
20933267 9994549
1524429 21560978
3455714 21560979
10265072 14402488
8384195 19247418
8450570 10462005
4761518 19691159
10884199 10547934
3602655 19247429
18109914 19247437
20492129 20983456
22349086 13665467
1932185 14402576
715068 18401387
32791330 13627523
4459662 13627527
22348906 14534145
8476473 9588741
12621074 13627530
22458668 21082241
8496553 10547967
8500315 19247460
2406115 14534152
10576998 13627560
16307878 13627571
8420733 10547977
16943487 13627575
1299515 12427737
1369221 14402598
16400030 14534178
1941547 10054532
10361387 21082256
434317 13627611
12606375 12247472
18508820 17884790
16400118 9994672
10371301 14534195
1328827 20983583
645962 21157876
8419503 10548008
10879755 10548010
22402143 10548011
16207466 14402648
15176483 14534207
22372399 14402667
3479304 19094086
16306463 16153949
10468471 14402671
1763179 14402676
22478001 10548033
1518168 20998731
10318311 16154430
4211119 14402702
10493636 14402707
29471398 14402711
22469111 9994755
3483148 16154500
10475221 9588821
22478848 20769303
506254 14352731
16283568 17093952
16283634 9994773
16283642 13627716
1564029 10548071
16303257 16155524
368240 16155704
1538041 16155743
12675861 9994986
32791331 16209965
32791332 20066283
568645 14402872
10371405 14534263
32791333 14402874
727955 14534274
22349101 16156721
18504049 10548134
29165775 16209989
3317650 19691344
23929798 9995220
16297746 19247513
308814 14402961
1571032 9588912
1564837 10548153
16400036 14534334
3491679 13627903
1610259 14402996
333260 14403010
3586367 14403017
1568157 17094767
3772308 14534352
20931496 14534353
32791334 16157321
1958885 10548171
22348920 17094849
1558003 14403043
1443318 16157390
22471162 9588946
16300851 16157525
32791335 16157527
2000819 14403069
32791336 20770127
32791337 21082349
690114 14534398
22348908 16157880
3084471 16157893
3812453 10548197
22412219 14534419
15240230 14403114
8392233 13627949
460927 13627957
1494627 9588973
10320203 13627965
22349071 10548214
16400126 10548216
10571175 16210042
27268737 13665517
661118 17095604
204007 14352798
4460625 14534485
16283584 9995456
15203946 9995460
8454399 13628011
1119076 13628014
8411380 13665522
14825026 19247524
32791338 17095633
22349039 14534497
1494072 13665524
8418934 9589005
22348904 14403250
15123853 14534507
16307687 17095725
3502597 17095763
15176364 9589014
4473024 13665531
1878578 14403268
224008 14403279
234371 13628066
4753278 13628075
16215195 17869821
10251227 14534555
3052924 14403295
1290885 14534563
16283595 17096057
22435778 14534572
20931316 13628083
1563878 17096108
15205774 14403327
10472001 14403336
16309591 20770869
22349089 17096210
1555431 17096264
4859878 17096374
22355291 14403365
361387 10548297
20552628 10548301
406841 20771061
22348925 17419745
12679734 17096477
22349054 17096519
10371454 14403388
3405727 14403389
32791339 14403408
22369421 14403450
16309648 9995603
29463182 16187524
15227252 16187535
20933673 16210117
15648585 19691470
15207132 17869825
10569033 19247540
32791340 9589097
4028148 13628219
20932369 19094157
1365012 9995650
3385560 9995660
15637931 14403499
1795807 14403500
22364739 20934863
2495047 20934864
555526 14534592
22349066 14534609
15190126 19094160
10480331 13628271
489373 13628286
27335934 13628295
22378633 13628297
12244137 13628302
10368067 12519869
22390707 17097030
4020712 9995731
22348931 20998935
4451152 14534623
10569092 9995751
22468233 9995772
16297221 13628344
15228879 13628349
23929807 16210142
481010 17097131
23929808 17097133
22349026 17097146
22363379 17097154
411198 9589126
1583685 14534650
15123707 9589130
1472030 10548389
10569180 13628383
16941244 14534702
10265149 14534703
32791341 9589143
373655 17097449
555614 14403626
8496916 10548418
8397186 9589162
1367369 14534750
8522428 13628429
10472363 14534755
639559 9995936
22372431 10548429
432434 9995947
443056 20998978
16315203 14403660
8446606 14534770
14353710 10548438
2548289 22710813
1559670 14534782
642464 10548440
1568391 19691535
16400167 14534803
1301750 14534804
32791342 10548457
4025925 9995991
601880 13628499
15123811 9996001
15176853 14403746
8517702 14534835
32791343 16185644
16400086 9589242
16261256 14534867
3814810 10548484
12671783 14403811
147677 10548491
18511476 14403826
1619535 17098444
1455657 17098495
1335659 14403835
10318300 17098498
16283582 17098552
4966201 9589269
15204315 14534896
16303868 17098658
22448871 17098697
4538159 14534900
1430273 10548516
1879486 14534914
339676 19691560
22390122 20771725
22361306 20771730
32791344 14403887
4482406 14352901
4754400 14403890
22131308 10548523
8418864 19094200
1564245 19094204
32791345 14403919
8384197 19247587
32791346 16210248
8410893 14352906
619696 9589299
16283593 13628624
32791347 20772087
3483257 17885569
1530632 13665601
16941720 12427796
418898 14352909
1737358 10548559
4502771 19247603
6335980 14403977
32791348 14685207
2515704 10057055
2577884 19247611
10493620 17885589
16284205 20067080
4950369 19691585
1635665 13628730
485624 13628731
22366494 21082575
8466577 14352923
4191379 17098870
8471590 17098996
22372216 17099023
16400067 13628769
1501839 13665613
4835386 17099086
8517844 13665615
8417039 17099089
16297955 13628773
8483868 9589412
10371404 22702204
32791349 17099187
1606701 17099221
8470129 17099286
695047 17099295
4520943 14404117
22407876 17099414
691389 10548649
10371374 13628837
1325814 17099591
15143026 9589439
20933319 17099668
22413906 13628848
10569558 17099807
252533 10548663
20933074 19468631
187666 17100127
4343775 17100131
468454 9589472
2532489 19247677
16283567 19247690
8421653 13628914
1374343 20772518
16284244 20772537
15290995 20772550
16400120 21082629
8393249 20772581
10374739 20772701
919424 10548698
16400050 19691690
20553970 18401492
20931306 9589517
15123790 20772841
22412912 16210352
10371383 13629021
8447932 20773103
20933546 21082666
539760 19247779
1560607 19247789
32791350 19247791
20595326 14404245
10359223 19691801
22422030 21082681
32791351 14404273
649305 19691840
1881440 13629077
22396835 13629079
32791352 13629081
16274723 20986751
20413148 20999165
15204052 21082697
1469119 9589589
10371326 14404307
22371571 14353004
22383362 9589596
23929833 19094259
4460704 19247846
14839217 10548784
32791353 19691875
8471859 19691879
488272 14404334
10570435 19247872
4997188 10548789
22471144 19094262
16306574 19691899
8397032 14404346
15455973 18401516
20411766 19247882
27268757 19247891
8479533 14404385
32791354 21082776
8446688 9589662
32791355 20773350
22363391 14404401
10265591 13665667
1404872 9589667
1644326 9589668
16400040 14404417
29471104 19691950
2254770 13629189
12655118 19247924
1673128 19247927
1607156 14353023
10368005 14404447
22363392 19247932
394311 19692020
10318301 20987091
4255510 19692032
15120664 16210438
15180651 9589696
86160 10591570
22471139 13629245
15176652 19692100
1291138 20773448
32791356 13629257
641871 26401604
4201981 11812779
1731895 10548860
395400 10548863
8431510 19692151
8496842 16429474
16283676 9589741
22355975 13629349
32791357 14353046
3814995 16210488
20933557 16158660
20933551 13629394
18293640 10548896
8419628 12520070
22371709 10548897
333242 14404621
3533481 9996538
8384094 16158770
16297148 14404630
12614433 16158779
16400072 13629445
3605423 10548914
10371340 19248016
3156533 21082895
22349102 13629459
18277101 13629461
32791358 16186217
22379559 16158827
491055 14404653
10493683 20773712
4288524 14404664
1326043 14404665
22471107 14404670
424512 20773782
533007 14404695
635316 20773870
10468394 9589824
22363394 9996599
16294539 21082915
16286307 21082916
3366664 20773990
16400087 20773999
29468612 13629533
32791359 20774040
32791360 19248072
12621069 9589897
32791361 19248103
8418191 17886149
22464387 13629595
16283657 10548982
8497322 10548984
10371398 16210564
10493637 16186290
32791362 14404834
10396144 14404835
8498264 18401539
28682740 21082987
8377950 9996736
3532950 21083000
3433412 14527081
3394712 20774365
8425452 10549003
4520956 20999321
363944 16186303
10472127 9996788
3837729 22702346
11847634 19248143
22356012 13629671
22379910 14404895
8512616 21083053
10293903 19692301
10269466 13819079
15123895 19692336
15321891 14404917
32791363 22702359
22468161 19248174
1651338 14404925
150191 17886208
1578530 20988011
15149006 16186327
8418287 13629698
10477209 14404943
22363363 9590021
8436929 13629701
15222120 9590025
1504456 19248200
16314982 16429541
32791364 16429543
22410905 16429553
20548404 10549076
12621071 13629720
10318303 19248216
10371327 9590058
16283578 13629722
1305840 22710850
1362303 17165198
32791365 14405006
10371377 17165200
567608 9996874
20933632 20988182
4284385 13629759
16283649 9996878
16313871 21083129
564725 19248243
448249 14405077
16298243 16429618
3864164 18401561
1689148 16210623
3815346 10549103
12607359 20812474
15222118 13629804
569992 9590098
22363403 13665761
32791366 19692420
1554868 9590109
8521255 27290457
262591 14405118
3546096 18401566
32791367 14405127
32791368 10549122
4017946 17420184
545932 10549141
1532164 9996980
4036792 13665769
22369827 14405173
15323358 16429716
16295873 9996996
10265060 17165248
10572435 19692473
1118549 14405250
16314513 16429790
22410082 16429792
32791369 22702420
8430914 14405266
8458945 14405267
16296465 9590176
10365482 19248299
2431608 23901112
11847963 23210739
4095460 10549191
500477 16429846
4991547 10549198
16296501 19248310
165503 16210671
556246 9590210
22348888 13629938
16297518 20999449
10572958 14405349
12190736 13629952
439737 24367525
1344059 14405404
30627799 21809420
303814 20774702
649187 16429932
15304033 14353195
566358 19248333
3168118 10549236
16297098 16429952
22471126 13630026
16400084 20988766
16283404 19248336
32791370 18401578
1837087 13630037
16287674 9997075
12556309 9997092
8503266 9997104
226061 9997122
4094496 17165385
8416132 20774771
10264763 17165394
15203681 19248349
22349022 22702472
3476850 9590279
32791371 9590287
1837212 9997172
3705914 17165407
16283576 9590291
16297149 21083350
16281852 9997210
23960978 9997266
493548 14405561
566468 14405563
3815406 16430068
16298748 16430072
10359159 10549291
12612266 16430113
15714937 10858352
10580838 21083378
17314799 10549292
488680 17869878
4535421 27174192
32791372 16430129
190858 13630133
16388849 17165475
15989229 21809430
8418973 16430135
272543 9997376
4020829 9997384
326813 16430149
1491158 16430159
32791373 14405685
32791374 20989116
22372433 19692605
32791375 19248391
16298003 13630173
32791376 20775082
330745 20775132
1524860 10549349
3229499 19692622
381485 17165577
22363384 21083443
18471870 18401596
20566378 17165582
794665 13630238
22415879 20775193
677187 18144202
4789225 19692644
22372401 13819092
3524106 17420509
559268 16430278
4201986 16430315
8380781 9997467
8449827 9997472
4036344 22710875
1393873 14405793
32791377 19692740
491061 19692741
491039 9590464
491057 14405807
648641 14405833
15176786 12521513
881443 9997554
1804217 12521528
6442483 12521557
4738630 12521558
4935215 9997606
2402797 12521562
16283644 12521564
11879066 14405852
16400020 12521573
1512470 12521574
32791378 12521576
22372434 12521577
11880306 12521578
32791379 12521579
584857 12521580
3480481 12521581
567618 12521584
8512653 12521586
4515150 12521588
144073 12521600
20464563 12521615
3473963 20775375
234899 9997618
3815151 20775398
16295605 16430385
20526170 10549435
8460955 14405913
20415048 16430416
3721461 12521797
16400143 20775500
1293222 19692867
18147083 10549483
4825294 14406047
16300151 16210842
32791380 14406078
7837856 14406079
22390685 19248527
20933392 13665867
17888608 10549506
12606020 19248533
12603167 14353308
413015 14406102
1698974 19248534
1425844 10549514
8382486 14353311
570623 21083568
15176171 21083570
4894180 10549516
32791381 22702572
8435035 10591676
32791382 10549518
607518 14406121
7732313 20775564
30517892 17420650
366941 13630465
1853361 14406190
22410328 20775837
32791383 9590666
22361322 13630494
12643285 10549559
16297956 13665879
515034 9997862
1954130 13681765
16809352 16430826
16297957 17421030
262367 13630532
16283632 14406359
3814539 17421085
4025975 14406363
8510185 14406370
32791384 17421120
11910205 17421141
9556312 13630553
412187 13630557
8490080 10114991
12609451 16430867
22478390 10549621
32791385 13665895
8485414 14406428
16283569 10549630
16400093 19693064
32791386 13630621
23929803 13630634
29470678 20776508
8392734 17421307
3902852 14406532
9509653 19693099
20600781 17421337
4186096 20934935
32791387 13819103
16400141 13630671
22471102 13630674
22349092 17421439
8408423 32791388
