29054785 10535468
29126505 10535477
29203875 10535490
29203873 10026347
13968014 10535516
13972617 10535526
29054783 10535547
29000107 10535555
29169050 10535559
21513525 10535561
29054793 10535565
29126504 10535578
29203874 10535594
29166614 10535604
29054784 10535614
29260960 10535625
33591710 10535635
29166796 10535657
33591711 10535666
29076446 10535677
29245052 10028175
29003865 10535698
29054782 10535712
11938989 10535717
29209165 10028177
29138347 10535756
33591712 10535777
33591713 10535790
33591714 10535815
33591715 10535820
29134812 10535826
29034231 10535834
33591716 10535843
29225414 10535856
33591717 10535868
29209166 10535878
29210213 10535889
29170273 10535898
21438684 10535912
29108584 10535942
29170274 10535956
29232848 10535966
10452276 10535977
29126033 10535991
29102734 10536008
29135463 10536024
29134813 10536045
33591718 10536057
29138344 10536073
33591719 10536085
21447032 10536100
29051481 10536111
29241605 10536126
29241606 10536140
28995589 10536155
33591720 10536170
29241607 10536187
21254185 10536195
29131550 10536205
29002070 10536208
29059677 10536215
33591721 9966615
29029391 10536231
29201825 10536244
29168981 10536258
29242494 9966662
12015556 10536324
28995602 10536336
29113871 10536351
33591722 10536360
28996072 10536373
29020115 10536392
29168982 9966698
33591723 10536446
29152469 9966705
33591724 10536489
27332369 10536505
13970112 10536517
29082080 10536533
29131546 9966760
29258252 10536557
29142694 9966770
29020116 10536583
29131545 10536591
29029390 10536604
29248332 9966870
29248334 10536640
29070619 10536651
29115714 9966882
29248335 10536687
11809634 10536699
11942546 10536708
29006121 10536719
29131548 10536727
29108318 10536736
33591725 9966934
29059678 10536750
33591726 10536763
29059679 9966993
29063338 10536774
10686717 10536791
29232839 10536802
29131547 10536814
29047025 10536825
21528977 10536829
21503127 10536834
29142693 10536857
13967971 10030388
29171468 10536876
28998667 10536889
29029211 10536907
29131549 10030390
33591727 10536933
29125280 10536938
29138737 10536950
29118496 10536971
29003239 10536980
29239877 9576256
29136713 10537037
29136712 10537052
29000078 9967275
29075859 10537068
10873328 9576366
29136715 9967301
29136714 10537111
29065446 9967313
29052430 10537144
21425966 10537161
12151585 10537176
13971690 10537189
21429536 10537202
29010345 10537220
29053402 10537250
33591728 10537266
29029535 10537281
29029436 10537299
29085216 10537335
33591729 10537351
29085215 10537376
29202609 10537388
29202608 10537404
29202607 10537418
33591730 10537430
29128342 10537440
29116575 10537482
21304788 10537495
29217480 10537513
33591731 10537538
29213736 10537551
33591732 10537560
27332264 10030935
29171480 10030936
21907993 10537606
29028524 10537622
29100460 10537636
29126262 10537645
21544816 10537659
29029210 10537672
29128341 10031075
29213735 10537702
21433057 10031147
29217479 10537744
29013615 10537759
33591733 10537776
29122034 9967651
21254599 10537814
29122106 9967685
29122107 10537834
14583052 10537844
13964822 9967689
29122112 10537869
21520243 9967703
33591734 10537886
29122058 9967713
29122113 9967741
29122114 10537930
21542665 10537963
19496462 10537973
11799680 9967827
11811085 10537987
15891980 9967868
33591735 10538003
18264056 9967911
29081459 10538031
13967909 10538045
29171663 10538057
29017585 10538068
29174103 10538078
29100210 10538092
29188528 10538099
29209439 10538105
29131744 10538109
29150158 10538116
29203865 10538121
29196064 10538128
29064504 10538143
29064503 10538157
29118190 10538170
29064475 10538180
29017586 10538208
29081461 10538222
29196063 10538234
29067268 10538245
29145233 10538262
29125196 10538277
29064502 10538295
29131742 10538310
13967894 10538324
10452277 10538334
29219738 10538341
13969134 9577638
13967934 10538370
29171653 9577691
29081460 9577723
29171662 10538404
29125197 10538415
29100207 10538427
29128375 10538465
29067269 10538479
21550461 10538487
29064505 10538492
29032804 10538500
29203870 10538511
29100209 10538517
29128551 10032930
29170270 10538538
29196066 10538548
29004796 10538562
33591736 10538578
13967898 10538589
33591737 10538603
29135461 10538615
29097301 10538625
29094177 10538638
33591738 10538649
29071401 10538655
33591739 10538668
29134741 10538677
29134742 10538686
29013463 10538698
29228207 10538709
29109698 10538719
29204239 10538728
29252448 10538742
29125171 10850423
33591740 10538768
13965941 10538795
29063985 10538804
29134740 10538815
29135462 10538848
33591741 10538870
29109699 10538881
29028526 10538893
33591742 10538899
21436210 10538909
33591743 10538923
33591744 10538930
33591745 10538941
29063806 10538953
33591746 10538963
29228206 10590686
29189103 10538981
33591747 10538991
29125895 10539002
29086381 10539010
29006554 10539021
29006556 10539030
21514400 10539046
29167305 10539057
33591748 10539074
29258257 10539083
29258256 10539092
29131665 10539108
29006567 10539121
29258255 10539143
29047163 10539166
29000126 10539183
13964967 10539199
29233044 10539212
21445281 10539229
29129040 10539247
29119181 10539258
29069915 9578924
29004532 10539285
33591749 10539299
29252310 10539327
29197826 10539346
33591750 10539356
33591751 10539368
29000077 10539384
29136736 10539397
29050748 10539408
33591752 10032950
29197337 10032951
29055227 10539451
29004212 10032952
4676030 10539480
29002082 10539494
29054641 10539505
29136741 10539537
29253613 10539548
29127242 10539565
29127243 10539581
29200078 10539596
29106887 10539613
29075679 10539626
29241626 10539638
29241141 10539651
29063990 10539667
29003245 10539681
28998744 10539692
13968800 10539700
29174220 9969208
29174914 9969210
21443827 10539741
14942552 9969233
29260392 9969235
29006499 9969245
29054627 10539792
29006416 10539796
29006515 9969283
29073350 10539811
33591753 10539823
29174312 10539834
29004145 9969320
29131311 9969324
29077961 9969328
29055517 9969345
22287111 9969349
33591754 10539910
29145881 10539931
14565144 10539945
29145882 10539958
29119020 10539966
29174311 10539978
29011761 10539985
29056865 10032968
29056864 10540006
29101012 10032969
33591755 9969569
29125121 10540028
16013416 10032970
18088840 10032971
29129368 10540056
29241604 10540063
29003276 10540075
29252451 10540094
29006573 10032976
29171469 10540109
29166822 10540116
29095120 10540128
29241602 10540137
29241603 10540148
29097299 10540153
29129371 10540157
29207925 10540161
29207926 9969682
29095121 10540192
29085217 10540207
29207927 10540217
33591756 10540225
29055684 10540234
29159583 10540246
29132109 10032985
29215735 10540279
29160994 10540292
28995806 10540303
29143239 10540314
29225219 10540323
29126178 10540334
22350084 10540344
29006898 10540385
29132334 10540396
29222675 10540406
11803504 10540415
29119627 10540421
29171661 10540425
29222674 10540445
29222676 10540457
29222673 10032988
13968252 10540471
29126175 10540476
21560433 10540485
33591757 10540493
29086176 10540500
29083661 10540505
29252267 10540526
29201842 10540533
29202577 10540542
29202570 10540547
21425730 10540557
29243767 9970061
29053164 9970069
29118732 9970071
29011117 10540587
33591758 10540594
29077123 10540598
29131555 9970168
29246906 9970191
29201843 10540614
29145032 10540623
29135479 9970222
29056856 10540634
29093015 10540644
29006132 10540646
29052781 9970247
10456323 9970272
29252266 10540664
29135480 10540667
29093022 9970338
29006181 9970380
33591759 9970394
29131557 9970423
29145033 10540713
28998773 10540722
29142419 9970471
29093028 9970481
29215602 10540746
29031404 10540755
29250233 10540764
29124169 10540774
29191758 12183973
29120823 10540797
29131556 10540802
29129947 10540827
29202580 10540840
29202573 10540853
28997772 10540863
29171717 10540877
29135541 10540890
29128152 10540901
18088863 10540913
29242484 10540917
29245740 10540928
29004279 10540944
29231381 10540956
21431409 10540966
12460559 10540976
29246908 10540985
33591760 10540996
29135779 10541008
29180722 10541021
29135482 10541034
29093023 10541043
29102733 10541059
29120852 10541066
29004268 10541072
13968188 10541083
3961661 10850619
29083662 10541105
29246907 10541117
29113911 10541122
29069005 10033011
29131558 10541151
33591761 10541159
29052782 10541168
29128151 9970836
29233287 9970842
29063035 10541203
29202578 10541216
28998674 10541226
29093024 10541238
10867740 10541256
29135475 10541269
29093017 10541277
29052780 10541283
28997771 10541290
28997770 10541293
29006183 10541298
29246909 10541304
21537611 10541314
29052427 9580670
29249682 10541330
29006519 10541341
29093025 10541349
29136743 10541360
15991678 10541370
29093026 10541380
29250232 10541390
29202579 10541400
29124168 10541410
29135483 10541420
29124167 10541431
29017042 10541440
29201844 10541445
33591762 10541455
29145034 10541464
29127372 10541465
29099176 10541473
29231382 10541476
29178879 10541478
33591763 10541481
29006185 10541482
29124152 10541483
29135780 10541484
13968710 10541485
29246911 10541487
29006520 10541488
29002079 10541489
13968858 10541490
29011290 10541491
29078120 10541492
13968736 10541493
29246910 10541494
13959262 10541495
33591764 10541496
33591765 10541500
28998753 10541502
29093016 10541503
18153119 10541504
29006187 10541505
29115902 10541506
28998261 10541507
29006186 10541508
29135542 10033039
29088552 10541509
33591766 10541511
29083663 10541513
29177996 10541516
29135469 10541517
29006521 10541518
29246912 9580886
29242483 10541519
29145035 9971557
29070900 10541522
29006184 9971559
29091510 10541549
28998675 10541563
29215603 9971563
29113912 9971565
29253594 10541596
29136497 10541622
29069393 10541630
29204559 10541632
28995858 10541639
29101533 10541649
29125967 10541660
28995859 10541673
29120847 10541682
29254365 10541697
29146151 10541709
29167599 10541724
29110291 10541736
33591767 10541749
29132978 10541762
29070555 10541768
29216307 10541771
29130704 10033048
29057848 10541795
15948036 10541806
29056857 10541817
29124328 9971993
29257161 10541843
29132708 10541855
29209610 10541867
28995857 10541880
29124059 10541892
29124056 10541917
28998673 10541923
29257162 10541932
15329854 10541944
21520685 10541959
29091504 10541968
29006546 10541979
29192474 10541996
33591768 10541999
29118149 10542000
29078985 10033058
29107239 10542001
29061980 10542002
29063901 12183993
13966185 10542003
29046952 10542004
29046951 10542005
13967449 10542006
29128369 10542007
29130693 10542008
29031514 10542009
29069074 10542010
29150886 10542011
29096715 9972579
29020804 10542012
28995860 9972607
33591769 9972613
29167598 9972623
13966111 10542015
29129864 10542016
29004369 9972627
29129865 9972645
29254364 10542017
11901766 10542019
29171655 10542020
29128693 10542021
29006549 10542022
21446871 9972699
29172212 10542023
29127947 10542024
29029963 10542026
18089420 10542028
29003843 10542029
29193890 10542030
29133042 10542031
29111168 10542032
29212532 9972842
29033930 10542034
29171422 10542035
29166451 10542036
28998281 10542037
29124327 10542038
29214182 10542039
29070489 10542041
29070488 10542042
29209609 10542043
29212534 10542045
29216309 10542047
21440095 10542048
29018982 10542050
29216308 10542051
29216306 10542052
29111732 10542054
29156131 10542055
29128682 10542057
29124329 10542058
29247326 10542059
28998666 10542060
29132320 10542062
29125074 10542063
29006088 10033668
28998282 10542064
29172213 10542065
29133041 10542068
14604854 10542069
29133040 10542071
29132319 10542072
29159680 10542073
29076656 10542074
29130705 10542075
29130706 10542077
28998517 10542079
29006526 10542080
21548569 10542082
29002080 10542083
29146624 10542084
29094945 10542085
29056855 10542086
29247884 10542087
29138579 10542088
29257160 10542091
28998280 10542092
33591770 10542093
13966087 10542094
29031513 10542095
29193889 10542096
29128686 9581322
29033931 10542098
29029962 10542099
29212533 10542100
28998664 10542102
15974311 10542103
29124058 10542105
29124057 10542106
29136709 10542109
29128683 10035157
29114855 10542111
29233888 10542112
29164332 10542116
11830099 10542117
29053033 10542118
29053034 10542119
29053035 10542120
13959431 10542121
29047174 10542123
29228612 10542124
3946940 10542126
29053036 10542128
11347294 10542131
3104309 10542132
33591771 10542133
33591772 9581409
29053121 10542134
29053039 9581415
29028426 10542137
13969080 10542138
29028424 10542139
29053029 10542140
21443943 9974465
14553972 10542143
29020811 10542145
33591773 10542147
29053037 9974614
29053001 10542148
13791216 10542149
11348587 10542150
11352808 10542151
11804265 10542152
29053030 10542153
11801624 10542156
11803617 10542157
14578378 9974950
11804492 10542158
19484944 10542159
11942201 10542160
21545816 9975058
13967374 10036709
1008995 10542162
29053011 10542166
29052998 10542167
33591774 10542168
12170243 10542170
33591775 10542171
2725644 10542172
21438783 10542173
29057485 10542174
29052994 10542175
29075746 10542178
21556876 10542180
28995582 10542181
14575074 10542182
33591776 10542184
11810757 10542185
29028425 9975298
29069394 10037388
28994940 10542187
29131452 10542190
29160744 10542191
29201850 10542192
29260876 10542194
21517266 10542197
21519735 10542199
29004276 10542200
29057483 10542201
33591777 10542203
29203837 10542204
29107161 10542205
29004377 10542207
29131444 10542208
15981470 10542210
29131445 10542212
14942493 10542214
13967055 10542215
29142770 10542217
13966443 10542218
11811026 10542219
11806754 10542221
29233321 10542222
29142768 10542223
29212468 10542224
29175146 10542227
29142391 10542229
33591778 10542230
29203838 10542232
17362785 10542233
21446223 10542234
29006313 10542237
29136690 10542238
10868318 10542239
29033002 10542240
33591779 10542241
33591780 10542243
29152024 10542245
29152023 10542246
29100462 10542247
29252309 10542248
29122012 10542249
33591781 10542250
29208636 10542251
29152767 10542252
29174216 10542253
29057582 10542254
29152765 10542256
18089615 10542258
29084986 10037691
29084987 10542260
29075102 10037692
33591782 10542261
33591783 10542262
29167597 10542263
29163857 10542264
29152766 10542266
29136336 10542267
15836362 10542268
29070842 10851946
29122010 10542269
29125075 10542270
29177982 10542271
29122011 10037696
29122001 10542272
8351457 10542273
29166313 10542275
29177983 10542276
11942753 10542277
29171477 10542278
29215600 10542279
33591784 10542280
29111775 10542281
29216701 10542282
33591785 10542283
29122013 10542284
29152025 10542286
29152026 10542287
29208637 10542288
29084988 10542289
33591786 9977294
29151872 10542290
29075103 10542291
28998865 10542292
29216317 9977381
29216318 10542293
29080433 10542295
29143140 10542296
28997914 10542297
29142668 10542299
29033321 9977421
29054645 9977471
33591787 9977488
28998866 10542301
33591788 10542302
29018508 10542305
29022036 10542306
29167105 10542307
15990028 10542309
29124676 10542310
29004368 10542311
29004367 10542312
29034490 10542314
29124677 10542315
29216320 10542316
29202547 10542319
28997915 10542320
33591789 10542321
29131681 10542322
29166806 10542323
29111784 10542324
29087138 10542326
29202548 10542327
33591790 10542329
29057819 10542331
29004364 10542332
33591791 10542333
29087137 10542336
29057482 10542338
29047157 9581934
29175141 10542339
33591792 10542340
29057820 10542341
28995876 10542343
29136729 10542344
29216316 10542345
29170275 10542346
29080434 10542348
33591793 10542350
13967692 10542351
29000120 10542352
29202545 10542353
29136730 10542354
21439720 10542355
29006067 10542356
33591794 10542357
29216313 10542358
29004366 10542360
11811027 10542361
33591795 10542363
29006200 10542365
29242487 10542366
29063945 10542367
33591796 10542368
29064411 10542369
29178777 10542371
29006294 10542372
29063942 10542373
29111782 10542375
29079308 10542376
29063943 10542377
29006547 10542378
29175142 10542379
29201192 10542381
29054628 10542382
28997726 10542383
29003973 10542384
29167294 10037725
29063935 10542385
29004097 10542387
29125345 10542389
29063934 10542390
29213444 10542393
21431827 10542394
29201836 10542396
28998686 10542397
33591797 10542398
33591798 9582094
29167600 10542400
29114858 10542401
29125347 10542402
21439735 9582114
28998685 10542403
29125348 10542405
29041275 10542406
21556144 10542407
29167295 10542408
33591799 10542410
29125349 10542411
14554226 10542413
29216622 10542414
29004385 10542415
29017030 10542416
29006579 10542417
29180491 10542418
29167609 10542420
29010348 10542422
29150882 10542423
13959453 10542425
33591800 10542427
29128252 10542428
15917154 10542430
29231052 10542431
14942491 10542432
29136737 10542433
33591801 10542434
29040651 10542435
13959297 10542436
29084976 10542437
33591802 10542438
29167093 9582205
29053061 10542439
29128258 10542440
29124728 10542441
29201799 10542442
29231051 10542443
29138275 10542444
29143544 10542446
29053060 10542447
29084973 10542448
29145699 9980753
29128257 9980757
29201074 9980789
29168014 10542452
29128256 10542455
29249858 10542456
13967430 10542457
29033758 10542458
13966850 10542459
13967023 10542460
29152540 10542461
11801625 10542462
29201807 10542463
29084972 10542464
28998284 10542467
29201806 10542469
33591803 10542470
33591804 10542471
29147298 10542472
29006282 10542473
18469293 10542474
28998694 10542476
29253612 10542479
29127216 10542480
29249859 10542482
29040650 10542483
29168017 10542484
29248837 10542485
29128255 10542486
33591805 10542487
29084975 10542488
14554232 10542491
29101017 10542492
29084971 10542493
21500449 10542494
21500449 10542495
29217510 10542496
29052706 10542498
8347439 10542499
29052708 10542502
29132012 10542503
29132013 10542504
1078504 10542506
29000073 10542507
29125174 9582435
28998771 10542510
29228603 10542511
29174302 9981141
27549377 10542512
29052707 10542513
29096763 10542514
29228604 10542515
33591806 10542516
13968260 10542517
29216426 10542518
13969753 10542521
13966821 10542522
13966766 10542523
10679658 10542528
33591807 10542531
33591808 10542536
13966772 10542537
29124203 10542538
29247330 10542539
29000074 10542540
29000074 10542542
29124184 10542543
21446797 10542544
29247329 10542547
29193830 10542548
13966751 10542550
29124187 10542551
29000075 10542553
29167102 10542555
21426334 10542556
29215402 10542557
29167101 10542558
29009930 10542559
29215401 10542561
13972285 10542562
10453869 10542563
29053133 10542565
29079569 10542567
29119875 10037794
29015086 10542568
29248377 10542570
29187674 10542571
29011118 10542572
3903763 9981550
10453271 10542574
29029428 10542577
11805355 10542578
11939967 10542579
29047562 10542580
29130507 10542581
29244671 10542582
29244893 10542588
29088976 10542589
29171716 9981633
29136749 10037803
13968864 10542590
28998699 10542591
28994171 10542592
28994170 10542594
12460715 10542597
33591809 10542598
29124286 10542599
29125999 10542600
29132251 10037805
29257248 10542601
13964932 10542602
29071787 10542604
29172011 10542607
29149395 10542608
29149396 10542609
33591810 10542610
29126002 10542611
29006388 9981888
29132252 10852002
29152027 10542613
33591811 10542614
13968714 10542615
29171654 10852003
29101289 9982032
29201874 9982034
33591812 10542617
29126024 10542618
29132245 10542619
13964788 10542621
29201574 10542622
29201878 10542625
29136746 10542626
33591813 10542627
29201875 10542628
29126027 10542630
29253956 10542631
29126010 10542633
29126028 10542635
29172012 10542636
29051912 10542637
29136750 10542638
29136751 10542639
29126026 10542640
29152028 9582954
29201575 10542641
13969035 10542642
28999225 10542643
29257249 10037817
29201871 10542645
29126029 10542646
28999226 10542647
29110828 10542648
33591814 10542649
29132253 10542650
29132250 10542652
29136753 10542653
33591815 10542654
29152030 9583019
29136747 10542656
29136752 10542658
29132318 10542659
29152029 10542660
13964786 10542663
29003241 10542778
29174219 10542779
29201804 10542781
29126502 10542786
29166492 10542788
29124285 10542789
29152463 10542790
29242486 10542793
29070490 10542794
29239876 10542797
29203855 10542801
29242495 10542803
28997913 10542804
29095946 9583646
13966916 10542812
11800130 10542814
19496463 10542815
29201824 10542817
33591816 10542823
29171660 10542824
12170296 10542832
29257159 10542834
29257163 10542835
29053040 10542836
29233842 10542840
29124723 10542841
29245609 10542845
29020117 10542847
29124289 10542849
29124288 10542850
29124281 10542851
33591817 10542852
29201812 10852006
29119128 10542858
28998262 10542860
29124675 10542862
29231025 10542865
29065012 10544250
33591818 10544251
29122108 9585349
28998743 10544252
29023550 10544253
29108009 10544254
29034230 10544261
29126503 9985887
28994172 10544264
29138252 10544265
33591819 10544267
11800708 10544270
28998700 10544271
29131453 10544272
13968802 10544283
29137567 9585384
33591820 10544286
29110801 10544287
29125896 10544289
33591821 10544290
29046994 10544291
29126261 10544292
15890968 10544293
29216725 10544295
29258258 10544296
29122110 10544297
29081996 10544300
29000127 10544301
29046995 10544302
33591822 10544304
29085004 10544305
29124727 10544307
33591823 10544308
29023432 10544311
29064401 10544315
11351352 10544318
29053005 10544319
29152539 10544321
17585389 10544322
29201805 10544323
29006312 10544324
33591824 10544332
29201864 10544333
29003907 10544334
29125120 10544337
29128291 10544339
29125174 10045179
29201873 10544342
13970094 10544343
21439738 10544345
28998665 9585494
29100208 10544347
29177984 10544348
29177985 10544349
29152771 10544355
29208664 10544356
29063984 10544358
29135703 10544363
29245051 10544364
29111783 10544365
29006285 10544366
29015419 10544370
29151656 10544372
29202575 10544374
29168015 10544375
29196203 10544376
29196202 10544378
33591825 10544379
29096131 10544383
29079309 10857520
29135453 10544384
29168016 10544391
29201876 10544394
29093027 10544395
29015089 10544396
33591826 10544397
29171467 10544399
29004913 10544401
29108766 10544402
29142037 10544406
29052783 10544407
29248603 10544408
29131451 10544409
29075727 10045204
29112055 10544412
29109700 10544414
29004895 10544415
29201879 10544416
29101911 10544417
29231393 10544418
29029791 10544419
13966947 9585565
33591827 10544421
29202581 10544422
29053027 10544423
29212467 10544427
29202543 10544428
29202544 10544431
29202542 10544433
29111343 10544436
1013832 10544437
29216319 10544438
29087151 10544439
29006482 10544440
33591828 10544442
33591829 10544443
13972376 10544444
33591830 10544446
29004894 10544449
33591831 10544452
29053062 10544453
29053064 10544454
29053063 10544455
29111344 10544458
29053059 10544460
29135540 10544461
33591832 10544462
29136748 12521385
29006565 10544463
33591833 10544464
29129380 10544466
29135481 10544468
21512980 10544469
29201823 9585598
29201822 10544471
29143035 10544472
33591834 10544474
29078973 10544477
29122014 10544483
29125175 10544484
29003915 10544487
29207928 10544488
33591835 10544498
29053636 10544504
29101534 10544506
29171665 10544509
29171656 10544510
29124056 10544511
13959439 10544513
29006497 10544516
21429977 10544517
29085583 10544526
29004144 10544529
29063944 10544530
29131743 10544531
29216310 10544532
29071747 10544533
18151348 10544536
29124204 10544541
29084970 10544543
29248333 10544544
33591836 10544546
29133039 10544547
29248376 10544549
29104474 10544551
25949100 10544552
33591837 10544553
29033759 10544559
29128346 10544561
33591838 10544564
29053031 10544566
29142492 9585664
29159030 10544568
29052707 10544572
29242485 9987837
29048277 10544573
29125346 10544574
29124188 9585672
29216315 10544577
29052428 10544579
33591839 9987856
29142771 10045257
33591840 9585679
11800709 9987863
29177995 10544582
29006550 10544583
14942505 10544585
29258253 10857614
29126023 9585688
29186456 10857615
28995587 10891264
29201863 10857616
29126025 10891269
29135452 9585698
29124287 10857618
29000072 10857619
29095947 10857620
11944363 10591026
29018983 12521387
29053032 10591028
29122109 9585703
29026390 12242694
29053028 10857622
33591841 10857624
29109697 10591031
29215615 10857625
29122105 12184605
29127373 12188739
28995603 10857629
7811498 10857633
29131541 10857637
29152541 10591033
29053014 12188741
33591842 10591035
29063902 10591036
33591843 10591037
29242488 10857706
29108581 10857724
29028525 10857729
29010347 10857731
33591844 10857737
29053026 10857753
29056858 10857790
29017466 10591045
29012932 10045290
29152031 12184606
29135308 12521388
29178778 10857840
29003853 10857850
33591845 10591047
29006308 10591049
29033760 12521389
29122068 10591050
29122111 10857908
29124284 10857928
29029812 12184607
29029811 9585768
29146208 10591052
29084982 9988100
33591846 12188742
29111852 10591054
29122102 9988135
29089296 10858010
29215736 12521390
29201808 10591057
29006502 12184610
29054781 12521391
14942508 10591058
29029534 9585793
33591847 10591064
29196065 10858130
29204006 10591066
29247327 12184611
29145036 10858140
29125170 10591069
29174221 10891307
29175145 10891339
29152538 10858149
29107160 10891434
29201872 9988265
29122104 9988343
29046993 10858202
29178776 10591079
33591848 10591093
33591849 10591096
29128530 10858214
12461144 10045327
29171882 10591100
29206268 10591102
29029533 12188744
4145868 13652370
29136740 10591105
29124674 10858217
29015088 10858219
29124282 10045333
13964796 10858220
29135539 13620338
29231392 10858224
29165766 10858225
29167109 10591107
29018400 13620358
29132795 10858226
29050747 10591109
33591850 10591111
29004893 13611278
29260959 9988608
29006495 10858229
29113657 9988610
29113656 10858230
29260958 9988626
29076445 10591112
33591851 10891755
29131741 10858231
21514730 10045346
13969198 10858232
29071786 9988695
29071785 10591113
29130096 10591114
29142769 9988712
29126501 10591115
29002069 10858233
29004239 10591117
