921263 19422887
875133 19446975
6457904 19437091
366601 19415428
2404566 19438117
1346589 19454761
2726710 19420483
883292 19462466
1143176 19441575
887943 17444414
919356 19435393
1149180 19447369
228492 19407829
6494314 19407280
867014 17444980
2540602 19448803
868390 3902628
1408866 19419704
2404999 19459947
625353 19449090
2724162 19413548
678818 19462249
4530697 35785221
1778387 19451146
6440052 19456741
6426876 19441189
6511501 19444079
892645 19423387
321199 19414013
870101 19429690
173404 19432596
156879 19414104
877645 19418990
2406091 19461832
1784342 19425026
897294 19417513
697070 19446457
687974 19428976
1426009 19151695
2409919 19426197
6542588 19455161
6425372 19451234
819312 19430637
257410 17858860
2544945 19440819
2728301 19426389
1716588 19433174
760646 19428969
914794 19424532
1728852 19429594
717579 19428093
3512676 17858884
1789171 19443612
2372642 19428866
4731187 19430368
287460 19428009
1669105 35785222
348761 19418821
6380112 19422663
6470894 19409751
412859 19418720
878103 19450309
300858 19415558
2403908 19429010
2720242 19432525
464914 19423665
754359 35785223
638589 3890032
1737699 19437455
1581901 19437664
4319560 19450048
2729294 19414651
1787768 19449101
658238 19418781
2673512 19424833
6451302 19430354
732742 19440636
15429180 35785224
2721655 19423367
1788145 19458400
614515 19415539
1770411 19419500
2513817 19429649
2169935 19424773
867894 19432192
281568 19408818
733008 15692830
6422402 14423199
912196 19449628
908920 17858991
920702 19425022
2501453 35785225
2453689 19440218
790052 19440444
2721653 19459684
6440550 19440612
2507425 19426551
2461752 19458393
1589711 35785226
208292 19452235
868396 19462630
464071 19426120
279616 19427918
6491517 15452757
2727981 19459528
884860 19460278
14822381 19414092
6461623 15452759
2223906 19414099
19414147 15452760
6466495 15452761
915693 19406984
1778243 19449619
1524076 19439242
941695 19439943
6516108 19455063
6501204 19412779
329114 19442496
1354721 19465552
459957 19438486
2381049 19459249
6406951 19465593
6416988 19419335
289786 19458657
2597465 19418385
6520596 19413182
711862 19419513
769094 19448983
6515532 19419371
6421791 19459415
6492277 19452494
4456829 19407555
6420380 19420441
1774934 19419200
911799 19449306
896855 19428787
4370543 19455033
924079 19433919
2407924 19432725
6369119 17859094
306038 19422098
668709 19426187
899881 19458037
1688934 19414280
3113821 19430773
6338950 35785227
2596170 19439352
6364752 19408253
2543652 17456088
1767323 19464321
6483778 19414403
15449174 19437461
748353 19438525
1717702 19415530
6457099 19449992
784111 19462666
1772738 19410559
1137552 19442029
6513300 19415073
1731865 19454878
1830104 19450194
6496036 19425544
898968 19440144
457088 19420392
1110439 19456941
1362689 19416104
6352580 17456675
1746406 19462888
6457465 19416521
6504655 19461554
2220143 17458604
630836 19436500
1778028 19419209
911840 19463987
1151399 19439950
2541205 19459439
6453202 19463091
6495344 19449694
1854557 19434204
1840452 19453646
619472 35785228
907202 19426764
2200363 19454550
234235 19442651
883303 19449936
2719858 19434225
1415048 35785229
796536 19448842
2597727 19432906
2540313 19462639
909422 19428550
912788 19422347
2391933 19419132
371207 19438670
2543529 19439503
3606683 19429560
2402892 19456220
2721864 19449638
782725 19450923
949059 19457930
2727218 19454087
899611 17460594
865170 19418473
6402981 19463544
897786 17460699
6387738 19408083
6534970 19415629
6452105 19415623
633490 17859241
656650 19437629
2404929 19450085
820923 19435034
906597 19428184
908481 19416133
2505817 19458200
1785156 19427345
316840 19657600
805686 19448677
261442 3902417
1751908 19449416
1743749 19441559
3513781 19424342
668797 19453859
459781 19447101
681346 19440568
1792015 19464407
6479064 19422583
6456019 19442913
6447079 19445960
6474683 19460571
868406 19407051
1599330 19436755
2540672 19455353
911255 19449580
4530480 19431074
6520995 19416195
1784710 19426719
2616147 19457900
6521740 19457029
918341 19435852
15659656 19465264
872635 19439092
2705122 19415106
918961 19429438
6531655 19462843
214704 19429064
1355708 19441430
2597638 19421602
1778061 17462867
2597598 19422723
1722008 19441071
322780 19438066
1148606 19430216
888210 19407498
2361227 19458289
1774925 19415200
1133146 19459006
3621964 19415040
867595 19424392
297519 19450871
2728549 19450305
493936 19421648
431207 19452766
1147672 19437573
772408 19445537
924081 19450675
1570365 19417207
2405804 17859353
2404575 19462742
3555087 19465982
2469347 19428098
187646 17464183
903682 19449485
733611 19449442
6399957 19459399
1549852 19451464
803881 19425849
1835112 19429771
1784865 19457953
921251 19433835
736232 19438507
1791488 19416049
10201808 35785230
2240861 19408213
923981 3945971
1786993 19426534
6508042 35785231
256447 19429965
374201 19425062
164670 19440048
876599 17465527
2540396 19454152
1737599 19449646
963614 19438728
920503 19418948
913918 19457075
1355062 35785232
2404486 19447418
6471463 19459731
6392560 19457317
6376277 19449568
5063230 19408201
4458002 19463219
879815 19426688
9449086 35785233
757492 30709666
887684 19420065
915665 15636807
782545 19455369
929616 19423294
1781390 19450045
296669 19465638
707584 19455198
1146844 19463135
2431624 19434488
1985042 17467550
815625 19416188
2413456 19462244
1802530 19457882
1140080 19440797
1461501 19453642
2725226 19449071
643757 19419382
2727750 19455216
1791525 19415257
1422279 17859502
635716 19451296
920274 19449418
1791279 19462498
6394833 35785234
2597228 19419051
1774157 19456727
711746 19419829
6539597 19421619
6402593 19456957
1141494 19435733
1781006 19419728
739329 19428247
912863 19415505
422333 19422923
286601 19429420
2473156 19407780
714906 19425962
866955 19462467
756741 19421280
738927 19461064
2727079 19448766
1783514 19424899
2490430 19438487
2543777 35785235
880765 19440589
1327582 19451663
1766547 19428534
1835713 19410226
9449226 35785236
1777409 19427278
364498 19422422
911316 19447277
214546 19434938
1777092 17470562
4312715 19418602
906600 19419056
6336007 19415977
3976229 3986832
6492415 17859594
6406298 19450757
1148025 19446410
265589 19439544
2727480 17471738
806745 19430271
173406 19432909
469455 19425037
369563 19434246
6403376 19415227
909724 19418815
15443471 19418911
6458513 19452048
1919029 19425160
1945241 19448783
2393420 19408425
1335521 19421596
279502 19433986
4472062 19434966
912466 19422952
1783204 19422412
1148152 19461115
2406666 19429867
4264880 19436659
3610343 19458210
2544701 19428526
6346870 19437608
4451248 19416462
809502 19416483
1784293 19449758
6443154 19457921
821667 19462471
644111 19448212
4292192 19415427
6381528 19426442
1829972 19459081
6341906 19440130
6446381 19460492
968081 19463294
6543927 19454897
6460095 19418727
812226 19415631
6432244 19452364
1710551 19411338
865336 19407483
2539576 19425819
6544550 19456285
1307339 19465478
6537827 19447882
1789398 19423084
455008 19441778
973145 19447702
1716002 19426701
695575 19422845
566454 19415461
256111 19440010
2464773 19432527
1148901 19438101
1774022 19428361
238842 19456107
691151 19433190
6436835 19458638
6488431 19450896
6491908 19417986
6395272 19433937
6371323 35785237
4255957 19428735
6352827 19442415
1713967 19417045
2379430 19447055
412153 19407714
1357109 19438983
6490740 35785238
3469520 19442780
2410121 19466070
3469365 19451436
2379865 19434142
2528772 19443240
19420781 19420780
1599927 19460306
322756 19422854
2398093 19457548
1156423 19433240
6451561 19443875
6506063 19451145
8479098 35785239
2728159 19413403
1783356 19432517
1776712 19424620
229574 35785240
4458354 19433910
4463881 19444445
2540288 19428772
6531901 35785241
3639910 35785242
2176663 19455432
1785014 19431372
2597617 19458182
6367006 19417734
874436 19419601
4529219 19417766
5191581 19451001
1777694 19439353
233582 19420927
2402739 19424699
6476805 19426110
3552764 19407486
1789790 19459935
365250 19431226
919607 19422762
357985 19462544
2252242 19439584
2387273 19460300
1343201 19429922
926013 19424796
901997 19439171
6475117 19418173
252091 19424670
1778692 19424733
3100831 19444643
1149113 19454734
6555526 19455716
6393776 19437491
3107221 19432255
6362116 19448938
6340972 19429711
6448102 19432948
6504152 19419437
1787184 19422391
6380297 19440349
910347 19418768
1143738 19450135
1428502 19421555
411543 19440776
6416257 19461768
1709153 19462152
3611208 19426819
906742 19462457
2540260 19462524
1805854 19463130
875075 19459507
1790357 19463367
6356871 19435972
15631599 19450132
6452215 19436000
6390964 17487577
6450383 19433898
2383886 19419066
2407272 19447018
6480756 19459060
6552005 19456582
6396781 19450617
902227 19450831
1803495 19450837
1789623 19408691
4467705 19416335
1777788 19450918
6443207 19436131
426511 19418322
249000 19416251
420733 19426247
335845 19442626
6545007 19452410
6534370 19451310
6344519 19417884
1837005 35785243
6454828 19418405
3454709 19417992
1790744 19410108
1783073 19461809
2468738 19422835
2405240 19432818
6398112 19418414
6364314 19464533
2722304 19409521
741101 19436467
2396363 19453489
1770148 19418172
2408067 19458446
258310 19448695
6488006 19435920
773693 19453792
310227 19439111
6535399 17860037
1788284 35785244
6532763 19451508
6437122 19443515
6383609 19408084
2406868 19461361
6524138 19408840
1147500 19431157
6397017 19418823
2728752 19463504
912807 17488578
2403883 19429059
408180 19429719
6389916 19420473
920445 19462677
6413367 19456072
6375622 19456466
6476218 19457555
6502194 19446127
2507632 19458213
256085 19425836
6539818 19416904
810454 19465312
15553797 19421210
19420009 19420011
3588089 35785245
1149940 19463713
468508 19421277
1772333 19412073
6434810 19412850
1787891 19415458
6344094 19460420
1825842 19407186
437576 19441470
3107201 17743255
6405111 19408917
813900 19456871
6480477 19418472
6539753 19422997
4278310 19460546
4375438 19430349
6430313 19423659
819430 19418383
6535245 19417222
1782039 19459476
6485379 19463374
2407623 19440792
379804 19427842
740744 19431029
1462303 19458725
1778352 17860095
6405794 19431270
6515991 19407902
6523546 19442908
5172983 19407993
6359183 19416064
2729336 19409636
6363277 19462762
6407244 19408332
6520557 19461058
6362263 19446278
6348818 19459178
2395151 19459276
3527195 19446613
6419235 19415969
1366620 19450975
919072 19410281
6491207 19465535
774914 19430322
6440391 19437080
4473678 19431050
6483060 15713925
1734933 19426077
3976617 19418218
6337597 19439545
6394744 15550897
3086463 19421626
1769957 19460900
915464 19434086
4496530 19425461
3510310 19448368
3563244 17860112
4284328 19465443
6356946 19423116
2406095 19415420
1791641 19460730
19451768 19451769
15702361 19452682
9454487 35785246
1605238 19449026
1371022 19436177
1362500 19434063
412553 19448259
6454235 19446389
6451119 19415070
897565 17491149
9449343 27800846
6449948 19463424
4331228 35785247
198638 19450505
6467588 19416007
4276412 19433810
6499064 19441876
6355706 19452684
1802114 19436047
2724148 19435770
282537 19448547
4312914 19416253
1731398 19433872
867906 19415717
6492213 19424790
875209 17860135
1791509 19434961
2545218 19455322
1834240 19462410
6472914 19434199
676435 19432531
6337249 19465520
2405929 19459447
1922070 19439074
2400280 19450429
6494266 19415044
6433829 17860136
1151031 19423730
6435425 19431529
2407554 19450842
2401274 19446995
1761996 19450302
1150265 19452283
2594205 35785248
6479507 19450845
6428495 19457524
1421981 19437650
6382619 19418403
6476915 19428038
6515069 19444326
1148054 19417127
257516 19438360
376961 19428359
3455112 19438009
6506925 19423194
1778446 19415453
3615789 19426733
1786680 19459940
1773396 19464453
1526628 19456099
2453388 19447495
309903 17491548
2398824 19452112
3551950 19425469
460248 19440352
1778073 19460577
6386834 19425584
4529754 19459327
1769955 19418730
1462206 19451483
1147922 19430134
237730 19428149
6508401 19435137
6450460 19449009
2540732 19415418
3548683 19431909
1587558 19455620
2383788 19448639
3697190 19424498
905307 19460132
6383178 19417486
963322 19432408
2727357 19419219
4508757 19422862
1363217 19458305
6384199 19461085
6369533 19451512
6392006 19411142
3075103 19414598
15431830 19441124
6471811 19461668
6342542 19418859
6500722 19415553
6470671 19408519
6410837 19462680
957878 19418900
1151114 19424351
1343430 17860139
739608 19433170
826883 19427536
881089 19450435
2173399 19455828
6354606 19462175
6371772 19438965
6388239 19420146
1607607 19417158
19441249 19441250
6465167 19412485
6426278 19451021
6473028 19407253
6466536 19421220
6473028 35785249
4519460 19441274
6381972 19420560
1123951 19447306
1787457 19410310
1462686 19418778
6376767 35785250
6478121 19419138
399257 19430212
1786817 19458221
796644 19419623
6428927 19432287
6459132 19438854
1110724 19426419
473198 19442551
4485486 19460821
222811 19456197
2508162 19463285
1147391 19436344
338904 19418546
6360321 19446838
5084219 19465993
3120008 19419339
6451300 19414502
909525 19424846
6446390 19442631
6414886 19434276
270039 19444489
2407177 19465602
2402753 19421098
6417254 19417778
1909492 19419608
1773327 19435018
286721 19463171
4532783 19449133
4287539 19410469
4277105 19435180
639082 19438076
819596 19419309
4281608 19447001
3615588 35785251
1845332 19407424
6382255 19463061
1369093 19427896
1138945 19424700
889674 19454133
871439 19418632
911305 19463011
2726921 19449814
3623538 19417117
6483187 19464411
271104 19447955
1774340 19449927
902531 19414708
366165 19417714
6458537 19453057
614513 19414170
6444872 19439838
591482 19444088
6551446 15658477
3088680 19426189
1782362 19461864
12166056 35785252
6466664 19407973
1461703 19428955
1812393 19414414
1882056 19418542
1771112 19428156
6400978 19417835
6552560 19464439
6482621 19441031
6399932 19428041
475060 19427879
6519468 19418390
6453142 19418791
6343992 19434297
1922981 19420145
3947334 19450060
894700 19430883
321129 19433318
888825 19422203
1763851 19422993
6538955 19456018
3627041 19414730
6490626 19450326
4541713 19465661
1785289 19419398
3587751 19435990
6408044 19451625
6557152 35785253
963342 17503840
6421308 19429429
6503089 19441918
1791129 35785254
6420806 19440743
371443 19453386
787694 19431144
2386634 19463167
6496530 19431756
6369538 19414946
6391221 19444394
1889352 19440282
6417740 19415103
6375745 19441653
4273920 19461342
6455790 19420076
4269541 19456614
6551288 19413866
920984 19454559
6402146 19422328
6519506 19460496
6336995 35785255
2541860 19421350
6485014 19418378
6426762 19437449
6386278 19465652
6448961 19442536
6475968 19442879
1931721 19408995
5177526 19433804
6508003 19450720
911608 19419744
6541047 19451500
1908441 35785256
357458 35785257
1299906 19461575
284876 19459860
6516427 19438441
6454143 19418624
242974 19449365
873354 19463706
921783 19418433
875358 19419020
1780776 19454212
922090 19422117
6548374 19429440
3635702 19465882
3441394 19440467
892969 19448336
766542 35785258
6544501 19446531
6495305 19453177
6357791 19448617
6522028 19451858
6498672 19447722
6491696 19444323
6478728 19452285
6396586 19415373
9453098 27800183
2541498 19417159
888803 19463233
6361130 19448531
2015927 19458267
6508962 19453195
6507569 19424022
6538588 19421070
6393087 19454625
2508224 19441173
6528132 19432249
6527238 19454851
6455479 19433839
6481726 19413149
6417395 19452095
6364196 19418560
4336304 19437588
6335346 19461076
6552063 19418138
2540477 19426589
3583438 19415671
6551030 19423864
387988 19438070
6350676 19433500
6449213 19424875
6371961 19449556
1775480 19449897
1780343 19449253
904158 19432703
4227526 19417253
1143174 19464432
896628 19464000
2156421 35785259
6471755 19424983
2540863 19426778
1146153 19418942
910357 19453472
6408007 19449282
874706 19465641
1784197 17515833
1788958 19449395
1151043 19429754
193946 35785260
3627872 19420057
6488621 19436688
6411054 6622611
6480161 19465898
6545174 19407195
1767976 19457747
810428 17860750
343391 19439925
310117 19429927
332422 19418761
637403 19425593
3121005 19417798
6344794 19430208
4512522 19432645
15632593 18273989
1687747 19427870
2597279 19430824
1773335 19429730
1941534 19444680
1830747 19463210
1789855 19421298
459945 19448785
1841466 19430465
1825171 19419088
1790392 19454312
442839 35785261
3437423 19450701
882041 19430015
6420197 19465828
828863 19458723
6429172 19422804
1148623 19458304
19426106 19426107
1804564 19426615
2540797 19442556
1929304 19447879
385705 19441573
374339 19452354
1789165 19439224
3583265 19422785
6337832 19424920
6343146 19423896
6382508 19449571
6357412 19448669
6397038 19448347
1525829 19451328
3118433 19417810
6352931 19462361
6440780 19437448
2719216 19425967
6468043 19457467
19428750 19428749
412269 19414833
355433 19453654
1767561 19465675
2591417 19460507
6472400 19441785
221925 19438863
6476759 19426307
1717713 19426089
6426388 35785262
1783193 19414787
475106 19445501
2207589 19422973
2727579 19431854
1789652 35785263
5188298 19418301
1927706 19454505
452807 19439392
1888921 19420135
5169621 19410085
1836247 19417930
6421693 19454620
4285885 35785264
6440010 19450856
2516628 19418037
1143654 19437568
248886 35785265
6551794 19413793
6367420 19423862
6550195 19430923
6459558 19411797
6407198 19446940
4279570 19407838
6355215 19455909
6454576 19420425
6541837 19447951
6397993 19439573
6464006 19458708
6392697 19413466
6533379 19421519
2541918 19408407
4532377 19453072
6370490 19418412
1773426 19456836
6441578 19445953
4533895 19419317
6375976 19455862
1777669 19427136
6440023 35785266
6518185 19452701
280732 35785267
1130360 19430680
19167996 19442588
1151025 19460016
2382274 19433957
1714267 19425641
6335581 19451260
1748285 19452054
4342453 19423146
1788984 19457044
1937046 19425007
6413593 19457560
917306 19460197
1909844 19446484
5072000 19409110
876349 19424343
1460923 19414463
821673 19415288
1728291 19424321
6439516 19458663
633664 19423456
1922611 19419347
6416364 19419328
756409 19429855
3107490 19451350
4304546 19415528
371700 19441212
464693 19430713
301114 19450615
6342390 19459602
330575 35785268
2395277 19458029
2409173 19416775
6363865 19456827
1840588 19454885
6411996 19414876
6459562 35785269
6454374 19420091
6542545 19454140
4535265 19423076
6492243 19459983
6406883 19460636
3611612 17562972
3100007 19447308
2009289 19423468
1987006 19416460
1937188 19420154
6473122 19423819
313091 19407305
2597368 19407020
224985 35785270
3110472 19437340
1349649 35785271
2396546 19429078
1789139 19412009
2751823 19430987
1921857 35785272
2542294 35785273
6542592 35785274
1146416 19419657
880409 19459452
15526147 19457999
2540390 19463892
2397532 35785275
6507673 19424282
2401030 19460916
2472614 19427858
6517752 19415352
3085934 19441794
6359214 19429721
708656 19428058
1947647 19425565
3094721 19429718
1147063 19427719
356018 19466017
477246 19425963
4312724 19448238
911466 19447472
1829707 19459350
6334955 19443792
2540475 19441643
6555258 19444344
4334525 19459068
1774235 19462750
720063 19429710
1777968 19421094
1363846 19427715
704632 19414321
993619 19419188
901990 17861395
1770632 19436693
921744 19443412
3997749 19425694
6435366 19456250
6344857 19443892
12153483 19415990
6400626 19414842
6451171 19414847
336531 19459665
2406195 19430173
1791693 19408929
1784437 19450203
6504101 19431912
301112 19415025
910283 19449435
276626 35785276
870117 19407574
6476686 19410147
6463205 19446098
6527076 19440905
914337 19456533
913706 19448147
6511362 19421883
1790206 19460526
6359273 19412448
2666112 35785277
6338703 19407804
6339091 19415543
6442746 19447480
6540153 19407753
6419023 19421272
15430380 19423493
6469284 19421770
3640643 19422411
6532499 17574654
889796 19408024
6383739 19424251
749544 19442121
6510483 35785278
4513765 35785279
1792487 35785280
6459979 35785281
6362128 35785282
6361691 35785283
6547577 35785284
6413503 19436788
6475731 35785285
5189505 19439144
911796 19426541
1785812 19447983
2722316 19433601
1777565 19434146
6501401 19414487
2408109 17861586
6490595 35785286
3097354 35785287
6477694 35785288
6390733 35785289
1782627 35785290
356258 35785291
425513 35785292
1344603 35785293
6380200 35785294
6397384 35785295
260803 35785296
6442425 35785297
6489409 35785298
2726664 35785299
1358981 35785300
6484034 35785301
6541862 35785302
6422151 35785303
343401 35785304
4456756 35785305
19436289 35785306
6510954 35785307
6393367 35785308
6342584 35785309
910232 35785310
6484416 35785311
6521831 35785312
6457234 35785313
1430214 35785314
1772298 35785315
6446305 35785316
1729994 35785317
4014980 35785318
1729582 35785319
6413588 35785320
6449373 35785321
6348932 35785322
6555222 35785323
6506157 35785324
6544979 35785325
3769681 35785326
368798 35785327
35785328 35785329
865808 35785330
2403259 35785331
3597850 35785332
339196 35785333
1783845 35785334
6381526 35785335
6526367 35785336
1840108 35785337
1996808 35785338
1631837 35785339
6456813 35785340
6487326 19422100
6367092 35785341
6486738 35785342
1527555 35785343
6529507 35785344
6504115 35785345
3649092 35785346
6495908 35785347
1770827 35785348
6333935 35785349
3626673 35785350
6533908 35785351
6372353 35785352
1156179 17861698
2388474 19422769
270972 17861714
878748 19417876
17730615 19456437
395803 19421594
1776846 19465498
2540437 19417479
15653739 19451460
1783061 19461552
1945639 19423741
6371811 15431523
6440674 19438038
2406846 19453469
3108507 19455919
2540553 19408603
1922520 19420997
2541560 19461545
1772375 19465996
1472160 19439234
6451378 19426424
877726 19447995
1787106 19426520
899660 19433528
6536037 35785353
872641 19449549
921786 19424907
2597688 19423324
865402 19434104
1369328 19436560
909683 19433939
4344374 19449727
6417334 19417392
3649567 19428001
6465297 19419353
6379629 19456888
1150544 19425001
6514657 19460027
1768959 19462042
6554764 17578894
914635 19427402
2408291 19428390
3563885 19407058
4264676 19450580
865779 19414501
6510420 19435869
1131517 19421076
3100630 35785354
1112032 19428430
1943180 19422184
1785020 19458427
1786288 19422440
2441532 19443756
6423501 17579972
6475257 19441899
1791653 19458076
2308455 19414495
310125 35785355
362455 19420490
2410473 19463519
2724197 19432552
6498851 19461604
6364726 19415247
2408878 35785356
3563073 19431767
2402708 19428025
19426650 19426649
1782697 19417498
903726 19465950
1354430 19460067
1386630 19433754
317070 35785357
6442330 17580293
6414692 19434877
19423930 19423931
4339530 19423491
6472716 19439597
6382714 19456792
6553269 19422029
336391 19430177
1810932 19416023
1146140 19445801
3553308 19422711
917196 19447895
1135770 19429542
2543335 19417864
2729328 19418811
3615002 19447917
6413030 19434946
6383564 19417286
906393 19419180
1826300 19417894
3119115 19438826
2392464 19439500
6374632 19418223
6420770 19439780
6511660 19418247
270185 19447330
6436886 19416954
743371 19422685
1601914 19452249
6445949 19452129
3597637 19432993
4312916 19457855
6467989 19414575
6523918 19418919
1940319 19461721
2543541 19418310
6480070 19422986
928320 19447708
1489505 17580310
1757460 19447397
6434912 19465774
396286 19450832
14978325 19461814
6403945 19418112
2408348 19422538
6352687 19456474
1808246 19434616
963396 19450422
3616630 19458542
916899 19413800
917619 19454473
2400294 19447254
3596279 19430703
456502 19416172
6338567 19458223
6396372 19423071
6450783 19446235
6352627 19425539
3594587 19447692
1350024 19441396
1360456 19436714
874914 19463697
1755004 19454890
6498383 19461519
6510600 19426991
3618145 19435865
3620641 19429426
921943 19436173
2382879 19447576
879265 17861826
6465236 17861827
6470013 19428805
4312648 19409869
3630789 19459801
4289470 19461078
787324 19428460
6525250 19422201
15443662 19420976
1909587 19453340
6375295 19457363
4509032 19445546
6389167 19460373
3991968 19427255
6445512 19438712
19421872 19421873
6436822 19417211
6452364 19449010
2284917 19457159
1791958 19459601
2494199 19457556
6442098 19418529
3620587 19436271
6354072 19438994
1790481 19459619
6524182 19423871
6354834 19461570
1143940 19430068
3618974 19432992
3575612 19422318
1746174 19424972
1131507 19452153
2407093 19432349
3107911 19421468
1919705 19420085
6481584 19449715
6505633 19416794
916048 19461649
2729095 19458349
460981 19439671
6372667 19429245
4517749 19441551
6425922 19426291
6514464 19437050
14829288 19448922
1769971 19407970
1912703 19429547
2401583 19416180
6338308 19422462
1832159 35785358
6538937 19419034
824836 19454633
6472001 19424231
6488059 19428017
1139454 19431927
6458075 19462018
1777000 19407567
6376176 19432802
2410387 19435228
6507633 19435226
6357471 19418938
18288614 19462209
782033 19461818
760648 19441890
920462 19462329
6466914 19417988
6450475 19442554
2727373 19462434
6554544 19431294
2396788 19424667
898030 19440110
4287822 19465095
781029 19422009
4267965 19461191
5068629 19440027
6481134 19437327
6535540 19435634
807674 19442340
879064 19423027
2541730 19434677
1923200 19453385
2540392 19458237
1850280 19422065
259379 19454789
6405345 19460199
270107 19441482
2377591 19435489
1587407 19429949
6411065 19422958
261262 19461393
2400860 19442579
6431746 19456141
2002856 19423713
6523329 19457507
6352621 19442755
6389524 35785359
6347575 19460291
6541432 19464363
6515362 19420440
6502898 19412565
888457 19413425
916971 19418056
15587995 19419881
915741 19422753
919152 19424642
910459 19449719
716268 19447297
889698 19419216
2406743 19449560
789248 35785360
1781975 19420670
2597358 19418829
2544969 19433661
899695 19426128
2332890 19441103
905010 19449538
229231 19435099
2408802 19421071
2243625 19422784
2724189 19449512
958887 19459241
2402249 19435750
188732 19407445
2401386 19461119
1744424 15523050
891259 19423778
811117 19441558
1789549 19449634
325572 19423600
1388458 19447938
6374683 35785361
6372629 35785362
6468724 35785363
6352867 35785364
6455899 35785365
6410354 35785366
6499315 35785367
1784261 35785368
2492443 35785369
6455562 35785370
6340635 35785371
3568076 35785372
6523933 35785373
6527388 35785374
6534870 35785375
6404330 35785376
1874236 35785377
6555541 35785378
6373774 35785379
6531385 35785380
9456505 35785381
3633250 19413703
4283717 35785382
6337744 19432804
1723361 19418461
2752698 19414808
2729436 19421321
4276434 19428594
1375095 19427939
437426 19444498
307648 19448045
6376956 19425490
1782800 19440345
912803 19424402
1369346 19429822
1963489 19429353
2597334 19429951
921241 35785383
6389664 19450251
6375225 19448808
1790525 19423660
2208563 19423681
6386309 19456700
915319 19423499
14833116 19420866
259024 17862058
889691 19430689
4524783 19422865
1729055 19421222
6375472 19448789
1789781 19449661
4524772 19455912
2204099 19424609
773699 19433574
1147926 17862095
6439133 19416444
4375272 19459402
2534967 19446725
6365159 19458753
2540042 19457919
6336146 19434952
1360213 35785384
756241 19423463
4001547 19435016
1789627 19416372
6432293 35785385
456898 35785386
1788493 19416917
1393140 35785387
6472091 19430315
1968485 19421204
870648 19423551
312334 19453811
810262 35785388
324164 19429994
911448 19440113
6500339 35785389
6338845 19407100
6396158 19407105
6355270 19442881
478896 19418972
905189 19419958
2407625 19429149
887033 19457487
6393246 19426903
6496694 19427395
6463809 19429776
918749 19446386
886123 19419060
164614 19422791
6375557 19435937
342868 19664011
2716987 19427826
6428138 19424574
789546 19424754
2448123 19429782
376287 19436573
4501166 19429054
1926822 19424396
1887703 19416478
6454656 35785390
4542390 17862482
6334301 24434311
6395172 19425960
4521922 19457160
6506390 19426810
451771 19442903
4258367 19435051
1964425 19415635
2398688 19428444
161114 19437160
250091 19426675
1790735 19463730
765683 19433697
1768929 19409168
534023 19435833
1790537 19449868
1369508 19422949
2539800 19429102
422513 17614639
2395077 19463138
303509 19424477
875022 19463310
261829 19426822
2404403 19438112
2406283 19456491
236114 19424839
312140 19446358
1461026 19451677
247393 19454765
919223 19446248
1834379 19451692
413999 19429773
2339695 19461252
372200 19426847
273866 19444183
683881 19455243
357135 35785391
882043 19449929
2406693 19433703
781623 19434301
386052 19452692
245053 19439114
1381690 19428723
242768 19426221
2540599 19439744
234171 19426684
4287938 19450929
697989 19424871
6466411 19457741
6337635 19407552
1734919 19428065
309499 19441562
356429 19452698
2725366 19419420
254434 19458859
1136368 19438753
1745843 19449851
891880 19441547
4489144 19442866
2408148 19454515
257722 19436685
1778174 19433106
6361150 19431151
436685 19419671
1615704 19461131
391152 19423736
1785261 19413751
1790416 19460570
1787442 19443610
6498174 19452031
1587825 19424410
3584989 19432424
3580048 19431097
289654 19436593
1783077 19433211
239933 19430895
4480929 19447506
6527822 19441594
817403 17614643
912917 19454894
891140 17614645
6430499 19438692
884937 19460671
2543745 19463217
1792256 19447854
1791986 19428302
865716 19420092
465314 19450916
4311906 19447680
918610 19411036
370697 19448630
911327 19426741
2250246 19421086
924075 19424646
3121778 35785392
4483884 19463709
908858 19456471
905499 19427799
1773033 19454637
2208506 19418596
1720251 19443368
907616 19424379
714838 19441732
6408610 19435277
6494593 19416436
259379 19454790
3637941 19430482
6404899 19436767
3999398 19437051
221967 19458721
911873 19452719
914601 19422847
6516167 19420362
4517435 19415417
809990 19416808
6425004 19430833
1733748 19443454
18279679 35785393
2283960 19443329
453744 19448711
2728303 19431040
6522503 19428765
15629064 19432063
941249 19447524
19421679 19421678
802649 19423747
6379310 35785394
15632593 14601379
15449191 19441994
6337832 19424923
12096445 19423679
4877925 19446547
4487689 19464183
1789102 19428645
908361 19449617
259306 19424616
761192 19424862
2405119 19429506
6470969 19448662
1150982 19443532
1788260 19435629
1783137 19461885
6492308 19418038
1771766 19462998
375969 19466076
448321 19422104
6439583 19434089
1791473 19454615
1734910 19417977
344932 19454875
214708 19446130
1148223 19447281
367745 19441781
6421068 6640727
1783499 17862833
1144161 17631992
270023 19424349
636825 19425094
2726771 19407245
883296 17862849
866002 19433928
1787586 19437500
1149157 19424484
769407 19429935
909658 17862859
269193 35785395
2597636 19450340
1782129 19422821
923356 19415961
2730526 17862985
2722322 19457593
9453708 35785396
9451829 35785397
6508242 19415995
239537 19446104
2720170 19452035
1773509 19454093
1737782 19459465
2540562 19420653
2387684 19446415
1781020 19419506
2540269 19434033
874987 19428174
6362155 19460816
6517821 35785398
2541098 19465023
2597236 19461049
867896 19452605
1782123 19428389
6429409 19449944
4286748 19455820
903179 19409911
1771826 19434519
1769820 19448422
1767115 19426387
899631 19427711
2727003 19407962
2208548 19408079
952231 17640289
914687 19426340
874207 19410233
1769365 19442138
6525877 19424887
4524785 19442892
902103 19414845
912183 19407547
888208 19462767
6393130 19416300
1777818 19459474
1789792 17640290
1786044 19461579
879052 19447957
1776398 19465623
2726351 19462579
4294742 19424747
6371132 19442308
1771900 19437547
1784202 19460500
915612 19465426
913836 19427441
2726727 19426933
910230 19435827
6375940 19407086
1766744 17640291
866000 19455792
907635 19428640
1779279 19418827
2720188 19450795
2722314 19428229
317774 19462719
369637 19425805
276220 19422314
1142818 19453753
2490294 19448475
2396003 17640292
285927 19447514
2448913 19431093
2410248 19449269
1788151 19435305
296045 19418382
156909 19416025
315858 19427745
5065576 19433632
1147640 19424805
3554457 19429854
914508 19466204
3688214 19423772
2419021 19431851
1608180 19447160
2408692 19436588
6486802 19431919
194038 19418430
1130989 19443030
6452606 19442109
6548462 19442209
6513295 19463230
1953330 19437146
2409394 19427645
679904 19419013
233905 19441809
2408656 19447169
280714 19463665
2404066 19420879
1854553 19446928
1599581 19428299
1640408 19407495
1610221 19430725
411847 19431818
1280648 19431841
1588273 19442043
2406219 19448555
411771 19429639
714219 19454611
954271 19446974
1557719 19464427
647905 19427977
6439576 19432263
1754613 17863051
414051 19450602
806210 19450743
2400276 19452690
732786 19429401
2433115 19429845
1149224 17863052
6454254 19416352
460405 19438627
2406106 19465666
2223848 19446526
279500 19448595
454468 35785399
2396701 19440772
2406617 19430025
6539348 35785400
2508332 19429816
222825 19423723
372925 19438873
907757 19436564
2388096 19439402
793264 19429511
1120788 19441666
339220 19426137
2490303 19441027
1112889 19453290
2405290 19438433
2436382 19441733
2407564 19418535
2397914 19452613
1136681 19448398
907697 19447398
2410493 19449690
2409134 19429750
696828 19428052
3102602 35785401
949324 19409980
305847 19440117
6336245 19458308
800313 19450056
460911 19421809
1146814 19407650
369639 19424788
168390 19459723
214324 19426705
731243 19415486
6519232 19455775
424484 19449227
905185 19449475
4497680 19430306
919738 19414908
2727318 19450151
6470782 15651937
2492092 17863203
393839 19425102
911794 19409262
353171 19447108
436195 19440347
9449194 15445347
868399 19429190
6351674 35785402
2500849 19431098
6430335 19452074
6349635 19457379
6369163 19446876
6514536 19415087
6332929 19434612
710525 17863566
1841029 19418480
6416013 19444607
6532338 19414423
6355781 19457896
4279733 19428714
6554365 19422658
6440915 15701213
6480006 19466226
4374501 19430858
1790547 19462160
5192526 19462614
2723135 19448121
2723914 19421573
6455507 19443216
2692987 19431508
5064853 19459124
2729324 19462645
2431308 19462402
902116 19465319
1789879 19427649
6452531 19455822
1791962 35785403
6487591 19463215
2729448 19455779
2541625 19450128
4497463 19447103
5193781 15475051
6336590 19462880
905920 17659816
6526702 19444325
6463739 19451434
1772286 19463016
4312759 19438106
1786146 19457113
6484534 19407549
897118 17659817
4268080 19442345
909451 19435844
6524506 19441090
4265563 19427541
2664102 19460529
6365960 19427061
905924 19424714
1772722 19436371
4284281 19410742
2724622 19419196
865255 19415974
2540547 19448165
777375 19462292
6537721 19429751
437755 19424691
2381491 19439762
180935 35785404
438357 19428007
919820 19426233
359797 35785405
373158 19423683
237734 17659819
1108088 19449905
217178 19423351
273848 19432851
338315 19425016
2414128 3915108
148895 19415064
2503260 19460021
1149754 19438936
645332 19429629
2482022 19434101
679123 19446741
4265622 19463630
3168484 19446323
2437432 19448389
259711 19422624
1128604 19431007
6341293 19441584
6503683 19444628
761898 19431047
761898 19431048
6542922 19420302
6480506 19414752
1370620 19439700
1462584 19438566
12165602 19445035
796325 19415047
677285 19421064
1921839 19433817
277506 19429487
2213705 19434333
233899 19415517
2409885 19438425
2409911 19429647
368536 17662224
952355 19439159
4264961 17662452
917521 19449108
3561691 19441473
5110213 19407816
920757 19423745
3689269 19449632
910234 19424478
6394439 19431545
816628 19441789
6372276 19424119
1781520 19421624
920034 19463502
6357154 19416214
6554538 35785406
6530679 19421835
1948062 19415381
1771999 19428585
6412936 19428589
4265910 19428951
905204 17677215
6442444 19443953
6490304 19423906
875230 19434979
6395873 19432730
6521886 19441954
6353356 19434509
905171 17863867
6443038 19439804
774964 19408533
6529532 19434722
2721738 19435575
6454270 19432720
1350845 19436642
1784297 19436664
6460609 19449408
6377731 19436666
922892 19436670
6421784 19436671
488624 15701364
3638779 19440606
6469429 19438839
2469854 19440427
5163150 19435753
1710777 19433189
6426591 17863882
1785291 19441414
3539668 19443014
2403315 19428789
6532061 19443538
1787590 19423161
293987 19422070
5181957 19429534
6351247 19444188
6406391 19435215
477850 19430737
889684 19438861
2728240 19444437
6476604 19446891
3652919 19435928
6385460 19431353
312122 19438445
4285308 19453745
6527850 19437058
469205 19442963
342061 19447192
2395057 19454103
904808 19453432
646881 35785407
3598239 19421688
19448741 19448740
2721205 35785408
4375254 19455776
880407 19430040
2539668 19415392
6349223 17679576
905305 19463098
1840594 19454483
597190 19442355
351257 19430487
1797769 19410289
1776771 19415345
2544855 19463703
6537513 19436316
6491737 19448802
2540630 19457134
1788271 19440134
6350596 19464054
6357928 19435219
4327346 35785409
1775452 19448840
6360517 19447843
2721657 19414930
2404371 19429733
1761223 19422990
633514 19413897
3527095 19438733
257106 19448093
3620051 19414872
6395363 19421372
1778049 19449565
1786074 19449672
2541781 19449890
453960 19450124
2403301 19450759
6556083 19435273
747969 19447252
6527088 19448923
276947 19427839
6453284 19436135
3571935 19430019
1358044 19418738
6343839 17863949
390998 19432221
501900 19429660
196116 19429836
2337206 19429138
315852 19430267
2408181 19423192
450878 19447903
385659 19454301
173402 19433035
921475 19454362
6510495 19454528
6556366 19423905
3602061 19445727
6450836 19455652
872476 19455707
709210 19407292
4264441 19455768
4284831 19427701
2404465 19455806
4296827 19420499
1664488 19425978
688553 19410917
2704115 19461871
1797674 19457097
3617726 19435730
867599 19447620
318712 19453410
1149211 19446730
240063 19444273
2719170 19450604
6337616 17683717
6541139 19449135
909449 19459375
2459731 19448632
4454732 19451028
15725883 19449152
2727313 19446377
889289 19412076
2543773 19455937
1138540 19427887
256089 17863977
909550 19454502
3081841 19460656
6427048 19428331
6543185 19460697
756160 19419520
300846 19433912
811536 19429630
990927 19449238
6413248 19452221
1110615 19430184
697349 19459673
15523306 19449244
6464163 19434117
1345739 19436493
3439439 19435586
920843 19431468
6494273 17685175
6503917 17685183
726461 19429862
6502351 19416853
6476632 19430712
6360852 19418170
1782028 17863993
2404564 19458996
4291375 17863995
1148233 19462052
6547193 19449490
6534030 19462054
2401018 19441703
1363877 19458443
477244 19440608
2729533 19457708
910449 19462170
2728245 19460366
686633 19450862
6492854 19449926
6513672 19462246
1787599 19462316
819490 19429619
923368 17686322
6540131 19435007
458766 19436192
921789 19442377
6375697 19462406
6371899 19449708
288595 19436833
668471 19440660
412771 19447005
2408018 19461356
4525457 19430740
917621 19462426
6470004 19428557
6381674 19440584
15512548 35785410
1767504 19422971
2542351 19462435
6451218 19414169
1151453 19451222
3526760 19436701
612474 19413688
697349 19459674
6382664 35785411
464065 19429784
6380356 19462456
3489146 19422006
3936035 35785412
6447727 19425786
691469 19446643
1777683 17688413
269787 19427841
1787522 19449940
361507 19424723
4279957 19462661
1785748 19463017
2396431 19450824
6384184 19437272
1788864 19463101
876002 19435901
6382878 19463109
1354523 19442312
1709155 19463111
464785 19452126
6444316 19435902
2395626 19438737
6458529 19441889
1592994 19442951
6434589 19416090
6427910 19463122
6504741 19450002
307935 19463137
4264520 19436051
259156 19421567
2383894 19446969
758242 19418376
1512614 15701714
447534 19450835
2521511 19447426
1525459 19463166
342698 19459849
465280 19429514
2405141 19441736
3544881 19441924
2399724 17864106
6460979 19450052
466993 19410938
27801587 27801588
905587 19420860
4288250 19435953
924071 19463319
6340692 19463320
6404685 19450053
1777141 19463323
6486986 19459881
4279145 19428542
6341756 19450100
2402904 19465567
2540574 19463330
6434994 19436513
3597346 19435958
2539840 35785413
896613 19447341
6466358 19450411
6385472 19450114
1790008 19462274
15445038 19435960
2402648 19446857
310029 17689852
6426986 19454392
919732 19439864
3603447 19463425
414005 19426969
1783808 19459324
351879 19428039
222675 19441906
1149264 19460957
571242 19445077
465294 19438054
6505794 19449350
2407295 19457716
358779 19447210
1151107 17689946
6548532 19428597
6384096 19433656
6468416 19433321
6369131 19416036
2415092 19441544
1545315 19444570
335475 19429900
4275719 19463460
6474240 19432649
3596327 19436002
6356851 19452912
4516789 19415700
3556665 35785414
700046 19438199
1786793 19463468
350823 19438406
6396211 19437434
815290 19443936
6348720 19450265
6407542 19449484
1790733 19463487
910533 19459430
2539629 19463583
327718 17690310
2408416 19438543
2406407 19438121
478914 19410634
326327 19438418
4467261 19463787
795203 19427754
2540986 19450213
3095219 35785415
2744055 19464443
920944 19464599
795626 19426380
2407110 19446956
4277845 19464694
1453120 19465456
900936 19462665
6422218 19449393
371181 19464179
222319 19427997
6502744 19450434
1575579 19466213
1773799 17690834
6495997 19426049
386562 19458632
874966 19446253
3891078 19449379
4264573 35785416
460439 19406920
342868 19422296
222727 19455001
6486941 19450432
2392749 19453833
2381898 19407820
15528150 19457096
15511144 19450510
3080500 19451789
6332957 19407099
3564693 17691110
905183 19462590
923719 19407027
2723820 19465389
370903 19453907
952383 19407054
1591521 19463745
6359406 17864160
6407663 19449362
922786 19455610
3545971 19408430
4475125 19457684
1780756 19460691
19450584 19450585
6413449 19407094
885083 19453762
1146783 19446528
2721862 19464416
6417855 35785417
3551895 19436244
6545583 19450598
4485551 19407179
3553273 19436495
466973 19430728
2398913 19459855
597868 19438203
6388604 19464393
3075202 19448417
259010 19462501
222245 19423160
452893 19439520
945181 19427588
218529 19428144
2405991 19459828
2408805 19459567
6396885 19407545
260763 19419473
1156534 19429608
6349341 19436301
1786806 19407599
276232 19441885
796788 19444292
6429749 19408683
6552886 19407653
368166 19450937
257524 19429104
2409462 19461902
6333354 19450790
3642223 19435857
796652 19448116
10485867 19450560
326607 35785418
339406 19408360
6504598 19450774
460504 19408030
1376284 19440483
1149625 19453358
273804 35785419
369857 19453949
624259 19429504
1525192 19450849
4288033 19408060
877667 19408065
706369 19447336
1593931 19446748
15724887 19441205
4528996 19450874
276965 19459245
363029 19428870
2539694 19408229
1687697 19451220
887923 19442363
881113 17864212
865252 19426143
6429496 19450889
4501508 19408252
6394706 6782718
6521103 19408261
6480835 19450904
1147053 19438877
1807891 19436793
1119071 19408380
6442988 19450945
2378088 19408418
6405759 19408421
768472 19433781
308968 19438412
1464566 19439154
3621889 19444712
6499868 19436401
2490308 19465615
369176 19422781
2409541 19435954
3110644 19441332
2403212 19429335
1740767 19429049
752822 19459766
2728927 19408617
275154 19435482
918976 19451476
2597441 19450703
1728573 19432537
6346946 19429827
1634995 19440694
2393008 19439090
1951578 19463275
430780 19439084
1787245 19460340
905504 19432047
919148 17864237
6386555 19442092
9451419 6468132
884311 19451647
917616 19454702
1773103 19408830
965420 19440987
3114672 19463209
1776895 19454830
613996 19408864
1788948 19433280
1147549 19435420
4273812 19409103
1997770 35785420
1338953 19448095
6552339 19434982
370907 19462543
1157193 19437639
735428 19429531
2541270 19424954
1777214 19422810
3305942 19410047
579855 19428530
6545966 19410077
6445069 19451257
1779070 17702907
2433187 19410109
2445663 19439811
1791821 19447972
9451422 35785421
1782810 19437508
1406356 19430914
1289364 19451280
4264704 19410181
1755526 19426715
903175 19459789
2724186 19409589
6543740 19451290
222355 19446466
6346105 19442219
1768253 19450548
4497274 19410379
3549385 19410382
459014 19437624
6370148 19465991
1149622 19464905
4277233 19450547
6469185 19418864
6437602 19436220
2404608 19410592
1977994 19410663
6437501 19465453
2727161 19410669
15673044 19451386
6391846 17864545
878230 19410696
1149938 35785422
714385 19458399
1149528 19447332
6455853 19408443
735021 19433949
6506281 19450079
1157558 19448559
357989 19452324
6406885 19451418
6493418 19451420
1148950 19433908
270157 19426006
341190 19432247
6532202 19434041
703571 19441772
2463269 19432156
1588097 19448273
6425813 19407881
1150889 19424370
6467023 19451463
2393474 19410986
883895 19456777
6472738 19411033
6365286 19440955
6386293 19455823
1629526 19447042
2397808 19451737
2436897 19411079
4285621 19411111
921255 19463259
489994 19414037
912859 19438210
2730556 19462657
6346555 19449373
333468 19458615
2391763 19433819
331141 19440240
6393203 19423710
4548780 35785423
2439117 19437649
320733 19422802
658844 19439116
456932 19411542
12168211 19451519
366163 19438549
238846 19411664
1125151 19411670
865261 19453312
945404 19438398
3634474 19447538
2402956 19453337
6334957 19436766
2724403 19457827
1732186 19412064
910117 19439338
4289108 19412067
2395096 19450876
914638 19420534
289650 19433628
6505912 19446123
2396776 19447733
345971 19427873
6402337 19412192
1775085 19450778
1770144 19412305
2390367 19455273
4459477 19412320
733561 19430566
705240 19428966
4374704 19455137
270055 19446471
6490372 19451694
6543732 19436711
1777031 19428312
1150431 19440180
4490806 19450772
1767089 19463671
6517425 19414258
15626277 19414259
2514561 19433563
6338142 19427282
1351259 19458266
2407838 19455646
1791162 19458207
717872 19438034
912794 19455782
309987 19429906
6359513 19451778
6487492 19439820
1790390 19410180
6500498 19451783
1803761 19414412
6346238 19440970
6568354 35785424
3350387 35785425
15523457 19451786
874916 19433203
6550402 19438554
6488938 19410299
3572838 19450848
6532388 19430767
463443 19448228
9478290 19425797
239241 35785426
1147177 6577884
223127 19438725
301870 19454316
1380734 19437645
911763 19442872
1146917 19453066
460092 19443409
1158696 17709031
1787678 19460870
273434 19407460
6375549 19451874
1404647 19414765
358407 19431159
15642367 19446879
465335 19414770
15445981 19451884
6499999 19439856
6483417 19451902
15711901 19451909
802156 19438581
1780580 19414843
408178 19413996
354389 19438537
408178 19413997
796404 19431880
19451956 19451955
252069 35785427
369673 19458680
1148242 19420217
6451355 19415032
6440666 19415036
889668 19436038
14819110 19452017
1525836 19452019
2672368 19415105
1342830 19442106
909722 19464504
452751 19440675
673231 19429684
1150930 19415251
460625 19415253
413163 19459284
15543313 19452047
920279 19454178
6342715 19415295
2395616 19452059
6388641 19415095
2394536 19430204
910503 19413722
1788418 19452541
6339955 19457432
825992 19454273
6541115 19446390
3520030 19415058
1772896 19418513
909540 19457190
6407068 19452877
875081 19415675
2375718 19448377
6485375 19446391
6343495 19429663
2404893 19408980
6529971 19408945
6436204 19415774
776642 19427230
671640 19463744
1781022 19415966
6415856 19415970
6426778 19415971
2719101 19416559
2409073 35785428
224298 19429517
922570 17710005
865602 19410049
6475421 19408740
2540628 19428498
4376943 17864666
6489158 19452258
4264832 19416289
4489604 19465979
6353374 19414046
1151371 19416175
15630352 19442130
1728037 19424654
360263 19465845
921261 19423258
4520512 17710380
2539351 19416574
3508006 19422259
2406418 19429407
385217 19424981
919824 19452500
1424382 19423358
6532557 19435341
4296168 19461654
6336880 19450218
888951 19439019
6509658 19453502
1786825 19429912
668427 19429009
4279808 17710563
6353175 19463501
952308 19438531
6376560 19450201
1772818 19459559
6510301 19416952
2589265 17864686
1775170 19465949
4525784 35785429
6341104 19455308
1147781 19440838
6454836 19417049
1766990 19410015
27801452 35785430
6537348 19458691
2727241 19410400
270083 19439386
585347 19448100
2680425 19463426
2727936 19417135
1370135 19429607
6484655 19452686
1757303 17864698
3375052 19452399
6526187 19452584
4458021 19414727
1351749 19437582
6535035 19450095
6508462 19446780
15642515 19452712
1109618 19442632
2406108 19436194
2406904 19429153
458242 19438541
6492622 19451140
3070057 19450864
6357941 19452832
1787182 19408233
619204 19428986
2504472 19431533
2539092 19417324
6413612 19451748
1807403 19460479
6453643 19431505
6466011 19464444
6389020 19442022
6385266 19452891
916719 19464133
6494297 19415983
6385500 19456056
1768219 19417054
6550737 19465491
6548748 19452950
2727538 19419726
6413910 19454055
1780252 19459830
2409877 19465804
2722308 19456899
890252 19447407
1348121 19431128
1786115 19451699
1783979 19458065
9448254 13777776
6537485 19453142
3118488 35785431
4500288 35785432
3121106 35785433
1146286 19447378
6341838 19453231
870650 19459933
285441 19440499
12107679 35785434
2408252 19449747
309513 19447891
309139 19453281
371087 19446672
6542692 35785435
1362055 19459685
2721866 19447661
741107 19454629
2403978 19452154
1992132 17713067
6444189 19459000
6537623 19460509
6410197 19453300
6375545 15652332
1773026 19417913
1792769 19465501
4272087 19451763
2540367 19417946
6400115 35785436
6473257 19446852
6369929 19430963
9456422 35785437
2007447 19430798
912798 19434550
2727181 19419617
2729405 19406943
2540535 19464016
1767458 19451578
2402646 19414934
4496050 19450267
6351131 19430991
6421882 35785438
6554496 19442699
708143 19431129
1758662 19447096
3415213 19418088
6485736 35785439
6369871 19435392
1774425 19418767
1773528 19417468
896951 19462852
689704 19442989
6479185 19413870
2407695 19418127
625372 19439715
459374 19453391
460014 19439912
3540374 19434039
16385008 19422305
1872112 19435952
6536681 19448852
6446872 19421504
401147 19441934
390746 19442035
462306 19435741
17177603 19453508
6402561 19453521
2000079 19439822
6412689 19460430
2397055 19439247
890487 19433924
336399 19447546
1352120 19446919
6357496 19430720
2397042 19458341
6433437 19450345
4264913 19410294
6373947 19453640
923962 19418543
865153 19460152
347891 19420237
923008 19437663
241976 35785440
395675 19423594
2406214 19436072
3499690 19407570
921554 19459456
6532996 19453671
6538137 19408973
4280496 19417545
6451327 19418610
1774654 19423089
1751405 35785441
1149495 35785442
2730550 19418604
2540387 19459682
6483754 19442075
6486102 19435579
1627245 19432198
458474 19441607
958384 19418528
3563523 19453835
1112876 19447361
1147616 19440139
6386327 19453754
812384 19424580
4264931 19460922
6478947 19450860
1777066 19421828
9454257 35785443
6457121 19453236
6535661 19444615
1780214 19444606
12003859 19436546
6431224 19442739
4372522 19416480
9449811 35785444
4006758 19453665
1941526 19410142
6451327 35785445
1791102 19418617
6541919 19437039
3518881 19411634
6406636 19418947
2407154 19436449
6469716 19453925
1522528 19443573
1784025 17720127
15667665 19433713
2411958 19466121
2543539 19450814
2528218 19436497
6506236 19449358
1122972 19453898
278696 19465645
347887 19451046
6377632 19443464
6532001 19449233
1995338 19425021
495078 19426047
364929 19421121
6355925 19422899
1795874 19418476
15446226 15446226
19453156 19453157
15446230 15446230
9449862 35785446
923359 19459790
15446234 15446234
1587959 19462610
461571 19456732
236296 17864922
2362226 19460194
351019 19426563
2409268 19429227
2357399 35785447
6533029 35785448
552930 19460840
6527567 19426463
4006165 17398863
373851 19459527
6486303 35785449
1688303 19419433
350793 19427866
6437678 35785450
370829 19419466
462731 19438529
6476161 35785451
9453245 35785452
9453172 35785453
3994500 19427130
883696 19433541
3620124 19455375
6517066 19407197
1790459 19415668
775912 19425602
708628 19429558
2401542 35785454
1784612 19419435
6334628 19419619
253640 19429720
1585939 19420805
6379110 19438033
1774275 19417256
6335083 19418945
458778 19453373
1783289 19458273
897784 19458030
1770762 19408727
6364013 19455459
9449887 35785455
1142943 19430083
1790841 17723213
948890 35785456
2208593 19439530
912263 19419032
6359528 35785457
6469967 35785458
2727282 19408639
1719266 19417786
867305 3965589
729466 19447247
315382 35785459
6490468 35785460
918110 35785461
1950698 19428051
6357286 19420641
1770770 19416599
4285551 19465620
915048 35785462
909429 19428496
293459 19458658
2729326 19457046
15637770 19454860
2497037 19414061
1791580 19418439
6367851 35785463
6433787 31153286
707718 19430597
2727200 19417621
2724898 19463142
223868 19423699
6378383 19463274
919736 19449939
211352 17865062
214702 19441390
6342003 19455019
411509 19426493
1118619 19433242
497310 19437587
1775548 19455041
2726957 19459538
2729432 19455636
2410164 19418597
690292 19437130
4265014 19411031
1789521 19433669
6343429 15579516
1493852 19433903
6508829 19447840
6416541 19411325
1788852 17726663
1146418 19432638
2476191 19429334
4382947 19453200
6479930 19446755
1775604 17865092
3935961 19450767
868954 19442991
468136 35785464
909685 19439917
2404247 19435581
6504330 19455226
918492 19460537
1385343 19432365
6479370 19432267
6415517 19460131
1802801 19461082
868599 19439355
2407832 19414533
887688 19427309
2411944 19438870
6341765 35785465
3110540 19448223
1810751 17728969
2450250 19454535
457811 19450712
4344633 19411024
6436371 19455385
2392343 19446120
699580 19436440
1131504 19435955
802705 19430246
362401 19423121
388260 19427288
2403037 19447408
1357528 19464441
6469649 19442947
935386 19429543
6520305 19455461
3490456 19442642
461003 19410678
2727062 19452604
339182 19437633
709308 19441436
667215 19421837
2483432 19465523
1335201 19455531
2394799 19447659
909544 19455783
2517069 19429831
1147170 19452628
597489 17865191
6360804 19459239
4312703 19455639
566855 19441498
6527970 19455586
730825 19424860
19455597 19455596
1778161 19455843
918873 19416274
6386925 19446197
15709344 19454649
3615230 19418519
2429256 19433331
1520580 19451479
6355649 19455617
6387545 19441334
2543751 19426109
1503794 19431269
909687 19421239
1768076 19428810
3579172 19442302
6470646 19429664
908474 19440097
875524 17865211
920682 19428602
3414210 19455647
1108310 19440843
1108307 19455671
460651 19458669
1108307 19455672
1365600 17865213
910162 19449547
6486534 19434507
1147592 19428994
1148374 19155055
622486 19429654
767835 19444521
222009 19448110
1344255 19421274
270355 19434988
451759 19421276
288896 19459437
465296 19454239
366167 19420694
333466 19447602
458298 19415305
1369034 19410716
1595430 19448098
366691 19432138
3540937 19429687
3065250 19455736
1773841 19420864
453566 19417185
787551 19440732
473096 19421300
6358589 19456047
788158 19440967
2406468 19461576
1519416 19421338
372204 19416109
281734 19441219
6467422 19420138
635992 19442563
572275 19426546
6439602 19417676
430561 19447832
222313 35785466
301104 19427967
455600 19416010
1146923 19428360
457120 19458303
246261 19459196
251396 19420609
222109 19440626
562765 19413665
2382074 19408968
464797 19421577
239537 19446107
6361798 19433589
350347 19421598
3088502 19455402
1774853 19462592
239225 19426529
3554253 19433799
1398110 19417277
2396631 19447381
684357 19428159
1111764 19421657
2408507 19447428
907372 19422023
753367 19446336
254440 19432111
1379556 19447040
242986 19446641
1910017 19455129
475898 19432414
6546208 19466205
1362680 19429600
6365916 17729785
6496246 19449779
765747 19433210
1421779 19436463
4281146 19415242
2404632 19435532
377256 19429330
6424679 19417199
1767010 19409715
676597 19414287
2343549 19427748
6402620 35785467
6457852 35785468
6506133 35785469
2389354 35785470
3528529 35785471
2540973 35785472
6536812 35785473
765220 19426313
6540401 35785474
3580953 35785475
2404626 35785476
914593 35785477
6518172 35785478
6337181 35785479
1766436 35785480
6521273 35785481
35785482 35785483
260799 35785484
6394519 35785485
6463536 35785486
6466009 35785487
6405356 35785488
246371 35785489
1775593 35785490
6343174 35785491
6396803 35785492
3581659 35785493
6541037 35785494
6556430 35785495
958598 19424947
6349698 35785496
6437955 35785497
6458277 35785498
6472364 35785499
372194 35785500
1390745 35785501
1481947 35785502
3102435 35785503
6468079 35785504
6363079 35785505
6432816 35785506
6349347 35785507
6422386 35785508
3610190 35785509
875026 35785510
3533375 19417001
959824 19435146
6504323 35785511
1636998 35785512
3101122 35785513
3093389 35785514
2381124 35785515
3106438 35785516
9454757 35785517
6503974 35785518
1587410 35785519
6510198 35785520
6534893 35785521
420541 35785522
770295 17865239
6396082 35785523
6540784 35785524
6427146 35785525
275150 35785526
6364668 35785527
6514209 35785528
6542204 19669756
6486996 35785529
6352526 35785530
6351584 35785531
6517366 35785532
6411361 35785533
6470033 35785534
4292188 35785535
6389511 35785536
6337551 35785537
2402797 35785538
1567477 19669757
12100908 35785539
6547278 35785540
1577930 35785541
12090472 35785542
1361467 35785543
6405606 35785544
3577346 35785545
6433252 35785546
6487030 35785547
3093619 35785548
758311 35785549
2593075 35785550
6461409 19463194
2000901 35785551
6458116 35785552
2208366 35785553
11441975 35785554
1646638 35785555
6348395 35785556
6556133 35785557
6440317 35785558
218087 35785559
3454594 35785560
6479607 35785561
6400056 35785562
6443984 35785563
233675 35785564
537096 35785565
1137126 35785566
236142 35785567
6450096 35785568
6461831 35785569
6480579 35785570
4381583 35785571
2593374 35785572
6340516 35785573
6533171 19456672
4332181 19450525
6341375 35785574
3642430 35785575
6401368 35785576
6362535 35785577
2381108 35785578
6548050 35785579
6401719 35785580
918595 35785581
6364113 35785582
6442062 35785583
6543203 35785584
6398096 35785585
6537900 35785586
4288976 35785587
6324724 35785588
6407719 35785589
6555808 35785590
6377573 35785591
6430325 35785592
6380030 35785593
6343254 35785594
1532500 19669758
1791486 19459847
6407358 35785595
2461441 35785596
6449966 35785597
2686369 35785598
6468472 35785599
6396068 35785600
6468735 35785601
1350958 35785602
958396 35785603
271094 19449287
1399071 35785604
6398927 35785605
6522565 35785606
371663 35785607
3065263 19455312
6362920 35785608
900934 35785609
4524793 35785610
2719214 35785611
4534950 35785612
6385409 35785613
6342833 35785614
2538916 35785615
2416463 35785616
6556782 35785617
1826079 35785618
6549198 35785619
279522 19429778
6481757 35785620
4313257 35785621
4312772 35785622
2215636 19427570
26354762 35785623
6420176 35785624
6540614 35785625
35785626 35785627
6429212 35785628
6386042 35785629
27801692 35785630
3566317 35785631
6337731 35785632
6383627 35785633
6464524 35785634
869619 35785635
4277098 35785636
6440989 35785637
6464925 35785638
6484696 35785639
35785640 35785641
4265437 35785642
20960872 35785643
1778332 35785644
27568133 35785645
6397415 35785646
1340211 35785647
1633451 35785648
6371658 35785649
1636627 35785650
6384031 35785651
6375193 35785652
1410949 35785653
6351204 35785654
6407017 35785655
6376024 35785656
6545069 35785657
6470399 35785658
6506210 35785659
6401690 35785660
4469424 19456319
6388459 19423187
867555 19419124
2531529 35785661
3581654 35785662
9454189 35785663
6491058 35785664
6366018 35785665
3596293 35785666
17403486 35785667
1791470 35785668
6462319 35785669
2542116 35785670
2410170 35785671
6467206 35785672
1595267 35785673
16389630 35785674
6465687 35785675
6464014 35785676
6496933 35785677
2414132 35785678
16389506 35785679
4454730 35785680
6531970 35785681
6439436 35785682
421641 35785683
4518613 35785684
6467088 35785685
251462 35785686
2395274 35785687
35785688 35785689
6508313 35785690
3559734 19430039
6451601 35785691
6384499 35785692
6410187 35785693
460250 35785694
6529303 35785695
3436365 35785696
4265059 19455270
6432064 19449906
2401411 19438927
2728263 19422675
5175142 19407920
14830412 19457356
6377585 3934072
2422191 18281490
2422191 19442315
2404324 19456223
782353 19438084
3595082 19435302
1136419 19430446
1360716 19447175
1384465 19429025
773070 19433947
309925 19446935
15580356 19456277
710503 19419067
1730480 19414166
2475289 19433680
2541140 19418394
2403457 19446428
1728920 19421641
1124229 19465528
772252 19438640
6403932 19426232
6377305 19438971
6518663 19431727
3567722 19448489
1812286 19415481
1572727 19448412
1113556 19436357
236182 19446669
169857 19428087
6527801 19446395
1997241 19448049
6547365 19434219
2383719 19416924
1420973 19429714
2404053 19447024
1767321 19422207
1147559 19436591
4307284 19457377
6373704 19413065
1766903 17865257
228434 19444427
5159661 19465946
6460567 19456443
6333047 19439322
2432204 19438779
450124 19466090
2710624 19456823
631880 19416245
911792 17730671
6379138 35785697
237086 17730695
4292900 19459498
1523264 19433984
1790651 19462788
4451141 19435390
2410259 19454644
1356444 17730817
4274805 19432262
6494106 19430017
6336614 19449753
2492108 19428055
261440 19426915
493932 19446585
2719112 17730847
2458272 19431140
6544499 19433769
952342 19455420
1723128 19430264
6536846 19407422
6536093 19418592
910540 19450475
1774129 19459413
264770 19455158
905081 19417162
6436080 19456637
1788727 19447726
469873 19451613
6420286 19432294
6408185 19459992
2539341 19425822
442285 19428100
2593699 35785698
6452241 19417512
1582740 19420847
1772604 19430346
6491656 19462649
882036 19434283
884024 19426769
2593832 6599195
865263 19425447
763502 19419004
1146820 19416756
6357521 19456770
908358 19416949
872018 19449531
3571758 19417150
1149884 19429120
2410106 19430299
639316 19427816
6543053 19437046
1785332 19417605
2049662 19407372
2410234 19423070
1594509 19447525
364734 19439250
6483816 19429644
309515 19441786
278628 19415526
2402115 19434152
2405617 19415342
650308 19429787
351441 19458323
3618909 19428732
6545145 19448280
296185 35785699
4312737 19464590
913871 19414438
6448694 19456901
1633303 19453660
6335245 19423284
6509873 19423314
3686333 19458410
1150079 19429067
6456057 19420911
3070422 19439309
2406145 19458367
6465869 15726555
2696136 19417797
6431089 17731883
3078113 17731896
1834161 19435234
1606499 19429749
419059 19430159
2724158 19424697
1766072 19429163
1785338 19447393
173404 19432613
433291 19448707
2403953 19457273
446067 19419470
231293 18910714
6414216 19410266
4488353 19455232
6495861 19447883
1790636 19423889
2727471 19417994
1777575 19423890
882689 19420770
6448885 19457192
952351 19418014
1828816 19452902
619484 19432533
1147481 19416744
2406530 19464766
875087 19431999
6462441 19424205
1783319 19424206
388176 19424208
6488711 19422824
279502 19433990
465310 19448079
691844 19448092
2200017 19438652
6455912 19423142
1776100 6617094
872378 19455126
287750 19424493
874373 19449966
1770946 19456554
1791083 19452165
1732452 19427934
1587331 19421758
1909187 19448530
2000050 19416977
282551 19408119
1919474 19420889
313680 19429147
2405238 19433923
6536274 19431485
6481374 19418623
6404563 19457360
2408492 19462774
824434 19433759
366225 19452700
450820 17734145
899783 19407611
6362991 19439619
6499960 19450476
2398323 19451976
441510 19436366
1387154 17865393
6517859 19449951
1791763 19443643
19463279 19463278
6554511 17734199
6449785 19463553
921780 19424337
3693306 19416586
4283420 19443227
1940009 19416363
1150396 19447043
6413659 19460596
2405116 19450607
3609943 19440595
6388392 19443237
3524608 19438375
1768327 19422458
888578 19433475
6371488 19461813
10494325 19450336
365801 19439413
6381605 19442778
6437716 19422007
1384459 19437472
6549734 19446732
714621 19424287
6338648 19438934
2590699 19453606
2407381 19465981
4284409 19410587
683310 19426777
4290193 19454565
411937 19447414
6471286 19450921
370084 19452375
2393422 19448225
3455062 19452215
451849 19430180
473044 19433648
3589968 19439740
4371326 19435863
460096 19448229
2409729 19428816
6342355 19447052
1132913 19422660
3554251 19430304
6489275 19435773
1524422 19424656
2354299 19455810
2395864 19416523
758527 19465042
2399793 19453038
2427981 19421185
135864 19447915
1364730 19424230
1151203 19430280
921620 19415681
416222 19431010
6420497 19441251
759546 19432301
907898 19464264
903485 19458368
15633355 19457558
452339 19433767
1784017 19424726
920697 19446667
2408688 19430878
1852752 19410255
1132915 19414933
2409953 19458025
2401861 19454776
1150645 19459287
6514728 19439806
911657 19438872
801942 19443943
6471363 19439812
2400640 19441602
475108 19437607
1372650 19466013
1741354 19452279
6553016 19433517
1597002 19416862
2729196 19462676
896650 19449625
709200 19438080
1772881 19409861
1773057 19416568
6386997 19409850
6385211 19454354
3616719 19433780
419283 19414579
909952 19430181
2478443 19430640
918739 19452916
1378846 17865414
410697 19433741
6471128 19409959
6459163 19433525
6428679 19408994
2407218 19415384
911322 19462647
6506814 19465628
879262 19456702
15498406 19407177
909741 19449516
310085 19423413
2404795 35785700
15523830 19457713
1791619 19456817
865338 17865417
413901 19457721
1850518 19457723
2387946 19464983
409689 19438331
407118 19440690
416932 19447533
920692 19431677
279526 19424890
488087 19434998
459767 19465651
1767093 19456310
461565 19441552
2515088 19459257
688569 19429893
1336385 19457751
1147212 19439382
919734 19449290
1455864 19459873
6435920 19415279
781801 19433736
2719920 19456903
6477291 19457774
456818 19429019
2407112 19465649
2518563 19433536
1518385 19457817
1137175 19428658
6352666 19424998
2409522 19421513
912000 19445799
6481016 19457846
6519828 19416535
949321 19418755
6444989 19441021
3532441 19433643
6548838 19432482
2403041 19430141
915466 19425056
1421564 19430809
1447184 17735233
15650641 19418214
910251 17865434
936554 19456643
2396297 19452086
6442209 19463603
1791567 19413723
6516519 19416333
307764 19451651
6357586 19419397
5188090 19410128
3527372 19454533
6362073 19416456
2404584 19446859
4290214 17865443
3110465 19453703
2540543 19465138
2399910 19439910
2409366 19429717
914125 19462789
6435453 19425725
2020666 19435778
2404682 19458063
1364999 19458068
1349534 19465838
6418264 19410137
2727060 19425199
6456346 19428756
912187 19457316
2477484 19423320
912868 19439150
6427158 19430723
1149356 19430152
362457 19429555
6328337 19439291
611953 19449848
561290 19430536
1150830 19448727
369863 19427349
700554 19458129
921234 19461829
6514951 19425497
921046 19436004
3561635 19441601
236138 19436323
246375 19438385
2391429 19447358
214706 19465827
2544646 19418309
959238 19463008
1711239 19447653
6469848 19458193
865257 19414643
1802895 17736174
631243 19427834
1727633 19425618
784650 19426084
6418445 19415474
297621 19447503
6468190 19465974
6378642 19452913
281768 19419538
3625721 19420964
6438577 19450415
16369144 19441480
4265304 19452621
2727923 19454510
1367268 19434085
619446 17736301
6522507 19442614
6507873 17736369
959513 19423056
4512442 19425097
1790865 19415340
6412397 19419633
698640 19433954
6356020 19465984
6351554 19440741
6374027 19440401
327950 19430457
875232 19438122
6352424 19424439
1461974 19440246
464691 19446474
2474873 19426125
3621781 19432634
2402077 19433756
812601 19453399
1372359 19441743
6460065 19440142
2198693 19465145
909737 19451184
6358506 19435813
1547104 19416923
224981 19426937
308292 19431537
240199 17865526
4284805 19407533
6547225 19458570
917179 19454622
1785465 19407789
887110 19456765
4513041 19419392
559252 19428287
2402631 19446936
272083 19418600
6475639 19455462
1144529 19430816
462462 19448099
1790194 19434528
4289798 19414739
3171990 19424524
6344404 19415332
310111 19440504
224977 19427759
2404641 19454223
1125742 19453089
357961 35785701
353615 19437622
552163 19447619
609396 19426545
452913 19453153
1461141 19465624
1360421 19439141
4265442 19407078
1136372 19438430
221755 19444179
1376728 19458498
222509 19442373
292467 19441642
1577761 17865548
6444157 19458984
1776386 19464414
349423 19442876
2406014 19430002
15547603 19430233
6532012 19462761
2399330 19458429
282483 19433620
587529 19458655
2388231 19459059
333476 19440251
506161 19438613
1148745 19420612
2402741 19461470
6476314 19408655
4294451 19422483
812338 19417588
4535006 19438574
894366 19419361
367362 19442889
2404121 19423800
6323095 19459118
6448858 19428278
2730561 19464389
1634760 19449656
1112519 19447597
6366342 19414454
6458723 19411184
6347870 19438803
1789214 19464156
4278943 19425966
4281779 19414097
4455368 19421348
792456 17865573
6511231 19430810
2406522 17738001
961968 19453228
6505888 19425066
3620897 19433701
912466 19458627
891346 19424737
710383 17350245
1780436 19422433
2391713 19458543
6403021 19427271
2719092 19457282
909318 19457240
6501563 19427283
6450043 19460201
6475497 19461790
2406470 19417023
694735 19419985
2517726 19443274
1142706 19426052
1772790 19420485
3549818 19438578
1779828 19417623
6415536 3930809
2540300 17738379
6484291 19418985
1785687 19463633
917304 19450693
6538424 19439730
6356830 19440454
1949111 19429676
878281 19444715
726808 19408918
1806309 19462541
4309981 19435031
633490 18279723
1841141 19429964
2724989 19449844
2729340 19462853
628514 19438719
729864 19451618
2405887 19431008
915669 19419592
1998046 19413823
2395300 19439075
6421058 19449913
2398206 19441907
1774700 19462575
365809 19448409
6538147 19434249
2729338 19463096
6371770 19459655
436993 19441329
736937 19459220
350935 19424904
942337 17865613
1789025 19463795
420226 19419117
362431 3916055
1743812 19433598
619344 19424294
6375125 19425546
6414763 19458358
952349 19456862
4312814 19457195
1123847 19429023
6494836 19447131
1791199 19410412
905199 19417993
369461 19460614
9456542 27803190
6547652 19440587
6552564 19459734
1791081 19427844
6364259 19420968
1587666 19459212
472557 19431319
1148748 19423516
923361 17739147
282385 19452456
901519 19444349
457657 19431525
414019 19458414
305136 19438186
6400373 19446593
342063 19437044
360251 19416169
1498048 19455156
6443776 19440528
909979 19465647
6412029 19437514
1789042 19443566
4530685 19448210
6387054 19432812
3567273 19429861
1919177 19417219
6433539 19414183
6460916 19441360
2397229 19440519
2208515 19465451
6391713 19415663
644546 19444622
358787 19447603
1107923 19426275
446131 19424780
349421 19429536
257478 19424391
373855 19443849
4282170 19465473
6378158 19456624
12163434 19440552
4460506 19420788
911535 19458300
301102 19438091
222839 19442965
309907 19458635
264643 19465901
213183 19423026
6435904 19450173
414821 19425541
6455905 19463753
6487609 19459943
6376452 19431938
6535812 19459958
6391858 19407368
364728 19453744
355123 19439920
524814 19457011
452929 19447954
3602235 19452646
6537488 19418764
255457 19448329
6446655 19450612
1521259 19459281
2403716 19438590
1307099 19458351
1784161 17865651
6448826 19460010
732946 19424820
914899 19462772
2725551 19419632
813358 17865657
6445490 6696251
2444773 19416472
6372296 19460046
921249 19441022
6492317 19434100
643180 19448287
6425107 19449908
6352428 19431391
952295 19421091
890274 19450567
2539811 19460121
878550 17739610
1770432 19451091
6334117 19462930
2406143 19455307
1786865 19422455
725080 19435119
2719996 19418872
3546977 19410566
322776 19436365
2408558 19417132
3690695 19460160
2410414 19458244
872744 19460162
6463134 19440692
2401640 19432154
1339406 19453025
370106 19446655
1556201 19453669
6354879 19455611
739349 19446326
326951 19430283
903181 19463252
1747573 19430818
6395493 19457169
762320 19429324
878783 19448071
3098161 15635555
464711 19418457
6523220 19429727
465264 19428720
411521 19429110
19460229 19460228
6430668 19460230
2404061 19453586
2724151 19408590
4289601 19445547
6357480 19427109
4265532 19460253
6448983 19448551
2397082 19458441
2394926 19418576
6386821 19421237
905187 17865673
2728993 19448081
374133 19449870
1807045 19420426
923779 19417249
2409669 19428057
1774754 19417927
2397022 19441863
1786369 19447931
6467694 19429173
589647 35785702
6478452 19449526
2409014 19429232
6436952 19438879
1553303 19461708
6335434 19441347
6409007 19409532
6397091 19431719
683883 19455301
6370159 19422015
2727188 19451764
4265568 19415702
2385683 19433375
6392630 19441854
6523496 19431935
611663 19421368
2392981 19448234
407182 19435145
2730150 19460435
464102 19433406
6401470 19459431
3587629 19446712
2406391 19434062
1777114 19428886
278524 19448277
6417279 19418046
6349781 19415334
6394129 17740351
883256 19444411
685955 17740362
6485970 19407966
6431970 19433675
6433047 19449277
3503458 19429807
6403440 19424502
3610422 35781414
6428075 19460502
2407830 19426460
2422214 19442346
2406578 19416164
6334541 19410105
4383030 19413386
2543019 19410984
1774911 19464761
2400177 19415439
1792026 19438207
867159 17740578
871055 19443915
2404825 19430215
910279 19439307
6387404 19450098
1123544 19466089
975177 19429781
4285027 19460558
454558 19423685
1402489 19433946
4287783 19407782
454518 19436198
2724160 19447918
897585 19430509
1786449 19465958
6553293 19459833
3542629 19430564
814613 19429763
6514168 19454366
455038 19455248
2407175 19451043
1775751 19454474
6412095 19423770
461895 19458711
6390347 19449131
257384 19437635
6540612 19460641
6539031 19440781
4275366 19465983
198660 19418583
2721264 19415703
6441793 19455465
260405 19450457
6557225 19460660
6354946 19433205
1791391 19459535
1334783 19429253
2404570 19448699
953415 19429396
2727185 19451035
4279568 19416858
6505221 19414273
2490353 19447992
2728070 19419738
905020 19416108
6528687 19414219
6430980 17865748
6370981 19460707
4280160 19415079
6430216 19415364
1773972 19460196
909618 19410357
6371117 17865750
4293927 19455633
1734172 19454757
706233 19430236
256083 19437250
3597243 19429680
6384998 19426204
1790645 17741467
1784649 19407586
6352397 19454645
6490399 19440899
900738 19463049
2409983 19447255
876571 17741520
6405996 19417647
309393 19447746
2395544 19430730
2724153 19448255
6354964 19417855
4275619 19440116
6445863 19460777
452867 19461686
457104 19458354
257316 19438869
2724171 19460515
463429 19419205
335471 19438567
460246 19425829
793060 19441130
224324 19429898
420733 19426249
884026 19439767
6527308 19416165
6532037 19454471
2208591 19427031
2727852 19464586
1726075 19407621
876930 19459574
6406762 19442752
866479 19454742
1779670 19454759
6451438 19460827
1124021 19438978
952361 19454374
2543524 19414026
301086 19441300
1777311 19416473
6524471 19449705
915462 19409994
6418213 19432411
6455822 19410578
2727484 19409100
866518 19419868
914504 19422573
1783765 19422817
778242 19462730
2393175 19452952
504154 19446926
3421955 19454306
412783 19415760
712276 19455966
4265706 19465670
1788243 19459298
912270 19430842
3590139 19460931
405254 19422061
2402162 19434046
436271 19430393
2540555 19417616
6343061 19441006
241173 19440276
2719181 19425876
906654 19427412
6448974 19460976
907111 19429743
6463653 19460988
15633027 19455888
6522999 19449349
1994336 19424281
1791043 19435157
2408642 19438876
2722758 19426447
2390044 19433866
350309 19429791
317810 19448069
2719917 19449604
1786257 19418169
3555490 19431984
2400043 19416291
6361114 19420568
1149970 19421160
1384463 19438741
2408003 17865810
1110984 19408409
6441622 17742235
339174 19430157
1785456 19459876
2409678 19455410
954645 19447073
932130 19422036
928224 35785703
4278815 19408163
6407159 19415622
6474667 19461154
1773506 19417312
1789693 19427822
1773020 17742432
2721749 19415538
6538264 19432276
2543201 19422479
4331540 19416778
4291512 19425832
2723074 19465587
1768228 19455089
2208582 19427830
6522910 19417022
2540307 19425454
2728251 19422497
6449139 19462673
2727297 19442824
1791704 19455215
6526578 19462922
6473929 19461193
6493288 19419898
6519606 19461195
915761 17865827
1687738 19454321
6462167 19449828
1789541 19435457
1772964 19415769
1789646 19420482
1787997 19452121
2204682 19428634
952023 17742737
1791116 19418749
1768048 19448443
1768234 19422499
2545254 19414610
3761795 19430934
2540560 19417606
2540510 17865837
2719179 19416471
6462033 19425430
6550853 19461268
1780141 19450900
6405908 19450606
909521 19444734
2728446 19422516
4329567 19426118
14821825 19461283
1786868 19407774
1766877 19450786
12101662 19437069
1788416 19409305
6472277 19407895
6510316 19450477
9453296 27801316
2724132 19457929
1788944 19443403
6538613 19461305
6449724 19413862
6371840 19422732
1737606 19451505
885910 19457861
1790606 19409569
897581 19421124
910259 19417295
1687736 19466200
2541818 19454310
6356658 19422500
915421 19449669
6416370 19443996
6549389 19410539
4264947 19410220
6355153 19422768
2724139 19435048
2540608 19456135
6464917 19461362
1951302 19454509
4270031 19461365
4285499 19426032
905740 19463982
922385 19409524
6486317 19422461
15652829 19461373
889761 13793350
6502187 19461374
6453192 19457951
954563 19465805
6414742 19417257
1688765 19455058
920912 19460188
2540581 19427410
6437389 19429240
1773817 19417478
2540225 19420837
952216 19425500
1842757 19463175
1791211 19422324
2539802 19418408
6366808 19441086
4284890 19415699
6371072 19461422
6426068 19422531
1771074 19422743
897782 17743494
6408560 19448286
1150934 19429541
6486688 19461430
1789533 19417829
6439999 19444001
6486643 19451609
1790403 19410285
1766638 19422363
3341731 19425986
921086 19422832
1791066 19417935
3636919 15672961
2752993 19410921
1778131 19422568
2541824 19462760
952603 19434450
868092 19426588
4265449 19461469
1789177 19422542
6413409 19446959
2538908 19415500
6362173 19422490
1771748 19408013
4485409 19450773
2728197 19451927
912361 19407617
2726642 19420462
6527197 19444010
2722312 19409848
4327615 19410908
919062 19407544
1687692 19426264
6458896 17865887
6399522 19461518
6491324 19429411
2002948 19415445
6384660 19414425
1776559 19424408
912450 19462905
1772928 19457712
6459106 19427087
2727668 19455942
4750572 19462939
6482995 17865895
6548145 19419213
2727871 19461149
6477594 19430988
6393337 19455259
2540369 19456535
899906 19446705
3956909 19423087
6516541 17744135
4284267 17744147
2544862 19416177
914685 19424880
4265891 19457358
3540063 17744180
6405757 19448215
4475052 19460321
6547261 19433562
2540439 19445974
740476 19424419
952485 19418161
6487038 19418534
2675443 19417985
1790111 19418178
6489406 19419662
866577 19457612
1787734 19417614
3075584 19446450
547376 19441459
905140 19430772
2478427 19458674
1746039 19457116
6367247 19431175
3090490 19427407
6503307 19423004
909536 19449729
1129000 19441955
3543155 19461675
270357 6751603
6517608 19415647
2409475 19436459
254873 19438088
2381442 19465657
6540296 19461706
6335119 19461707
1966530 19449207
6416595 19462822
258238 19436419
448703 19466114
460803 19417034
3538919 19436740
1150419 19419391
2727077 19423608
874977 19419465
1784159 19435294
410685 19446701
6474232 19461764
5086356 19407615
6370239 19444040
1346075 19465891
571244 19422340
369503 19424286
570981 19431263
6500725 19416866
2726768 19407540
6501674 19435029
4294879 35785704
1790113 19455808
460443 19424338
2520274 19439081
2399827 19464255
6434635 19461811
2405044 19432354
548225 19448103
3496722 19436223
2594219 35785705
15446406 19455765
2542161 19443581
1307381 19433366
1366592 19447248
6548195 19441236
6512337 17745027
1571378 19431355
1807263 19421060
6368891 19436330
1775624 19456125
678271 19438052
6443676 19449266
2725304 19453808
6465067 19410633
166571 19436970
2588956 19418369
3595725 19012061
6332936 19446628
6381838 19461896
1790428 19463791
2540585 19417487
6422467 19426289
4283564 19413909
6339314 19431798
1143180 19450747
2401284 19431977
686513 19429689
1780942 19446369
870979 19438506
2722001 19415882
6507468 17865986
1734465 19432655
6531634 19426560
6381257 19462008
658425 19425564
1147207 19464438
2728557 19409966
2404923 19424315
2401601 19453953
6495539 19460680
2445904 19433394
1759917 35785706
340788 19424856
2719099 19462884
6402425 19420478
1592165 19446948
2511199 19447678
3600108 19454192
4481667 19447798
310051 19430029
6395557 19426255
6507844 19433184
2727977 19429125
1836569 19419338
867904 19420411
922749 19438996
242302 35785707
270392 19438781
6486222 19462153
1789813 19443508
911236 19409101
3544886 19432651
6532659 19418963
2392434 19432253
346921 19436556
2597238 19421741
6547267 19410354
2724145 19460310
6353507 19449922
2542968 19415766
1777116 19460147
1687730 19408863
6522126 19462178
6381340 17747501
1790472 19465431
892723 19456284
2406177 19465128
1121320 19458492
692220 19440786
6372336 19432410
3615037 19444109
6335090 19462207
9447318 27803669
288447 19447607
867900 19451484
2727678 19455803
1789543 19432524
865553 19409996
2730554 19416833
1790739 19459970
144669 19444414
1787423 19418916
6468739 19410958
1776939 17866035
872334 19426199
465268 19448169
228494 19434029
2247445 19417274
914443 19448977
6350746 19440721
6455735 19422511
6515476 19441520
2723141 19426229
1527359 19434339
6544069 19446394
6460842 19462280
412971 19429916
19441371 19441372
4312983 19465469
1773976 19428387
2523589 19466217
620323 17747787
920925 19451228
2545090 19418388
6504811 19432896
1149503 19438061
6377114 19462307
6343742 19459777
3549328 19426075
5083820 19416565
2402700 19425865
1789175 19457729
3689251 19433442
3642203 19430387
4506585 19464420
1384471 19421287
6400175 19407370
4530719 19409955
3583778 19416438
6351512 19449480
6374329 19441550
2541115 19417055
677031 19417727
6448262 19440870
4292760 19421375
919381 19424765
6520393 19449520
628724 19425536
2728371 19434053
368842 19425738
15454637 19462386
2407323 19440178
2409182 19443171
905625 19457967
242692 19430603
911869 19426376
1861747 19429328
865172 35785708
2386068 19428269
885294 19415415
254524 19443711
6463899 19455317
6334253 19462737
6357468 19436166
903775 19445535
758667 19445032
1149882 19457950
869331 19427593
865214 19449649
787446 35785709
2728147 19418566
932342 19408813
15442876 19463082
909632 19449088
1925241 19442096
1148354 3982130
902969 19427323
1459939 19427659
369929 19446544
321861 19407456
221883 19425112
6536581 19463189
5064722 19431735
248252 17749671
6512187 19463329
885052 19449265
1777960 19419322
1777839 19439682
1123538 19428619
1577367 19421722
1148523 19427674
413394 19443047
2724395 19426833
186370 19449800
2206396 19419462
807656 19427916
894702 19431876
608230 19444435
3421179 19449100
2719866 15442906
4277261 35785710
908606 19420212
907404 19446912
865631 19411009
908873 19463917
893968 19454525
304212 19440560
1775745 19455858
2597661 19421084
1831614 19454623
2406240 19436342
879555 19417640
1773393 19411001
353039 19449301
380006 17750710
4530724 19436067
921130 19440394
1728918 19449686
547851 19440463
1143656 19427819
270061 19462528
1783090 3888689
6362922 19437260
982585 19464886
2338784 19461249
242964 19430032
2591118 19443104
6407972 19436645
577580 17751078
1595181 19418460
919150 19437620
1151087 19428497
4264808 19439711
167645 17751126
791303 19417752
