30514684 35852637
10453352 35852638
10453360 35852639
10452986 35852640
3942453 35852641
10454937 35852642
10453414 35852643
10456797 35852644
10455650 35852645
10456700 35852646
10454890 35852647
10455999 35852648
10452284 35852649
10456068 35852650
10454889 35852651
10453483 35852652
3917748 35852653
10454839 35852654
10453377 35852655
10453755 35852656
10456507 35852657
10455649 35852658
10453954 35852659
10453484 35852660
10453785 35852661
10453413 35852662
10454972 35852663
3947876 35852664
10455027 35852665
10453412 35852666
10453784 35852667
10455723 35852668
10455687 35852669
10454887 35852670
10453478 35852671
10454323 35852672
10456789 35852673
10456141 35852674
10456433 35852675
10455594 35852676
10454894 35852677
10455510 35852678
10456743 35852679
10455336 35852680
10453783 35852681
10455217 35852682
10456742 35852683
10453386 35852684
10453787 35852685
10455686 35852686
10455006 35852687
10456056 35852688
10454893 35852689
10453953 35852690
10453387 35852691
10454891 35852692
10455598 35852693
10453786 35852694
10455635 35852695
10453743 35852696
10453966 35852697
10453418 35852698
10453417 35852699
10453503 35852700
10454964 35852701
10455662 35852702
10454960 35852703
10454892 35852704
10456713 35852705
10453416 35852706
10453965 35852707
10456014 35852708
10456701 35852709
10456625 35852710
10453415 35852711
10456066 35852712
10456800 35852713
10453476 35852714
10454841 35852715
10455690 35852716
10453790 35852717
10456018 35852718
10454897 35852719
10452289 35852720
10453422 35852721
10456053 35852722
10455643 35852723
10455689 35852724
10455636 35852725
10455973 35852726
10455637 35852727
10453504 35852728
10455688 35852729
10453487 35852730
10453788 35852731
10452288 35852732
10453265 35852733
10455345 35852734
10456514 35852735
10453752 35852736
10455755 35852737
10455998 35852738
10453779 35852739
10455777 35852740
10456506 35852741
10452312 35852742
10455634 35852743
10454896 35852744
10454895 35852745
10453421 35852746
10456057 35852747
10453936 35852748
10452314 35852749
10455955 35852750
10454601 35852751
10453238 35852752
10455015 35852753
10453480 35852754
10455086 35852755
10455700 35852756
10456372 35852757
10455014 35852758
10452262 35852759
10453802 35852760
10455984 35852761
10452294 35852762
10454918 35852763
10456001 35852764
10456594 35852765
10455513 35852766
10453956 35852767
10455385 35852768
10453741 35852769
10456490 35852770
10455532 35852771
10456624 35852772
10452298 35852773
10456521 35852774
10456121 35852775
10456595 35852776
10455514 35852777
10456354 35852778
10456320 35852779
10455534 35852780
10455384 35852781
10453331 35852782
10452308 35852783
10453804 35852784
10455969 35852785
10456007 35852786
10453445 35852787
10455028 35852788
10453760 35852789
10456885 35852790
10456886 35852791
10455026 35852792
10456756 35852793
10453446 35852794
10456044 35852795
10453868 35852796
10454695 35852797
10453320 35852798
10454469 35852799
10453976 35852800
10453801 35852801
10456059 35852802
10456883 35852803
10454916 35852804
10454506 35852805
10454915 35852806
10452277 35852807
10453060 35852808
10455633 35852809
10456024 35852810
10453792 35852811
10453508 35852812
10454899 35852813
10453967 35852814
10453424 35852815
10452315 35852816
10455988 35852817
10454898 35852818
10456437 35852819
10456058 35852820
10454220 35852821
10453423 35852822
10456071 35852823
3961661 35852824
3961661 35852825
10456151 35852826
10455764 35852827
10456376 35852828
10456745 35852829
10455761 35852830
10453376 35852831
10455651 35852832
10452281 35852833
10456039 35852834
10456233 35852835
10456051 35852836
10455617 35852837
22169451 35852838
10452291 35852839
10453425 35852840
10455949 35852841
10456323 35852842
10456373 35852843
10455453 35852844
10455454 35852845
10452266 35852846
10455685 35852847
10452998 35852848
10452263 35852849
10453091 35852850
10454639 35852851
10455756 35852852
10452275 35852853
10456537 35852854
10455013 35852855
10453426 35852856
10453748 35852857
10453592 35852858
10453968 35852859
10456370 35852860
10456746 35852861
10453793 35852862
10455976 35852863
10455511 35852864
10456591 35852865
10455782 35852866
10453761 35852867
10455414 35852868
10455658 35852869
10455356 35852870
10454844 35852871
10453506 35852872
10454900 35852873
10456128 35852874
10456055 35852875
10456434 35852876
10456130 35852877
10453558 35852878
10454135 35852879
10456145 35852880
10456749 35852881
10453751 35852882
10453432 35852883
10452293 35852884
10456049 35852885
10452260 35852886
10453505 35852887
10455763 35852888
10456085 35852889
10452320 35852890
10455733 35852891
10456374 35852892
10453431 35852893
10455783 35852894
10453430 35852895
10454904 35852896
10453429 35852897
10454903 35852898
10453474 35852899
10455980 35852900
10456748 35852901
13961161 35852902
10455572 35852903
10453428 35852904
10454832 35852905
10456369 35852906
10456812 35852907
10456385 35852908
10454902 35852909
10456038 35852910
10454901 35852911
10453427 35852912
10453829 35852913
10453975 35852914
10455989 35852915
10454991 35852916
10453495 35852917
10453797 35852918
10453439 35852919
10455694 35852920
10456820 35852921
10453998 35852922
22151535 35852923
10452269 35852924
10456821 35852925
10452264 35852926
10453991 35852927
10456706 35852928
10453500 35852929
10453796 35852930
10455978 35852931
13972137 35852932
10455639 35852933
10453990 35852934
10453766 35852935
10454886 35852936
10456716 35852937
10453970 35852938
10453289 35852939
10453502 35852940
10455655 35852941
10454852 35852942
10453812 35852943
10455751 35852944
10456127 35852945
10455747 35852946
10453399 35852947
10453771 35852948
10455971 35852949
10453006 35852950
10455673 35852951
10453775 35852952
10456076 35852953
10453394 35852954
10456705 35852955
10456736 35852956
10455676 35852957
10453772 35852958
10453769 35852959
10455627 35852960
10454850 35852961
10455668 35852962
10453371 35852963
10452491 35852964
10453934 35852965
10455963 35852966
10453994 35852967
10456709 35852968
3947878 35852969
10455678 35852970
10452311 35852971
10456378 35852972
10453778 35852973
10453383 35852974
10456015 35852975
10456022 35852976
10453951 35852977
10453374 35852978
10453381 35852979
10453963 35852980
10455674 35852981
10454848 35852982
10452265 35852983
10454876 35852984
10453406 35852985
10454864 35852986
10454863 35852987
10454864 35852988
10455750 35852989
10454870 35852990
10453754 35852991
10453370 35852992
10453993 35852993
22292702 35852994
10453507 35852995
10453389 35852996
10455683 35852997
10453400 35852998
10453962 35852999
10455679 35853000
10455024 35853001
10454849 35853002
10453757 35853003
10453950 35853004
10453378 35853005
10455010 35853006
10453958 35853007
10454868 35853008
10453758 35853009
10456054 35853010
3926681 35853011
10455011 35853012
13967037 35853013
10455623 35853014
10453768 35853015
10452316 35853016
10456050 35853017
10455985 35853018
10453774 35853019
10453875 35853020
10455517 35853021
10454933 35853022
10455706 35853023
10455004 35853024
10453460 35853025
10454928 35853026
10453455 35853027
10454932 35853028
10454931 35853029
10454936 35853030
10456767 35853031
10453459 35853032
10454926 35853033
10453981 35853034
10456769 35853035
10453980 35853036
10453450 35853037
10453807 35853038
10453411 35853039
10456603 35853040
10454853 35853041
3986797 35853042
10453781 35853043
10455952 35853044
10454997 35853045
10456037 35853046
10453303 35853047
10453330 35853048
10453935 35853049
10452273 35853050
10456796 35853051
10455754 35853052
10453813 35853053
10453955 35853054
10456052 35853055
10455979 35853056
10453767 35853057
10456772 35853058
10453984 35853059
10454473 35853060
10452300 35853061
10452969 35853062
10453983 35853063
10456062 35853064
10455769 35853065
10452299 35853066
10455016 35853067
10453985 35853068
10456075 35853069
10456774 35853070
10454942 35853071
10455771 35853072
10456045 35853073
10453343 35853074
10453867 35853075
10456776 35853076
10453466 35853077
10456336 35853078
10454944 35853079
10453869 35853080
10455716 35853081
10454948 35853082
10456780 35853083
10455718 35853084
10456013 35853085
10453373 35853086
10453737 35853087
10453661 35853088
10452910 35853089
10454950 35853090
10453780 35853091
10456571 35853092
10456607 35853092
10456129 35853093
10452302 35853094
10455749 35853095
10452261 35853096
10454952 35853097
10452625 35853098
10453300 35853099
10453818 35853100
10456281 35853101
10456282 35853102
10455975 35853103
10453648 35853104
10456028 35853105
10452279 35853106
10454466 35853107
10456027 35853108
10456040 35853109
10452278 35853110
10455996 35853111
10455772 35853112
10455972 35853113
10454786 35853114
10453017 35853115
10453094 35853116
10453106 35853117
10454175 35853118
10453066 35853119
10453626 35853120
10456464 35853121
10453567 35853122
10453921 35853123
10454779 35853124
10454807 35853125
10455009 35853126
10453034 35853127
10453627 35853128
10452954 35853129
10454069 35853130
10453239 35853131
22986227 35853132
10453904 35853133
10454811 35853134
10454358 35853135
10456008 35853136
10454812 35853137
10453348 35853138
10453618 35853139
10453545 35853140
10453546 35853141
10453356 35853142
10454681 35853143
10454810 35853144
10453241 35853145
10454034 35853146
10453544 35853147
10455560 35853148
10454002 35853149
10454433 35853150
10455109 35853151
10453079 35853152
10454798 35853153
12856089 35853154
10453009 35853155
10454007 35853156
10453217 35853157
10453029 35853158
10454350 35853159
10454576 35853160
10454814 35853161
10455602 35853162
1917178 35853163
10454780 35853164
13584218 35853165
10455075 35853166
30514266 35853167
10455073 35853168
10454033 35853169
10453016 35853170
10453703 35853171
10454014 35853172
10452990 35853173
10453061 35853174
10454404 35853175
30514155 35853176
10454178 35853177
3904944 35853178
30514136 35853179
30514230 35853180
10456242 35853181
10454060 35853182
10455344 35853183
10456250 35853184
10455074 35853185
10456291 35853186
10456292 35853187
12987422 35853188
10454436 35853189
12852561 35853190
10453836 35853191
10454821 35853192
10453032 35853193
10454401 35853194
30514202 35853195
10456368 35853196
10453516 35853197
10455139 35853198
10453731 35853199
10454097 35853200
10452368 35853201
10453334 35853202
13284634 35853203
10456148 35853204
10456402 35853205
10454579 35853206
10453839 35853207
10454457 35853208
10455076 35853209
10454132 35853210
10453263 35853211
10452988 35853212
10453543 35853213
10454170 35853214
10453897 35853215
10455611 35853216
10453566 35853217
10453922 35853218
10455660 35853219
10456463 35853220
10453513 35853221
10456170 35853222
10456171 35853223
10452980 35853224
10453069 35853225
35853226 35853227
10454824 35853228
10453148 35853229
10454682 35853230
10452979 35853231
10453182 35853232
10453327 35853233
10454011 35853234
10453350 35853235
10453326 35853236
10453520 35853237
10453014 35853238
10454771 35853239
10452981 35853240
10453030 35853241
10452977 35853242
10454197 35853243
35853244 35853245
30515691 35853246
10453539 35853247
30252921 35853248
10453559 35853249
10453063 35853250
10454005 35853251
10452408 35853252
10453542 35853253
10453095 35853254
10454018 35853255
10452532 35853256
10455596 35853257
10456243 35853258
10454796 35853259
10456326 35853260
22126384 35853261
10453845 35853262
10454795 35853263
10454328 35853264
10453242 35853265
10453847 35853266
10454781 35853267
10453028 35853268
10454782 35853269
10453844 35853270
10453011 35853271
3935312 35853272
10452992 35853273
10454851 35853274
10454198 35853275
10456339 35853276
10453564 35853277
10454543 35853278
10453251 35853279
10455659 35853280
10454250 35853281
10453699 35853282
10454684 35853283
10454770 35853284
10453698 35853285
10454800 35853286
10454757 35853287
10454578 35853288
10454399 35853289
10453149 35853290
10454803 35853291
10456361 35853292
10455461 35853293
10453540 35853294
10454003 35853295
30515736 35853296
29080673 35853297
10454403 35853298
10453898 35853299
10453235 35853300
10452984 35853301
3961107 35853302
10452462 35853303
10452494 35853304
10452495 35853305
10453707 35853306
10454458 35853307
10453231 35853308
10453324 35853309
10454860 35853310
10454588 35853311
10453738 35853312
10455501 35853313
10453858 35853314
10454804 35853315
10454783 35853316
10454815 35853317
10454329 35853318
10453940 35853319
10454802 35853320
10453244 35853321
10453355 35853322
10452576 35853323
10452989 35853324
10455559 35853325
10454353 35853326
10454036 35853327
30252926 35853328
10453040 35853329
22290968 35853330
10455600 35853331
10454062 35853332
10453562 35853333
30515876 35853334
22293114 35853335
10454037 35853336
10454065 35853337
10453541 35853338
10453109 35853339
10453012 35853340
10454507 35853341
10454030 35853342
10453024 35853343
10454009 35853344
10453675 35853345
10454360 35853346
3986977 35853347
10453202 35853348
10453537 35853349
10453262 35853350
10453043 35853351
10454794 35853352
10453015 35853353
10454006 35853354
10452974 35853355
10453999 35853356
10454793 35853357
10453881 35853358
10453643 35853359
10455213 35853360
10456220 35853361
10455212 35853362
17073944 35853363
10454422 35853364
10454008 35853365
10453234 35853366
10454459 35853367
10454567 35853368
10453668 35853369
10454067 35853370
10456025 35853371
10453630 35853372
10454581 35853373
10453580 35853374
10453232 35853375
10454359 35853376
10454393 35853377
10454683 35853378
10455496 35853379
10454500 35853380
10456005 35853381
10455315 35853382
10453204 35853383
10453582 35853384
10455373 35853385
10454464 35853386
10454584 35853387
10452644 35853388
10454638 35853389
10453304 35853390
10454738 35853391
10454133 35853392
10453146 35853393
10453349 35853394
10455607 35853395
10453617 35853396
10454742 35853397
10453153 35853398
10454587 35853399
10454813 35853400
10454585 35853401
10453896 35853402
10453594 35853403
10454261 35853404
10453899 35853405
10452855 35853406
10453147 35853407
10453901 35853408
10453292 35853409
10454551 35853410
10453132 35853411
10454549 35853412
10454670 35853413
10454550 35853414
10453099 35853415
10452372 35853416
10453576 35853417
10453077 35853418
10455957 35853419
10454438 35853420
10453886 35853421
10454667 35853422
5005324 35853423
5005322 35853424
5005332 35853425
10454493 35853426
5003731 35853427
10453229 35853428
10453333 35853429
10454337 35853430
10456469 35853431
5004114 35853432
10453682 35853433
10453243 35853434
10454592 35853435
10455968 35853436
10456096 35853437
30514481 35853438
30514365 35853439
2716502 35853440
10453185 35853441
3897050 35853442
3930476 35853443
22127150 35853444
10453591 35853445
10454172 35853446
10452968 35853447
10452522 35853448
10456213 35853449
10455281 35853450
10455134 35853451
10455486 35853452
10456329 35853453
10456328 35853454
10455287 35853455
10455288 35853456
10456215 35853457
10456216 35853458
10456212 35853459
10452364 35853460
10455133 35853461
22291918 35853462
30514485 35853463
10455767 35853464
10455292 35853465
10455301 35853466
10455300 35853467
10455995 35853468
10455299 35853469
10455286 35853470
10455285 35853471
10455295 35853472
10455296 35853473
10455283 35853474
10455284 35853475
22289417 35853476
10455293 35853477
10454809 35853478
10455917 35853479
10452556 35853480
10456166 35853481
10455603 35853482
10455132 35853483
10455945 35853484
10453938 35853485
10456110 35853486
10456178 35853487
10452366 35853488
10454843 35853489
10453322 35853490
10455994 35853491
20096768 35853492
10455748 35853493
10455497 35853494
10455498 35853495
10455489 35853496
10455494 35853497
10455291 35853498
10455592 35853499
10456404 35853500
10455298 35853501
10455297 35853502
10455289 35853503
22145656 35853504
10455290 35853505
10455462 35853506
10455191 35853507
10455463 35853508
10455080 35853509
10455192 35853510
10455205 35853511
10455612 35853512
10455965 35853513
10456199 35853514
10456390 35853515
10456207 35853516
10456119 35853517
10454740 35853518
10453321 35853519
10455947 35853520
10456427 35853521
10456214 35853522
10456401 35853523
10452794 35853524
10456403 35853525
10456033 35853526
10453653 35853527
10454778 35853528
10453073 35853529
3932346 35853530
10456002 35853531
10455654 35853532
10455760 35853533
10453078 35853534
10455440 35853535
10454423 35853536
10453280 35853537
10455204 35853538
3940144 35853539
3935934 35853540
10456366 35853541
3931409 35853542
3935590 35853543
3937960 35853544
30252925 35853545
10456340 35853546
10456353 35853547
12015546 35853548
20452790 35853549
15942376 35853550
10454569 35853551
30515218 35853552
10452371 35853553
10455079 35853554
10455488 35853555
29225918 35853556
29211242 35853557
3935588 35853558
10454636 35853559
10453625 35853560
10456364 35853561
10455628 35853562
10456317 35853563
10456317 35853564
10455072 35853565
10454455 35853566
10456365 35853567
10453049 35853568
10453624 35853569
10453893 35853570
10455616 35853571
10455143 35853572
10455753 35853573
12015582 35853574
3931385 35853575
10455500 35853576
10455499 35853577
10456240 35853578
10456241 35853579
10455415 35853580
10455416 35853581
12018272 35853582
12016870 35853583
10452370 35853584
10453144 35853585
10455078 35853586
10455563 35853587
22126164 35853588
10456176 35853589
10455959 35853590
10453715 35853591
10452797 35853592
10453323 35853593
17185227 35853594
10456100 35853595
12460636 35853596
12462337 35853597
10454180 35853598
10453915 35853599
10453157 35853600
10454351 35853601
10453100 35853602
10453125 35853603
10456107 35853604
10456512 35853605
10456182 35853606
10453919 35853607
10456180 35853608
10456137 35853609
10456135 35853610
10453914 35853611
22169553 35853612
10454541 35853613
10453549 35853614
10453554 35853615
10455619 35853616
10454173 35853617
10452242 35853618
10456461 35853619
10453033 35853620
10453622 35853621
10455001 35853622
10456878 35853623
10453098 35853624
10455084 35853625
10456167 35853626
10453872 35853627
10453076 35853628
10453159 35853629
12462394 35853630
10453526 35853631
10454816 35853632
10456179 35853633
10453160 35853634
30514623 35853635
10453850 35853636
10455005 35853637
10456103 35853638
12018309 35853639
10453680 35853640
10453171 35853641
10456098 35853642
10456104 35853643
10453161 35853644
10453873 35853645
12461438 35853646
29188675 35853647
19990476 35853648
10455083 35853649
10454773 35853650
10454595 35853651
10453045 35853652
10452707 35853653
10455576 35853654
10454533 35853655
10453885 35853656
10454534 35853657
10456357 35853658
10455886 35853659
10453880 35853660
10455805 35853661
10455894 35853662
30516049 35853663
10453187 35853664
10453912 35853665
10453155 35853666
10453644 35853667
10453056 35853668
10453652 35853669
10453837 35853670
10453530 35853671
10456094 35853672
10452999 35853673
10453105 35853674
10456012 35853675
10453186 35853676
10454427 35853677
10454671 35853678
10454751 35853679
10454540 35853680
10453124 35853681
10453724 35853682
10454483 35853683
10454029 35853684
1175894 35853685
10456026 35853686
20509247 35853687
10453528 35853688
10453052 35853689
10453072 35853690
30515919 35853691
10454539 35853692
10453196 35853693
10454680 35853694
10454753 35853695
10456106 35853696
10454083 35853697
10453002 35853698
10453097 35853699
10453550 35853700
10454635 35853701
10453053 35853702
10455915 35853703
10452941 35853704
10453555 35853705
10454616 35853706
10455052 35853707
10454035 35853708
10456073 35853709
10452374 35853710
30514095 35853711
10453574 35853712
10453206 35853713
10456105 35853714
10455768 35853715
10455744 35853716
10453198 35853717
10456393 35853718
10455620 35853719
10453023 35853720
10455374 35853721
10455371 35853722
10455986 35853723
10455621 35853724
10453245 35853725
10456077 35853726
10453679 35853727
10453739 35853728
10456020 35853729
10455987 35853730
10453359 35853731
10454505 35853732
10454267 35853733
10453584 35853734
10456046 35853735
10454834 35853736
10454788 35853737
10453273 35853738
10453727 35853739
10456406 35853740
10454591 35853741
10453722 35853742
10453742 35853743
10454842 35853744
10452353 35853745
10452191 35853746
10452354 35853747
10456409 35853748
10456419 35853749
10456158 35853750
10456162 35853751
10453615 35853752
10454748 35853753
10453883 35853754
10456879 35853755
30513406 35853756
10454114 35853757
10453145 35853758
10453578 35853759
22290059 35853760
10453629 35853761
10453635 35853762
10454772 35853763
10453295 35853764
10454586 35853765
10453623 35853766
10455597 35853767
10453916 35853768
10454565 35853769
10453096 35853770
10453141 35853771
10455116 35853772
10453669 35853773
10454568 35853774
10453631 35853775
10454563 35853776
10453139 35853777
10454377 35853778
10453223 35853779
10452189 35853780
10454378 35853781
30515030 35853782
10453227 35853783
10452195 35853784
3934860 35853785
30515026 35853786
10454342 35853787
10452212 35853788
10456284 35853789
10456112 35853790
10453138 35853791
10453130 35853792
10454254 35853793
30513466 35853794
10454785 35853795
10454575 35853796
10453945 35853797
10453203 35853798
10453666 35853799
10453164 35853800
3935086 35853801
10453127 35853802
10454599 35853803
10454053 35853804
15335454 35853805
10454230 35853806
10453930 35853807
10454453 35853808
10454668 35853809
10453663 35853810
10453535 35853811
10453126 35853812
10454231 35853813
10454344 35853814
10453261 35853815
10456360 35853816
10453685 35853817
10453928 35853818
10454694 35853819
10454268 35853820
15335247 35853821
10453058 35853822
10454242 35853823
10455991 35853824
10454598 35853825
10453197 35853826
10452602 35853827
30513507 35853828
22294319 35853829
10452795 35853830
22294324 35853831
30516493 35853832
30516491 35853833
10452765 35853834
10452726 35853835
10452747 35853836
10452895 35853837
10452727 35853838
10455933 35853839
10452764 35853840
10453137 35853841
10454182 35853842
10454425 35853843
10454297 35853844
10453162 35853845
10454679 35853846
2688228 35853847
10453581 35853848
10454582 35853849
10454286 35853850
30513991 35853851
10453150 35853852
35853853 35853854
10453207 35853855
10456009 35853856
30516534 35853857
10454255 35853858
10452918 35853859
10454392 35853860
10452749 35853861
10452565 35853862
10452928 35853863
10452750 35853864
10452751 35853865
10454322 35853866
10454339 35853867
20102527 35853868
10452716 35853869
10454356 35853870
10454122 35853871
10452621 35853872
10453891 35853873
10455114 35853874
10454243 35853875
10453946 35853876
10453701 35853877
32850961 35853878
29010358 35853879
10455605 35853880
30515032 35853881
30515066 35853882
30515086 35853883
10453708 35853884
30515076 35853885
10452197 35853886
10454687 35853887
22287924 35853888
10453929 35853889
10452226 35853890
10455231 35853891
30516762 35853892
10454486 35853893
10454113 35853894
10454431 35853895
10456312 35853896
10456223 35853897
13636080 35853898
30516618 35853899
10454300 35853900
10455590 35853901
10454222 35853902
10455586 35853903
10454442 35853904
10454720 35853905
30516798 35853906
10456285 35853907
10454079 35853908
30516716 35853909
22288298 35853910
30516928 35853911
10454511 35853912
10454508 35853913
35853914 35853915
27814336 35853916
30516631 35853917
35853918 35853919
10455421 35853920
30516807 35853921
10452363 35853922
10454722 35853923
35853924 35853925
35853926 35853927
13638900 35853928
10454201 35853929
35853930 35853931
10454445 35853932
10454102 35853933
10455578 35853934
10455103 35853935
35853936 35853937
35853938 35853939
10455105 35853940
35853941 35853942
35853943 35853944
10456238 35853945
10455186 35853946
30516958 35853947
35853948 35853949
30516941 35853950
10452881 35853951
10452201 35853952
35853953 35853954
10454205 35853955
10452154 35853956
22287992 35853957
10455613 35853958
10454370 35853959
10453925 35853960
30517010 35853961
10453210 35853962
10454408 35853963
30516611 35853964
10454411 35853965
10455177 35853966
15917390 35853967
10452234 35853968
30516910 35853969
30516894 35853970
22288204 35853971
10454728 35853972
30517028 35853973
10454761 35853974
10455155 35853975
10456872 35853976
10452163 35853977
10455237 35853978
10456890 35853979
10454391 35853980
10455148 35853981
10454766 35853982
10453151 35853983
32850958 35853984
10452770 35853985
10454666 35853986
10453864 35853987
10452509 35853988
10452190 35853989
10452685 35853990
10452694 35853991
10455045 35853992
10454213 35853993
10454375 35853994
10454621 35853995
10454285 35853996
10454622 35853997
10454333 35853998
10454376 35853999
10454332 35854000
10454287 35854001
10454289 35854002
10454623 35854003
10452987 35854004
10454574 35854005
10454503 35854006
10454252 35854007
10454686 35854008
10454253 35854009
15998985 35854010
10453632 35854011
10452978 35854012
3982787 35854013
10454251 35854014
10452373 35854015
30513776 35854016
35854017 35854018
10455138 35854019
10454502 35854020
3922593 35854021
10452814 35854022
10452874 35854023
10452877 35854024
10454573 35854025
10452725 35854026
10453315 35854027
10455081 35854028
10455502 35854029
22126240 35854030
10453260 35854031
10454594 35854032
10454199 35854033
3907522 35854034
3947404 35854035
10454270 35854036
10453325 35854037
10454027 35854038
10455077 35854039
10453250 35854040
10452789 35854041
10452897 35854042
10454762 35854043
30514055 35854044
35761737 35854045
30514057 35854046
30514059 35854047
10454693 35854048
10453042 35854049
10452517 35854050
10454331 35854051
22127505 35854052
10456234 35854053
35854054 35854055
10454662 35854056
10456227 35854057
30517060 35854058
10455135 35854059
10454704 35854060
10454379 35854061
10454724 35854062
10455424 35854063
10454211 35854064
10453313 35854065
10455235 35854066
10454126 35854067
10455425 35854068
10454512 35854069
10455175 35854070
10454185 35854071
10454108 35854072
10453311 35854073
3960397 35854074
10452219 35854075
10455412 35854076
10454607 35854077
35854078 35854079
22293430 35854080
10454826 35854081
10456893 35854082
35854083 35854084
35854085 35854086
10456856 35854087
10454718 35854088
10455158 35854089
10455202 35854090
35854091 35854092
10455166 35854093
10454729 35854094
10453848 35854095
10454660 35854096
10454303 35854097
29196026 35854098
10452181 35854099
30516920 35854100
20560380 35854101
35854102 35854103
20606136 35854104
35854105 35854106
10454112 35854107
10456102 35854108
10454750 35854109
10454101 35854110
10454194 35854111
10455423 35854112
10454514 35854113
10454206 35854114
10453180 35854115
10452214 35854116
10454418 35854117
10453102 35854118
10454716 35854119
10456235 35854120
10454120 35854121
10454312 35854122
10454658 35854123
30516870 35854124
35854125 35854126
10454719 35854127
30516938 35854128
10454734 35854129
35854130 35854131
10456686 35854132
10454717 35854133
10452224 35854134
3895994 35854135
10455332 35854136
10454202 35854137
10454725 35854138
10454106 35854139
3949385 35854140
10454699 35854141
10455580 35854142
10454518 35854143
10454389 35854144
10452367 35854145
10454203 35854146
10455197 35854147
35854148 35854149
10455151 35854150
10454282 35854151
10454365 35854152
10452145 35854153
10456205 35854154
10454661 35854155
10454746 35854156
10455187 35854157
10454628 35854158
10454080 35854159
10454730 35854160
10455188 35854161
10454117 35854162
10454390 35854163
10455196 35854164
10454055 35854165
10452205 35854166
30516670 35854167
35854168 35854169
10454279 35854170
30517003 35854171
10456237 35854172
10455185 35854173
22291237 35854174
10453861 35854175
30516772 35854176
10454417 35854177
35854178 35854179
27814337 35854180
35854181 35854182
29222550 35854183
10455067 35854184
35854185 35854186
30516961 35854187
10452247 35854188
10454608 35854189
10454732 35854190
35854191 35854192
10452147 35854193
10453855 35854194
10454383 35854195
10455171 35854196
10456892 35854197
10453853 35854198
10455165 35854199
10454733 35854200
35854201 35854202
10452150 35854203
10454121 35854204
10455162 35854205
10454492 35854206
35854207 35854208
10456239 35854209
10453212 35854210
10454195 35854211
30516858 35854212
10454165 35854213
10456310 35854214
10455459 35854215
10454703 35854216
10452203 35854217
10452199 35854218
10454200 35854219
10454039 35854220
10456316 35854221
30517110 35854222
10456840 35854223
10456898 35854224
10452161 35854225
10452221 35854226
10453588 35854227
10454100 35854228
10453309 35854229
10454163 35854230
10455190 35854231
3951704 35854232
30516931 35854233
30516663 35854234
22287506 35854235
22287509 35854236
35854237 35854238
30516828 35854239
10454706 35854240
30516713 35854241
10454050 35854242
3947790 35854243
10454317 35854244
10452691 35854245
10454583 35854246
10454669 35854247
35854248 35854249
10452222 35854250
30516865 35854251
3942576 35854252
30538800 35854253
30516981 35854254
10456864 35854255
10454388 35854256
30516997 35854257
30516738 35854258
10452207 35854259
10454103 35854260
10452174 35854261
10454414 35854262
10454288 35854263
30516570 35854264
10454291 35854265
10452143 35854266
10454412 35854267
35854268 35854269
10455565 35854270
13638876 35854271
35854272 35854273
10455068 35854274
10454196 35854275
10455575 35854276
10455044 35854277
10454712 35854278
35854279 35854280
10455585 35854281
35854282 35854283
10454702 35854284
10454527 35854285
10453310 35854286
10455156 35854287
17685792 35854288
10455419 35854289
10454225 35854290
10455112 35854291
10456846 35854292
35854293 35854294
10455422 35854295
35854296 35854297
35854298 35854299
35854300 35854301
10454428 35854302
3950490 35854303
10454426 35854304
10454676 35854305
10452769 35854306
10454314 35854307
10452917 35854308
10454677 35854309
10454692 35854310
10454307 35854311
10454305 35854312
10452839 35854313
10454691 35854314
10454313 35854315
10454727 35854316
10454726 35854317
10456314 35854318
22126037 35854319
20568705 35854320
10452740 35854321
3962990 35854322
10455053 35854323
10455589 35854324
10452856 35854325
10452683 35854326
10454371 35854327
10452833 35854328
10452879 35854329
10456315 35854330
10452901 35854331
10452884 35854332
10455093 35854333
10452834 35854334
10452756 35854335
10454572 35854336
10456236 35854337
10456311 35854338
10452779 35854339
10452755 35854340
10452905 35854341
10452778 35854342
10452791 35854343
10452758 35854344
10452904 35854345
10452502 35854346
10452489 35854347
10452757 35854348
10452668 35854349
10452899 35854350
10452768 35854351
10452772 35854352
18250858 35854353
10452752 35854354
10452771 35854355
10454524 35854356
22296223 35854357
10454366 35854358
10452484 35854359
10452333 35854360
10452213 35854361
10452745 35854362
10452208 35854363
10452603 35854364
10452784 35854365
10452597 35854366
10452479 35854367
10452390 35854368
10454430 35854369
10452753 35854370
10452812 35854371
10455568 35854372
10452759 35854373
22155012 35854374
10452787 35854375
10452842 35854376
10454570 35854377
10452459 35854378
10452870 35854379
10452926 35854380
10452341 35854381
10455056 35854382
10452900 35854383
10452156 35854384
10452490 35854385
10456906 35854386
10452217 35854387
10452216 35854388
10452822 35854389
10453269 35854390
10455570 35854391
10454098 35854392
10455039 35854393
30515059 35854394
30515050 35854395
10452384 35854396
10455170 35854397
10456499 35854398
10454084 35854399
10456860 35854400
10455581 35854401
10454099 35854402
10455168 35854403
10454082 35854404
10454081 35854405
30516882 35854406
10454189 35854407
10453256 35854408
10454631 35854409
10454086 35854410
10456498 35854411
10455142 35854412
35854413 35854414
10452223 35854415
10456904 35854416
10454829 35854417
10454767 35854418
10452235 35854419
10456903 35854420
10454429 35854421
10454710 35854422
10453219 35854423
10454709 35854424
10453252 35854425
35854426 35854427
35854428 35854429
10454236 35854430
30517093 35854431
10456260 35854432
10454087 35854433
10454169 35854434
10454349 35854435
10456308 35854436
10454700 35854437
10454513 35854438
35854439 35854440
10454701 35854441
10454168 35854442
10454714 35854443
10454210 35854444
10455233 35854445
10455123 35854446
10454292 35854447
10456318 35854448
10453633 35854449
10453114 35854450
10454764 35854451
10453190 35854452
10454368 35854453
10453603 35854454
10454620 35854455
10453191 35854456
10453115 35854457
10453604 35854458
10454402 35854459
10453246 35854460
10453134 35854461
10453718 35854462
10453677 35854463
10454240 35854464
30514770 35854465
10454127 35854466
10452852 35854467
10453640 35854468
10454597 35854469
10452482 35854470
10456289 35854471
18237247 35854472
10452618 35854473
10455993 35854474
10454756 35854475
10452948 35854476
22145655 35854477
10452767 35854478
10454675 35854479
10454364 35854480
10452569 35854481
10453166 35854482
10453944 35854483
10454784 35854484
10453895 35854485
10453154 35854486
10453733 35854487
10455214 35854488
30515079 35854489
30515090 35854490
10453228 35854491
30515096 35854492
35762073 35854493
30515040 35854494
10453654 35854495
10453230 35854496
10454244 35854497
10453328 35854498
10454238 35854499
30515068 35854500
10454633 35854501
30515043 35854502
19826727 35854503
30515088 35854504
30515072 35854505
30515099 35854506
10453926 35854507
10453851 35854508
10454520 35854509
10455339 35854510
10454258 35854511
30515581 35854512
30515584 35854513
10454758 35854514
10454340 35854515
10453924 35854516
10453195 35854517
10453336 35854518
10455573 35854519
10453678 35854520
30515583 35854521
35854522 35854523
30515577 35854524
10456175 35854525
10452857 35854526
35854527 35854528
10453917 35854529
10454452 35854530
10455055 35854531
10452571 35854532
10453529 35854533
10456034 35854534
11767794 35854535
10453266 35854536
10455434 35854537
10452481 35854538
10453178 35854539
10454028 35854540
10454228 35854541
10454792 35854542
10454326 35854543
22156479 35854544
10454321 35854545
10453294 35854546
30513716 35854547
10452554 35854548
10454674 35854549
10454302 35854550
10456383 35854551
3961661 35854552
10455764 35854553
10454179 35854554
10454017 35854555
3935928 35854556
10455230 35854557
10454396 35854558
35854559 35854560
10453933 35854561
10454315 35854562
10453457 35854563
10454930 35854564
10455029 35854565
10456762 35854566
10456761 35854567
10453979 35854568
10453456 35854569
10453808 35854570
10453452 35854571
10456764 35854572
10454927 35854573
10453108 35854574
10454935 35854575
10455705 35854576
10453305 35854577
10456765 35854578
10454934 35854579
10454925 35854580
10455696 35854581
10456126 35854582
10456003 35854583
10455743 35854584
10453440 35854585
10453762 35854586
10454995 35854587
10455614 35854588
10454600 35854589
10453298 35854590
10454617 35854591
10453705 35854592
10452991 35854593
10454024 35854594
30515038 35854595
10453128 35854596
10454990 35854597
10455736 35854598
10452355 35854599
10454627 35854600
22156414 35854601
10456760 35854602
10456116 35854603
10455294 35854604
10454808 35854605
10452317 35854606
10455765 35854607
10453271 35854608
10453297 35854609
10453199 35854610
3903763 35854611
10455223 35854612
10455240 35854613
10456131 35854614
10454839 35854615
10453868 35854616
10455762 35854617
10453373 35854618
10454409 35854619
10453762 35854620
3946397 35854621
10454789 35854622
3937277 35854623
10456362 35854624
10453789 35854625
10453743 35854626
10455963 35854627
10453661 35854628
10453152 35854629
10455983 35854630
10453441 35854631
3926683 35854632
10455935 35854633
10452259 35854634
10453760 35854635
10453442 35854636
10453358 35854637
10456041 35854638
10456549 35854638
10455958 35854639
10454498 35854640
10454535 35854641
10452910 35854642
3903763 35854643
3918955 35854644
10454468 35854645
30517032 35854646
10452303 35854647
10453935 35854648
10455764 35854649
10454731 35854650
10453934 35854651
3974184 35854652
22156708 35854653
20606135 35854654
30515592 35854655
10456036 35854656
10453726 35854657
10453027 35854658
10456043 35854659
10455997 35854660
10453869 35854661
10454604 35854662
35854663 35854664
10454801 35854665
10453706 35854666
10455098 35854667
13453865 35854668
10455702 35854669
10455972 35854670
30515590 35854671
10456437 35854672
10454469 35854673
10456037 35854674
10455967 35854675
10452255 35854676
35854677 35854678
10452993 35854679
3917748 35854680
20570745 35854681
10453247 35854682
10456438 35854683
10456010 35854684
10453064 35854685
10452198 35854686
10454791 35854687
10454227 35854688
10456161 35854689
32850960 35854690
10453272 35854691
10454823 35854692
10455089 35854693
10453937 35854694
10456023 35854695
