15265498 36024371
22128424 36024372
15267614 36024373
29262493 36024374
15273134 36024375
29262194 36024376
15125726 36024377
15265093 36024378
15119229 36024379
29262071 36024380
10469959 36024381
15271675 36024382
15271577 36024383
29262498 36024384
15269701 36024385
15267589 36024386
5070960 36024387
15190777 36024388
1396319 36024389
15264641 36024390
15269746 36024391
15265271 36024392
15266348 36024393
15270950 36024394
1129599 36024395
29262077 36024396
15272378 36024397
12606453 36024398
14652424 36024399
29262466 36024400
15268898 36024401
14681901 36024402
15268885 36024403
15268032 36024404
15269839 36024405
29262100 36024406
22137980 36024407
15269291 36024408
15270749 36024409
22128566 36024410
15117952 36024411
15273505 36024412
29262027 36024413
29262439 36024414
29262358 36024415
15271069 36024416
15269594 36024417
15266112 36024418
15124472 36024419
29262020 36024420
22133775 36024421
15264478 36024422
15106429 36024423
15271737 36024424
16324337 36024425
29262206 36024426
15269837 36024427
15265613 36024428
15269142 36024429
15188345 36024430
22136653 36024431
14658945 36024432
14686189 36024433
15269020 36024434
15269663 36024435
20578215 36024436
29262033 36024437
1119630 36024438
29262298 36024439
15266415 36024440
15271529 36024441
29262125 36024442
29262055 36024443
15238513 36024444
29262252 36024445
1640625 36024446
22142654 36024447
29262398 36024448
22141605 36024449
29262101 36024450
29262338 36024451
15271876 36024452
22134148 36024453
15106600 36024454
15264717 36024455
22136268 36024456
10470106 36024457
15272687 36024458
22128023 36024459
15122823 36024460
1488268 36024461
14624252 36024462
15271847 36024463
14672107 36024464
14649602 36024465
15260828 36024466
15124479 36024467
15268857 36024468
12736830 36024469
15265459 36024470
22135291 36024471
15271528 36024472
29262040 36024473
15268331 36024474
1133468 36024475
22127963 36024476
15268273 36024477
2063435 36024478
14658704 36024479
1992589 36024480
15271795 36024481
22128218 36024482
15270612 36024483
29262029 36024484
15149336 36024485
29261953 36024486
15273180 36024487
15265164 36024488
29262504 36024489
15265917 36024490
1110252 36024491
15117860 36024492
15270018 36024493
29262322 36024494
2108475 36024495
1135612 36024496
15123386 36024497
29262513 36024498
4050240 36024499
15262569 36024500
29262044 36024501
15266400 36024502
29262334 36024503
4448094 36024504
15210289 36024505
29262037 36024506
15270947 36024507
29262287 36024508
2211330 36024509
15196595 36024510
15266393 36024511
29262183 36024512
2235891 36024513
15267067 36024514
22138305 36024515
22146416 36024516
19724446 36024517
29262216 36024518
15267703 36024519
29262434 36024520
15267147 36024521
29262267 36024522
29262273 36024523
29262173 36024524
15192943 36024525
15271741 36024526
15272044 36024527
15117853 36024528
15264346 36024529
1111193 36024530
15273398 36024531
22127678 36024532
15267684 36024533
29262365 36024534
15267431 36024535
15273403 36024536
29262217 36024537
15273391 36024538
15267747 36024539
15266952 36024540
29262038 36024541
15263976 36024542
15266573 36024543
15263096 36024544
15271988 36024545
29262314 36024546
15106158 36024547
15273117 36024548
15273040 36024549
15265135 36024550
15264862 36024551
14740523 36024552
15270927 36024553
15267985 36024554
29262153 36024555
22131917 36024556
15106159 36024557
15269211 36024558
29262064 36024559
15267917 36024560
15264732 36024561
15264728 36024562
12614231 36024563
15267681 36024564
1439327 36024565
15106428 36024566
924918 36024567
29261966 36024568
2351076 36024569
15270091 36024570
15270092 36024571
29261995 36024572
12608271 36024573
15273534 36024574
15117861 36024575
679051 36024576
1118196 36024577
15265565 36024578
3274193 36024579
15269505 36024580
14675895 36024581
14658474 36024582
15271663 36024583
15273537 36024584
22135459 36024585
15267181 36024586
15273414 36024587
15270816 36024588
29262181 36024589
15268987 36024590
15117723 36024591
15117833 36024592
15273063 36024593
15271512 36024594
4526163 36024595
22129662 36024596
29262279 36024597
15261080 36024598
12606470 36024599
15273868 36024600
29262310 36024601
15264390 36024602
22127264 36024603
22127743 36024604
15266955 36024605
29262225 36024606
17438748 36024607
15269809 36024608
15263648 36024609
15266896 36024610
15190801 36024611
15263798 36024612
29262500 36024613
22127934 36024614
1119059 36024615
15117825 36024616
15269683 36024617
4520200 36024618
15268964 36024619
29262468 36024620
15267847 36024621
29262004 36024622
15268496 36024623
15266965 36024624
15266856 36024625
29262327 36024626
22131649 36024627
15262907 36024628
29261960 36024629
15268215 36024630
15266958 36024631
15106425 36024632
29262086 36024633
22128122 36024634
15271796 36024635
15269682 36024636
15270571 36024637
1550736 36024638
10465950 36024639
29262010 36024640
29261965 36024641
2225987 36024642
15265607 36024643
15266966 36024644
15269793 36024645
29262030 36024646
15268870 36024647
29262154 36024648
15269994 36024649
29262256 36024650
15273527 36024651
15106168 36024652
345253 36024653
15266033 36024654
15210292 36024655
22140835 36024656
29261986 36024657
29262442 36024658
22146509 36024659
15271967 36024660
15270202 36024661
15267128 36024662
29262377 36024663
29262089 36024664
15273280 36024665
15117966 36024666
1109179 36024667
15264484 36024668
15264486 36024669
29262294 36024670
29262382 36024671
15269894 36024672
14740135 36024673
1852475 36024674
1110148 36024675
15124469 36024676
22138739 36024677
22136264 36024678
29262340 36024679
15266915 36024680
29262483 36024681
15272029 36024682
15269047 36024683
15270077 36024684
22138919 36024685
29262331 36024686
15117834 36024687
29262332 36024688
15271744 36024689
29262107 36024690
15269748 36024691
4804906 36024692
15117856 36024693
22130215 36024694
14741326 36024695
15267669 36024696
15266953 36024697
15270200 36024698
15273723 36024699
15264705 36024700
22130480 36024701
22146476 36024702
15265136 36024703
15266514 36024704
22131726 36024705
29261989 36024706
15269313 36024707
22128709 36024708
12603403 36024709
10267953 36024710
22129700 36024711
15273281 36024712
29262317 36024713
15265921 36024714
22139727 36024715
15269568 36024716
15272067 36024717
15269314 36024718
29262425 36024719
15271589 36024720
15272036 36024721
29262068 36024722
29262330 36024723
15210280 36024724
29262164 36024725
29262295 36024726
15270216 36024727
15269648 36024728
15117947 36024729
15270223 36024730
15270583 36024731
29262323 36024732
22128592 36024733
15265920 36024734
29262063 36024735
29261996 36024736
29262490 36024737
15117854 36024738
15266878 36024739
15272433 36024740
29262454 36024741
15266604 36024742
15270221 36024743
3108544 36024744
15265289 36024745
12609310 36024746
15272603 36024747
15264914 36024748
15271088 36024749
10472853 36024750
15271180 36024751
1754629 36024752
15265055 36024753
15117965 36024754
15117864 36024755
15273195 36024756
15270078 36024757
15264767 36024758
15266148 36024759
15117950 36024760
15106432 36024761
1985745 36024762
15210848 36024763
15269152 36024764
15267490 36024765
29262520 36024766
29262283 36024767
29262423 36024768
1108145 36024769
29261999 36024770
29261951 36024771
15271843 36024772
22136536 36024773
22132819 36024774
1943156 36024775
29262305 36024776
15266675 36024777
15265533 36024778
15266399 36024779
15117848 36024780
15266375 36024781
12606390 36024782
29262129 36024783
1108278 36024784
21299190 36024785
15263038 36024786
15265032 36024787
29262370 36024788
1890741 36024789
15271807 36024790
29262351 36024791
29262386 36024792
15267025 36024793
15117826 36024794
1155729 36024795
15270034 36024796
15106402 36024797
15271761 36024798
29262046 36024799
15266122 36024800
15262906 36024801
1133950 36024802
29261931 36024803
15273714 36024804
22130998 36024805
15270591 36024806
29262306 36024807
15269384 36024808
29262001 36024809
15117862 36024810
22140792 36024811
29262455 36024812
15266385 36024813
15219704 36024814
21429145 36024815
15266566 36024816
29262284 36024817
29262166 36024818
15268860 36024819
15272296 36024820
29262258 36024821
10468460 36024822
15273088 36024823
19806425 36024824
15266873 36024825
19756106 36024826
419271 36024827
29262437 36024828
29262000 36024829
15269659 36024830
22128445 36024831
15265609 36024832
22138149 36024833
29262405 36024834
29262220 36024835
15268264 36024836
1290352 36024837
2068542 36024838
15263928 36024839
2131064 36024840
14600872 36024841
4540811 36024842
15264936 36024843
22136564 36024844
15268031 36024845
15268705 36024846
15271527 36024847
15106630 36024848
15262529 36024849
15106629 36024850
1111566 36024851
1121108 36024852
29262376 36024853
29262444 36024854
15266527 36024855
15265264 36024856
29262299 36024857
29261950 36024858
15139810 36024859
22126822 36024860
15269917 36024861
15271550 36024862
15267696 36024863
29262381 36024864
29262015 36024865
15262551 36024866
22127836 36024867
12666731 36024868
6418774 36024869
15265536 36024870
15271805 36024871
15267757 36024872
15268361 36024873
15271966 36024874
15265320 36024875
15272104 36024876
21429867 36024877
29262113 36024878
15267117 36024879
15266693 36024880
2482604 36024881
1154524 36024882
15270311 36024883
15272679 36024884
15271023 36024885
15106437 36024886
15117725 36024887
15117855 36024888
15266579 36024889
22142776 36024890
22283039 36024891
22139628 36024892
29262401 36024893
15270601 36024894
15269667 36024895
15272203 36024896
8454907 36024897
15106434 36024898
15265705 36024899
15268384 36024900
15267628 36024901
15106625 36024902
15271078 36024903
29262448 36024904
28683182 36024905
15273846 36024906
22362983 36024907
15106401 36024908
1158314 36024909
1566897 36024910
15266525 36024911
1550935 36024912
16359550 36024913
2106580 36024914
1778625 36024915
15264814 36024916
22425282 36024917
29262369 36024918
29261982 36024919
10466480 36024920
22137267 36024921
15267961 36024922
15271531 36024923
15117828 36024924
15262588 36024925
15273276 36024926
22413886 36024927
15106393 36024928
15266203 36024929
15268335 36024930
22140883 36024931
15269948 36024932
15271453 36024933
14629891 36024934
15271144 36024935
4509948 36024936
4532905 36024937
15116335 36024938
15272608 36024939
15272362 36024940
12608207 36024941
15272032 36024942
22378075 36024943
29262268 36024944
15268238 36024945
1120492 36024946
15267102 36024947
15266383 36024948
15264685 36024949
15262688 36024950
15270178 36024951
15106163 36024952
2069429 36024953
22138802 36024954
22140221 36024955
15264263 36024956
15271952 36024957
15273112 36024958
22133859 36024959
22204130 36024960
15270079 36024961
22132869 36024962
22133214 36024963
22130384 36024964
15117963 36024965
15265130 36024966
15260829 36024967
15264313 36024968
11926597 36024969
15266491 36024970
15265602 36024971
14625704 36024972
15273431 36024973
15262576 36024974
1578373 36024975
29262391 36024976
2304494 36024977
23963731 36024978
15271226 36024979
2277377 36024980
29262335 36024981
1901565 36024982
15196603 36024983
4119272 36024984
15264653 36024985
22142963 36024986
15271794 36024987
15265003 36024988
15270641 36024989
15271018 36024990
22138779 36024991
15106404 36024992
29262471 36024993
15267175 36024994
2129993 36024995
15106628 36024996
15271940 36024997
22419153 36024998
2305001 36024999
15265219 36025000
15267096 36025001
15106603 36025002
15271894 36025003
414273 36025004
29262147 36025005
15106440 36025006
15267103 36025007
29262417 36025008
15106164 36025009
1117467 36025010
29262380 36025011
10470105 36025012
922278 36025013
1126103 36025014
1153191 36025015
15265962 36025016
15267016 36025017
14740874 36025018
15268270 36025019
29262450 36025020
15267673 36025021
14740572 36025022
15106395 36025023
15266930 36025024
29262359 36025025
22137903 36025026
22452172 36025027
15271787 36025028
29262451 36025029
29262241 36025030
22376850 36025031
29262247 36025032
412071 36025033
15266565 36025034
15265126 36025035
15106602 36025036
15269060 36025037
10466479 36025038
15124475 36025039
4294094 36025040
29262465 36025041
12601473 36025042
15106397 36025043
15266382 36025044
1117915 36025045
19801257 36025046
15117837 36025047
22127482 36025048
15117726 36025049
29262260 36025050
15265911 36025051
29262320 36025052
15106160 36025053
2428421 36025054
15268118 36025055
15266951 36025056
10486217 36025057
22459024 36025058
16894276 36025059
15266917 36025060
22392793 36025061
14624746 36025062
15263682 36025063
15268983 36025064
1112757 36025065
781109 36025066
22376831 36025067
15265922 36025068
29262219 36025069
15269661 36025070
23964293 36025071
22127772 36025072
15268986 36025073
15268287 36025074
22129508 36025075
1795744 36025076
22376853 36025077
15265538 36025078
29262262 36025079
4499225 36025080
29261944 36025081
15117824 36025082
15269549 36025083
15266935 36025084
29262065 36025085
15270315 36025086
29262495 36025087
15124478 36025088
15264174 36025089
22134995 36025090
22138467 36025091
15265540 36025092
15273153 36025093
15106433 36025094
15271154 36025095
29262424 36025096
4032759 36025097
15265529 36025098
15270584 36025099
15125043 36025100
15269835 36025101
15271216 36025102
15124480 36025103
15117846 36025104
29261998 36025105
15268326 36025106
15272259 36025107
15265951 36025108
15270759 36025109
22127711 36025110
22127890 36025111
22130275 36025112
15270788 36025113
816173 36025114
15106394 36025115
15262550 36025116
15106405 36025117
15266025 36025118
12614382 36025119
1153014 36025120
15270133 36025121
15264756 36025122
15106424 36025123
976458 36025124
29262354 36025125
22142596 36025126
15269801 36025127
15273855 36025128
15269906 36025129
15271803 36025130
29262461 36025131
29262430 36025132
15268351 36025133
15271458 36025134
29261956 36025135
29262303 36025136
29262276 36025137
29261981 36025138
29262184 36025139
15270573 36025140
29262364 36025141
15270715 36025142
15264697 36025143
1111396 36025144
1531096 36025145
15270714 36025146
15273174 36025147
22126868 36025148
1110633 36025149
29262349 36025150
15106631 36025151
15265991 36025152
15266153 36025153
15270614 36025154
15271218 36025155
15271522 36025156
29261984 36025157
29262411 36025158
16359368 36025159
29262259 36025160
22382526 36025161
29261992 36025162
15266177 36025163
15270713 36025164
29262355 36025165
29262275 36025166
15266181 36025167
29261929 36025168
15270699 36025169
15268887 36025170
29262337 36025171
15266702 36025172
20071225 36025173
15117852 36025174
4212436 36025175
29262347 36025176
15106161 36025177
29262392 36025178
3636838 36025179
22133415 36025180
12608262 36025181
15263748 36025182
15264269 36025183
15273250 36025184
15265132 36025185
15264726 36025186
15269104 36025187
22135287 36025188
29262315 36025189
29262039 36025190
15272969 36025191
10484155 36025192
29262049 36025193
29262254 36025194
15267698 36025195
15272088 36025196
15271746 36025197
14660172 36025198
14651933 36025199
15272347 36025200
29262281 36025201
15241906 36025202
15140179 36025203
29261952 36025204
15268819 36025205
15265131 36025206
15117836 36025207
15271768 36025208
15117946 36025209
15266248 36025210
15265169 36025211
22127983 36025212
15267693 36025213
15267112 36025214
29262486 36025215
29261920 36025216
22131651 36025217
15268278 36025218
29262499 36025219
15265424 36025220
15265202 36025221
1804147 36025222
1126585 36025223
29262431 36025224
10485116 36025225
22128616 36025226
29262475 36025227
15270888 36025228
15268279 36025229
15272946 36025230
29261914 36025231
15273531 36025232
15267540 36025233
29262115 36025234
15273584 36025235
29262161 36025236
22132379 36025237
15268861 36025238
22129567 36025239
15271953 36025240
29262492 36025241
15124474 36025242
15117967 36025243
14667368 36025244
29262292 36025245
14306669 36025246
22128058 36025247
15267682 36025248
29262415 36025249
22131233 36025250
15270779 36025251
15271405 36025252
29261963 36025253
15266803 36025254
15270792 36025255
15269410 36025256
15265318 36025257
15268753 36025258
15117838 36025259
29262371 36025260
29262171 36025261
29262343 36025262
29262016 36025263
15264730 36025264
22127762 36025265
15270022 36025266
29262396 36025267
5172872 36025268
29262143 36025269
15268971 36025270
15270605 36025271
910085 36025272
1144215 36025273
15271789 36025274
15265561 36025275
15266176 36025276
1835611 36025277
15270819 36025278
15272368 36025279
36025280 36025281
36025282 36025283
458544 36025284
22135384 36025285
15267965 36025286
15267482 36025287
15267900 36025288
29262505 36025289
29261938 36025290
15149340 36025291
15268679 36025292
29262155 36025293
29261994 36025294
15266809 36025295
15267613 36025296
29262422 36025297
15270475 36025298
15272700 36025299
22137974 36025300
29262087 36025301
29262264 36025302
15269394 36025303
15271918 36025304
15267854 36025305
15241904 36025306
14740446 36025307
10289761 36025308
15272984 36025309
15106601 36025310
15270187 36025311
15266423 36025312
29262463 36025313
878391 36025314
29262346 36025315
15273615 36025316
17171719 36025317
29262076 36025318
10468683 36025319
15268850 36025320
15265918 36025321
23928378 36025322
14681909 36025323
15271579 36025324
29262374 36025325
15266391 36025326
15272139 36025327
15268285 36025328
15272240 36025329
22131627 36025330
29262462 36025331
12168141 36025332
12608500 36025333
15106400 36025334
29262313 36025335
15270481 36025336
15270909 36025337
15270602 36025338
15266364 36025339
22130577 36025340
15269695 36025341
29262378 36025342
1463025 36025343
15265544 36025344
22139969 36025345
29262081 36025346
29262136 36025347
22130432 36025348
29262023 36025349
15262636 36025350
1487861 36025351
15264502 36025352
22138197 36025353
15273193 36025354
29262269 36025355
15271762 36025356
15273154 36025357
15269283 36025358
15272212 36025359
4184191 36025360
29262350 36025361
22128118 36025362
29262309 36025363
15267083 36025364
15269668 36025365
15268772 36025366
15267023 36025367
4294092 36025368
15263281 36025369
1116579 36025370
15268111 36025371
29262420 36025372
15272522 36025373
15269941 36025374
15273017 36025375
22129415 36025376
15117827 36025377
29261973 36025378
29262006 36025379
29262479 36025380
15137751 36025381
29262278 36025382
15264888 36025383
15266387 36025384
29262485 36025385
29262238 36025386
29262246 36025387
15271086 36025388
15270073 36025389
15271087 36025390
29262432 36025391
15273498 36025392
29261922 36025393
15271025 36025394
22134302 36025395
22139980 36025396
15270212 36025397
29262436 36025398
29262510 36025399
1142949 36025400
29262372 36025401
15265262 36025402
29261985 36025403
15268244 36025404
36025405 36025406
15271998 36025407
1995035 36025408
16360800 36025409
2371613 36025410
15269146 36025411
29262187 36025412
15269939 36025413
29262428 36025414
29262028 36025415
15271875 36025416
29262249 36025417
29262043 36025418
29262048 36025419
22130553 36025420
29262456 36025421
15264890 36025422
15273265 36025423
15269822 36025424
15265606 36025425
22128564 36025426
15268195 36025427
15270812 36025428
29262286 36025429
15266314 36025430
22128056 36025431
10485100 36025432
1113049 36025433
15268286 36025434
29261915 36025435
15265775 36025436
15140178 36025437
1144188 36025438
15266077 36025439
29262072 36025440
2309750 36025441
29262245 36025442
29262270 36025443
29261921 36025444
1109181 36025445
15265883 36025446
15270557 36025447
4252961 36025448
15271791 36025449
15117830 36025450
15270809 36025451
29261975 36025452
15265133 36025453
2134708 36025454
15271760 36025455
22129006 36025456
29261955 36025457
15270214 36025458
15124476 36025459
15273188 36025460
29262519 36025461
15271546 36025462
15106169 36025463
15272013 36025464
21349888 36025465
29262421 36025466
22138087 36025467
15268893 36025468
15267796 36025469
15269588 36025470
15269936 36025471
29262118 36025472
29261928 36025473
16360932 36025474
2153897 36025475
22127533 36025476
15265517 36025477
15269838 36025478
15108541 36025479
4015813 36025480
29262036 36025481
15268334 36025482
15272374 36025483
2572425 36025484
15268927 36025485
22127528 36025486
29262289 36025487
15196501 36025488
15266267 36025489
1156078 36025490
15273481 36025491
29262070 36025492
15271287 36025493
15267026 36025494
15268896 36025495
22130626 36025496
29262414 36025497
22445497 36025498
15270767 36025499
14649236 36025500
29262266 36025501
15270080 36025502
29262453 36025503
15270818 36025504
14650932 36025505
14679787 36025506
15272692 36025507
14634840 36025508
29262344 36025509
29261991 36025510
15273364 36025511
15270312 36025512
15271418 36025513
14681110 36025514
15267498 36025515
29262304 36025516
22135057 36025517
22139841 36025518
22136886 36025519
15268622 36025520
15108756 36025521
15124470 36025522
29262137 36025523
22138937 36025524
15272046 36025525
15178889 36025526
10471555 36025527
2303979 36025528
15273024 36025529
29261911 36025530
15273482 36025531
15272280 36025532
15271414 36025533
29262157 36025534
15106632 36025535
1899090 36025536
15264822 36025537
15268387 36025538
15271745 36025539
22129767 36025540
15268283 36025541
15268267 36025542
15267699 36025543
15273555 36025544
15117951 36025545
10292656 36025546
15270413 36025547
29262282 36025548
15266967 36025549
29261976 36025550
29262507 36025551
29262018 36025552
29262232 36025553
22141966 36025554
15270920 36025555
15266252 36025556
15273511 36025557
29262458 36025558
29262418 36025559
15106438 36025560
15265638 36025561
2182414 36025562
2498854 36025563
29262459 36025564
15270500 36025565
29261997 36025566
1303962 36025567
15266509 36025568
29261961 36025569
4522363 36025570
15273233 36025571
15267024 36025572
15266608 36025573
15273517 36025574
29262488 36025575
1144017 36025576
15265173 36025577
29262300 36025578
29262117 36025579
15271801 36025580
22141020 36025581
15267842 36025582
29262022 36025583
22143552 36025584
15265447 36025585
15269411 36025586
14636781 36025587
15270943 36025588
15270302 36025589
14637316 36025590
15271434 36025591
22127508 36025592
15266908 36025593
15266089 36025594
1998071 36025595
15265484 36025596
29262053 36025597
10470283 36025598
15265228 36025599
15267697 36025600
29262489 36025601
15267689 36025602
15273156 36025603
15265884 36025604
15266874 36025605
15270578 36025606
15271532 36025607
15270558 36025608
15177921 36025609
22129744 36025610
1109691 36025611
15271035 36025612
15271549 36025613
29262397 36025614
15267655 36025615
15267695 36025616
23940619 36025617
15270777 36025618
22134076 36025619
15268033 36025620
15265535 36025621
29261990 36025622
29261959 36025623
22127373 36025624
10486212 36025625
15269662 36025626
15108542 36025627
15271756 36025628
29262316 36025629
15269671 36025630
15270791 36025631
15266259 36025632
29262366 36025633
15273038 36025634
23954074 36025635
22139396 36025636
15273034 36025637
29262162 36025638
29262469 36025639
29262508 36025640
29262180 36025641
15271212 36025642
29262261 36025643
15268685 36025644
15268248 36025645
29262512 36025646
15106439 36025647
15268948 36025648
15117835 36025649
15268165 36025650
15117832 36025651
15271578 36025652
22128972 36025653
15270422 36025654
22140935 36025655
15269987 36025656
2336722 36025657
15266598 36025658
15196601 36025659
15273045 36025660
1841170 36025661
15265198 36025662
29262160 36025663
29262321 36025664
1975261 36025665
15117857 36025666
501485 36025667
18492151 36025668
29262496 36025669
15267337 36025670
15265458 36025671
15267691 36025672
15265534 36025673
22143544 36025674
15270185 36025675
15267863 36025676
15273324 36025677
10261585 36025678
29262388 36025679
29261962 36025680
15267667 36025681
15269783 36025682
15270547 36025683
22132648 36025684
15268407 36025685
15265066 36025686
1151604 36025687
29262080 36025688
15106435 36025689
29262082 36025690
29262419 36025691
15272618 36025692
15117829 36025693
29262311 36025694
7575707 36025695
15117858 36025696
15265766 36025697
15265505 36025698
15266381 36025699
15264465 36025700
29262132 36025701
15270905 36025702
15265527 36025703
15264720 36025704
15265612 36025705
1120077 36025706
14740009 36025707
14629254 36025708
20409012 36025709
15267105 36025710
15268147 36025711
22130349 36025712
29262416 36025713
22132806 36025714
15106399 36025715
22405172 36025716
15270010 36025717
15117724 36025718
14645523 36025719
15273046 36025720
15265909 36025721
15269833 36025722
15270148 36025723
29262464 36025724
15272982 36025725
15136372 36025726
29262470 36025727
15271926 36025728
29262511 36025729
3302799 36025730
29262271 36025731
15263916 36025732
1577421 36025733
15106431 36025734
15269574 36025735
29262345 36025736
15268794 36025737
15268464 36025738
1135640 36025739
29262348 36025740
22127529 36025741
22129900 36025742
15273238 36025743
16360867 36025744
15267833 36025745
15261078 36025746
22145818 36025747
15210302 36025748
22143671 36025749
15273829 36025750
15273273 36025751
15270656 36025752
29262057 36025753
15185196 36025754
15267818 36025755
15271431 36025756
2163158 36025757
15117851 36025758
12606911 36025759
15267169 36025760
15261079 36025761
1129795 36025762
879595 36025763
29262333 36025764
29261910 36025765
15265610 36025766
15117850 36025767
14652084 36025768
15148761 36025769
15270590 36025770
22142665 36025771
15273859 36025772
29262165 36025773
22135111 36025774
12608595 36025775
29262361 36025776
1156611 36025777
15271956 36025778
15267101 36025779
15268412 36025780
15266354 36025781
22135512 36025782
22450427 36025783
15273382 36025784
29262407 36025785
20440607 36025786
21442290 36025787
29262139 36025788
1842092 36025789
29262362 36025790
15265184 36025791
1128429 36025792
15270716 36025793
15271156 36025794
12607368 36025795
22147915 36025796
15106396 36025797
15270030 36025798
22134286 36025799
29262353 36025800
15106427 36025801
15273532 36025802
29262387 36025803
15262525 36025804
15271748 36025805
29262408 36025806
29262144 36025807
29262195 36025808
345251 36025809
29262099 36025810
29262373 36025811
10296363 36025812
22459025 36025813
29262390 36025814
29262263 36025815
12608267 36025816
15273867 36025817
15270484 36025818
15268271 36025819
15269200 36025820
29262226 36025821
22126848 36025822
20071558 36025823
15273608 36025824
22423477 36025825
15269059 36025826
15273167 36025827
22129881 36025828
29262253 36025829
15265125 36025830
15271485 36025831
29262124 36025832
15124477 36025833
15271877 36025834
15273067 36025835
15178890 36025836
22128195 36025837
15268858 36025838
15270551 36025839
12601631 36025840
29262399 36025841
29262280 36025842
15264529 36025843
15269455 36025844
15265811 36025845
15273162 36025846
15106423 36025847
15269644 36025848
22133675 36025849
15271205 36025850
15270075 36025851
15265628 36025852
15266542 36025853
15267332 36025854
15271642 36025855
15270790 36025856
15269297 36025857
22137908 36025858
29262445 36025859
22145156 36025860
29262429 36025861
15117948 36025862
15269685 36025863
22139462 36025864
16324323 36025865
22136549 36025866
1807559 36025867
22127612 36025868
22127745 36025869
29262032 36025870
22127658 36025871
29262059 36025872
22133010 36025873
17174572 36025874
15271739 36025875
15268599 36025876
15117961 36025877
2210700 36025878
10483686 36025879
22130973 36025880
14686618 36025881
15267572 36025882
15270579 36025883
22128370 36025884
15269385 36025885
15273551 36025886
15269287 36025887
29262473 36025888
15273520 36025889
36025890 36025891
29262457 36025892
22127748 36025893
15268274 36025894
29262412 36025895
29262446 36025896
15264296 36025897
22147319 36025898
14740289 36025899
15273454 36025900
29262329 36025901
15265263 36025902
15273449 36025903
29262410 36025904
965668 36025905
15271682 36025906
1736558 36025907
15270184 36025908
15271085 36025909
15273701 36025910
15273831 36025911
15271987 36025912
22141178 36025913
29262497 36025914
15106162 36025915
3302801 36025916
15124473 36025917
581308 36025918
15271049 36025919
29261958 36025920
15106398 36025921
29262012 36025922
15106426 36025923
15188014 36025924
15269825 36025925
15117831 36025926
15270068 36025927
15271958 36025928
22128105 36025929
15117949 36025930
15266396 36025931
15269840 36025932
15271515 36025933
15265879 36025934
29262324 36025935
15273851 36025936
29262447 36025937
29262265 36025938
15149337 36025939
15269823 36025940
15267768 36025941
15124471 36025942
15265028 36025943
15271482 36025944
5155035 36025945
15270592 36025946
29262326 36025947
15273554 36025948
15266479 36025949
22285452 36025950
15271054 36025951
1160420 36025952
15270697 36025953
1843057 36025954
22139050 36025955
15268426 36025956
15265531 36025957
29262096 36025958
29262277 36025959
29261940 36025960
15268833 36025961
29262021 36025962
15272144 36025963
15106436 36025964
2250412 36025965
22136805 36025966
15269741 36025967
20502854 36025968
15273612 36025969
29262474 36025970
29261987 36025971
15271488 36025972
15273226 36025973
36025974 36025975
29262481 36025976
1144186 36025977
14659985 36025978
15271082 36025979
29262356 36025980
15270991 36025981
29262288 36025982
15268404 36025983
15269927 36025984
15268189 36025985
22143601 36025986
1155620 36025987
15266697 36025988
36025989 36025990
15271363 36025991
29262126 36025992
15106403 36025993
15267460 36025994
15266027 36025995
367310 36025996
15263425 36025997
15265137 36025998
15265919 36025999
15267821 36026000
1110988 36026001
15265196 36026002
15272355 36026003
15272695 36026004
15272152 36026005
15268200 36026006
15148763 36026007
15268282 36026008
15263279 36026009
29261927 36026010
15269437 36026011
29262274 36026012
15264937 36026013
23932146 36026014
29262293 36026015
12606956 36026016
15267149 36026017
15269664 36026018
15270005 36026019
2192587 36026020
14652323 36026021
15270745 36026022
29262085 36026023
29262290 36026024
15266026 36026025
15117859 36026026
15133856 36026027
29262005 36026028
21412849 36026029
15265817 36026030
36026031 36026032
475060 36026033
15269785 36026034
29261919 36026035
29262491 36026036
15273255 36026037
29262515 36026038
14685943 36026039
22128226 36026040
15117839 36026041
29262438 36026042
15269387 36026043
22126979 36026044
15267559 36026045
29261941 36026046
22146432 36026047
15273561 36026048
1982471 36026049
15273496 36026050
22139075 36026051
15265836 36026052
15264820 36026053
29261933 36026054
15264618 36026055
2160849 36026056
22140870 36026057
29262251 36026058
3638949 36026059
15106624 36026060
15265197 36026061
29262433 36026062
15265528 36026063
29262328 36026064
15267694 36026065
18473828 36026066
1152005 36026067
14740515 36026068
15270621 36026069
15264815 36026070
22134074 36026071
2349384 36026072
15272048 36026073
14740378 36026074
15106626 36026075
15268352 36026076
15266968 36026077
29262159 36026078
15273564 36026079
15271396 36026080
22143013 36026081
15268357 36026082
29262449 36026083
15106627 36026084
15106430 36026085
15264491 36026086
12608690 36026087
29262413 36026088
15117964 36026089
29262318 36026090
15265887 36026091
1153528 36026092
29262093 36026093
22142118 36026094
22142847 36026095
15265494 36026096
12724420 36026097
36026098 36026099
15267666 36026100
15271033 36026101
15149339 36026102
29262025 36026103
15272976 36026104
15268313 36026105
15117962 36026106
29262487 36026107
15117863 36026108
14658459 36026109
15210291 36026110
15266845 36026111
