18144510 10590231
36039276 10532617
2651987 10458067
13141692 10532618
15810296 10532631
13302305 10532642
36039277 10532654
18145236 10532667
4040841 10532679
18144552 10532702
18146883 10532706
12166040 10532709
36039278 9571145
36039279 10532710
13608081 10532711
11892426 10532712
4124838 9571183
972246 10532714
3177331 10532716
2577490 10532717
11918374 10532718
13651899 10532719
2598969 10532725
34557893 10532779
5017113 10532828
15859810 10532832
15809946 10532841
15843788 10532843
18145323 10532852
14578257 10532858
3939790 10532871
1940747 9964350
18145229 9964368
13221062 10532924
5026082 10532933
18146153 10532939
12460539 9964396
21364614 10532946
15843699 10532956
36039280 9964398
13592262 9964400
36039281 10020114
11916451 10533020
13585003 10533026
36039282 10533029
1690019 10533037
5022161 10533047
18062844 10533057
36039283 10533064
11903114 10533076
18145438 10533089
36039284 10533101
13070166 10533113
2753479 10533121
36039285 10533129
5021207 10533130
17048067 10533141
18145298 10533150
3160878 10020699
18144906 10533170
2598304 10533174
2671279 10533177
20078837 10533188
2726987 10020909
14603903 10533198
2720063 10533208
36039286 10533230
18145647 10533240
4166666 10533284
2592041 10021184
2729190 10533301
36039287 10533302
5023023 10533311
1687256 10533321
18146080 10533332
18146651 10533340
4124184 10533350
2664715 10533367
36039288 10021510
21012960 10533373
18145145 10533374
16265047 10533381
1727891 10533403
13601567 10533413
3928250 10533423
36039289 10533435
80971 10533444
2674093 10533454
18145281 9571860
1188379 10458070
2675105 10533460
1713474 10533470
13385846 9964648
14581052 9964652
17092878 10533520
11882543 10533539
12977431 10458071
15910180 9964688
4068205 9964723
2002408 10533575
2591711 10533584
18146486 10533595
18144431 10533615
3897601 10533625
23175775 9964777
933757 10533644
13374404 10533655
30538075 10533661
20081185 10533668
4527414 10533687
1815104 10533720
12980878 9964879
1737071 10458075
21356033 10533729
36039290 10533732
15855746 10533738
1720088 10533759
11911824 10533770
13233399 10533778
15810168 10533812
1684591 10533816
18145903 10533817
15809950 10533826
11832186 10533836
18144786 9965027
12989177 10533867
13258233 10533880
16016853 9965031
36039291 9965039
18144956 10533920
12629002 9965076
4125072 10533942
36039292 10533955
18146471 10533969
15841020 10534002
15842299 9965226
3194961 10458077
3488584 10534019
82227 10534036
2696756 10534050
2599113 10534079
12989008 10534105
2599241 10458078
12461395 10534120
13576098 10534133
6486789 10534146
13233314 10534174
14941524 10534185
36039293 10534192
13328280 10534198
36039294 10534202
82518 10534216
2628086 10534230
15809751 10534231
15843741 10534241
14941621 10534267
15843787 10534281
12018350 10534297
14941610 10534307
78239 10534315
1646576 10534326
77421 10534346
14941629 10534347
13615599 10534370
2598965 10534381
18145948 10534395
15843791 10534409
36039295 10534416
18146229 10534427
1695725 10534447
903619 10534448
15843777 10534449
15852944 10534458
36039296 10534465
36039297 10534475
36039298 10534487
1689739 10534512
11913436 10534526
4102299 10458079
2597311 10590416
1699672 10534551
12153455 10534565
76133 10534592
12963466 10534606
11896595 10026031
5022221 10534643
2724837 10534654
36039299 9965832
5087815 9965834
18146840 10534701
12917804 9573792
11916283 10534721
15844056 10534730
2599228 10534736
15988575 10534738
36039300 10534745
1814161 10534751
36039301 10534767
1950670 10534776
18145321 10534791
16004038 10534800
78057 10534814
18145140 10534828
18153251 10534829
36039302 10534845
26010608 10534852
10465013 10534864
1732065 10534888
33391182 10534902
3556161 10534917
2577456 10534931
80158 10534944
36039303 10534959
3965775 10534960
14810044 10534971
983592 10534987
1781222 10534993
4040724 10535007
952123 10535020
18144516 10535037
26009430 10535050
1832717 10535064
3410194 10535076
13145337 10535089
2542669 10535104
3215309 10535118
17226559 10535132
1971541 10535146
11895209 10535162
5014369 10535172
1809864 10026047
14809093 10535196
9448923 10535204
18145140 10535218
2729186 10535219
15840562 10535227
2544364 10535238
5036495 10535245
1828203 10535265
4109891 10026048
31145274 10535291
26010109 10535294
5038120 10535307
13545979 10458083
11904066 10535320
4847279 10535332
13616799 10535342
78859 10535353
1784792 10535363
26009997 10535364
36039304 10026050
912350 10535378
5013329 10535387
13583643 10535399
1695769 10535400
13614621 10535409
9500979 10535420
10234491 10535429
2753467 10535438
14592458 10535447
21287725 10535458
2551054 10535468
13791791 10535477
1691336 10535490
13610188 10535500
83076 10535501
4514148 10026347
3971471 10535516
3909902 10535536
2752772 10535547
17366922 10535555
4093346 10535561
2512159 10535565
36039305 10535577
13792984 10535578
36039306 10535594
1697431 10535604
2723520 10535614
1640883 10535625
5018932 10535635
2753469 10535646
1825109 10535666
12016890 10535677
36039307 10535686
3910692 10028175
889577 10535698
957843 10535712
14808983 10028177
14608371 10535743
1695805 10535756
2598498 10535767
4142878 10535777
4140340 10535789
36039308 10535802
11914942 10535826
1841392 10535834
36039309 10535856
36039310 10535868
2607248 10535878
13251777 9575045
3902604 10535889
11845915 10535912
1695640 10535956
11903987 10535966
4078879 10535977
18152026 10535991
36039311 10536008
17375304 10536024
2591968 10536034
11857575 10536045
11840682 10536057
18145095 10536073
18145914 10536085
15843950 10536111
10165950 10536126
15844010 10536140
12462458 10536154
36039312 10536155
11877891 10536170
20080248 10536187
13127991 10536195
18146159 10536205
18146624 10536208
13085014 10536215
15843792 9966615
15843793 10536231
13036142 10536244
2598890 10536258
36039313 10028194
5015917 9966662
2591790 10536310
36039314 10536324
36039315 10536336
15810074 10536351
14941395 10536360
12897896 10536373
36039316 10536391
18144494 10536392
18145159 10536407
18628502 9966698
18146655 10536446
16519229 9966705
4141134 10536489
3145770 10536517
15810472 10458087
18144830 10536533
13231152 9966760
12971934 10536557
1815330 10536583
18145220 10536598
2616321 9966870
36039317 10536639
36039318 10458088
10211239 10536651
16808629 9966882
10230694 10536675
4113437 10536687
2650239 10536699
15850326 10536708
13791842 10536719
36039319 10536736
36039320 9966932
2727950 10536750
35680848 10536763
35680886 9966993
18151650 10536774
17086694 10536791
3193329 10536802
15962018 10536814
12462320 10536829
13092591 10030388
21416778 10536876
36039321 10536889
7828387 10536907
1691646 10536920
18146497 10030390
13589180 10536933
5026867 10536938
36039322 9576211
36039323 10536971
36039324 9576256
32997036 10537021
14619255 10458095
77066 10537037
15803369 10537052
12154347 10537068
13094877 9576366
18079646 9967301
5021835 10537100
21012958 10537111
31225397 9967313
18144578 10537144
36039325 10458099
13393566 10537161
2599196 10537176
18144644 10537189
13526844 10537202
20082283 10537220
2599270 10537266
13525620 10537281
15842370 10537299
36039326 10537311
2599081 10537320
12460961 10537351
1741535 10537366
2598925 10537388
1684830 10537404
5021174 10537418
2710297 10537430
36039327 10537439
1684157 10537468
36039328 10537495
17199626 10537524
36039329 10537538
3312065 10537551
36039330 10537574
20078025 10030935
83397 10537606
20078490 10537622
2752834 10537645
13526633 10537659
18146642 10537672
36039331 10537702
36039332 10537715
15810354 10031147
20081578 10537744
18153347 10537759
13021806 10537792
20081671 10537814
13212828 9967685
36039333 10537834
11875431 10537843
5041143 10537869
36039334 10537886
18146309 9967713
18146570 9967719
18098066 10537930
11874643 9967757
12461153 10537963
36039335 10537973
4041086 9967827
13334250 10537987
34557614 9967868
33374195 10538003
2598752 9967911
20078305 10538031
36039336 10538044
36039337 10538045
12969305 10538057
5019079 10538068
11835106 10538092
15989263 10538105
10220229 10538111
18145945 10538119
14593727 10538128
36039338 10538132
15333508 10538143
18145101 10538157
12902644 10538180
14941688 10538192
5022192 10538208
36039339 10538222
21366851 10538233
13326540 10538234
5012213 10538245
36039340 10538262
12979614 10538277
18153261 10538295
36039341 10538310
14412669 10538324
4041841 10538341
15988759 9577638
33561680 10538354
15810477 10538355
2598961 10538370
13256882 9577691
36039342 9577723
18146593 10538404
36039343 10538415
16007862 10538427
2734627 10538450
14868831 10538479
36039344 10538487
1763210 10538492
2598597 10538500
13326610 10538511
36039345 10538538
32996824 10538548
892304 10538562
18145984 10538577
13212480 10538578
14941334 10538589
18146314 10538603
29136808 10538625
5023779 10538649
18144892 10538655
12153021 10538668
5024456 10538685
10234708 10538686
13077116 10538698
36039346 10538719
18145486 10538728
36039347 10538742
36039348 10850423
13400128 10538782
14584029 10538795
36039349 10538803
5013569 10538804
11912788 10538832
1744788 10538848
979858 10538861
36039350 10538870
14593211 10538881
2596433 10538893
4092717 10538899
2753168 10538922
36039351 10458130
3494473 10538923
83718 10538930
2584412 10538941
2583383 10538953
1737608 10538963
11911156 10590686
2649504 10538981
3487379 10538991
13319005 10539002
2721269 10539010
2599079 10539020
36039352 10539021
1713300 10539030
15852601 10539046
2722560 10539057
12860627 10539074
13443693 10539083
893544 10539092
5012373 10539099
15998169 10539121
12974774 10539132
4151398 10539133
15850604 10539166
12828233 10539183
18144827 10539212
18144606 10539229
36039353 10539241
12163169 10539257
2724719 10539258
36039354 9578924
14846923 10539299
2725510 10539356
13408597 10539368
12916631 10539383
14846425 10539397
26010555 10032950
5040846 10032951
15804985 10539451
17034462 10032952
1691528 10539505
36039355 10539520
36039356 10539521
1691648 10539537
2545356 10539548
14925299 10539596
13227382 10539613
14584998 10539638
13543766 10539651
33522500 10539666
1174737 10539681
36039357 10539700
13603159 9969208
14942145 9969210
18144549 10539741
18074301 9969233
16004893 9969235
36039358 10539792
18144672 10539796
36039359 10539811
36039360 10539823
13114694 9969320
18144844 9969345
18146464 10539894
13027625 10539910
36039361 10539920
13202603 10539945
18146895 10539958
13229245 10032968
36039362 10540005
18145047 9969569
2718515 10540028
11916337 10032970
18145226 10032971
892304 10540056
36039363 10540075
13422852 10540082
36039364 10540093
13410173 10458131
3960111 10540109
11911159 10540116
4163412 10540128
18144410 10540137
883446 10540148
18145957 10540153
18146011 10540157
12462041 10540161
36039365 9969678
36039366 9969682
13215294 10540192
4335799 10540207
36039367 10540217
18146212 10540225
18146243 10540234
4253095 10540239
12013986 10540246
2652031 10540262
15810459 9579972
18146392 10032985
36039368 10540292
18261056 10540303
36039369 10540314
18144979 10540334
36039370 10540355
13290556 10540366
36039371 10540385
18145143 10540396
36039372 10540406
36039373 10540415
36039374 10540421
36039375 10540425
18145288 10540445
13608163 10540456
13207618 10540457
36039376 10032988
4312743 10540471
36039377 10540476
18076783 10540485
2591776 10540493
14809286 10540500
15852582 10540505
36039378 10540518
36039379 10540525
5017240 10540526
36039380 10540533
4731840 10540547
1953291 9970069
1875270 9970071
2583444 10540587
13757167 10540594
18146441 10540597
2591939 10540598
15855080 9970168
18145008 9970191
18145291 10540614
1832175 10540623
2592147 9970222
11896790 10540644
11895187 10540646
3683953 9970247
36039381 10458141
18259558 10540667
2543106 9970338
36039382 9970380
18144629 9970423
15982469 10540713
36039383 10540722
12988772 9970481
18081052 10540774
13109651 12183973
36039384 10540797
36039385 10540813
12462189 10540827
12015889 10540839
18144904 10540840
36039386 10540853
2542489 10540863
36039387 10540877
18145265 10540901
18145308 10540913
18145316 10540917
18145617 10540928
18144472 10540934
12010049 10540944
36039388 10540956
36039389 10540966
12830678 10540985
12842969 10540996
18146711 10541008
3135989 10541021
36039390 10541034
21420222 10541043
13202414 10541059
36039391 10541066
891275 10541072
25990459 10850619
11878178 10541117
12919943 10033011
18146836 10541150
36039392 10541151
15843797 10541159
16560227 10541168
36039393 9970836
2726944 9970842
11913598 10541203
15906266 10541216
36039394 10541226
36039395 10541251
3962816 10541269
2271863 10541293
3142524 10541314
36039396 9580670
18144395 10541341
18146438 10541380
5018579 10541400
4148995 10541410
15841620 10458149
12171931 10541420
18037179 10541465
5021951 10541473
36039397 10541475
36039398 10541476
15828172 10541478
36039399 10541481
5018603 10541484
18146891 10541487
5017696 10541488
36039400 10458151
18145492 10541490
18144693 10541491
36039401 10541492
11908301 10541493
15817880 10541496
3293503 10541500
2752912 10541501
14846429 10541506
15323686 10541507
14809386 10541508
36039402 10033039
11905612 10541511
36039403 10541512
13409461 10541513
18146886 10541514
13454866 10541517
11879459 9580886
36039404 9971557
12174331 10541522
36039405 10541524
3204022 10541535
2717816 10541563
80848 9971563
17034579 10541596
19067294 10541630
36039406 10458154
12677031 10541639
18062890 10541649
5022376 10541673
76758 10541682
36039407 10541697
36039408 10541709
13329164 10458157
36039409 10541749
2616303 10541762
2719033 10541768
18144512 10541771
15843904 10033048
36039410 10458158
2729387 10541843
13476955 10541855
11835560 10541867
2686836 10541880
4149021 10541892
12166781 10541905
3902486 10541917
36039411 10541923
36039412 10541954
36039413 10541959
4454990 10541968
18054177 10541979
13581243 10541995
5018533 10541996
13607760 10541999
11870105 10033058
77249 10458161
14941897 12183993
14941549 10542003
11904673 10542004
18025858 10542006
18262929 10542009
36039414 10458163
36039415 10542012
5018561 9972613
1952561 9972623
36039416 10542015
11910265 10542016
11901228 9972627
36039417 10458165
5022022 9972645
2722928 10542017
36039418 9972655
5018441 10542019
5016283 10542020
13287369 10542021
2603802 9972699
33464661 10542023
29197283 10458168
4154941 10542024
7815344 9972711
12950661 10542026
5022956 10542027
5015073 10542028
18107637 10542030
10218297 10542031
31133865 9972842
36039419 10542033
14846894 10542034
13045797 10542035
13323787 10542036
18106935 10542040
36039420 10542041
36039421 10542042
14599889 10542043
3719045 10590747
36039422 10542044
36039423 10458169
77935 10542045
10175264 10542046
18146125 10542047
18146138 10542048
36039424 10542051
15843786 10542052
4073709 10542053
36039425 10542054
18145337 10542055
36039426 10542056
13527858 10542057
5041148 10542058
2736913 10542061
36039427 10033668
36039428 10542066
29025196 10542067
4149275 10542068
36039429 10542069
20080317 10542070
20077623 10542071
20079408 10542072
14600342 10542073
18144952 10542075
15809974 10542078
3680549 10542079
18146262 10542082
36039430 10542083
14846824 10542084
3972414 10542087
12175241 10542088
13594114 10542090
36039431 10542091
3933799 10542092
5022982 10542094
30861670 9581322
18107836 10542098
11879997 10542099
36039432 10542100
36039433 10542101
36039434 10542102
5010755 10542103
12154678 10542105
1797724 10542106
5011557 10542107
15915623 10542111
13789614 10542112
957596 10542114
2598173 10542116
11886317 10542117
12159434 10542118
21404785 10542119
2273090 10542120
36039435 10542121
1163187 10542123
5033616 10542124
36039436 10542127
11888154 10542129
3885694 10542130
83977 10542132
5010766 10542134
15899201 9581415
18145049 10542135
1873573 10542136
5018563 10542137
36039437 10542139
36039438 10542140
2719798 10542141
36039439 9974465
5018940 10542142
13269974 10542145
36039440 10542146
4123648 10542147
16565080 10542148
36039441 9974681
26011129 10542151
12461574 9974806
36039442 10542152
29055493 10542154
1689737 10542155
5031740 9974950
12168573 10542158
18145675 10542159
36039443 10542160
2592369 10036709
5018587 10542162
82193 10542163
36039444 10542166
22988841 10542168
36039445 10542170
36039446 10542171
36039447 10542172
36039448 10542173
36039449 10542174
36039450 10542175
14941906 10542176
21388680 10542177
5018547 10542178
4721441 10542179
1691976 10542180
36039451 10542184
5022345 10542185
3895763 9975298
12168531 10037388
36039452 10542186
2724827 10542187
4040672 10542190
13568444 10542191
4071015 10542192
2588978 10542193
22443258 10542195
5018535 10542196
14846894 10542197
15817607 10542198
13422933 10542199
36039453 10542200
22444065 10542201
2598630 10542202
18144987 10542203
14941859 10542206
1941057 10542208
11882384 10542209
16240549 10542210
35748571 10542211
18144635 10542212
11919551 10542214
36039454 10542215
2752639 10542216
21018688 10542217
36039455 10542218
33464632 10542219
21416478 10542220
16211951 10542221
2595785 10542222
5018529 10542224
12169323 10542225
2719000 10542226
13015051 10542227
2738636 10542229
3952380 10542230
13085412 10542232
21346562 10542233
13559011 10542234
13164425 10542235
17382339 10542237
12174570 10542238
1805044 10542239
1695040 10542240
13196649 10542241
36039456 10542243
10164943 10458190
17353861 10542245
12162401 10542246
2736637 10542247
5022104 10542248
13277008 10542249
18146899 10542250
22995645 10542251
17224609 10542252
33520978 10542253
13493844 10542254
36039457 10542255
25975502 10542256
18145651 10542258
22403562 10542259
12153476 10542260
11870106 10037692
15924278 10542261
13445366 10542262
29055492 10542265
18145565 10458192
14599695 10542266
36039458 10542267
36039459 10542268
10229235 10542270
36039460 10542271
18144414 10542274
80178 10542275
11860451 10542276
3487135 10542277
14846835 10542278
13057973 10542279
23200821 10542280
36039461 10542281
12965739 10542283
11927787 10542284
14941104 10542285
12155100 10542286
11882416 10542287
4040849 10542288
36039462 10542289
11882098 10542290
4200362 10542291
13393782 10542292
10175473 9977381
19093992 10542293
36039463 10542294
10231339 10542295
10169156 10542297
36039464 9977421
16587809 9977471
5018450 9977488
3328981 10542301
21396001 10542302
18061549 10542304
14609461 10542305
21322880 10542306
13780807 10542307
11903057 10542308
14846764 10542310
3279937 10542311
979958 10542314
36039465 10542315
11927522 10542316
12153159 10542318
5022223 10542320
36039466 10542321
12173906 10542323
31387184 10542324
2577390 10542327
18056262 10542329
36039467 10542330
18100416 10542332
36039468 10542333
16240662 10542334
36039469 10542335
4839147 10542336
18395221 10542337
14846365 10542338
25975481 10542339
21349681 10542340
1639663 10542342
12159459 10542343
18108047 10542344
36039470 10542346
5016514 10542348
5021728 10542350
2726680 10542351
36039471 10542352
5021266 10542353
13323248 10542354
14611642 10542355
36039472 10542356
10211256 10542357
36039473 10542360
36039474 10542361
5022127 10542362
36039475 10542363
33482571 10542365
1639329 10542366
5022365 10542367
82428 10542368
26046560 10542369
36039476 10542371
36039477 9979197
12163460 10542372
36039478 10542373
36039479 10542374
36039480 10542378
18063344 10542379
15054329 10458202
36039481 10542383
18145677 10542384
36039482 10037725
1724836 10542385
20082117 10542387
15328676 10542389
20081179 10542390
36039483 10542392
22443541 10542393
13321966 10542394
19916168 10542395
13333967 9582094
2615803 10458205
36039484 10542404
11877558 10542405
18111592 10542406
2008403 10542412
36039485 10542414
36039486 10542416
36039487 10542417
36039488 10542418
36039489 10542420
36039490 10542422
21344322 10542423
10230710 10542424
5021756 10542427
17005615 10542428
12168948 10542429
25980941 10542430
36039491 10542431
36039492 10542432
36039493 10542433
27805539 10542434
36039494 10542435
36039495 9582190
34557690 10542436
11862284 10542437
4124600 10542438
36039496 9582205
27804755 10542439
21417662 10542440
36039497 10542441
36039498 10542442
27804919 10542444
12168576 10542445
36039499 10542446
25990304 10542447
27805443 10542448
21363031 9980753
36039500 9980757
17048159 10542449
36039501 9980789
27804897 10542451
36039502 10542453
36039503 10542455
5015215 10542456
36039504 10542457
36039505 10542458
14846461 10542459
36039506 10542460
36039507 10542461
36039508 10542462
36039509 10542463
36039510 10542466
36039511 10542467
18111510 10542468
5017892 10542469
12163130 10542470
36039512 10542472
34557529 10542473
18145553 10542474
36039513 10542476
36039514 9981070
21388662 10542477
36039515 10542479
36039516 10542480
5021865 10542481
13206528 10542482
12941675 10542483
12154105 10542484
12154104 10542485
12914878 10542486
15970450 10542487
23202459 10542488
21370482 10542490
36039517 10542491
13551883 10542492
16560245 10542493
21411251 10542494
18037214 10542496
3145492 10542498
36039518 10542500
18146342 10542501
15850641 10542503
25976207 10542504
36039519 10542505
2752612 10542507
18107324 9582435
36039520 9981123
36039521 10542508
5010902 10542510
13231380 10542511
23199216 9981141
5017802 10542513
5021857 10542514
36039522 10542515
79821 10542516
5022266 10542517
36039523 10542518
36039524 10542520
4324376 10542521
36039525 9981205
11913460 10542522
17048371 10542523
36039526 10542526
12159927 10542527
36039527 10542528
36039528 10542529
12154640 10542531
33500041 10542532
36039529 10542533
7539145 10542535
25997277 10542536
27805840 10542537
11880886 10542538
18030797 10542539
18145595 10542541
36039530 10542542
36039531 10542548
13147512 10542550
12174007 10542552
12169449 10542554
36039532 10542555
36039533 10542556
36039534 10542559
14604299 10542561
33362892 10542562
13123426 10542563
12925060 10542564
2598634 10459346
36039535 10542566
15842142 10542572
17074279 9981550
13131503 10542574
36039536 10542575
5008220 10542576
23201250 10542577
13205817 10542578
23200021 10542579
4723092 10542581
36039537 10542582
13009735 10542584
11882417 10542585
36039538 10542586
1731500 10542587
36039539 10542589
23202384 9981633
13008748 10542592
12899636 10542595
36039540 10542596
23199424 10542597
1953414 10542598
36039541 10542599
36039542 10542600
3143638 10037805
13489727 10542601
13070505 10542602
16013675 10542603
26039119 10542604
36039543 10542605
18144392 10542606
10464553 10542607
13755317 10542608
12156546 10542610
21287925 9981888
21361778 10852002
13533719 10542613
13606659 10542615
14846898 10542616
17048103 9982032
12889311 10542617
12158664 10542619
13213005 10542621
2038186 10542624
13383590 10542625
3893650 10542626
13469167 10542628
13498604 10542630
23200342 10542631
18146810 10542632
16547548 10542633
18146384 10542635
3911834 10459637
36039544 10542637
2743260 10542639
23199516 10542640
10229927 9582954
36039545 10542641
36039546 10542642
15809917 10542644
30843223 10542645
36039547 10542646
17048139 10542648
36039548 10542649
10233664 10542652
18146912 10542653
21313150 9583019
15808736 10542655
17048807 10542656
12461945 10542657
12873688 10542658
11901303 10542659
18146476 10542660
11854628 10542661
34558724 10542663
14580246 10542665
5022119 10542666
13077116 10542667
13005485 10542669
18107389 10542676
21321267 10542678
36039549 9583070
31099013 10542679
13455932 10542681
36039550 10542682
36039551 9583089
36039552 10542686
18106680 10542687
18106857 10542689
2655356 10542690
18144878 10542691
12647697 9982816
31386823 10542692
26016121 10542693
36039553 10542694
4255200 10542695
36039554 9583148
21381060 9583156
80893 10542697
36039555 10542698
36039556 10542699
36039557 10542700
12461865 10542701
36039558 9583171
15836970 10542702
16809249 9583179
36039559 10542704
13330652 10542705
23200928 10542707
14559913 10542708
36039560 10542709
11877444 10542713
36039561 10542714
13764908 9583208
15334439 10542718
11834957 10542719
2731086 10542720
11903911 10542721
11896236 10542722
17074281 10542724
11829501 9583258
17072249 10542725
36039562 10542727
13220614 10542728
36039563 9983211
36039564 10542729
36039565 10542730
36039566 10542732
36039567 10542733
21012351 10542734
18145621 10542735
36039568 10542736
5026162 10542737
1741850 10542738
80234 9983213
4807411 10542739
18089434 10542740
21388739 10542741
21541172 10542742
36039569 10542744
13436487 10542746
13136295 10542751
16560394 10542753
18029299 10542755
12192495 10542756
4831941 10542758
13032432 10542759
4338219 10542760
4148995 10542761
36039570 10542765
13028379 10542768
13190229 10542769
18144930 10542770
17034355 10542771
36039571 9583453
18145033 10542775
36039572 10542779
12940660 10542780
36039573 10542781
3954172 9983243
36039574 10542782
33397355 10542785
36039575 10542786
22997163 10542788
15810111 10542789
36039576 10542790
36039577 10542792
2591709 9983245
13465570 10542793
5018555 10037874
36039578 10542794
11835561 10542795
36039579 10542796
13407625 10542799
13017246 10542800
4109862 10542802
25998363 10542803
3901681 10542804
36039580 9583646
27805401 10542805
36039581 10542806
16575974 10542808
36039582 10542810
932908 9583684
36039583 10542812
23201047 10037877
11918466 10542813
23200735 10542816
23200414 10542820
13335378 10542821
4149019 10542822
11914650 10542823
36039584 10542824
11903217 10542825
36039585 10542826
18145045 10542828
10203455 10542830
1951116 10542832
18146047 10852005
2719228 9583754
898453 10542833
5018599 10542834
36039586 10542835
36039587 10542837
13590805 10542838
18145351 10542839
1950356 10542840
36039588 10542841
21281476 10542842
15809818 10542844
36039589 10542845
4726826 10542847
13288980 10542849
1961798 10542850
18146157 10542851
2752616 10542853
4149023 9583833
5018525 10542854
15328674 10542855
36039590 10542857
20078492 10852006
26039836 10542859
2672518 10542860
12163407 10542862
5031997 10542863
18146021 10542864
14846483 10542865
36039591 10542867
2542512 10542870
36039592 10542872
36039593 10542874
13071445 10542875
15855070 10542877
5020277 10542878
4774431 10542879
13117138 10542880
36039594 10542881
10203861 10542882
36039595 10542883
18146916 10542884
12933688 10542885
13780675 10542887
4712034 10542888
14942381 10542892
14578040 10542894
2687839 10542895
5022217 10542896
13045689 10542898
36039596 10542899
3204276 9583969
4318814 10542901
12174389 10542903
36039597 10542904
9455398 10542905
2747668 10542906
18029897 10542907
31220302 10542908
18146066 10542909
2581669 10542911
36039598 10542912
11927721 10542913
16011461 10542914
4220813 10542915
16000851 10037908
36039599 10542917
36039600 10542918
18146670 10460489
26024449 10037912
36039601 10542920
12166344 10542921
36039602 10542922
13267875 9584090
13444272 9983320
36039603 10542924
18145128 10542925
18146865 9983322
82454 10542926
18145667 10542927
13200384 10542928
4125452 10542929
36039604 10542930
36039605 10542931
10866718 10542932
14609441 10542933
36039606 10542934
36039607 10542935
18145365 9983324
36039608 10542936
36039609 9983326
10217599 10542937
36039610 9584121
21379916 10542941
18145040 10542942
13379084 10542943
13133814 10542944
12987410 10542945
18145256 10542946
13439922 10542947
36039611 10542949
36039612 10542950
36039613 10542951
1687252 10542954
36039614 9983328
13328308 10542955
13605721 10542956
36039615 10542957
36039616 10542958
3182747 10542959
3182747 10542960
3182747 10542961
36039617 10542962
36039618 10542963
14562643 10542964
15840827 9983330
35697260 10542965
36039619 10542966
36039620 10542967
36039621 10542968
15810034 10542969
16511955 10542970
26015559 10542973
11909066 10542975
5021789 9983332
15840813 10542976
18274973 9983334
82514 10542978
12870831 10542979
10230147 10542980
13331943 10542981
36039622 10542983
13797133 9983338
5022141 10542984
15840828 10542985
21343092 10542986
36039623 10542987
5022143 10542988
23200346 10542989
12157296 10542990
5018592 10542991
26072161 9584157
12994804 10542992
1641402 10542993
36039624 10542994
18146697 10542995
13215664 10542996
12950810 10542997
36039625 10542998
3718741 10542999
36039626 10037927
18023300 10543000
36039627 10543003
12154823 10543004
36039628 10543005
11840322 10543006
12951835 10543007
20078886 10037931
20079370 10543008
20080699 10543009
11924538 10543010
20080728 10543011
2664547 10543013
13295959 10543014
34557553 10037934
33361187 10543015
2648863 10543016
18103992 10037935
2719500 10543017
36039629 10037936
1914589 10543018
5018518 10543019
36039630 10543021
36039631 10543022
12154473 10543023
36039632 10543024
15853541 10543025
13570811 10543026
18144668 10543028
13321653 10543029
36039633 10543030
4113597 10543031
34558880 10543032
36039634 10543033
18106889 10543034
36039635 10543035
16438246 10543037
36039636 10543038
25969380 10543039
13389299 10543040
3489969 10037942
33367077 10543043
36039637 10543044
36039638 9584181
12461657 10543046
15844150 10543047
36039639 10543048
18145611 10543049
36039640 10543050
17048115 10543055
14941868 10460717
18144776 10543057
33427843 10543058
33487845 10543059
12173757 10543061
33450926 10543062
33459661 10543063
4860674 10543064
12832159 10543066
12907025 10543067
13583837 9983363
5018516 10543068
36039641 10543069
18146794 10543070
36039642 10543071
21368252 10543072
13347451 10543073
2720889 10543076
16001450 9584199
36039643 10543078
18145072 10543079
15935131 10543081
18146271 10543083
18146348 10543084
12173334 10543085
29046861 10037958
36039644 10543086
15841234 10543087
18146068 10543088
77419 10543091
5026160 10543092
18146779 10543093
2591812 10543094
15975675 10543095
4884952 10543098
1724024 10590838
80609 10887338
18145420 9983388
13326610 9983390
11880743 10543100
4143881 10543101
2719878 10543102
14599741 10543106
36039645 10460806
5022185 10543107
11905836 10543110
1408786 10543111
13140512 10543112
13594713 10543115
5018567 10543117
12975077 10543118
18146674 9983414
36039646 9584225
18146388 10543119
15817145 10543120
36039647 10543121
13027012 10887779
12172737 10543123
15943859 10543126
82392 9983418
13189587 10543130
12944074 10543131
13791529 10543132
15840632 10543133
36039648 10543134
21360803 10543137
13434800 10543138
2753420 10543139
18145217 10543140
36039649 10543142
15853541 10543143
36039650 10590845
18146307 10543144
36039651 10543145
3260780 10543146
14609255 10039618
36039652 10543147
18144475 10543148
36039653 10543149
36039654 10543150
36039655 10543152
13251066 10543153
36039656 10543154
36039657 10543155
13021685 10543156
21294258 10543157
36039658 10543158
36039659 10543159
18146256 10543161
10205169 10543162
36039660 10543163
13791843 10543164
4902203 10460890
5018565 10543166
5022087 10543167
18146619 10543168
18146035 10543169
36039661 10543170
36039662 10543171
23201238 10543173
36039663 10543174
5018527 10543175
18145091 10543176
4865411 10543177
18146859 10543178
18146878 10543180
18145155 10543181
36039664 10543183
2718909 10543184
12462443 10543186
81382 10543187
18146054 10543188
11875862 10543189
18144697 10543190
18146603 10543191
5018581 10543192
12460761 10543194
18145467 10543195
17072589 10543196
36039665 9584276
36039666 10543197
12172911 10543198
18145928 10543199
18144894 10543200
1950921 10543201
21438581 10543202
15936575 10543203
36039667 10543205
4181485 10041190
5022229 10543206
17048133 10543207
21304117 10543208
36039668 10543211
13330057 10543212
23199174 9584286
23200733 10543213
12171043 10543214
18146235 10543215
15014995 10543216
10212595 10543217
1074891 10543218
36039669 10543219
13583393 10543220
1944041 10543221
11838735 10543223
927345 10543224
36039670 10543226
1964628 10543227
18062802 9584297
13375440 10041647
21319407 10543229
18151648 10543230
36039671 10543231
13424027 10543232
12172531 10543234
33445662 10543236
12154859 10543237
36039672 10543238
15855741 10543239
5022989 10543240
36039673 9584302
31662956 10543241
13400793 10543243
2200909 10543244
36039674 10543246
35697305 10543247
4810887 10543248
13605511 10543249
36039675 10543250
36039676 10543251
18146563 10543252
12154067 10543253
33540654 10543254
4527307 10543255
13267465 10543258
15855742 10543261
1747963 10543262
12171330 10543263
15808860 10543265
13280293 10543266
18145387 10543267
36039677 9584321
79478 10543271
2730911 10041661
11911275 9584324
11888134 10543273
36039678 10543274
23199616 10543276
36039679 10543277
11800004 10543279
36039680 10543280
33404570 10543284
36039681 10543292
30971709 10543293
31165389 10543295
36039682 10543296
11919539 10543297
18151323 10543300
33369345 10543301
36039683 10543302
26030619 10543304
31126507 10543305
31048116 9584344
36039684 10543306
36039685 10460894
36039686 10543308
11908917 10543309
26030619 10543311
36039687 10543313
13062222 10543314
13315346 10543315
15810043 10460932
36039688 10543321
18144720 10543322
36039689 10543325
36039690 10543326
2722457 10543327
36039691 10543328
11806764 10543329
15335116 10543330
14839428 10543331
5018559 10543332
23199458 10543333
14941251 10543334
35695543 10543335
13254165 10460942
36039692 9983827
2668035 10543339
36039693 9584391
36039694 10543342
5022101 10543343
16431901 10543344
13212484 10543345
18145684 10543346
5018545 10543347
25964378 10543348
11915879 9584392
5016283 10543350
18144390 10543351
17409775 10543352
15812899 10543353
36039695 9983897
11917091 10543355
79398 10543356
11876986 10543357
23199220 10543358
23200948 10543359
1684573 10543360
13307894 10543361
18273825 10543363
15925267 10543365
15810302 9584410
13045537 10543366
36039696 10543368
18146619 10543370
17476880 10543371
17211074 10543372
14863142 10543373
12461688 10543374
9528974 10543375
13491876 10543376
18145964 10460951
15338175 10543377
18066839 10543378
5033550 10543379
36039697 10543380
11804145 9984087
36039698 9984097
23199158 9984105
2726394 9984109
36039699 9584427
13495482 10543381
36039700 9984115
15991098 10543382
13457840 10543383
2721881 10543384
5018538 9584438
18106595 9984117
5022200 10543390
12828173 10543392
11806942 10543393
13512984 10543394
15810639 10543395
36039701 10853188
13588264 10543397
11904364 10543401
13261612 10460965
14846406 10543404
18045498 10543405
13186686 10543406
15948616 10543408
12649827 10543410
15322888 10543411
16243080 10543412
15843700 10543413
13781169 10543414
4878911 10543415
36039702 10041701
36039703 9984137
3625532 10543418
11863357 10543419
5192504 10543420
1749196 10543421
15809944 10460981
11912235 10543422
2765821 10543423
12173407 9984143
18061006 10543425
13415152 10543426
5018595 10543427
36039704 10543428
12173170 9984145
36039705 9984149
36039706 10543433
36039707 10543435
36039708 10543436
14454756 10543438
18145201 10543440
36039709 10543441
16252443 10041708
10170760 10543442
925179 10543444
36039710 10543445
36039711 10543446
36039712 10543447
16600475 10543449
13207015 10460989
23200173 10543450
33461644 10543451
33522669 10543454
36039713 10543455
36039714 10543458
36039715 10041711
5018551 10543459
16518044 10543460
11805343 10543461
11840242 10543462
11901266 10543463
23200515 10543464
14599082 10543465
31264002 10543467
36039716 10543470
4495012 10543471
36039717 10543473
17345920 10543474
12168989 10543475
20080293 10543477
35697305 10543478
83656 10461007
36039718 10543481
36039719 10543482
33414430 10543483
13251114 10543484
23199626 10543485
34557793 10543486
33531816 10543488
5018553 10543489
15810112 10543491
36039720 10543493
2591709 10543494
36039721 10543495
36039722 10543496
12951779 10543498
17206089 10543499
15999226 10543502
18145138 10461025
36039723 10543503
17034657 10543504
36039724 10543505
18090330 10543507
83112 10543508
26015626 10543510
36039725 10543511
36039726 10543514
13793786 10543515
2544023 10543516
9462427 10543517
36039727 10543518
36039728 10543521
36039729 10041730
1807101 10543523
13588264 10041733
15968288 10543526
12634309 10543527
17861818 10041735
13188353 10543528
36039730 10543529
18144586 10041737
36039731 10543531
36039732 10543532
1761593 10041740
36039733 10543533
36039734 10543535
12173682 10543536
2725965 10543537
3494861 10543538
36039359 10543539
21405795 10543540
14600629 10543541
13532790 10041745
18146337 10543542
36039735 10543543
79174 10543544
83792 10041748
36039736 10543545
13326326 10543546
36039737 10041750
36039738 10543548
36039739 10543549
1687063 10461039
36039740 10543550
18054320 10543551
17203731 10543552
13218303 10543573
15842705 10543594
12950291 10543607
13569916 10543618
18145625 10543629
11800890 10543638
15842430 10543649
12169084 10543660
15842711 10543671
15852243 10543683
15852972 9584708
36039741 10543706
21014602 10543717
13585831 10543718
36039742 10543729
15854335 10543739
12952650 10543772
11924858 10543784
21007828 10543797
30889411 10543821
18144989 9984613
5017236 10461090
13776163 10543841
13200503 10543852
11833052 10543901
3949176 10543914
2730836 10543924
11850728 10543937
18144989 10543947
36039743 10461107
2567028 10543960
18145337 10543970
31184746 10543982
11913471 10544004
5041154 10544016
11809670 10544024
4121059 10544031
2671435 10544040
14599310 10461125
12680127 10544058
18146060 10544092
36039744 10544111
1749219 10544121
14575682 10544133
18059548 9985637
18145113 9985639
36039745 10461156
5016826 10544167
1694430 10544179
2024821 10544192
3183664 10544203
4876782 10544214
5026479 10544225
36039746 10544266
1088116 10461168
20082524 10544276
12175242 10045170
18144596 10544329
35748566 10544340
3289497 10461185
15810818 9987362
3910906 10544392
15810366 10544404
18146277 10544413
13583643 10461215
5018597 10461216
11914844 10544467
36039747 10045223
36039748 10461219
15838107 10544491
78165 10544502
11902442 10544512
2719506 10544523
5026395 10544545
15810446 10544557
12832800 10544578
36039749 10544584
10232741 10461231
18145952 10544587
13556017 10544588
15852343 10544589
15809714 10544590
36039750 10544592
1952569 10544595
18146881 9988176
4181485 10544597
1718835 10544598
11834144 10544599
11919750 10544600
3176150 10544601
2720534 10544602
11926549 10544603
11919753 10544604
5019117 10045336
36039751 10544605
11873014 10461241
4119466 10544606
2203370 10544607
11913438 10544608
1941947 10544609
5019108 10544610
4125480 10544611
4149006 10544612
78361 10544613
29224606 10544614
36039752 10544615
2099974 10461246
11847506 10544616
4903748 10544617
4181493 10544618
2586462 10461250
81077 10544619
4181495 10461251
16003021 10544621
36039753 10544622
12163763 10461257
21300357 10544633
1734063 10544644
1722638 10544678
11917276 10544688
26046525 10544710
12916600 10544720
2722457 10544729
11904534 10544738
13211705 10544754
12460944 10544766
2727012 10461347
12901119 10461364
4379664 10544802
25990411 10544813
2722457 10544814
15833194 10461396
13565545 10544826
36039754 10544838
18145122 10544849
18145199 10544859
4327914 10544870
13591885 9586429
21018672 10544894
18145205 10544916
15843786 10544926
13411199 10461400
36039755 10461406
12878525 10461420
18145451 9586486
15844117 9586499
4704053 10461423
2718921 9989988
12157624 9990016
36039756 9586520
15810754 10461431
36039757 10545037
2665253 10461434
13332631 10545057
15810673 9990456
18144832 9990523
13116979 10545084
14942419 9586599
13202597 10545104
21018675 9990569
18144486 9990582
4180047 9990606
2723370 9990639
12462156 9990661
18146683 9586675
13441822 10461473
13086980 10545196
13089097 10461474
81842 10545216
15809985 10461501
13350987 10545226
12154860 10545235
14941305 10461503
18146474 10545258
16505929 10545269
4632661 10048379
35748679 10461554
14941764 10545300
17086234 10461556
36039758 10545321
17093822 10461557
18063390 10461559
36039759 10461569
18144932 10545351
36039760 10048392
36039761 10545377
36039762 10545386
18144679 10545397
4145853 10545407
36039763 10545415
18146649 10545426
36039764 10545436
36039765 10545459
18145031 10545482
18145383 10545493
36039766 10545501
36039767 10545515
36039768 10545526
3953155 10461587
932883 10545537
15823568 9587054
18144429 10545590
18144676 10545612
18146824 10545623
15828150 10461605
35748680 10545644
5018132 10545655
18145631 10545664
2067188 10545680
15832531 10545690
1953420 10545701
21016216 10545713
36039769 10545723
4846238 10461623
18144457 10545739
15828146 10545752
36039770 10545764
14941215 10461625
18146517 10545790
36039771 10461629
36039772 10545810
36039773 10545821
1695780 10858307
2720540 9991808
36039774 10545850
36039775 10545868
14599713 9992062
36039776 10545933
10463261 9992082
36039777 10461645
18146556 9992097
36039778 9992140
21322718 10546010
18144417 10546021
3182747 10546043
15834904 10461695
1689732 10546088
18052752 9992418
36039779 9992473
12461193 10546150
985495 9992527
1715197 10546159
5023406 10461729
36039780 10461732
1689730 10546205
15998111 10546217
2596300 10546229
11916791 10546240
1961964 10546252
1841548 9992716
2634405 9992718
19989666 10546284
82271 9992796
2591808 9992824
21410831 10546315
11912507 9992884
3131163 9992892
14846419 9992932
36039781 10546357
14593440 10461800
2641221 9992996
918223 10546392
16519367 10546402
36039782 10546414
11876627 10546424
1683368 10546436
2209664 10461801
2730544 10461802
1691989 10546475
5022034 10546476
33482454 10546500
33383236 10461814
3156913 10546525
18151109 10546548
25957166 10546559
1974304 10546571
15304784 10546585
1961839 9587823
3713747 10546596
1688877 10546607
1969451 10461837
17485356 10546629
36039783 10546641
3058315 10546655
1695721 10461839
5018607 10546678
1788033 10546688
16503424 10546699
3173653 9993547
36039784 10546718
36039785 10546728
36039786 10546738
4187156 10546769
36039787 10546778
17033921 10546791
26048568 10546802
10464905 10546813
36039788 10461843
2581764 10546820
878493 10546831
4117681 10546839
2581018 10546850
956556 10546860
4117876 10546868
1948315 10461846
1984154 10546889
36039789 10546900
11913430 10546911
929567 10546912
945178 10461847
12012315 10546924
967047 10546935
15967123 10052894
14812551 10546954
15323686 10461857
4071139 10546976
906709 10546987
36039790 10546998
36039791 10461859
1952700 10461871
1776662 10547030
964099 10547041
2544425 10547052
15940856 10547063
1755755 10461876
3371601 10547082
1942389 9993643
4120216 10547103
1185707 10547115
34558603 10547127
2665104 10461877
11903444 10547138
18034553 10547158
2717898 10547170
80737 10547183
908553 10547226
3273019 10547236
2592078 10547246
14812374 10547258
11876084 10547270
2542684 10547281
83150 10547292
36039792 10547302
18144648 10547313
4153303 10461889
36039793 9588274
1915993 10547354
14941884 10547355
5017595 10547366
36039794 10547376
2544273 10547387
8358070 10547397
14811956 10547418
3221437 10547428
36039795 10547449
2649977 10461897
15840602 10547470
1640715 10547481
36039796 10547491
4646477 10054477
5155457 10547524
36039797 10547536
21369306 10547547
5018088 10547559
7862267 10547569
1722519 10547570
21016591 10547582
13794861 10547592
36039798 10547604
12156910 10547615
13290902 10547626
5012633 10547648
5018969 10547661
36039799 10547673
13591261 10547685
12153600 10547707
18145077 10547717
25965130 10547768
2753349 10461925
11915121 10461926
2598061 10461942
2669217 10461949
15839584 10547821
4504130 10461954
5022268 10547840
21298973 10461959
1464151 10547874
15838049 10547885
13381863 10461966
11882660 10461969
1695648 10054495
16511396 10547923
36039800 10462005
21322720 10462006
4073172 10547952
36039801 10462022
36039802 10547983
36039803 10547984
33513474 10462024
3973502 10548003
15791252 9588794
1944938 10548024
2598864 10548042
2723307 10548051
4071288 10462037
13190868 10548081
36039804 10462042
18146500 10462046
2657098 10548124
36039805 10548154
13771523 10548162
1691842 10548171
36039806 9588960
21310101 10548196
18144554 10548206
36039807 10548226
13375300 10548237
36039808 10548248
36039809 10548258
3154573 10548268
18145148 10548279
13449083 10462085
21288537 10548286
13358240 10548293
13461916 10548302
36039810 10548311
18146906 10548319
18144991 10548322
18145634 10548328
12015839 10462090
15842158 10548356
18144901 9995680
36039811 10462092
36039812 10548373
12873464 9995817
18146188 10548391
13588127 9995821
36039813 10548406
36039814 10548437
13529253 10548444
12952870 10548455
18146237 10548464
18146241 10548467
36039815 10548505
18146646 10548516
13402700 10548528
13121753 10548539
18146246 10057053
36039816 10057055
17226429 9996262
18146526 9996276
18146547 10548592
18146368 9996299
36039817 10057058
13058656 10548620
3537975 10548621
36039818 10548642
21279346 10057060
13010507 10548654
13323846 10548677
18145396 10548707
36039819 10548708
36039820 10548713
36039821 10548717
17403921 10548726
18146852 10548754
36039822 10548763
18146680 10548773
15843839 10548784
15850474 10548785
1759824 10548787
4042162 10548790
36039823 10548808
926515 10548825
13145337 10548843
14619935 10548852
20079924 10548863
36039824 10057067
18146143 10548873
20078575 10462151
4071426 10462154
15950542 10548883
36039825 10548890
1753865 10548899
3379954 10548909
1688361 10548921
36039826 10100971
969815 10104720
15854182 10548950
11894388 10462158
2727942 10548953
1767912 10462162
11865043 10548960
2596300 10548977
36039827 10548988
17199874 10548997
18152227 10549004
36039828 10549013
18146690 10549022
2651488 10549041
4066641 10549051
2317270 10549069
2596758 10549080
11917612 10549088
1694547 10462199
13199538 10549107
1641077 10549108
11873665 10549115
36039829 10549125
18058724 10549144
36039830 10549156
36039831 10549166
3053090 10549177
2719841 10549187
36039832 10549197
36039833 10462216
2598357 10549204
36039834 9590229
3297016 10549222
2722398 10549232
2584414 10462234
5012817 10462238
18146281 10462243
13200239 10462273
18146293 10462274
1697775 10462284
11915103 10549305
1758681 10549309
4039167 10549315
1827916 10549325
1712550 10549346
12173548 10549357
4066870 10462309
36039835 10549367
5017285 10549372
13577220 9590437
18151643 9590456
18152542 9997525
11872603 10549406
3910596 10549423
36039836 10549432
36039837 10549433
2652775 9590557
1775840 9997728
5040314 10549464
2583322 9590594
36039838 10549483
10173948 9997786
11910422 10549503
2753299 10109557
3348713 10549513
1684568 10462479
4138633 10549532
5017553 10112439
11897976 10549548
19087271 10549554
5021160 10549562
5020626 10549571
2583736 10549592
31179444 10549602
11883833 10549603
4117681 10549613
4106641 10549623
2581406 10549632
14592187 10462482
1953243 10549637
4041177 10549640
1747839 10549647
11829799 10549657
