15565825 10590231
15564602 10532617
19689659 10458067
15564827 10532618
15566111 10532631
15561838 10532642
15565654 10532654
15561841 10532667
15564833 10532679
15560241 10532691
15508585 10532702
15569378 10532706
15565392 10532709
15565142 9571145
15565396 10532710
15564829 10532711
15564935 10532712
15455172 9571183
15454803 10532714
15455076 10532715
15564675 10532716
15565257 10532717
15565157 10532718
15452351 10532719
19689622 10532725
15561837 10532726
15565104 10532739
15566140 10532752
15565873 10532766
15566112 10532779
15566003 10532797
15566080 10532808
15565005 10532819
15565480 10532828
15565424 10532832
15560087 10019462
15565949 10532841
15566029 10532843
15565579 10532852
15565671 10532858
15566024 10532871
15566120 9964350
15565025 9964368
15565080 10532913
15565539 10532924
15565828 10532933
15565653 10532939
15565450 9964396
15565551 10532946
15565781 10532956
15566097 10532966
15565596 9964400
14352183 10532997
15565143 10020114
15565431 10533020
15564685 10533026
15565433 10533029
15565094 10533030
15565326 10533037
15564810 10533047
15554369 10533057
15564959 10533064
15564583 10533076
15565161 10533089
15564673 10533101
15565390 10533113
15564968 10533121
15560088 10533129
15564894 10533130
15564872 10533141
15564830 10533150
15564904 10020699
15565494 10533170
15566121 10533174
15565127 10533177
15577025 10533181
15566078 10533186
15566123 10533188
19689688 10020909
15565412 10533198
15565927 10533208
15564909 10533219
15565903 10533230
15564861 10533240
15564680 10533252
15565110 10533262
15565349 10533272
15565874 10533284
15565912 10021184
19689705 10533301
15564659 10533302
15565879 10533311
15565950 10533321
15565976 10533332
15566063 10533340
15565802 10533350
15565881 10533359
15564700 10021510
15565585 10533371
15560089 10533373
15564954 10533374
15565462 10533381
15565887 10533389
15565966 10533397
15565985 10533403
15565227 10533413
15565866 10533423
15565422 10533435
15564925 10533444
15565929 10458070
15565401 10533460
15566119 10533470
15564891 9964648
15565840 9964652
19689055 10533498
15565348 9964656
15565846 9964664
15565854 10533520
15565867 10533530
15565398 10533539
15564787 10458071
15565908 9964686
19689485 9964688
15565077 9964723
15565996 10533575
15565069 10533584
15565995 10533595
15564945 9964748
15565191 10533615
15565410 10533625
15566095 9964777
15565485 10533645
15565123 10533655
15565168 10533661
15565296 10533668
15565947 9964828
15565951 10533687
15565402 10533699
15565418 10533709
15564839 10533720
15564646 9964879
15566009 10458075
15564641 10533729
15565888 10533732
15564669 10533738
15565631 10533749
12009266 10533759
15565484 10533770
15565952 10533778
15565953 10533790
15426117 10533800
15566096 10533812
15566010 10533816
15565999 10533817
15566000 10024036
15565207 10533826
15566113 10533836
15566002 9965023
4013484 9965027
15566099 10533867
15566100 10533880
15566088 9965031
15564698 9965039
19689412 10458076
15564702 10533920
15565393 9965076
15565541 10533942
15565569 10533955
15566031 10533963
19689472 10533969
15566032 10533978
15565661 10024044
15565696 10534002
19689486 9965226
15565435 10458077
15566039 10534019
15565343 10534027
19689477 10534036
15565520 10534050
15564754 10534062
15564856 10534064
15565144 10534079
15565845 10534091
15564592 10534105
15565852 10534112
15566027 10458078
15566084 10534120
15564881 10534146
15561836 10534160
19688846 10534174
15565657 10534185
15564585 10534192
15565340 10534198
15458252 10534202
15565860 10534216
19689710 10534230
15565861 10534231
15564594 10534241
15564609 10534253
15564632 10534267
15564990 10534281
15565107 10534297
15565007 10534307
15565345 10534315
15565946 10534326
15565404 10534336
15564845 10534346
15565955 10534347
15565960 10534360
15565964 10534370
15565967 10534381
15564647 10534395
15566093 10534402
12009261 10534409
15565545 10534416
15565549 10534427
15564970 10534436
15570293 10534447
15565247 10534448
15565213 10534449
15565420 10534458
15564841 10534465
15564627 10534471
15565991 10534475
15565067 10534487
15565075 10534501
15564947 10534512
15565045 10534520
15565792 10534526
19689723 10458079
15565793 10590416
15565098 10534538
15564878 10534551
15565119 10534565
15565919 10534578
15566059 10534592
15565703 10534606
15565708 10026031
15566054 10534629
15565048 10534643
15565366 10534654
15565201 10534655
15565998 10534668
15565190 9965832
15565303 9965834
15565352 10534701
15564889 9573792
15564779 10534721
15566008 9573822
15565183 10534730
15566011 10534736
15565894 10534738
15564688 10534739
15564694 10534745
15564824 10534751
15564855 10534752
15564995 10534758
15554370 10534767
15565044 10534776
15565050 10534791
15565204 10534800
15565512 10534814
19689628 10534828
15564792 10534829
15565624 10534845
15565644 10534852
15565658 10534864
15565801 10534877
15566021 10534888
15565212 10534902
15563490 10534917
15565248 10534931
15564980 10534944
15565891 10534959
15564914 10534960
19689725 10534971
15565876 10534993
15564867 10535007
15565134 10535020
15566025 10535037
15565181 10535050
15566040 10535064
15564931 10535076
15564745 10535089
15565405 10535090
15458160 10535104
15566087 10535118
15565884 10535132
15565027 10535146
15554305 10535162
15564922 10535172
15458074 10026047
15564714 10535196
15565536 10535204
19689581 10535218
15565604 10535219
15564775 10535227
15565113 10535238
15565252 10535245
15565228 10535255
15565232 10535265
15565210 10026048
15565152 10535291
15565099 10535294
15565095 10535307
15565956 10458083
15554367 10535320
15565490 10535332
15554366 10535342
15564608 10535353
15565923 10535363
15564655 10535364
15565922 10535369
15560082 10026050
15565276 10535378
15554365 10535387
19689444 10535399
15565863 10535400
15565855 10535409
15565533 10535420
15565347 10535429
15566108 10535438
15564678 10535447
15564728 10535458
15564752 10535468
12009786 10535477
15564944 10535490
15565875 10535499
15565118 10535500
15565079 10535501
15564991 10026347
15565977 10535516
15564663 10535526
15565909 10535536
15556555 10535547
15565507 10535555
15565469 10535559
15565487 10535561
15564927 10535565
15564701 10535577
15565785 10535578
15565093 10535594
15565024 10535604
15566128 10535614
15566125 10535625
15565370 10535635
15565413 10535646
15565493 10535657
15565784 10535666
15565246 10535677
19689683 10535686
15565331 10535698
15564776 10535712
15564666 10535717
15565890 10028177
15565387 10535730
15565301 10535743
15564966 10535756
15565084 10535767
19689442 10535777
15565488 10535789
15564763 10535790
15564761 10535802
15564720 10535815
15564726 10535820
15564743 10535826
15564815 10535834
15564953 10535843
15565886 10535856
15565103 10535868
15565117 10535878
15565177 9575045
15565403 10535898
15564671 10535912
15554362 10535929
15566085 10535942
15565889 10535956
15565561 10535966
15565595 10535991
15566109 10536008
15565677 10536023
15565649 10536045
15564650 10536073
15565035 10536085
19689445 10536100
15564742 10536111
15565407 10536126
15565442 10536140
15565783 10536154
15565862 10536155
15564619 10536170
15564625 10536187
15564628 10536195
15565055 10536205
15565864 10536208
15564789 10536215
15566127 9966615
15566110 10536231
15564832 10536244
19689732 10536256
15564946 10536258
15556421 10536272
15565939 10028194
15565071 9966662
15565102 10536310
15565158 10536324
15565162 10536336
15565173 10536351
15565242 10536360
15565944 10536373
15564795 10536391
15565478 10536392
15565500 10536407
15565139 10536421
15565626 9966698
15565039 10536446
15565553 9966705
15565557 10536474
15566137 10536505
15565423 10536517
19689660 10458087
19689446 10536533
15565083 9966760
15565059 10536557
15565973 9966770
15564629 10536583
15565535 10536591
15564858 10536604
15564821 10536613
15564847 9966870
14316367 10536639
19689715 10458088
15564933 10536640
15565011 10536651
15565061 9966882
15565129 10536675
15565171 10536687
15565245 10536699
15565915 10536708
15565131 10536719
15565916 10536736
15565892 9966932
15565223 9966934
15565074 10536744
15565138 10536750
15564785 10536763
15566005 9966993
15565155 10536774
15565342 10536791
15565319 10536802
15565324 10536814
19689739 9967045
15564879 10536825
15565023 10536829
15565367 10536834
15565508 10536847
15565187 10536857
15564949 10030388
15564843 10536876
15554372 10536889
15566038 10536907
15565918 10536920
15564988 10536933
15565504 10536938
15565698 10536950
15565560 9576211
15565917 10536971
15566030 10536980
15566104 9576256
15565525 10537021
15566027 10458095
15564703 10537037
15564996 10537052
15565411 10537068
19689441 9576366
15565544 9967301
15564836 10537100
13845732 10537111
15566062 9967313
15565656 10537144
15565308 10458099
15566083 10537161
15565681 10537176
15564633 10537202
15564670 10537220
15565501 10537250
15565798 10537266
15565583 10537281
15565606 10537299
15565323 10537311
15569626 10537312
15565620 10537320
15576206 10537335
15565645 10537351
15565686 10537366
15565261 10537388
15565037 10537404
15566047 10537430
15565647 10537439
15565287 10537453
15565540 10537468
15564998 10537482
15565914 10537495
15565634 10537513
15565695 10537524
15565704 10537538
15565705 10537551
15565706 10537560
19689630 10537574
15564571 10030935
15565312 10030936
15564725 10537606
15565445 10537622
15564862 10537636
15565003 10537645
15565097 10537659
15565217 10537672
15565241 10031075
15565988 10537702
19689676 10537715
15565064 10031147
15565233 10537730
15565314 10537744
15564575 10537759
15565901 10537776
15564579 10537792
15565470 9967651
15564589 10537814
15564753 9967685
15564573 10537834
15554223 10537843
15564816 10031372
15565782 10537844
15565350 9967689
15565454 10537869
15565089 9967703
15556428 10537886
15559607 9967713
15565905 9967719
15565584 9967723
15565395 9967741
15564898 10537930
15565318 10537943
15564605 9967757
15564746 9967785
15565150 10537963
15565463 10537973
15564747 9967827
15564677 10537987
15565610 9967868
15565958 10538003
15565963 9967911
15565554 10538031
15565101 10538044
15568358 10538045
15566129 10538057
15564614 10538068
15565085 10538078
15566022 10538092
15565563 10538105
15565543 10538109
15564674 10538116
15565871 10538119
15564618 10538121
15565945 10538128
15565546 10538132
15565076 10538143
15565441 10538157
15565832 10538170
15564591 10538180
15565004 10538192
19689403 10538208
15564940 10538222
15565837 10538233
19689379 10538234
15565068 10538245
15565184 10538262
15564676 10538277
19689130 10538295
15564750 10538310
15564774 10538324
19689596 10538334
15565166 10538341
15565461 9577638
15565194 10538354
19689618 10538355
15565108 10538370
15564871 9577691
15565800 9577723
15565498 10538404
15569634 10538415
15508991 10538427
19689621 9968125
19689675 10538450
19689719 10538465
15564580 10538478
19688961 10538479
19689633 10538577
19689551 10538685
15565709 10538803
15554371 10538922
19689668 10458130
19689597 10539020
19689678 10539132
15565962 10539257
19689060 10539383
15564662 10539520
15565992 10539666
19689069 10539791
19689051 10539894
15565042 10458131
15560769 10540174
19688946 10540262
15564707 10540366
19689727 10540456
15565942 10540525
15565630 10540597
15560075 10458141
15564768 10540839
15565224 10540942
15565904 10541057
15565839 10541150
15565589 10541251
12010656 10458148
15564708 10458149
19689631 10541475
19689712 10458151
19689704 10541501
15565294 10541512
15565041 10541523
15565291 10541524
15565281 10458154
15565289 10458157
19689058 10458158
19689646 10458159
15565265 10458161
15565510 10458165
19689602 10458168
15565270 10542033
15565415 10590747
15564813 10542044
15565309 10458169
15565980 10542056
19689708 10542066
19689674 10542078
15565542 10542090
19689610 10542101
15565509 10542114
15565555 10542127
19689716 10542135
19689565 10542146
15565981 10542154
15564766 10542155
15565898 10458182
19689400 10542176
15565439 10542186
19689616 10542198
15565780 10542209
18287204 10542220
19689056 10542231
19689550 10458190
15565275 10542255
15566020 10542265
15564910 10458192
15565284 10542274
15565394 10542285
19689656 10542294
19689599 10542303
15565684 10542313
19689681 10542325
15564637 10542337
12010447 10542347
19689634 10542359
15560085 9979197
15564965 10458200
15565523 10458202
15565883 10542392
19689615 10458205
19689567 10542412
19689696 10542424
15565200 9582190
15457768 10542445
15565014 10542454
15565975 10542465
15565877 9981070
19689059 10542477
19689652 10542490
19689606 10542509
15564932 10542520
15555538 10542530
19689690 10542541
15565582 10542554
19689666 10459346
19689399 10542575
19689587 10542586
15565503 10542587
15565430 10542596
15566065 10542606
19689398 10542616
19689669 10542624
15565122 10459637
15565586 10542644
19689397 10542655
19689396 10542667
19689395 10542681
15560084 10542691
19689653 9982816
15565857 10542700
19689620 10542709
19689700 10542719
19689679 9983211
15565320 9983213
15565455 10542749
19689394 10542761
19689393 9583453
15565165 9983243
19689714 10542792
15565446 9983245
19689635 10542802
19689522 9583684
15564631 10542822
19689521 9583754
19689694 10542843
15565858 9583833
15556431 10542863
15565580 10542875
15569639 10542887
15565220 10542899
15566034 9583969
15565327 10542909
15565364 10460489
15564704 9983322
15564803 9983324
15564834 10542944
15565528 9983328
19689054 9983330
15569635 10542976
15564906 10542993
15554368 10542994
15569636 10543004
15566057 10543014
15565593 10543022
13851819 10543033
15565632 9584181
15565135 9983363
19689658 9584199
15564826 10543087
2735333 10590838
19689752 10887338
19689545 10460806
15564577 9983418
15564712 10543137
15565902 10460840
15556464 9584235
15564903 10460890
19689603 10543176
15561356 10543187
15554295 10543197
15554225 10543198
15577890 10543208
15565203 10543218
15566018 10041647
15565293 10543239
19689617 10543249
19689391 10543261
19689654 10543271
19689640 10543283
15569637 10543297
15566045 10543306
19689695 10460894
15565665 10460932
15565851 10543327
19689390 10460942
13852606 10543345
15569638 10543354
19689389 9584410
19689388 10460951
15565906 10543381
15564859 10543389
15565788 10543401
19689387 10460965
19689386 10543413
15566026 10460981
15565897 10543431
15565848 10543440
19689385 10460989
15565502 10543459
15564863 10543470
15565132 10461007
19689624 10543491
15560086 9584541
19689384 10461025
15564624 10461032
15566007 10041733
15569640 10543532
15566014 10041745
15564601 10461039
15564915 10543560
15566013 10543573
15565662 9584616
15565830 10543594
15564989 10543606
15565896 10543607
15565961 10543618
19689383 10543629
15565240 10543649
15565926 10543671
19689382 10543683
15571656 9584708
19689381 10543706
15566132 10543717
19689405 10543718
15564596 10543729
15566126 10543739
15565400 10543751
19689374 10461070
15565615 10543772
15565865 10543784
15565230 10543797
15565974 10543810
15565444 10543821
15566131 9984613
15565029 10461090
15565572 10543841
15569641 10543852
15564638 10543864
15565406 10543875
15551469 10543888
15565451 10543901
15564928 10543914
15564568 10543924
15565302 10543937
15566133 10543947
15565853 10461107
15564999 10543960
15565814 10543970
15565304 10543982
15463806 10543993
15565058 10544004
19689642 10544016
15564885 10544024
15564806 10544031
15564715 10544040
15566136 10544050
19689717 10461125
15569630 10544058
15564924 10544069
15565272 10544081
15565836 10544092
15565070 10461150
15569642 10544111
15565222 10544121
15565086 10544133
15564595 10544144
12009451 9985637
15566134 9985639
15565033 10461156
15565164 10544167
15564690 10544179
15565371 10544192
15565547 10544203
15565601 10544214
15566050 10544225
15564848 10544238
15565621 10544248
15565437 10544257
15564640 10544266
15564812 10461168
15565140 10544276
15565288 10544299
15564621 10045170
15565020 10461176
15565466 10544329
15566060 10544340
15565844 10461185
15565438 10461186
15565893 9987362
15565001 10544369
19689380 10544380
15565264 10544392
15565453 10544404
15565895 10544413
15564979 10461215
15560078 10544434
15563183 10461216
15569643 10544456
15564603 10544467
15566135 10045223
15565872 10461219
19689377 10544491
15565617 10544502
15565506 10544512
15565664 10544523
19689375 10544534
15565175 10544545
15565605 10544557
15565522 10544569
15565208 10544578
19688841 10544584
15564657 10461231
15564697 10544587
15565136 10544588
15565359 10544589
19689401 10544590
15565263 10544591
15506426 10544592
15565921 10544593
15564997 10544594
15564888 10544595
19689404 10544596
15569629 10544597
15566130 10544598
15564798 10544599
15564648 10544600
15565125 10544601
15564691 10544602
15565307 10544603
15554297 10544604
15565608 10045336
15564853 10544605
15565979 10461241
15565527 10544606
15565990 10544607
15564987 10544608
15565911 10544609
15565924 10544610
15564825 10544611
15560355 10544612
15565474 10544613
15565843 10544614
15565421 10544615
15565688 10461246
15565928 10544616
15565986 10544617
15555539 10544618
15566056 10461250
15566055 10544619
15565925 10461251
15565849 10544620
15566091 10544621
19689729 10544622
15564710 10461257
15565850 10544633
15565945 10544644
15565283 10544655
15565672 10544666
15565578 10544678
19689406 10544688
15565868 10544699
19689467 10544710
15565447 10544720
19689721 10544729
19689580 10544730
15566105 10544738
15565628 10544747
19689408 10544754
15564828 10461317
15565931 10544766
15565997 10461347
15566090 10461373
15565616 10544802
3907478 10544813
19689129 10544814
15566122 10461396
15565562 10544826
15566048 10544838
15565335 10544849
15565253 10544859
15564941 10544870
15564866 9586429
15565619 10544905
15565313 10544916
19689657 10544926
15564956 10461400
19689737 10544936
15564693 10461406
19689677 10461420
15564593 9586486
15565791 9586499
15565205 10461423
15564686 9989988
15565176 9990016
15565516 9586520
19689730 9586528
15564582 10461431
15564840 9990143
15564581 10545037
19688842 10461434
15564644 10545057
15564919 9990456
15565057 9990523
15565271 10545084
15576601 9586599
19689698 10545104
19689637 10545112
19689663 9990569
15565106 9990582
15565258 9990606
15566017 9990639
15564923 9990661
15565391 9990699
15565088 9586675
15565882 10461473
15564574 10545196
15565269 10461474
19689062 10545216
15566064 10461501
15565787 10545235
15565065 10461503
15565682 10545258
15565043 10545269
15564616 10048379
19689449 10461554
15565878 10545300
15565707 10461556
15564668 10545321
15565457 10461559
15564882 10461569
15564749 10545351
15565133 10048392
15565062 9586837
15565789 10545377
15564864 10545386
15564961 10545397
15565377 10545407
19689584 10545415
15565659 10461586
15564929 10545426
15565197 10545447
15565526 10545459
19689741 10545470
19689742 10545482
15564913 10545493
15564567 10545501
15565481 10545515
15565330 10545526
15565334 10461587
15565215 10545537
15564611 9587054
15564711 10545555
15564652 10545568
15564737 10545580
15565640 10545590
15565581 10545599
15565196 10545612
15564820 10545623
15565933 10048480
15565054 10461605
19691298 10545644
15565221 10545664
15564570 10545673
15565618 10545680
15565795 10545690
19689371 10545701
15564817 10545713
15565137 10545723
15564730 10858306
15565362 10461623
15564727 10545739
15565609 10545752
15565231 10545764
15565856 10461625
15564977 10545781
15564612 10545790
15565552 10461629
15564963 10545810
15564643 10545821
19688839 10858307
15564804 9991808
15564683 10461640
15565148 10591273
15565534 10545850
15565219 10545860
15566102 10545868
15564955 9991936
15565399 9991957
15566019 9992001
15565559 10545933
15565969 9992076
15565256 9992082
15556481 10461645
15565056 10545965
15564590 9992097
15565550 9992140
19689411 9992158
15566098 10546010
14333914 9992256
15565590 10546043
15565834 10461695
15566023 10461701
15565226 9992412
15565623 9992416
15564771 10546088
15565073 9992418
15566089 9992473
15565239 9992477
15565870 10546140
19689554 10546150
15566101 9992527
10500480 10546159
13759469 10546181
15565935 10461732
15559643 10546205
15565833 10546217
15566086 10546229
19689650 10546240
15565937 10546252
19689229 9992716
15564617 9992718
15565532 9992742
15565570 10546284
15564724 9992796
15559460 9992824
15565900 10546315
15565982 9992884
15565434 9992892
15555533 9992932
15565558 10546357
19689670 10546367
15565984 10461800
19689413 9992996
15565994 10546392
15565311 10546402
19689414 10546414
15564973 10546424
15565091 10546436
15565938 10461801
15566139 10461802
15566051 10461808
19689726 10546475
15565794 10546476
19689415 10546488
15564755 10546500
15566066 10461814
15565778 10546525
15565899 10546538
15559861 10546548
15565943 10546559
15564748 10546571
15565614 10546585
15560090 9587823
15566016 10546596
15565353 10546607
15564758 10461837
19689416 10546629
15565255 10546641
15565607 10546655
15564964 10461839
15564807 10546678
15566103 10546688
15564912 10546699
15566124 9993547
15566079 10546711
15565154 10546718
15566094 10546728
15565978 10546738
15565211 10546749
19689417 10546758
15564653 10546778
19689701 10546791
15565622 10546802
15565034 10546813
15565060 10546820
15565842 10546831
15565642 10546839
15565178 10546850
15564808 10546860
15565141 10546868
15565147 10461846
15564681 10546889
15565369 10546900
3907595 10546911
19689645 10546912
15565172 10461847
15565022 10546924
15565538 10546935
19689648 10052894
15564890 10546954
15565368 10461857
15565416 10546976
15564907 10546987
15564751 10546998
15564576 10461859
19689672 10547020
15564874 10461871
15565008 10547030
15564877 10547041
15565587 10547052
15565641 10547063
15565298 10461876
15565114 10547082
15565249 9993643
15564844 10547103
15564950 10547115
19689623 10547127
15565803 10461877
15565002 10547138
15565574 10547148
15565116 10547158
15564818 10547170
15564588 10547183
15564814 10547197
15565701 10547211
15564985 10547226
15565564 10547236
19689728 10547245
15565388 10547246
15565611 10547258
19689607 10547270
19689629 10547281
15564897 10547292
15564654 10547302
15565179 10547313
15565237 10547324
15565711 10461889
15564613 9588274
15565838 10547354
15564884 10547355
15566004 10547366
15565842 10547376
15564587 10547387
15564634 10547397
15565040 10547407
15565053 10547418
15564905 10547428
15565683 10054472
15570858 10547449
15566043 10547461
15565989 10461897
15565339 10547470
15565357 10547481
15576119 10547491
15565948 10054477
15565397 10547513
15564916 10547524
15564759 10547536
19689429 10547547
15564607 10547559
19689693 10547569
19689436 10547570
15564765 10547582
19689418 10547592
15565983 10547604
15566142 10547615
15565972 10547626
15566081 10547637
15566092 10547648
15565913 10547661
15564934 10547673
15566138 10547685
15564744 10461921
19689419 10547695
15565153 10547707
15566082 10547717
15565432 10591437
15565971 10547737
15566036 10547747
15565090 10547758
19689421 10547768
15564635 10461925
15565408 10547788
15565959 10461926
15565813 10547796
19689422 10461942
15566044 10461949
15564901 10547821
15565495 10461954
15565031 10547840
15565826 10461959
15565829 10461961
15566077 10547874
15566033 10547885
15556423 10461966
15564982 10461969
15566006 10054495
15564981 10547912
15554355 10547923
15555537 10462005
15565625 10462006
15565235 10547952
15566141 10462022
15565548 10054500
15565443 10547983
19689067 10547984
15566049 10462023
15458253 10462024
15554373 10548003
15566106 9588794
15576472 10548024
15576123 10548033
19689516 10548042
15564672 10548051
15559836 10462027
15565920 10462037
15565126 10548081
15566015 10462042
15565517 10548092
19689423 10548103
15565170 10462046
15564772 10548124
15565130 10548134
15565934 10548144
15565831 10548154
15565910 10548162
19689424 10548171
15565372 9588949
19689425 10462072
15565448 9588960
15565993 10548196
15458095 10548206
15564622 10057038
15564974 10548226
15565234 10548237
15565968 10548248
15564756 10548258
19689474 10548268
15566037 10462085
15566012 10548286
15564802 10548293
19689426 10548302
15565317 10548311
15565156 10548319
15564893 10548322
19689427 10548328
15566041 10548335
15566061 10462090
15566028 10548356
19689430 9995680
15565063 10462092
15565965 10548373
15565169 9995817
15565082 10548391
15564992 9995821
15565206 10548406
15565957 9995880
15565225 10548427
19689431 10548437
19689644 10548444
15565268 10548445
15564960 10548455
15565409 10548464
15564976 10548467
15576252 10548475
15564660 10548485
15576594 10548494
15576602 10548505
15565797 10548516
15564921 10548523
19689632 10548528
15565436 10462113
15564661 10548539
15565936 10548551
19689433 10057053
15566042 10057055
15564620 9996262
15566035 9996276
15564993 10548592
15565685 9996299
19689434 10057058
19689671 10548620
15565869 10548621
15570859 10548631
15565524 10548642
19689459 10057060
15565941 10548654
15564986 10548659
19689435 10548668
15566107 10548677
15566053 10548688
15560658 10548698
19689691 10548707
15564586 10548708
15565907 10548713
15565021 10548717
19689068 10548726
15565306 10548737
19689625 10548746
15565648 10548754
15565087 10548763
15564800 10548773
15565518 10548784
19689711 10548785
15564908 10548787
15564938 10548790
15565827 10548797
15570862 10548808
19689680 10591563
19688890 10548825
17776081 10548843
15564738 10548852
15565081 10548863
19688840 10057067
15565180 10548873
15564600 10462151
15455111 10462154
15565491 10548878
15564598 10548883
15565970 10548890
15564942 10548899
15454778 10548921
15569628 10100971
15454701 10104720
15565519 10548950
15454725 10462158
15454748 10548953
15565036 10462162
15454752 10548960
15570860 10462164
15570861 10548977
15564886 10548988
15564572 10548997
19689433 10549004
15565192 10549013
15565859 10549022
10529873 10462189
19688960 10549032
15566058 10549041
15565511 10549058
13845847 10549080
10524526 10549087
15560139 10549088
15564599 10462199
15565465 10549107
15565006 10549108
15565440 10549115
15565427 10549125
15564597 10549136
15565530 10549144
15565354 10549151
15564735 10549156
10524530 10549166
14332495 10549177
15565199 10549187
19689687 10549197
15565355 10462216
15561840 10549204
15559394 9590229
15565954 10462223
15561842 10549222
19688963 10549232
13849148 10462234
15565676 10462238
15562973 10462243
15565592 10549260
19689720 10549269
15565189 10462273
15565112 10462274
15565344 10549295
15565458 10549305
15565193 10549309
15565121 10549315
15565646 10549325
15565160 10549335
15564788 10549346
15565847 10549357
15564667 10462309
15565300 10549367
15564902 9590437
15565185 9590456
15565049 9997525
15564939 10549406
15564790 10549415
15570863 10549423
15565673 9997618
19691377 10549432
15565687 10549433
15565790 10549434
15565018 10549437
15564849 9590557
15565010 9997728
15564665 10549464
15564854 9590594
10499503 10549483
15565663 9997786
15565700 10549503
19689703 10109557
15564764 10549513
15565496 10462479
15565243 10549532
15565417 10112439
15564717 10549548
15565251 10549554
15564948 10549562
15565529 10549571
15572384 10549580
15564569 10549592
19689593 10549602
15559396 10549603
15565209 10549613
15565655 10549623
15565279 10549632
15565383 10462482
15564760 10549637
15563045 10549640
15565017 10549647
15561843 10549651
4009550 10549657
