9469212 17331529
11688728 17331567
11639802 17331740
11467706 17331750
11643735 17331760
9486028 17331786
11579323 19654419
11463702 23913120
9472877 17331797
11742543 17331807
11541410 17331817
9479616 17331826
11738466 17331836
11463752 36367958
11463510 36367959
11617569 17331864
11483793 17331874
11527991 21158277
11501391 21158281
11610832 21158285
11593193 36098508
9469661 21158292
9475423 21158296
11567787 36367960
11463516 36367961
11619661 17331904
11659387 17331914
11642679 17331924
11717986 17331934
11632567 17331948
11511256 36098656
4069463 36098660
11686541 36098665
11487908 36098670
11566269 16414925
11747339 36098679
4106668 36098684
11755116 36098688
11602633 36367962
11603508 17331960
11670335 17331976
11538421 17331990
11712204 36098767
11514117 36098772
11542132 23913245
11533841 36093019
11737067 36098779
11700707 36098782
11736951 36098784
11536063 36093025
11745382 36118986
11524342 36367963
11463750 36367964
11465323 36367965
11537508 17332004
11660466 17332014
11585260 17332030
11582344 17332044
11791542 17332054
11650623 36098850
11637693 36098855
1067923 36098860
11518002 36171197
11606790 36098876
11675655 36098880
11681953 36098885
11788024 36098890
11550539 36098894
11644842 36098898
11721416 36098901
11665206 36098906
4095131 36098910
11532020 36367966
11727135 36367967
11463751 36367968
11463640 36367969
11463758 36119125
11463634 36367970
11727100 36367971
4195793 17332070
11536832 17332080
11664100 36099114
9481750 36099120
11746409 36099124
11796389 23913267
11587102 36099132
1067951 36093189
11668613 36099150
11529973 36099157
11733214 36099163
11463746 36093230
11679076 17332097
11591696 17332107
11701493 17332117
11613933 17332127
1067969 21158527
11779627 21158532
11791543 21158537
11594131 21158542
11722500 21158548
11703615 36099475
11574157 21158553
11544525 21158559
11706709 21158563
11733108 21158570
11780912 21158577
9465557 21158586
11727105 36367972
11457726 36367973
11644203 10532625
11580890 10590235
11792667 10532636
11648776 10532648
11628275 10532656
4070668 10532671
11770688 10532693
11550780 10018128
11652911 10590242
11479451 10533376
11687654 10533466
11530767 10533471
11628531 10533475
11713765 10533479
11570683 10533482
11665467 9964654
11616343 10533493
4070241 10533499
11476521 10533504
11735542 10533510
11680528 10533516
11463637 10534351
11487005 10534454
11500138 10534459
11669615 10534463
11486941 10848704
11594132 10534466
11772372 10590401
11629248 10848707
11501760 10025111
11655208 10534481
11548550 10534497
11495438 10534509
4170988 10534514
11485784 9965774
11727275 10535324
17005151 10535326
11616108 10535505
11595600 10535511
11728222 9574575
11664941 9966329
11495437 10535521
11724201 10535527
11716713 10535537
11683472 10535542
11604200 10535548
11688488 10535552
11703797 9966334
11481337 10535557
11696150 9574634
11488746 9966353
1092387 9966363
11635548 9966369
11757042 10535567
11601006 10028171
11633117 10535579
11482867 10536645
11711675 9575779
11645663 10536661
11786775 12420933
11663252 9575803
11572280 9575808
11739467 10536689
11616368 10536695
4066202 13818282
11704724 10536704
11773431 10536709
11793826 10536714
9492158 9575865
11752312 10536722
11716544 10536728
11672394 10536732
11534954 9966906
11727113 10537719
11463709 10537722
9480642 10537854
2744574 10537862
11765418 10850301
11477744 10537878
11630851 10032517
11494871 9967715
11568938 13818325
11763534 10538808
11488744 10538810
11770473 9968498
4066703 10538933
4220785 10538945
4070267 10538970
11482868 10538973
11510141 9968566
11463659 10540010
11611702 10850532
11591251 10540098
11703443 10540106
11677286 9969622
11661870 10540111
11535092 10540117
11722866 10540121
11714451 13660385
11752543 10540132
11519865 9969632
11742545 9969637
11786673 9969644
4068430 9969652
9466323 9969665
11741493 10540950
11551722 10033002
11791644 10033004
11613934 10540967
11711838 10540973
11764282 10540977
4132628 9580482
11663548 10540986
9467706 10033005
9484598 10540997
11785353 10541003
11534089 10541009
11527578 10541015
11517908 10541022
11752078 10541530
11761314 10541537
11652625 10541545
11482869 10541550
11524497 10541558
11559194 10541564
11520881 10541573
11757152 10541582
11501047 10541587
11641465 10541591
11663724 10541600
11716577 10033045
11775599 10541610
11574867 10541616
11589694 10541626
11759231 9971599
11589840 9971617
11620145 9971671
11549217 9971693
11473797 10541646
11707469 10851110
11789358 10851115
11473201 10851127
11525830 10851132
11561464 13617559
11470125 10851152
11519807 13818503
11636317 13617575
11555845 10851733
11517201 13662341
11656884 10851738
4068437 10851741
4072303 10851744
11652445 9581496
9490458 13662350
11463837 14523816
11463647 13818522
11762043 12422605
11559558 12422608
11603205 12422610
11728124 14368804
11642136 14368808
11735356 12422616
11773692 12422618
9486644 12422622
11755552 10851948
11463641 12422929
11633488 12422966
2622559 12422969
9477865 12819035
4068428 12422991
11798877 12521111
4133002 9582824
11501957 12184155
11486217 9583128
11553310 12424340
11591260 12424342
11508502 12424346
11475540 12424349
11499600 15413102
11587740 9583147
11586206 12424359
1299661 15413129
11740863 14372953
11593490 13664532
11694381 13617971
11733106 13818633
11510199 12424753
9481961 12424757
11672062 12424762
11710555 12424765
11513732 13818639
11471572 13664542
11605891 14343781
11536314 12425082
11775400 16417244
11650374 14979181
11795656 9583984
11754422 12425090
11656792 13664711
11696116 12425094
11549798 14343931
11659733 14343936
11680527 16417255
11661060 12184274
11758871 12425110
11743185 12425115
11751952 12425526
11578930 12425531
11792422 12425533
11701862 13652219
11541144 12425540
11524492 16067261
11594903 12425547
11757532 16067301
11636161 14344118
11654490 14344122
1078538 12521310
11520409 16417324
11534654 12425570
9534109 9584166
11530673 12425580
11713118 14344136
11746410 14344383
11789365 9584213
11546688 10852011
11650327 12425976
11543021 12425979
1067943 13618047
11750369 12425982
11622404 14979322
11510347 12425985
11777890 9584217
11755611 12425988
11719854 12425991
11475013 12425993
11468667 10852025
11739322 10852030
11771942 12425999
11533513 10038289
4132275 10852037
11708800 14374260
11790362 9584220
11785155 16206608
11586828 15789148
11482547 9584277
11554268 14344584
11604615 15789149
11657355 16417618
11780909 14980602
4139488 14344592
11637694 10852353
11613721 10852358
11713119 9584279
9462030 10852371
11665466 13664816
11656251 9584281
11647875 14344604
11577364 9584284
11706361 10852397
11782653 9584285
11744992 10852405
11569243 10852625
11730213 14344905
11727659 10852636
11738975 10852641
11605618 14706247
11707470 10852649
11782732 14344913
11532632 10041673
11507634 9983749
11745383 10852665
11686313 10852669
11468074 10853193
11487340 10853198
11470397 10853203
11480395 10853206
11598267 10853210
11790275 14345126
11677122 10853215
11533564 16177465
11600560 14345134
11795409 13664886
11787719 10853233
11490250 10853237
11777691 10853242
11729936 10853245
9480879 10853249
11597832 10853250
4187887 14706426
11691184 10853263
9478959 9584543
11787653 9584545
9486194 10853903
1091229 9584546
11604263 10853913
1067957 9584547
11573727 10041728
11621234 10853929
1067973 10853934
11516273 10853943
11616369 10853949
1297800 10853953
11490530 10853959
11714258 10853966
11481261 10853974
11697441 13664909
1067977 10853982
11722056 10853988
11463636 10854452
11463682 10854454
11463650 10854456
11757531 9584641
11501638 10854528
4088178 10854533
11775302 10854536
11653645 14374684
11500071 14706883
11673363 10854550
11626653 10854555
11595307 14980608
11664670 10854561
11463653 10855106
11727101 10855108
11463753 10855110
11463638 10855112
9474926 10855201
1291177 9584838
1067985 14345712
11784977 16178271
4065427 16418565
9465388 15789535
11712369 13618421
9472323 15789537
9475335 15789538
4127426 10855881
11469346 10855885
11708799 10855888
11765420 13618591
4381324 9584950
11689409 14345865
11626279 16418907
11770686 16418912
4069668 14374899
11754423 14374902
1067939 14524751
11708798 13618598
11656253 14345876
11484004 13618605
11785521 16418939
11566517 16419099
11599521 13618818
11778487 16419156
11672360 14375101
11686542 15789616
1067993 14346041
11787547 14980641
11656793 14346044
11486215 16419167
11626366 14375114
9462785 9585093
9470909 14375118
11532433 16186847
11656254 16419190
11558616 9585098
4069358 16419195
11528569 16207382
11757393 14346051
11498731 14346055
11775035 14346062
11577153 14346065
11672850 14346073
11467333 14980644
11588105 10856122
11706519 9585236
11516283 10856133
11707841 10856139
11792004 9585238
11743386 9985677
4150974 9585239
11752313 10856795
11628526 13619455
11757983 10856808
11753341 10856815
11704570 10856816
11617237 10856832
11656573 10856835
11466362 18142507
11486349 14376636
11574697 16178788
11690883 10856851
11677309 10856856
11605942 14346200
11545510 9986168
11611036 10857451
11571979 10857459
11643642 10857463
11497659 10857468
11728986 10857473
11734972 9987374
11725000 10857475
9478005 16419606
11471825 9585533
11697497 10857485
11521164 9585537
11473960 10857492
11674146 10857493
11711597 9987398
11533625 9987410
4068406 15789776
11489250 10857495
11532828 10857504
9465404 14346474
11691626 9987881
11794962 9987885
11628180 9987889
11750009 9987893
11751559 15789899
11782326 14346780
11715618 14380254
11722057 13619962
4117929 14380268
11689648 14380273
11630694 10045265
11566421 13619974
9464410 14346925
11762121 19476472
11470574 14346930
11551540 19093600
11475156 19093601
11744988 10858142
11734498 14346948
11565053 9988199
11594971 9988209
9471739 9988229
9462789 10858161
11553764 10858166
11543522 10858172
11786023 10858174
11742933 10858179
11473132 10858184
11649815 10858191
11641011 14347266
11481172 10045341
11492651 14382343
11704723 10045343
11610424 17164439
9492143 14382359
11745266 14382365
11778199 10045345
11644600 17164441
11668678 9988680
11734157 9988689
11621230 9585969
11713003 9988705
11784997 13620426
9486686 9585970
11714789 13620427
11585323 13620428
11743184 19477460
11741481 14525255
11482313 11812434
11781868 14347292
11629024 14383287
9464389 14347581
4105808 16420099
11652626 16420105
11746631 14383318
11503780 17164512
11659290 14347588
11575326 14347593
11635902 19479010
11504028 9586211
11476612 14348022
11755121 15790280
11760912 14348030
11570236 14348033
11524594 19093731
11780911 15790297
11516274 17164602
11471474 9989402
11785065 16421031
11504168 16421034
11535726 9989426
11599101 9989440
11696232 19093761
2618485 16186944
1067967 14348328
11527673 16421080
11790708 16186945
11753697 16421087
11511252 14348347
11760627 14348351
11482785 13621787
11519988 11812493
11469960 13621804
11684738 17164605
11782291 12242859
11676340 10045502
11486216 12242875
11773317 12242880
11719853 10045563
11586695 14527515
11792087 12242891
11700881 14527519
11691820 14980653
4074811 12518250
11637692 14386026
4094809 12426791
11608665 10045694
11795729 14386032
11574326 14980655
11559764 9586383
11683682 14348789
4072761 14348849
9483707 14348853
11614846 14527755
11490393 14527757
4071369 16421843
4095573 14387132
4163790 14527765
11794075 14527769
4217846 9586456
4195928 14527771
11521681 9586459
4093612 14527773
11506871 14527775
9486241 14527778
11791540 13623075
11693832 9586464
4084855 16421853
1067947 17164722
11692141 9990065
11518499 14528066
4105256 14528069
11582993 14528073
11567609 14349126
11732930 14528077
11557893 14349127
11552561 14528083
11466056 20996173
11582911 14528091
4078235 14528095
4176203 14349129
11738662 13623317
11576783 14528101
11770805 14528349
11707840 14349387
11687868 9990580
11548553 14389088
11594233 14349396
4164444 14349402
11576757 10048326
4068432 9586622
9486320 19481456
4084250 14528361
11538700 14528366
4194527 14389155
11716459 10048353
11348700 13818876
11580514 22701740
11617269 14390013
11599075 14528647
2701761 14528654
11599669 10048356
11546874 9990742
11627915 14528665
11495494 14390070
9489148 9990750
11505960 14528675
11777693 14349792
11493633 14349796
11722382 16422584
4125819 20753848
11697498 14349802
11607066 14391006
11617206 14528931
15334098 14528934
11722459 14528935
15334097 13623642
11549935 20755198
11610626 12426923
11475047 14528945
9490180 12243209
11685247 14391080
11534858 12243361
11480144 14529211
11511777 13623741
11601586 14392049
11683277 13623742
11560771 14529218
11514017 14529220
11755851 12243371
11594475 14529225
9466656 14529227
11568689 14350257
4092594 9991213
11628385 12243382
11513786 9991223
2704559 13623854
11790398 14392898
11541055 13623858
4196169 16181358
9470958 13623860
9487305 14350441
4073082 16181361
4251193 13623862
11603627 9991325
11575973 14350448
1067965 14529504
11585387 14529511
11539279 14529516
9478328 14350807
9480456 9587129
2702172 14350816
9486985 9991666
2699966 14350921
11621846 14351183
1067963 14394084
9485578 13624045
11721783 14351195
4088191 12427390
11764553 13624047
4109289 12243581
1292643 12243589
11644723 12243596
2718244 9991820
4102261 9587304
11634879 9991830
11722744 14530430
11664300 16187069
11611261 14530436
2670863 14394991
11636527 12244136
11787961 13624256
11510412 14530444
4092901 12244143
11611824 14530447
11621888 12244148
11734078 14395406
11682650 12244682
11559160 12244686
9484735 9992296
11530676 9992302
11480277 9992311
9468100 9992327
11788110 14530660
11785156 13624328
11661490 9992343
11577166 12244700
11528474 14530661
11570310 12244705
1067981 12244708
11587939 9992371
11568462 12244921
11463654 14395974
11463643 14395976
11727072 9992501
11479452 16424604
11463649 9992505
11780313 14530949
11463666 12244939
11463661 12244941
11463461 14530950
11463639 14530951
11463460 14530952
11465126 14530953
11492929 12244975
11664738 14530980
11504225 14530981
11559828 9587549
1067979 14396039
11605890 9587550
9491613 14530990
11728311 10051551
11796703 16182324
11558485 14530996
4068822 19690565
9461889 14531342
1290629 14531654
11660505 14397645
1091233 20763356
9469373 14526030
9467578 12245818
11635992 14531979
11746998 14531981
9469522 14531987
11549782 14397682
11726403 10051690
9483948 13624666
9482103 9587763
9476039 14532002
11660506 14532003
9468724 14397708
11787329 14352302
9464974 14532014
11574974 13624732
1067975 13624733
2731168 14532289
11572083 12246058
9484437 14532293
11541011 16426041
1693157 14532296
5037909 12246066
9468382 14398202
4088223 12519076
11585917 12246073
18023941 20812360
11526985 16426370
11759230 14532545
11555897 12246382
11534031 14532547
11559564 20764378
11661793 14398646
11557417 12246392
11539085 20979150
11505630 14398653
11633284 14532551
11769071 9587891
11759353 16426668
11538736 14532824
11604815 13625128
11734161 14532831
11489316 14532834
11650461 14532840
11580986 14532845
11668881 14532846
11593361 14532849
11514946 13625135
11513842 14399039
11603997 14532855
11661314 14399045
11588911 19690730
11498797 14532987
11712406 14532989
4064246 14532992
4132601 14352432
11520545 14532994
11536352 14532996
4132603 14533001
11570408 14533207
11760590 14533212
11559895 13625583
11765562 14533215
11685986 13625591
11744763 13625596
11545825 12246963
11728773 10054426
1067955 14533217
11472446 12246965
11473814 14399793
11518257 14399795
11560987 14399796
2543158 16427399
11508723 16183866
11499200 9588061
4070723 12246970
11561044 16183875
11477910 13625623
4072728 12246972
11782654 14399829
9471978 13625634
11721413 17340309
4171760 16187280
11543849 14400114
11548692 16187282
11736585 14533333
11741415 14714196
2687958 14400132
11538648 20998171
20930811 9588193
11606590 14400483
9471387 13626117
9485448 18624078
9482483 20766898
11789073 9993688
11792784 9993690
1067987 16184442
2739687 16184818
11532417 22701968
9476055 14401176
11528531 23174464
9488187 16187362
11786057 12247136
11626345 12247235
1067945 13626784
11556047 9994067
11528473 9994071
11709414 9994081
11751737 13626786
11614500 9994097
11541553 12247243
11775310 9994107
11559942 16429192
4132578 14533684
9476107 19247295
11620500 14533690
9487725 16187444
9473708 14401815
9480233 14401816
11542805 9994217
11510895 9588505
11647781 16429215
11616426 14352643
11696233 13627175
11773639 19247326
11497941 20998576
1067983 20768114
11661316 14402144
11646626 14533960
11723022 19247332
11733212 20768137
11717127 14402149
11778392 14402151
11520676 13627185
11794341 9994344
11554048 13627195
11757394 13627200
9488522 13627201
4164811 14402158
4164813 13627205
11678170 14533974
11492650 9994356
17006363 21082151
1067953 19247403
4130526 22702016
11679834 13627341
11765306 14402397
11759484 13627344
11573907 21560968
11678879 13627347
11485714 9994496
11775113 9994498
11686760 14352680
11790121 19247406
11609708 17419464
4163836 17419469
11608436 13627358
11693566 9588636
11701279 14402423
11719855 9994502
11463665 13627561
11463632 19468517
11463662 17884771
11463635 9588752
11463642 21082251
11727103 13627565
11463664 14534164
11463463 19468519
11727099 13627567
11463645 19094075
11463652 13627571
11678810 13627596
2671419 12247384
11626280 14402604
11737473 21082256
11656703 20983527
11571978 16152642
11476777 12247418
4107392 13627603
11673366 14402610
11776738 13627604
11727939 21561000
11689649 14402612
11526606 9994614
11654488 13627613
11795496 12247440
11790279 9994628
1067935 13627617
11719359 12247456
11641350 19247465
1067961 14352714
11678813 12247476
11678539 19247466
1067997 9588781
11739462 12247486
2651781 16155640
11712444 14534379
11754192 14534380
9483208 9588952
11474417 14534385
3895701 14534387
11722088 16157680
11764316 14534390
11701681 17096078
11795244 13628085
11790360 14534573
9465221 14352808
4092838 17096115
11771719 16187504
11735536 17096133
11755221 17096143
11706159 14403333
11532830 17096153
11660559 14403335
11551910 13628101
11701490 17096171
4070455 16210078
11735105 13628105
11759114 13628106
11486864 17096194
11513731 19691470
18072586 24358007
11463660 14403502
11463506 9589099
11463651 14403504
11463658 13628233
11463522 19247544
11470392 9589107
11530063 14403526
11497937 14403529
11587623 14534608
11747084 17096986
11757391 19247547
11732929 19094160
11686761 13628256
11683488 13628260
11542721 14403537
11788903 13628267
11516446 19094163
11583155 13628274
11657977 9589109
11506630 19247549
11646404 14403542
9464583 13628294
11528837 14403545
11727102 9589176
11592803 13665576
4078691 14534798
11733239 14534800
11753335 14534802
11601076 9589189
11779825 14534803
4383990 17097823
11486003 13628485
11743054 14403703
11794521 13628487
11637334 14403706
11620757 17097859
11631635 14534806
11586110 9589196
11553662 13628494
11627040 14403713
11688730 17097888
11472648 14403715
11635146 14403719
11649686 14403722
11613931 13665580
11610391 13628580
11613324 13628582
11472337 13628584
11710556 22702173
11747810 19094199
11463680 19247572
9484593 14403922
11741172 20999083
11638031 13628789
11664390 17099160
11689405 17099170
11514144 13628791
11795565 17099190
11744606 17099199
11792822 13628793
11606762 16185819
11610509 17099239
11656520 14404110
11655936 17099268
11642683 17099278
11788804 17099288
11754225 17099298
11617562 17099307
11625879 13628801
11529625 13628803
11696499 16185827
11769353 16185833
11558888 17099345
11463644 19691692
11778852 19247706
11496306 19247719
11505428 16185982
11569552 13628968
11559862 9589526
11752666 19247723
11793150 13628971
11773640 16185984
11685428 13665634
11756233 20772852
9463500 20772858
11789953 19247727
11684737 19691703
11710351 19247729
11494582 18401494
11576974 20772886
11764494 20772890
11773733 19247735
9468663 16186074
11479450 18150702
11509839 9589598
2712868 14404328
11515061 16210402
9463272 20999186
11616222 16186084
11490105 16186086
11581852 13629129
11610346 21157898
11510843 16429446
11463688 19692137
11463655 16429458
11463781 20999226
11463646 16429459
9480226 9589719
11734971 21157900
11557054 16429471
20930810 13681670
11493571 16210497
11565850 16210498
11490392 20773896
11689172 13629514
11730782 17886104
11545016 9589830
4072058 21082913
11775303 16186240
11610562 13629516
11468792 13629518
11509382 13629524
11559223 18401541
11655204 14404867
11668612 19248153
11704379 22702356
11472497 12520167
9466529 14404890
11581984 16186317
4094281 14353106
9465501 19692293
11659599 14404898
11795730 20999341
11554900 14404901
11694960 14404904
11648777 14404905
11551725 16429617
11698443 21083142
11469227 13629802
11665066 14405101
11599136 9996914
11504717 14405102
11613594 16429655
11569791 12427841
4375513 9590105
11569141 24776151
11505629 13629808
11704188 19692422
11561014 19248258
11771723 16186406
4217844 20774502
11738530 21083155
11463703 17886352
11463657 17165288
11463633 13629914
11463469 17165289
4381357 9590210
11734819 14405366
11492386 19248315
11672852 9590232
11711489 16186476
11791826 20988682
11680752 21083275
11569063 22702442
11719791 13629959
11611106 21167353
11770935 13629960
11657732 21083279
4114170 16429894
11520786 16429896
11463675 16430007
11463656 14405534
11727111 21083352
4085814 16430036
11548552 14405549
11740535 12521501
9487381 14405556
11469102 20988923
11736495 16430052
11628607 14405563
11744986 16430057
11606786 16430195
11727104 20775158
1067927 16430241
11605466 13630229
11631714 17165589
1067925 17165593
11556822 13665819
11506542 18401602
11528274 19248419
11507472 19248421
11592284 12521608
11791101 12521699
9492009 12521765
11743561 12521774
11594788 14405875
4067173 22702545
11520733 16430523
9481407 19248519
11722330 19248521
11711492 13819097
11578471 16210842
11463749 9997798
11477166 9997800
11463748 9997802
11463505 16430560
11607999 14406091
11463663 9997812
1067929 21083567
11744480 16210851
11692217 20999620
11684970 21083571
11776704 21083572
11577002 20999621
11604484 16430622
11594097 14406112
11778808 16430628
1067941 14406115
11679592 13630425
11575238 14406117
1067959 16430638
11589107 14406341
11794447 14406342
11773732 14406343
11714461 16430822
11463648 17421066
11463710 17421071
11576709 17886789
11463881 19248576
11518162 14406374
9466938 21083616
11758555 13665888
11463698 14406377
11463880 14406381
11465233 17899438
11463524 17421174
11463882 17421180
11462235 9590717
11530146 13630555
11459895 21083619
11464363 13630556
11745097 14353343
11682174 19248581
11544453 11812853
11790127 16430867
11610588 17421230
11654461 17421235
11570635 17421242
11717852 17421248
11669436 21083623
11545803 16430875
11734677 16430878
11758631 14406405
9484337 17421268
11673006 14406408
11545739 17421325
11644391 19248639
11578966 17421327
11751839 16430992
11761210 17421331
11510392 16430993
11683359 14406546
11795410 9590810
11755973 17421334
11463627 16186616
11463867 16431006
11463605 16431007
11463432 9590818
30528792 17421371
11463833 17421373
11463623 19693104
11463731 17421374
11465567 9590820
11463455 14406561
11463853 17421376
11463626 17421378
11463624 16431010
11463747 19693105
11463462 19248644
