10202122 10532618
18470330 10532631
25940170 10532642
12246588 10532654
11999549 9571145
36506887 10532710
12247558 10532712
15212540 10532714
12214017 10532715
16415715 10532716
12243965 10532717
15217916 10532718
1110955 10532752
12245735 10532779
12245943 10532819
1110426 10532832
15177394 10532841
12214003 10532843
15232274 10532852
36483796 10532871
1110030 9964368
2579670 10532924
12246059 10532933
15225208 10532939
36506888 9964396
15218364 10532956
15222242 10532966
12243972 10532997
15223877 10020114
15225682 10533020
12245591 10533029
36506889 10533030
15205708 10533064
15248353 10533089
12243978 10533101
12215939 10533113
12246679 10533121
12238080 10533141
11924107 10533150
15207649 10020699
12218512 10533174
1405542 10533177
12217429 10533186
18470363 10533188
15216086 10533230
15217781 10533252
12232188 10533262
15206574 10021184
12243651 10533301
36506890 10533311
15227904 10533321
12246832 10533340
1390498 10533350
12244800 10533359
12245739 10533367
12245741 10021510
14740576 10533371
12233533 10533373
15216911 10533374
15217286 10533381
12243984 10533403
12245743 10533413
12243990 10533435
15224300 10533454
12247584 9571860
12218218 10458070
12244738 10533470
12222617 9964652
12243994 10533498
2119235 9964656
12243996 10533520
15241632 10533530
12245834 9964723
12243998 10533575
12245748 10533584
10882035 10533595
15218908 10533625
12218717 9964777
15221610 10533644
12247159 10533645
12213916 10533655
12213744 10533661
12244004 10533668
12214576 10533720
12244011 9964879
1153132 10458075
12246647 10533729
15122933 10533732
12244909 10533738
12245356 10533759
12244015 10533778
12243609 10533790
12219172 10533800
12246371 10533812
12243662 10533816
12244802 10533826
1112254 9965023
12213980 9965027
12244021 10533867
12244023 10533880
12245046 9965039
12213729 10458076
15225030 10533920
12244063 9965076
12246339 10533942
10529611 10533955
12245048 10533978
15212297 10024044
1153254 10458077
36506891 10534036
12244028 10534050
1460991 10534064
12215287 10534079
15122083 10534091
22444320 10534105
12244030 10534112
22378824 10534120
12218313 10534133
15125689 10534146
12246966 10534160
15121875 10534174
12244799 10534192
12219040 10534198
12245359 10534202
12216038 10534230
1794641 10534241
12229805 10534253
3115573 10534281
15223609 10534297
12247237 10534307
15223843 10534326
12243663 10534346
12216672 10534347
12244033 10534381
12244037 10534402
12247272 10534409
36506892 10534427
12216032 10534436
12216448 10534447
15229137 10534449
12246785 10534465
12244038 10534501
12244040 10534512
15207733 10534520
12213706 10534551
15213977 10534565
15215287 10534578
15218297 10534592
15226780 10534606
12244044 10026031
36506893 10534629
566774 10534655
1112887 10534668
15212586 9965832
15124377 10534721
15124227 9573822
12213886 10534736
15234767 10534739
1523287 10534745
12219596 10534752
12244047 10534758
12245058 10534776
12243803 10534800
12243654 10534828
1796457 10534845
12213603 10534852
12246263 10534864
12218773 10534888
15177333 10534902
12245371 10534917
15224490 10534944
12245373 10534960
12244051 10534993
12215919 10535050
12247403 10535064
12246190 10535089
12214267 10535090
12246929 10535132
17262905 10535146
15226430 10535162
12245375 10535172
15223267 10535218
36506894 10535219
1935832 10535265
12245764 10535294
12244056 10535307
15177311 10458083
12243614 10535320
12244058 10535342
12607676 10535353
12244536 10535363
15220509 10535369
15208887 10026050
12246403 10535378
12213899 10535387
12245064 10535409
12245379 10535420
15113688 10535438
12246595 10535468
12245247 10535490
36506895 10535499
36506896 10535501
15261207 10026347
36506897 10535536
12244062 10535547
12245067 10535565
12243878 10535594
12244065 10535614
12245383 10535635
12214327 10535646
12244067 10535657
12244916 10535677
12245765 10535698
10200801 10535717
12216409 10028177
15207166 10535756
12244777 10535777
1153373 10535789
15212585 10535820
1114613 10535843
12244074 10535878
12216680 9575045
12213593 10535898
12232166 10535912
1113853 10535929
12244075 10535966
12244079 10535977
12247553 10535991
12246573 10536023
15221096 10536024
15215109 10536034
12244734 10536045
36506898 10536057
12246874 10536073
15174553 10536100
10377886 10536111
828683 10536140
12246005 10536154
12244085 10536205
12244087 10536208
12245652 10536215
12247536 9966615
15113692 10536231
15226655 10536244
36506899 10536256
12223841 10536258
12246021 9966662
12244091 10536310
12247517 10536324
22442017 10536351
15173237 10536373
12246165 10536421
12218052 10536446
12245069 9966705
12217659 10536474
12244722 10536505
12607435 10536517
12245826 10458087
15222988 9966760
12246023 10536557
12245774 10536604
36506900 10536639
12244097 10536651
12244099 9966882
15212109 10536687
15227941 10536699
10213163 10536708
12247182 10536719
12245123 10536750
12247551 10536777
15227448 10536802
15223853 9967045
12213737 10536825
12247179 10030388
12244103 10536933
25940241 10536950
12244105 9576211
12213702 10537003
12216717 10537021
12246358 10458095
12244392 10537037
15231444 9967275
15212098 10537068
12244113 9967301
15219082 10537111
2150434 9967313
25940167 10458099
1423031 10537202
4528846 10537220
12247526 10537238
727571 10537266
12244521 10537311
12244123 10537312
12244125 10537335
10424086 10537351
36506901 10537366
15117243 10537376
12244127 10537388
941065 10537404
5185711 10537418
12244837 10537430
12247265 10537439
15215370 10537453
15231442 10537468
12247533 10537482
15208895 10537495
15225944 10537513
15226426 10537551
12246334 10030936
15177407 10537622
15206549 10537672
15220760 10537702
2016428 10031147
12245976 10537759
15231412 10537792
12244101 10537834
12246429 10537843
15124400 10537869
12245076 10537886
12218352 9967741
12637446 10537963
15124396 10537973
12244133 9967827
12243676 10538044
12247018 10538045
15122162 10538057
12221118 10538078
12226141 10538099
4522773 10538105
12243959 10538121
15177312 10538128
36506902 10538132
12246018 10538143
12245780 10538157
12213777 10538170
12245912 10538180
18516034 10538208
15216032 10538222
1953306 10538233
12244144 10538234
86648 10538245
15226443 10538262
12244146 10538277
22443122 10538334
25939985 10538341
12246078 10538354
15117361 10538370
12216019 9577691
15124335 10538404
15125685 10538465
36506903 10538478
12244155 10538479
12220120 10538487
1116451 10538492
15229198 10538500
12244157 10538511
12215145 10538538
12244454 10538562
10203320 10538578
12244161 10538589
15216912 10538638
12245525 10538668
12246238 10538677
12217642 10538685
12246526 10538686
12245787 10538719
12216509 10538742
36506904 10538768
12244167 10538782
1623570 10538795
15261310 10538803
12239449 10538804
36506905 10538832
12244825 10538848
12247387 10538870
12214729 10538881
3114125 10538899
12244854 10538922
12244171 10590686
36506906 10538991
12246276 10539046
10468437 10539057
12220294 10539074
15213945 10539092
12220884 10539099
12246445 10539108
12216067 10539132
12214663 10539183
12246328 10539199
22412936 10539257
12215892 10539258
12244175 9578924
15221998 10539285
18470349 10539299
12243714 10539308
12244177 10539315
12244179 10539327
15217386 10539346
22445587 10539356
15229668 10539383
1117349 10539384
12247538 10539397
12215022 10032951
15177323 10539451
12245792 10539505
12215955 10539520
14888314 10539548
36506907 10539565
15223768 10539613
12625754 10539626
16415626 10539638
15214652 10539651
15211448 10539666
15124250 10539667
25940249 10539700
12218771 9969208
12221403 9969233
12238232 9969235
12243680 10539791
12245093 10539811
12245095 10539823
12214062 10539834
15124316 9969320
12244190 9969328
15224329 10539894
15205695 9969349
12213710 10539910
36506908 10539958
36483886 10539978
12244194 10540006
12244198 10032970
12218168 10032971
36506909 10540056
12244200 10540063
12213839 10540075
15123317 10540082
12243592 10540093
1118043 10540137
12246360 10540153
36506910 10540157
15125681 10540174
4522771 9969682
12213573 10540192
12246169 10540217
12244209 10540239
12244212 10540246
12244214 10540253
12243682 10540262
12245805 9579972
12244216 10032985
12213575 10540292
12247028 10540314
12221088 10540344
12243684 10540366
15216744 10540368
15214027 10540377
15223589 10540385
12245806 10540396
10272140 10540421
12245808 10540425
15218334 10540436
12216370 10540457
15217779 10032988
12213632 10540471
12221672 10540476
5189561 10540500
15216898 10540509
15110100 10540518
12244232 10540533
734289 10540547
12245424 9970061
12244235 9970069
15212541 10540594
15212566 10540598
12216780 9970191
1118602 10540614
15216617 10540623
12244683 9970222
12245107 10540634
1118661 10540664
12244246 9970338
15229176 9970394
12244857 9970423
12245109 10540722
15209249 9970471
12244979 10540740
12219118 9970481
12244250 10540755
20444764 10540764
12244920 10540774
12238234 12183973
12244169 10540797
12214314 10540802
12218437 10540827
12213735 10540839
12247276 10540840
1813350 10540853
12246389 10540863
12244851 10540877
12213657 10540890
12218155 10540901
12245813 10540934
12246473 10540942
22128156 10540943
12245815 10540956
12598397 10540966
12244265 10540985
12245111 10541008
12246668 10541021
15220407 10541034
2108264 10541043
12214038 10541057
12245089 10541059
12244271 10541066
1153667 10541083
1128201 10850619
12245817 10541117
15220542 10541150
12218187 10541151
12213930 10541159
12244273 10541168
12245113 9970836
15231782 9970842
36506911 10541203
12245819 10541238
15243217 10541253
12245611 10541256
12244275 10541314
36506912 9580670
12219543 10541360
12217022 10541380
15209326 10541400
1119617 10541410
36506913 10541464
10294260 10541465
15223319 10541468
12215634 10541473
15116933 10541474
15232488 10541475
12244281 10541476
1119732 10541478
12245822 10541481
12220091 10541483
12215594 10541484
36506914 10541487
36506915 10541488
1469282 10458151
15122028 10541491
12213591 10541492
12246532 10541494
1119950 10541498
12246405 10541499
12246709 10541500
12215337 10541505
12247600 10541506
12247589 10541508
12247547 10541511
12243686 10541512
12246666 10541513
15228341 10541516
12213635 10541518
15219630 9580886
10491407 9971557
12245440 10541522
12244109 10541523
12239723 9971559
12244308 10541535
12247550 9971563
25940622 10541608
12244785 10541622
15211119 10458154
15207210 10541649
12244314 10541673
12244859 10541682
12244316 10541697
12245123 10541724
12227560 10541736
777894 10541762
15124334 10541771
12244321 10541774
15241636 10541795
1109566 9971993
15226672 10541855
1719591 10541880
36506916 10541905
12245831 10541917
12226143 10541923
12247531 10541932
25940260 10541944
12244966 10458159
12222615 10541954
36506917 10541959
15207986 10541968
12246979 10541979
15211120 10541995
12244789 10541996
12246615 10458161
36484056 10542002
12244763 12183993
12218277 10542003
12221593 10542007
15139864 10542008
12217675 10542009
15223317 10542010
14864775 9972579
12213776 9972607
15205957 9972613
15225608 10542016
15208788 9972627
12217480 10458165
15217446 10542017
12245453 9972655
12245132 10542018
12244331 10542019
12224935 10542020
12245929 10542021
15234622 10542022
12244335 9972699
12244340 9972711
15212195 10542026
1109177 10542028
36506918 10542029
12245134 10542030
12216071 10542031
12213893 10542032
12213779 10542033
15223629 10542035
12216366 10542037
12215101 10542038
15209360 10542041
15212762 10542042
1140806 10542043
12245581 10590747
15216913 10542044
12244217 10542045
12244348 10542046
12246094 10542047
12247560 10542048
12244352 10542050
15207645 10542052
12215375 10542054
15213800 10542055
1577023 10542057
1598338 10542059
12246379 10542060
12244358 10542063
649730 10542065
12219946 10542067
12244915 10542070
12213758 10542071
15207639 10542072
16427427 10542073
36506919 10542075
12244366 10542083
15225585 10542084
12219244 10542085
12245825 9581303
12245279 10542090
15225691 10542091
12245839 10542092
1143461 10542094
12246340 10542096
15212568 9581322
12246302 10542098
2387181 10542099
15240950 10542103
15212573 10542108
15117310 10542109
15215111 10035157
10468352 10542111
12244254 10542114
12245144 10542115
12244370 10542117
25940171 10542119
12220217 10542120
15223598 10542121
12247380 10542126
4469747 10542127
12244374 10542128
1122381 10542129
15223742 10542131
3581954 10542132
12215542 10542133
15124385 9581413
12217418 9581415
12239402 10542135
12246336 10542136
12214976 10542137
12244384 10542140
12245845 9974465
1299702 10542142
1796661 10542143
1154213 10542146
12246566 9974614
12245848 10542148
15225602 9974681
12245850 10542150
25940031 9974806
12244773 10542152
36506920 10542153
12243594 10542154
12244808 10542155
15124392 10542157
15212538 9974950
15227625 10542158
12247519 9975058
12244869 10542162
15122066 10542163
12247557 10458182
12244389 10542164
12244390 10542166
2014503 10542170
15124372 10542177
14999139 10542178
15219146 10542179
12220014 10542180
18470362 10542182
12244398 9975298
12245151 10542187
36483885 10542192
15225681 10542195
15218624 10542197
12244867 10542205
15223627 10542207
11893256 10542211
12240787 10542212
36113518 10542215
12244396 10542217
12243689 10542220
1123173 10542221
12247031 10542223
12244404 10542224
22406741 10542226
12245153 10542227
12679035 10542231
1123254 10542232
1123256 10542233
12244406 10542234
12213571 10542237
12244408 10542238
12216843 10542240
12244940 10542241
12245895 10542243
12244787 10458190
12223499 10542246
12218170 10542251
12245875 10542252
15224419 10542253
15219618 10542255
12244412 10542256
12246028 10542258
12220474 10542259
12219622 10037691
12244414 10542260
12245403 10037692
12217501 10542261
15218895 10458192
12215802 10542266
12214673 10851946
12221824 10542269
12244418 10542271
12244903 10037696
1123490 10542273
12217750 10542276
12245477 10542277
15140230 10542278
1393316 10542281
15206551 10542282
12246675 10542285
12244422 10542286
3563549 10542287
15227978 10542289
12245865 10542291
1123773 10542292
12244428 10542293
12232168 10542294
12240270 10542299
12244433 10542300
15225015 9977488
12244159 10542301
12243968 10542302
15122941 10542304
12245481 10542305
15205953 10542307
12245870 10542308
12244294 10542309
12223022 10542310
12244440 10542312
15113702 10542314
12222325 10542315
12244442 10542318
12245483 10542319
12244444 10542320
12245165 10542326
15192446 10542327
15216741 10542330
12244446 10542332
14864800 10542333
12244448 10542336
1123702 10542337
12244450 10542338
12219675 9581934
3607462 10542339
12246664 10542341
15230747 10542343
36506921 10542345
12611691 10542346
1158957 10542347
12244356 10542348
12213569 10542350
12244877 10542351
1799218 10542352
752919 10542356
12244452 10542357
12245872 10542358
1153239 10542359
15231886 10542360
12246822 10542361
12221064 10542362
12245281 10542363
12223857 10542366
1861877 10542367
12223169 10542368
12243597 9979197
12244968 10458200
12215173 10542372
12245490 10542373
12244458 10542375
12611218 10037720
12219785 10542376
12244846 10542377
12218169 10542378
12247011 10542380
12216741 10458202
12244462 10542382
12654707 10542383
15223628 10542384
12218151 10542385
12219290 10542387
15215286 10542389
1124964 10542393
1367708 10542394
36506922 10542396
36506923 10542399
15234817 9582094
12246481 10542400
12245129 10542401
12243691 10458205
12246307 10542402
15226829 10542403
12247592 10542404
649772 10542405
12245498 10542407
12246662 10542410
15231413 10542411
4520099 10542412
12245172 10542416
15217442 10542421
12213599 10542422
12232186 10542423
12247561 10542425
12244479 10542427
12246530 10542429
12216106 10542432
12219757 10542436
12245508 10542437
12214641 10542438
12244481 9582205
12244483 10542439
15218942 10542441
2580098 10542443
12244485 10542444
12243833 10542445
15228303 10542446
15223837 10542447
12245884 10542448
15124389 9980753
15140228 10542452
15122171 10542453
15231960 10542454
12244721 10542456
12244489 10542457
12245176 10542458
15207883 10542459
12247572 10542460
12245613 10542465
15213907 10542468
15226152 10542474
12246015 10542476
15220557 10542477
12232163 10542484
15219868 10542486
12245516 10542487
12247247 10542490
12245891 10542493
36506924 10542494
25940575 10542495
2562555 10542498
36506925 10542500
12232160 10542501
12219072 10542504
36506926 10542505
36506927 10542506
1126411 10542507
15122168 10542508
15217036 10542511
491751 10542520
12213997 10542522
12218058 10542524
12215064 10542525
15173235 10542526
36506928 10542528
12246413 10542530
12224316 10542531
15215436 10542532
12245897 10542533
4514488 10542534
18516035 10542538
12247447 10542539
12214453 10542540
36483842 10542544
12247233 10542553
1126959 10542555
15237993 10542557
12224967 10542559
15122060 10542562
15221116 10542563
12215056 10542566
12244507 10542567
12244509 10037794
15207510 10542568
11914101 10542571
15218909 9981550
12246693 10542574
12244173 10542576
12232164 10542577
12244511 10542579
1847286 10542580
12244513 10542582
12244514 10542583
12243608 10542584
36506929 10542587
12215444 10542589
12240789 10037803
12244517 10542590
36506930 10542591
12245904 10542595
36506931 10542597
12213583 10542599
12246035 10542600
12247549 10542602
10486678 10542603
12246577 10542605
12245615 10542606
12224794 10542608
12244523 10542609
12614286 10542610
12245183 10542611
12245908 10542614
12245462 10542615
15228190 10542616
12244525 10852003
12218145 10542617
12215816 10542620
36506932 10542623
12213581 10542624
15218360 10542625
15217309 10542628
12243732 10542630
12244532 10542632
12244534 10542633
12245307 10542634
15218451 10542635
12612274 10459637
25940958 10542639
15221204 10542640
15206363 9582954
15220819 10542641
12245913 10542642
15227881 10542643
12245914 10542647
12246691 10542649
15218910 10542653
12246556 10542654
11925210 10542655
12244542 10542656
12225139 10542658
12245249 10542663
15213660 10542664
12246552 10542666
12243696 10542667
12244546 10542669
36506933 10542672
12213985 10542674
10200803 10542676
12213631 9583070
12244553 10542679
12245920 10542684
14740621 10542686
12243600 10542691
1128351 10542695
12214974 10542696
12245925 10542699
12219175 10542700
15121879 9583171
12244561 10542703
15205955 10542705
15211992 10542706
36506934 10542707
12245935 10542710
1638043 10542714
12244563 9583208
1128068 10542715
15209889 10542716
15206173 10037841
12244565 10542718
17280551 10542721
15224950 10542722
15222391 10542723
15226471 10542724
15261210 9583258
12247413 10542726
36113471 10542728
36506935 10542729
12244566 10542730
12218149 10542731
15222036 10542734
2289060 10542737
15227740 10542738
1158246 9983213
15207638 10542739
12245931 10542740
12217615 10542741
12218111 10542743
12247176 10542744
36506936 10542745
18488762 10542751
12246241 10542754
12247434 10542757
12218113 10542758
12215030 10542760
12247181 10542762
12247567 10542765
15223844 10542767
12247587 10542769
15205706 10542771
11903088 9583453
12213619 10542774
5162777 10852004
15206746 10542776
36506937 10542777
36506938 10542779
10467299 10542784
15231415 10037869
10413192 10542785
15229544 10542786
12245535 10542787
15221772 10542788
12213615 10542789
12214373 10542790
15225060 10542792
12244318 9983245
12245599 10542793
12213860 10037874
12215820 10542795
12245663 10542796
5068581 10542797
12243631 10542798
5163062 10542799
15223643 10542803
12246456 10542804
12224158 10542805
15223788 10542812
25940600 10037877
15205842 10542813
12244586 10542817
12246511 10542821
12244588 10542825
15209328 10542826
12214059 10542828
12246592 10542829
12219330 10542835
15211315 10542836
36506939 10542838
1153945 10542839
12245619 10542843
12244599 10542844
12244844 10542845
15124324 10542849
12244603 10542850
12244605 10542851
15211961 10542852
12243706 9583833
12214393 10542855
12246385 10542856
15226981 10542860
15225642 10542861
12244499 10542865
15226472 10542866
12214696 10542871
12246322 10542872
10173091 10542877
1570577 10542879
12218706 10542880
15223228 10542881
15211430 10542882
36506940 10542883
12246315 10542884
36506941 10542888
15220744 10542889
12244627 10542893
15224415 10542894
12218673 10542895
12216059 10542897
12243716 9583969
12247554 10542900
12246243 9583982
12214926 10542902
12213741 10542905
8490561 10542906
12244630 10542907
12245130 10542908
12243716 10542909
12244242 10542910
12642623 10542911
15214166 10542912
15229289 10542914
15208854 10542915
15214527 10037908
12213692 10542916
12246534 10542917
2063334 9983318
15224540 10542919
12246504 10542920
12244634 10542921
12244519 9983320
36506942 10542925
12244636 10542926
12246673 10542929
12246655 10542931
15230033 10542934
12244642 10542936
36506943 10542937
12247570 10542940
15208742 10542941
12218361 10542942
36506944 10542947
1135664 10542952
12245214 10542953
15216392 10542954
12245553 10542955
15215147 10542956
12223033 10542957
1111998 10542959
12244946 10542961
627771 10542962
15230044 10542969
15208738 10542970
12244660 10542973
12246502 9983332
12246427 9983334
12216505 10542978
12243706 10542979
15234690 9983336
12247452 10542987
12243719 10542988
10173152 10542989
15206546 9584157
12244907 10542992
15177317 10542993
12245979 10542996
12215643 10542998
12246037 10542999
15124263 10037927
12244667 10543000
12244668 10543002
12245955 10543003
25940107 10543004
15211089 10543005
12213586 10543007
12244670 10037931
36506945 10543011
12244674 10543013
1155159 10543014
12235364 10037934
15220511 10543016
12247046 10037935
12243722 10543017
12238085 10543025
22451560 10543028
15207495 10543029
12244678 10543032
15221279 10543033
1132901 10543040
12218970 10037942
12244681 10543044
15215919 10543046
33470863 10543047
12755711 10543049
1130676 10543050
36506946 10543052
15261204 10543054
27565956 10460717
15121884 10543056
15211672 10543057
36506947 10543058
12244913 10543059
15234203 10543061
15125159 10543062
12245961 10543066
1366720 9983363
12246267 10543068
12214065 10543071
12246250 10543073
12246941 10543076
15206423 10543082
11878519 10543083
15125120 10543084
15121859 10543085
12230584 10037958
15207359 10543086
12245624 10543087
36506948 10543095
15228552 10543096
15234209 10543098
12246348 10590838
12247419 10887338
15208489 9584210
15215656 9983392
12244638 10543100
10204950 10543101
36506949 10543102
2112479 10543103
12213708 10543107
2138199 10543109
1134150 10543110
1134160 10543112
15224278 10543113
15221996 10543114
15216391 10543115
36506950 10543118
12221176 9983414
12244695 9584225
15216146 10543119
15227147 10543121
15206727 10887779
1118422 10543123
12244701 10543124
15216909 10543126
12244702 10543127
12246117 10543129
15214496 10543131
12246039 10543135
15207382 10543136
10424388 10543137
15124287 10543138
12217769 10543142
15216747 10543144
1967601 10543145
12213725 10543146
12217570 10460840
22451620 10543147
11857655 10543149
12245228 10543150
12226145 10543151
25940050 10543153
15113237 9584235
12213908 10543158
36506951 10543159
15137531 10543160
15117033 10543161
36506952 10543163
12224020 10543165
12606986 10460890
10202663 10543166
12244711 10543167
12244712 10543168
12246310 10543169
12245229 10543170
12246685 10543171
12215032 10543173
12244833 10543174
12243726 10543176
12213588 10543177
12244689 10543178
15137541 10543181
12216131 10543185
12245233 10543188
12244716 10543190
12219677 10543193
12214661 10543194
12219967 10543197
2270189 10543198
12246065 10543202
12213739 10543205
12243865 10041190
12244720 10543207
15239930 10543216
18516022 10543219
36506953 10543220
12244724 10543224
12214675 10543227
12216754 9584297
12244897 10041647
12598679 10543230
12217647 10543231
22455569 10543232
1113617 10543233
15213678 10543235
12244741 10543236
12244726 10543237
15215146 10543238
15212745 9584302
12243787 10543241
12221066 10543244
12245155 10543245
12244728 10543247
15213737 10543249
12244730 10543250
12244732 10543253
12244829 10543255
12218747 10543259
12245786 10543261
12216877 10543262
12245238 10543263
12246671 10543264
12245984 10543266
12214611 10543267
12246368 9584321
15218941 10543268
1979578 10543270
10200811 9584324
12243793 10543274
15225062 10543275
18486723 10543277
25940744 10543284
36506954 10543287
22475095 10543292
12243992 10543301
12244743 9584342
12247274 10543304
12244601 10543305
36506955 10460894
15124251 10543308
12246043 10543313
12244815 10543325
12243730 10543327
15114047 10543328
15214945 10543329
12215725 10543330
12215012 9584373
15124203 10543331
12217976 10543332
7609466 10543333
12213870 10543334
20071398 10543335
768452 10543336
15206190 10460942
12214700 10543338
12215721 9983827
12217633 10543339
12246834 10543340
12247401 10543341
12247479 9584391
12216372 10543342
2317616 10543344
12215360 10543346
36506956 10543348
6528040 9584392
12243698 10543349
12244478 10543350
12218411 10543351
12218696 10543353
2468436 10543354
1156312 10543355
12246107 10543356
12219223 10543358
12247155 10543359
12244993 10543360
12215562 10543361
12219114 10543362
12218400 10543365
3313351 9584410
12220586 10543367
12246905 10543368
12218947 10543370
12215520 10543371
12218726 10543373
12214955 10543374
12214019 10543376
15217054 10460951
12246933 10543377
12247256 10543379
12219740 9984087
12245004 9984097
12214639 9984105
12218381 9984109
12215831 9584427
12214267 9984113
12214441 10543381
12215111 10543384
1144597 9584438
18470331 10543385
12213773 10543386
12217295 10543387
12214702 9984117
12219126 10543388
12219443 10543390
12215633 10543392
12216778 10543393
12216057 10543394
12214706 10543395
12220013 10543396
12214963 10543397
12247032 10543398
12216769 10543400
12214698 10543401
1155668 10460965
12246884 10543402
1136268 10543403
12220139 10543404
12216034 10543405
16415619 10543406
12222097 10543407
12214498 10543412
15209359 10543413
12245014 10543415
15224580 10543418
12245705 10543419
12215943 10543421
15124289 10543422
1109423 10543426
12247022 10543428
36506957 10543429
12244791 10543430
1155680 10543431
12243961 10543433
12245972 10543434
15219800 10543435
15261239 10543438
12213727 10543439
12243736 10543440
15220806 10041708
12245236 10543442
12243988 10543443
1136576 10543444
15252574 10543445
12247510 10543446
12215446 10543447
1113383 10543449
12245636 10460989
15240961 10543451
12226544 10543455
15217427 10543457
12244089 10543458
15222413 10543459
36506958 10543460
12244107 10543461
15218856 10543462
12216052 10543471
12246876 10543473
12244714 10543474
36506959 10543477
15116894 10461007
12244202 10853745
12219549 10543483
15116881 10543484
36506960 10543485
12215985 10543491
15222379 10543493
12244323 10543496
12218798 10543497
12215842 10543498
12216133 10543499
12244344 10543500
12244362 10543503
12244822 10543505
12244557 10543507
12244378 10543508
12244381 10543509
12213609 10543511
12243742 10461032
12219793 10543515
12221178 10543517
12245877 10543519
12244437 10543520
15227551 10543521
15233219 10041730
12244472 10543525
1777434 10041735
15222978 10543529
15211397 10543530
15226396 10543532
12213611 10543533
12244531 10543540
12245637 10041745
12244549 10543543
12221822 10041748
12213687 10543546
12219778 10041750
15212182 10543547
12244593 10543549
12244944 10543556
1130239 10543557
12245950 10041754
12247126 10543560
12214315 10543563
12246269 10543564
12215840 10543566
12247426 10543567
36506961 10543569
10203325 10543570
15243613 10543571
12220418 10543573
12218700 10543575
12213756 10543579
15241218 10543581
15223615 9584616
12216469 10543587
36506962 10543589
12244977 10543594
15212379 10543601
12216977 10543602
14680087 10543603
12243602 10543606
15224453 10543608
12217488 10543611
12213670 10543612
25939982 10543614
15122220 10543615
25941630 10543619
12243700 10543621
36506963 10543622
12247035 10543626
15121883 10543627
15232050 10543629
12243666 10543630
15243476 10543634
36506964 10543635
15231397 9984382
36506965 10543639
12215971 10543641
15217491 10543642
12243797 10543643
36506966 10543644
12243951 10543645
12216907 10543646
12214500 10543648
12245284 10543649
1136549 10543653
15235232 10543656
36506967 10543660
36116493 10543663
10471585 10041785
15113709 10543669
12217281 10543672
12220747 10543675
12213668 10543679
12223455 10543682
12245698 10543685
348803 10543687
12218648 10543692
12244793 10543693
15211674 10543702
12213623 10543703
12245343 10543708
12223591 10041796
12010851 10543716
15121935 10543717
12244923 10543725
12243963 10543726
15122085 10543728
15209368 10543729
12218394 10543732
12247428 10543733
12244988 10543735
12213613 10543737
12243744 10543739
12245630 10543740
12216751 10543742
12216729 10543745
12246912 10543746
15241370 10543747
12246129 10543749
1904620 10543751
12244013 10543752
15117311 10543756
15227624 10543760
12243751 10461070
12246506 10543763
12216959 10543765
12215685 10543766
12220692 10543767
12247017 10543772
12244060 10543774
12216117 10543779
12216604 10543781
15241111 10543782
12215898 10543784
36506968 10543789
12214578 10543790
15117245 10543792
15221529 10543797
12243846 10543800
12214690 10543810
12245074 10543813
12221834 10543824
15125688 10543825
36506969 10543826
12216572 10543827
12246538 10543829
12244147 10543830
15215113 9984613
12247555 10461090
12214627 10543835
12245406 10543837
12247457 9584837
12246609 10543838
12213874 10543839
36506970 10543840
2502473 10543841
12245791 10543845
12245098 10543851
1999261 10543852
15215270 10543853
15214342 10855877
7545641 10543857
15131408 10543859
12244233 10543860
10200812 10543867
12246411 10543871
36506971 10543875
12227084 10543877
12223081 10543879
36506972 10543882
12245037 10543883
12244279 10543885
12246524 10543890
12244320 10543891
15223583 10543894
36506973 10543896
15122163 10543897
25940055 10543901
12244337 10543902
12246981 10543905
12213999 10543909
15225219 10543910
12214657 10543911
15137524 10543919
12246092 10543920
12246969 10543921
12246188 10543924
12217505 10543927
12225006 10543929
15912772 10543930
12214694 10543938
12215908 10543939
12215968 10543942
12245479 10543943
12214940 10543944
12215103 10543945
12243606 10543947
12243756 10461107
12244756 10543952
17305423 10543954
15238691 10543957
12245886 10543958
12243756 10543960
12245168 10543961
15221339 10543963
12244464 10543964
1617460 10041861
12219628 10543965
12219539 10543966
1794612 10543976
36506974 10543979
12245893 10543980
2309821 10543981
12246895 10543982
12246344 10543984
36506975 10543991
12243760 10543993
12216919 10544001
12221481 10544002
12247582 10544004
12215723 10544006
12246711 10544009
12245529 10544010
15229175 10544011
12244935 10544013
36483894 10544015
15226150 10041872
12217617 10544017
12247505 10544019
12243893 10041875
12245192 10544021
15122134 10544023
12215600 10544024
36506976 9985322
12246181 10544025
12247577 10544027
12243858 9985326
15217703 10544030
36506977 9585049
12215470 10544033
1129623 10041878
15125122 10544036
1114957 10544037
15117174 9985328
12247579 9985330
12244640 9585072
15226428 10544047
12246815 10544048
15226023 10544049
15229142 10544050
15121952 10461125
12244658 10544051
12244665 9985333
12245220 10544056
12225054 10544060
12215305 10544061
12222067 10544063
15273926 9985339
36506978 10544068
12244983 10544069
15117173 10544071
12244704 9585133
12245224 10544079
15211577 10544081
12214671 10544082
12219592 10544090
15113705 10544092
12245242 9985424
12221873 10544093
15213781 10544095
15206631 10461150
12245650 9985439
12246281 9985453
36506979 10544108
15109585 10544111
12244269 10544114
36506980 10544120
1129214 10544121
36506981 10544123
36506982 10544128
4528265 10041907
15212162 10544133
36506983 10544134
36116360 10544139
15207493 10544145
36506984 10544153
12213601 9985637
10387498 10544157
15232518 10544164
15209579 10544167
15205983 10544172
12220759 10544176
12243767 10544179
36506985 10544180
12219559 10544185
15206596 10544191
15206512 10544192
15209325 10544197
15215121 10544198
12244986 10544203
12219328 10544210
12222412 10544211
15209116 10544218
36506986 10544222
25941665 10544225
36506987 10544231
36506988 10544239
15206344 10544248
12220882 10544251
36506989 10544257
15214077 10544259
15124329 10544266
12243771 10461168
36506990 10544276
12223863 10544282
12228667 10544283
15215143 10461173
36506991 10544296
12218547 10544297
36506992 10544298
12243773 10544299
15213784 10544302
17299675 10544304
36506993 10544307
15206875 10045170
15211013 10544318
15212204 10544319
15212377 10544321
15212584 9585455
10215261 10544324
12219142 10544328
15231085 10544332
12243777 10544340
12215888 9585494
36506994 10461185
36506995 10544358
12216040 10544360
22129471 10544361
22470642 10544365
15216204 9987362
15243518 10544369
15215110 10544370
15215263 10544371
15214236 10544372
15117226 10544373
12216461 10544378
12219120 10544383
15227968 10544384
36506996 10544388
15211746 10544404
12245648 10544413
188746 10544416
10489195 10461215
875109 10544428
1138961 10461216
10468799 10544453
15205744 10544457
22375330 9585598
36506997 10544477
12215016 10045223
10432153 10461219
36506998 10544488
15231083 10544490
12213965 10544499
12214432 10544506
15221763 10544510
10469517 10544515
1134156 10544516
15220820 10544519
12247061 10544523
1137512 10544530
15221710 10544531
15220559 10544532
12216452 10544534
15261314 10544536
15222006 10544538
15220795 10544539
15125121 10544542
36506999 10544543
15116895 10544548
12243783 10544557
12219992 10544567
15243476 10544570
12216825 10544575
36507000 10544577
12246463 9987856
12244760 10461231
36507001 10544585
15122041 10857615
12247041 10544587
15116898 10591028
36507002 10857622
15205729 12184605
25940219 12188739
1111203 10591033
12216584 10045284
12245297 10544590
15222985 10857737
5171805 10544591
15223869 10591043
11818082 10857790
15122067 10591045
36507003 10857823
12221247 10857840
15137528 10857850
12218473 10544592
36507004 10591047
1793362 10857877
22460525 12242704
12222269 10544593
36507005 10857976
15125136 10858010
12218365 12521390
36507006 10045304
12243791 10544595
15219053 10591058
36507007 10591060
15122165 9585793
12611740 10591066
15226397 12184611
12243791 10544596
15137523 10891434
15122169 10591072
15223598 10858199
15227645 9988343
36507008 10591076
12245299 10544599
15227005 10591077
2229205 10591079
15225259 10591081
12245461 10591083
12222348 10591084
15225258 10591085
12246010 10544600
15224567 10591087
15122042 10591088
15131400 10858206
15224491 10858208
15227377 10858209
12220643 10591090
10206816 10544601
15226183 10591092
12213754 10544602
12215904 10544603
12223491 12188744
36507009 10858219
36116629 10544604
15114043 10858221
36483892 10858222
12214953 13620358
12632698 10045336
15234793 9988606
36507010 10591111
15121874 13611278
12221130 10544605
12219632 10591112
25941415 10891755
12219833 10544606
15121900 10858233
15121895 10591116
16415695 10591118
12220713 10591119
15227957 9988716
1157119 10591121
12213837 10544607
36507011 9988718
15228762 10591124
12222249 10858235
12245802 12184619
15225312 10858237
12220093 10858238
12218184 9586015
12245916 9586016
15228789 12188747
12243962 10858244
15229270 10591136
15110094 9586038
12218878 12188751
15229145 10591137
15227768 10858246
15218326 10544612
36507012 10858248
12246601 10858249
1113054 10591141
15110095 10858250
12245557 13818847
15231841 13818849
12243795 10544614
15231606 13818850
15114601 10591142
18470361 10858258
12214391 10858259
12219172 10858260
15222165 10544615
15206728 10461246
36507013 10858262
12243980 10591146
12245657 10544616
12245416 10591157
15177328 10544617
15230427 10591159
12245700 10858265
12225673 10591161
12215088 10858266
15230424 12188754
12247053 10858268
25940005 10858270
12220713 10858271
15232053 10858274
12245861 12184632
12247530 10544618
12223432 10858280
12220053 10045395
12213597 10461250
12245445 12188756
12245722 9586142
12245330 12188757
1286308 10544619
15233502 10591162
12218017 12184639
646797 10858288
12245767 10591164
1156982 10461251
15273927 12820621
36507014 10858289
12247524 10858291
12244402 12188758
5105735 12184641
15234053 12242794
12246283 10858294
15109395 10544621
12247507 10544622
36507015 10461257
15234461 10858302
374101 10544628
12224344 10045410
36484105 10544632
12243799 10544633
12245405 10544634
25940175 10544635
12221224 10544637
15236840 10544643
12213949 10544645
12247013 10544651
12246611 10544655
12245609 10544657
15238117 10544658
12218392 10544662
15238048 10544665
12243801 10544666
12245707 10544676
12246147 10544678
15237922 9586252
36507016 10544683
12245769 10544684
15252847 10544686
36507017 10544690
12244046 10544691
12246852 10544692
15219644 10544694
12245784 10544697
12246395 10544703
36507018 9586272
12219831 10544710
12243758 10544713
12243957 10544718
12216957 10544719
12217180 9989380
2373815 10544720
12245414 10544721
12244026 9989382
10204946 10544723
12243584 9989390
1122969 10544729
12244607 9989398
15208325 9989424
12243712 10544732
12226798 10544733
15233184 10544735
36116524 10544736
12223405 10544738
12246633 10544741
12226377 10045448
15206267 10544747
12243982 9989470
12243625 9586294
12245016 10544748
15235477 10045450
15206307 10544750
15224423 10544752
12245771 10544755
36507019 10045452
15234918 10544757
5108730 9989515
12244491 10544758
15235686 9989521
12243826 10544762
12243607 10045458
12243986 9989545
12243937 10544765
1143382 10544766
12244165 10045463
15232638 10544772
1157204 10461347
12244083 10544774
15239951 10544775
12243595 10544777
12243582 9989607
12631484 10461364
15238036 10544782
15212565 10461373
14740104 10544796
36507020 10544799
12244041 10544803
1796459 10544806
12243576 10544813
12244291 10544821
12221273 10544823
12246305 10544824
12246635 10544826
25940060 10544832
12244070 10544834
16940753 9989722
16355347 10544848
12243806 10544849
12244562 10544853
12218734 10544855
12244327 10544857
12246053 10544859
12222237 10544862
12245010 10544863
12243837 10544865
12245711 10544866
12245054 10544868
15237866 10544869
12243807 10544870
1776170 10544872
12244911 10544875
12223024 10544882
12245575 10544883
12214029 10544884
12221782 10544885
12244758 10544887
25940254 10544895
12244002 10544899
12244687 10544901
12224925 10544904
15240162 10544906
12217590 10544907
12245188 10544909
12244302 10544912
15241351 10544913
12244298 10544914
36507021 10544916
12244094 10544921
12246276 9586452
12219138 10544923
15226363 10544926
15212695 10544929
12218557 10544930
12213634 10544933
15241139 10544939
12244881 10544941
12245512 10544942
12227673 10544943
12246787 10544945
12246324 10544946
15213821 10461406
12226789 10544948
12244622 10544954
12225238 10544955
12244304 10544956
15124328 10461420
12219124 10544964
12247037 10544969
12243764 10048277
12214054 10048279
12245794 10544972
12214398 10544976
12243809 9586499
36116000 10544980
12246422 10544987
12246111 10544988
12244841 10048285
15206421 10461423
12244699 10544989
12246437 10544990
12243887 10544991
12246683 10544992
12245118 10544996
5153578 9989984
12224152 10544999
12228966 9989994
12244797 10545000
12216738 9990036
12243643 10545003
25940261 10545004
15241223 10545005
15213229 9586520
12246288 10545008
12247166 10545009
12246346 10545011
19755636 10545013
358287 9586528
12246890 10461431
12245720 10545019
12218646 10545020
12246397 10545021
12244042 10545023
12246519 10545024
12247586 10545027
12244985 10545030
12243701 10545034
12680810 10545037
12219872 10545039
12216337 10545041
12246554 10545042
12246163 9586555
12244874 10545044
12213579 10545045
12247430 10545046
12246794 10461434
12213766 10048309
15242532 10545048
12246568 10545053
12213653 10048312
12247395 10545055
12216119 10545057
12213595 10545060
12221128 10545063
15243545 10545064
12244538 10545065
12213617 10545066
12219003 9990448
1157463 9990456
12243668 10545073
12220620 9990513
12243811 9990523
12244887 10545077
12245146 9990531
15242414 9990537
3117607 10545085
12214905 10545088
12246699 10545093
15211094 9586599
12246301 10545095
12213641 10545096
12247513 10545101
12246777 10545102
12214980 10545103
12245923 10545104
12215917 9990555
12246707 10545106
12216588 10545111
498350 9990569
12215105 10545115
1155854 10545116
15261245 10545119
12214492 10545121
12244653 10545124
12243813 9990582
12247146 10545127
15233234 10545128
12243674 10545131
12246975 10545132
12246796 9990606
12215373 10545135
12222770 10545137
12223865 10545140
36507022 10545146
36507023 9990639
12215629 10545151
12214348 10545152
12226667 10545153
12217190 10545154
12225891 10545155
12215456 10545156
12214302 10545157
15121873 9990661
12247511 10048335
12247024 10545162
12214418 10545163
12245001 9990699
15122088 10545167
12215574 10545171
12213866 10545173
12246418 10545174
36507024 10545175
12215311 10545176
12218048 10545177
12215297 9990716
12213685 10545178
36507025 10545179
12246921 10545180
12215175 10545181
12215060 10545182
12214393 10545185
12220208 10048346
12213897 10545186
12220110 10545188
12222233 10545190
12216069 10545193
12219500 10545194
12216619 10545195
12243815 10545196
12215238 9586700
12216664 10545203
12215621 10545205
15216897 10461474
12216142 10545210
12214918 10545211
36483831 10545212
12245587 10545216
15225690 10461501
2286916 10545218
12247144 10048355
12213704 10545224
12215137 10545225
12218430 10545226
12246805 10545227
12220917 10545229
12246872 10545230
12220063 10545232
12247424 10048363
36483824 10545235
12247020 10545237
12218627 10545238
12219130 10545239
12215426 10545240
12219279 10545243
12220210 10545247
12215754 10545248
12215474 10545249
12219348 10545250
12215425 10545252
12215034 10545253
15215136 10545258
12246171 10545261
12218690 10545264
12246817 10545265
12220726 10048372
12226728 10545269
12223407 10545270
12218650 10545271
12223655 10545275
1110495 10545276
12216382 10545277
12222870 10545279
12216849 10545280
15213832 10048379
12218044 10545281
12219942 10545283
12222355 10545284
12216307 10545285
12222709 10545286
12221502 10545287
12218537 10545288
12218587 10545290
15122164 10461554
12218652 10545292
12218692 10545293
12220997 10545294
12218665 10545295
12247026 10545297
12247509 10545298
12221639 10545299
12220707 10048381
12243823 10545300
12222253 10545302
12222327 10545303
1143487 10545304
12213643 10545305
12245662 10545306
12221369 10545307
12215260 10545309
2534798 10545312
12223016 10545315
12225003 10545316
36507026 10545317
12215018 10545321
15207646 10461557
36507027 10545325
36507028 10048387
36507029 10545329
15214743 10545335
12214947 10545339
36507030 10545341
15117359 10545345
15216389 10545346
12227457 10545347
36507031 10545355
15216267 10545357
15117225 9991050
12245002 10048392
15117246 9586830
36507032 10048394
36507033 9991072
14679607 9586834
15215648 10545366
15117312 10545368
36507034 10545369
36507035 9586839
12230677 10545374
36507036 9991110
12215852 10545385
12246987 10545386
12223099 10545387
12223609 10545388
12213698 10545390
12215848 10545391
12215147 10545392
12221003 10545393
12221354 10545394
12220832 10048401
12216923 10545395
1131645 10545397
12234219 10545398
12217597 10545400
12216812 10545401
12213951 10545402
12247463 10545403
12218139 10545404
12220624 9586888
12226534 10545406
12222292 10545409
12243966 10545410
12222129 10545411
12228282 10545413
12213972 10545414
12221533 10545417
12218294 9586915
12224046 10545421
12218555 10545422
12219012 10545423
12220095 10545427
12222774 10545429
12213891 9586931
12223819 10545431
12222713 10545433
12219948 10545435
12215043 10545437
12223955 10545438
12220930 10545440
10468415 10545441
12224654 10545442
12220574 10545444
12230556 9586944
12219742 10545446
12220071 10545448
12213967 10545450
12219713 10858305
12223606 10048424
12216752 10545452
12227026 10545453
1716992 10545455
12220400 10545457
12224428 10545458
12245231 10545459
12215127 10545460
12216078 10545461
12218489 10545462
12221820 10545463
10882036 10545464
12213911 10545465
12247473 10545466
12223104 10545469
12222251 10545471
12218025 10545473
12215810 10545474
12218395 10545475
12220206 10545476
12219260 10545477
12218346 9586970
12222650 10545479
12215832 10545480
12246821 10545482
12219822 10545483
1144628 10545486
12217000 10545487
12222410 9586978
12222345 10545488
12216617 10048440
12245667 10545493
12220447 10545496
12220895 9586985
12220862 10545498
12225985 10048457
12243832 10545501
10468414 10545503
12222623 10545504
12221266 10545505
12221416 10545506
12216723 10545508
12215872 10545510
12219078 10048464
12223497 10545512
12222876 10545514
15214477 10545515
12225073 10545516
1118085 10545526
1157662 10461587
10493984 9991331
12243588 10545536
1158197 10545537
12220241 9991356
36113494 9991364
12246292 10545540
12246946 9587054
12246544 10545546
12243619 10545548
5108363 9991413
12222789 9991415
36507037 10545559
12219256 10545562
12222271 10545563
15113236 10545564
36507038 10545566
10486679 10545568
15122932 10545571
12247465 10545574
36507039 10545575
15117187 10545579
15217457 10545580
12213712 10545583
15121898 10048472
12245628 9991504
12222333 10545592
25941448 10545595
12243704 10545596
12245040 10545597
12221383 10545601
12247575 10545605
36507040 10545606
12247528 10545612
15122166 10545613
12243740 10545614
12247376 10545615
15229413 10545618
1454534 10545623
12222436 10545624
12243753 10545626
15228184 10545630
36507041 10545631
12213752 10545633
18516026 10048480
15219873 10461605
12223916 10545640
12216345 10545642
12221841 10545645
15273925 10545648
12243821 9991697
15244765 10545663
12243848 10545664
12224258 10545667
36507042 10545668
12246766 10545670
1134616 10545671
12217740 10545672
15219758 10545674
12246431 10545677
12216063 9991769
12246202 10545679
12243852 10545682
12245005 10545683
12216434 10545688
12216560 10545689
15231974 10545690
12244890 10545692
12221421 10545693
12243858 10545695
15214109 10545700
12227204 10545706
12216357 10545708
12223639 10545710
12246883 10545713
12221613 10545717
12215596 10545718
12247148 10545719
12243850 10545723
36113452 10545726
12246849 10545729
12246607 10461623
12223050 10545731
36507043 10048530
15233179 10545734
15216068 10545739
12246985 10545742
12218009 10545744
12245336 10545747
12243935 10545748
36507044 10545752
36507045 10545757
15121930 10545759
12245733 10545768
15122069 10545769
36507046 9587256
12215026 10545772
12245737 10545773
1935836 9587262
12213858 10545786
12220491 9587272
15112406 10545795
36507047 10545796
12213928 10545800
12216500 10545801
36484106 10545803
15122029 10545814
36507048 10545821
12244115 10545823
12222737 10545824
12244117 10545825
12246579 10545826
15226444 10545830
12219983 9587302
12218302 9991838
36507049 10545837
12216436 9991840
12214607 10545840
12217645 10545841
12219765 10545845
15206001 10545850
12218536 10545852
15233993 10545854
25940119 10545859
15209324 10545860
36507050 9991893
12609824 10545863
12223609 10545864
12216845 10545870
12222450 10545871
12215014 10545874
12246025 9991936
36116532 10545883
15216904 9991957
12245096 10545892
12244192 10545894
12244207 10545899
12220174 10545900
12220991 9992001
36507051 10545901
12244806 10545902
12244221 10545906
12246082 10545908
12244237 10545911
10294111 9992042
12221155 10545914
36507052 10545916
15214037 10545917
1697700 10545923
12221369 10545927
15117363 10545930
12246540 10545933
8487139 9992076
12215090 10545937
12244865 10545938
12219684 10545942
12217055 9992082
12221327 10545953
12215567 10545954
33286807 10545955
12218344 10545956
12224550 10545958
12215464 10545962
12215637 10545972
12246599 10545975
1158686 9992097
15228633 10545977
12245451 10545978
12245836 10545985
12221375 10545986
12218601 10545989
12222099 10545991
15217518 10545995
12246863 10545997
12245317 9992158
15237582 10546000
12220558 10546006
15216149 10546009
12245841 10546011
15231545 10051482
12221836 10546018
12221312 10546021
12243855 10546022
15214110 10546027
12217677 10546031
12246948 9992258
12218777 10546035
12220366 10546042
2341703 10461695
12244410 10546047
12218217 10546048
15208263 10461701
12226345 10546055
12246080 10546056
12246910 10546062
15213777 10546063
12245148 9992412
12215417 10546069
12246352 10546072
15215455 9992416
12219511 10546081
12223254 10546083
15227777 10546084
12215951 9587475
12222858 10546085
1847370 10546090
36483843 10546091
36483983 10546094
15224883 10546095
12245174 10546096
10173176 10546098
12215365 10546101
12244487 10546106
36507053 10546107
12216123 9992439
36507054 10051518
12222980 10546118
1158834 9992473
12244493 10546119
15121861 10546130
12215935 9587518
12244503 10546136
12216729 10546137
12216562 9587531
12244516 10546144
12223366 10546145
36507055 10546152
12219493 9992535
12222386 9587551
36507056 10546156
12215468 10546158
12222095 10546160
12245918 10546161
12247163 10546167
15243507 10546168
12244567 10546175
12222255 10546176
12245927 10546177
12224560 10546190
36507057 10546192
12223392 10546200
12244583 10546204
12244591 10546208
12247050 10546211
12246399 10546216
15213785 10546220
12244620 10546221
36507058 10546225
36116968 10546229
12244632 10546232
15218512 10546234
12224445 10546236
15226083 10546240
12220377 10546244
12213674 10546246
12244675 10546248
16886171 9992716
15219689 10546264
15213742 10546265
12245962 10546267
12225263 10546269
12246401 10546270
12218007 10546274
12244690 10546275
36507059 10546276
12247432 10546279
12223493 10546280
12215084 10546281
15173895 10546282
12223226 10546283
12244927 10546284
12225335 10546290
12245226 10546292
12244706 10546293
15123316 9992796
36507060 10546294
16356432 10546295
15139859 10546298
12214667 10546299
12247267 9992824
12221405 10546305
12243857 10546315
12228350 10546317
12246207 10546321
15215291 9992884
12223244 10546333
15229136 9992892
1140580 10546337
15122035 10546343
12652432 10546357
10173154 10461800
12224729 10546371
12247063 10546372
15212884 10546378
4507949 9992996
12243859 10546392
36507061 10546400
12223966 10546406
15213257 10546412
4853066 10546413
12245675 10546424
12220083 10546426
12215969 10546427
12228372 10546432
12246743 10546438
36507062 10546439
15116915 10546441
15207732 9993124
18516036 10461802
36507063 10546457
12216483 10546460
12218487 10546463
12216341 10546464
12246697 10546475
15212555 10546488
36507064 10546489
12218510 10546497
12225889 10546498
12215868 10546499
12218258 10546501
12227223 10546502
12221599 10546505
3637224 10546506
12222055 10546507
12219017 10546509
12218491 10546511
12221740 10546513
12225879 10546514
12217316 10546515
12218425 10546516
12222785 10546517
12247172 10546518
12220663 10546519
12218495 10546520
12218593 10546521
12224345 10546524
12215421 10546525
12224044 10546526
12214316 10546527
12224156 10546529
12220724 10546530
12222491 10546532
1144789 10546533
12220548 10546534
12226617 10546535
12220137 10546539
15251670 10546540
12222664 10546542
12220695 10546543
12221461 10546544
12222257 10546547
12217276 10546549
12227009 10546553
12215186 10546554
12226442 10546555
12226886 10546556
12224347 10546557
12215074 10546558
12243863 10546571
12245268 9587823
15207022 10546599
15209312 10546611
36507065 10546614
15207980 10546619
12246041 10461837
15209007 10546633
36507066 10546635
36483884 10546636
15206881 10546639
15206646 10546640
12215836 10546644
12226239 10546645
12219286 10546646
12219204 10546648
1141065 10546650
12225727 10546651
12228087 10546652
12224377 10546654
16415622 10546655
12221157 10546656
12222883 10546657
12222329 10546658
12220375 10546659
12220380 10546660
12220545 10546661
12220219 10546663
12223939 10546664
12221501 10546665
12223516 10546666
12223549 10546668
12226993 10546670
12219845 10546672
12227003 10546673
12220135 10546674
12219776 10546675
12224671 10546676
12219351 10546677
15254893 9587867
15219730 10546678
12223598 9993545
12219462 10546679
12221511 10051753
12220541 10546680
12219432 10546682
12214051 10546685
12217557 10546686
12229728 10546687
12229208 10546689
8490563 10051760
12222170 10546691
12220768 10546692
12224604 10546693
12218475 10546694
12228408 10546695
12228607 10546698
12246011 10546699
12223315 10546701
12221434 10546702
12007966 10546703
12222886 10546706
12224003 10546707
12223968 10546708
12226764 10546710
12228819 10546712
12228718 9993549
12230552 10546713
12224355 10546714
36113442 10546715
12228812 9587894
12214010 10546717
12217013 9587895
12228667 9587897
12222971 10546721
12226351 10546722
12222034 10546724
12225867 10546726
12226359 10546727
15212842 10546728
12223701 10546729
12223186 9587901
12218284 10546730
12221595 10546731
15214940 10546733
12220267 10546734
15227004 10546738
12226485 10546740
12219242 10546741
12223999 9993551
12227665 10546744
12215277 10546746
12228318 10546747
12228738 10546748
10280456 10546749
12216701 10546750
12224158 10546751
12223789 10546754
12220533 10546755
12220543 10546756
12220480 10546757
12223688 10546759
12227214 10546760
12223743 10546761
12224147 10546762
12228026 10546763
12218633 10546764
12225842 10546765
12213636 10546778
15212197 10546785
15207709 10546798
12223394 10546807
12226760 10546810
12225096 10546811
12245269 10546813
12243871 10461843
12228197 10051803
11870778 10051805
12215181 9587938
12217069 10546816
12222798 10546819
12221017 10546821
12221765 10546832
12217531 10546833
12222172 10546835
12217990 10546836
12221251 10051813
12218153 10546839
1134480 10546850
12246350 10546853
36507067 10546857
25941647 10546865
12244860 10546876
12247133 10546877
12226678 10546879
15128338 10546889
15238940 10546892
15241458 10546893
12246100 10546898
12218132 10546900
12216921 10546911
15224355 10546924
12247542 10546935
15232543 10546937
15233193 10546943
11912802 10052894
10882040 10546954
15122087 10546959
15122176 10546965
36507068 10546967
7577517 10461857
17278655 9588034
15222994 10546976
15121943 10546979
1658042 10546985
15121800 10546986
15215289 10546987
1926107 10546998
12243621 10547020
12243885 10461871
15218518 10547027
12245324 10547030
15212198 10547042
15208681 10547046
12214967 10547052
15206422 10054437
12243890 10461876
12245012 10547082
36507069 10547091
12216614 10547111
12229590 10547113
12226810 10547114
12243892 10547115
12226950 10547116
12225286 9993647
12224874 10547118
12226450 10547119
12214312 10547138
12216979 10547139
1144269 10547143
12230593 10547144
12220006 10547145
12226739 10547146
1114480 10591380
12216335 10547148
12221978 10547149
12218103 10547150
12230600 10547151
12222920 10547152
12219400 10547153
12227006 10547155
12221529 10054466
12223957 10547156
12225523 10547157
10882039 10547158
12226631 10547160
12220200 10547162
12221778 10547165
12215827 10547166
12222296 10547169
12228332 10547171
12233605 10547173
12223340 10547174
12225558 10547175
12227144 10547176
12229813 10547177
12224154 10547178
12220911 10547182
3499672 10547183
12223821 10547185
12224969 10547187
12223740 10547189
12228803 10547191
12224552 10547192
12223212 10547194
12230041 10547195
12247270 10547197
12223790 10547199
12220237 10547200
12225914 10547204
12224056 10547205
12229809 10547209
12218439 10547210
12224336 10547213
12225544 10547214
12226941 10547216
12220048 10547217
12220103 10547218
12225912 10547220
12225569 10547221
12218540 10547223
12219104 10547226
12226907 10547227
1160049 10547236
12245689 10547246
15207007 10547247
12213688 10547258
7559192 9588215
36507070 10547268
1647645 10547270
12243900 10547292
12226251 9588234
12606551 10547296
12245018 10547302
15217357 10547313
12222133 10547317
12219484 10547319
1120880 10547324
4528854 10547346
12626115 10547375
15217787 10547387
1793379 10547397
7582628 10547398
15177406 10547407
12219212 10547420
15213011 10547421
15211172 10547422
12227163 10547424
12228004 10547425
12229893 10547427
12231808 10547429
15261222 10547435
15212566 10547442
12243909 10547449
15209543 10547461
36507071 10461897
36507072 10547470
12224149 10547472
12229973 10547473
12232061 10547474
12232815 10054475
12217465 10547475
12224733 10547476
12223821 10547477
2315938 10547481
1353383 10547524
12243912 10547536
1143162 10547545
12228680 10547546
12231269 10547549
12224122 10547550
12220552 10547553
12220905 9588425
12221655 10547554
12227590 10547555
12222689 10547556
12226536 10547557
12226901 10547558
12213607 10547559
12227065 10547560
12229564 9588430
12228052 10547561
12230903 10547562
12214715 10547564
12223037 10547565
12231950 10547566
12227362 10547567
12229756 10547568
15221084 10547569
12221671 10547572
12229761 10547573
12228271 10547574
12227683 10547579
12228764 10547580
12229248 10547581
12245326 10547582
12219505 10547583
12228688 10547584
12231727 10547585
12231948 10547586
12225832 10054479
12228821 10547587
12228930 10547591
12224688 10547593
12227710 10547595
36113450 10547597
886164 12184912
12225603 10547599
12228124 10547601
12245696 10547604
27568482 10547607
12232103 10547610
12226919 10547611
12216617 10547612
12225434 10547613
12220798 10547614
12245327 10547615
12222224 10547616
12222752 10547617
12223881 10547618
12225868 10547619
12226656 10547620
12223451 10547621
12218629 10547622
12228300 10547623
12228358 10547624
12243916 10547626
12226749 10547627
12224395 10547628
12218631 10547629
12223659 10547631
12223488 10547632
12229797 10547633
12227173 10547634
12226513 10547635
795539 10547636
12246319 10547637
12230910 10547638
12224231 10547639
12226855 10547640
12226927 10547641
12227749 10547642
1143453 10547643
12228025 10547644
12006458 10547645
12221409 10547646
12227211 10547647
12215313 10547648
12224328 10547650
12221444 10547651
12226561 10547652
12225543 10547653
12224471 10547654
12221667 10547655
12224624 10547656
12225834 10547660
36507073 10054480
36507074 10547670
36507075 10547672
12247437 10461921
12223444 10547688
12228520 10547691
12230764 10591433
12223484 10547692
12223589 10547693
12226759 10547696
12226886 10547697
12219410 10547698
12223877 10547699
12230768 10547700
12232275 10547702
1119732 10547706
12246586 10547737
36507076 10547740
15135753 10547748
12246084 10547758
15209361 10547767
12245988 10547768
15207647 10547772
348803 10461926
15207280 10547795
12246057 10547796
15206358 9588579
36507077 10547812
12246923 10461949
2453340 10547821
15206358 10547828
36507078 10547829
36507079 10461954
25940596 10547838
15122023 10547840
36507080 10547848
1107926 10547874
15261221 10547879
5131220 10547885
15207642 10461966
11864681 10547893
12228017 10547900
12228631 10547901
12231476 10547904
12226353 10054496
12222121 10547906
12231785 10547907
12224741 10547915
12220828 10547916
12228186 10547917
12227146 10547918
12230796 10547919
1138395 10547920
12231067 10547922
12228729 10591451
12217018 10547924
12219172 12247361
12225284 10547925
12247450 10462006
12245990 10547952
12231373 10547954
12223892 10547955
12227691 10547956
12221273 10547957
12216771 10547958
1143368 10547960
12228579 10547961
12226875 10547962
12226883 10547963
15216743 10462022
12230716 10547965
12225006 10547966
12234381 10547967
12223979 10547968
12231102 10547969
12221549 10547970
828685 10547971
12228354 10054499
12226384 10547972
5161219 10054500
12225118 10547975
12215752 10547977
12225924 10547978
12228005 10547980
12233397 10547982
12247015 10547983
36483887 10547984
12232645 10054532
10173094 10547988
12232732 10547989
12221094 10547991
12228406 10547992
12219507 10547993
12230405 10547994
12233617 10547995
12234696 10054858
12219326 10547997
12233651 10547998
12230432 10547999
12226415 10548000
36507081 10548003
12223851 10548004
12226677 10548005
12220531 10548007
12223095 10548008
12218375 10548010
12229678 10548013
15207637 9588794
12225782 10548014
12229964 10548015
12222990 10548016
1947443 10548017
12224882 10548019
12223438 10548020
12220932 10548022
12227153 10548023
12226063 10548025
12227340 10548026
12226825 10548028
12214982 10548029
12226569 10548030
12224490 10548032
12246492 10548033
12230382 10548034
12226983 10548035
12231998 10548036
15254636 10548037
12230702 10548038
12225289 10548039
12227498 10548040
12228699 10548041
12225786 10056267
12226561 10548043
12224690 10548044
12225700 10858317
12222622 13627695
12226730 10548048
12224939 10548049
12224133 10548050
12226571 10548053
12226333 10548054
12220868 10548056
2018953 10548057
12221191 10548058
12219096 10548060
12232809 10548061
12233409 10548062
12214052 10548063
12222473 10548064
12231727 10548065
12226728 10548067
12231556 10548068
10469951 10462037
12246451 10548081
15206039 10462042
762760 10548086
12223585 10548113
1108101 10462046
12225624 10548115
12230440 10548116
12226808 10548117
12229860 10548118
12226490 10548120
12228015 10548121
12243921 10548124
12228941 10548132
12229058 10548133
12245023 10548134
12235735 10548135
12232872 10548137
12229546 10548138
12221034 10548141
12228881 9588910
12225546 10548142
12227366 10548143
12223780 10548146
12235947 10548147
12222678 10548148
12231725 10548151
12229070 10548152
12223605 9588919
12231389 10548153
12232999 10548155
12227069 10858319
12227552 10548156
12229316 10548157
12236215 10548158
12235076 9588926
12229495 10548159
12228762 10548161
12224099 10548163
12228716 9588932
1143836 10548164
12228782 10548165
12234820 10591480
12229491 10548166
1141016 10548168
12234983 10548170
12245025 10548171
12232253 10548172
12223761 10057034
12228475 10548173
12224373 10548174
12224048 10548175
12235095 9588945
12230625 13612239
12224151 10548177
12230598 10548178
10882033 9588949
12243923 10462072
12230534 9588950
12235999 10057035
12223981 10548180
12216558 10548181
12225509 10548182
12228607 10548183
12229588 10548184
12223026 10548185
12230562 10548186
12222866 10548187
12231193 10548188
1140198 10548189
12233555 10548190
12233705 10548193
12223889 10548194
12222316 10057036
12229348 10548197
12232995 10548198
12223557 10548199
12224145 10548200
12230772 10548204
15214182 10548206
12230758 10548207
12234236 10057037
12224160 10548208
12233967 10548209
12231621 10548210
12231608 10548211
12224880 10548220
12227189 10548221
12229889 10548222
12227482 10548224
12232024 10548225
12247594 10548226
12230488 10548228
12225503 10591486
12231854 10548231
36483863 10548232
12225058 10548233
12226054 10548234
15121872 10548237
12230382 10548241
12218679 10548242
12224268 10548243
1143453 10548244
12228757 10548245
12224222 10548246
12229542 10548247
12213628 10548248
12227020 10548250
12224108 10548251
12227110 10548252
12227398 10548253
12222036 10548255
12226967 10548256
12224340 10548257
12224956 10548260
12232575 10548261
12236980 10548263
12234263 10548264
12234613 10548265
12235647 10057039
12234101 10548266
12234201 10548267
15124228 10548268
12234619 10548269
12234394 10057040
12230621 10548273
12226613 10548275
12219505 10548276
12231123 10548277
12230285 10548278
12233442 10591489
12231614 10548280
12232740 10548281
12226703 10548282
12227729 10548283
12230324 10591490
12233027 10057041
12229113 10548284
12226778 10548285
12245702 10548286
15258240 10548288
12228563 13628111
12232554 10858321
12219545 10548289
12229891 10548290
12231581 10057042
12226455 10548291
12223542 10057043
12235741 10548292
15112510 10548293
12233645 10548294
12233549 10548295
12224050 10858322
12228699 10548297
12232667 10548298
12227770 10548299
12227401 10591493
12231150 10548300
10465736 10548301
12235352 10548303
36113562 10548305
12227423 10057044
12235522 10548306
12218373 10548307
12230385 10548309
12218493 10057045
12230314 10548312
12236067 10548314
12230918 10858323
12232610 10548315
12221637 10548316
12232013 10548317
12243930 10548319
12235338 10548320
12227598 9995559
12229683 9995563
12226212 9995565
12227182 9995567
12231035 10858324
12221905 9995575
12232365 10548323
12234277 9995593
12234076 9995595
12224848 10548324
12237656 10548325
12235033 9995599
12227258 9995605
12224268 10548327
12227080 10548329
12221712 9995619
12233663 9995631
12234553 10548332
12225850 10548333
12216140 10548335
12234811 10548336
12231033 10548337
12225836 10548339
12220692 10548340
12228123 10548341
12231383 10548342
12233978 10548343
12237011 10548344
12231216 10548345
12229472 10548346
12235003 10548347
12232605 10548349
12230178 10548350
12234100 10548351
12229765 10548352
12227269 10548357
12226540 10548358
12233405 10858325
12227857 10591501
12233680 10548361
12225105 10548363
12235968 10548364
12233502 9995689
12228058 10548365
12228019 10548367
12231990 10548368
12225075 10548370
12236164 10858326
12234131 10858327
12226461 10548376
12233161 10548378
12229174 10548380
12228777 10057047
12229225 10548381
12235665 10548382
12234520 10548383
12226944 10548386
1133171 10548387
12231992 10548390
12227358 10591509
12238549 10591510
12224192 10548395
12234319 10548396
12226343 10548397
12234773 10548399
12225503 10548402
12232243 10548403
12217572 10548404
12228847 10858328
12235872 10548405
1935884 10548406
12234157 10548407
12232898 10548408
12232663 10548409
12232907 10548410
12227570 10548411
12238020 10548412
12237548 9589150
12230312 10548414
12228135 10548417
12229945 10548418
12232498 10548420
12224929 10548425
12233177 10548426
15206737 10548427
12234266 10548428
12227867 10548430
12227929 10548432
12227187 10548433
12228052 10057049
1137523 10548434
12232107 10548435
12213649 10548437
12233043 10548438
36483971 9995977
12231653 9995979
12229728 10548440
12227250 10548441
12224789 10548442
12232773 10548443
5145451 10548444
12231012 10548446
12231402 10548447
12223591 10548448
12229726 9589193
12235642 10548450
12229885 10548451
12228677 10548452
12234477 10548453
12247142 10548455
12222621 10548457
15258690 9589205
12229784 10548461
12224145 10548462
12236445 10548463
12225384 10548465
15257563 9996029
12231695 9589221
12230564 9996044
12215101 9996046
15221280 10548467
12228528 9589236
12233875 10548468
12236202 10548469
1144605 10548470
12225919 10548471
12237848 9589239
12232448 10548472
4015048 10548474
15229884 10548475
12234346 10548480
12235813 10548481
12220141 10548482
12234736 10548483
1108602 10548485
12231008 10548486
12231233 10548488
12233514 10548489
12229881 10858329
3993514 10057051
12235960 10548492
1108632 10548494
12232218 10548495
12230264 10548496
12230076 10548497
12232043 10548499
12226700 10548500
12229612 10548501
12214035 10548502
12235264 10548504
12219444 10548506
12227502 10548507
12238221 10548508
12234483 10548509
12222755 10548510
12227606 10548511
12234224 10548512
12239497 10548513
12236957 10548514
12235035 10548515
12232667 10548517
12221472 10548518
12233069 10548519
12228779 9996226
12236674 10548520
12237964 9996228
12233557 9996230
12228298 9996232
12235876 9996236
12227425 9996238
12226708 9996240
12230249 10548524
1138609 9996242
12229631 9996244
12233700 10548525
12225620 10548526
12216991 10548529
12234894 10548530
12224244 10548531
12235596 10548532
12235786 10548533
12236658 10548534
12230190 10548536
12232039 10548537
12229176 10548538
12213678 10548539
12237554 10548540
12230444 10548541
12233710 10548542
12234589 10548543
12232975 10548546
12227114 10548547
12233155 10548548
12234467 10548549
12231018 10548550
15216222 10548551
12235103 10548552
36113437 10548553
12236217 10548554
12232987 10548555
12238857 10548556
12233133 10548558
12235576 10548560
12229927 10548562
12237135 10057054
12228995 10548565
12235923 10548566
12226237 10548568
12225434 10548570
12235251 9589340
12235143 10548571
12231102 10057056
12238039 10548574
12231891 10548576
15110092 9996262
12235551 10548577
12228723 10548579
12233972 10548580
12236192 10548581
12231583 10548582
12231427 10548585
12234143 10548586
12230135 10548587
15224746 9996276
12234153 10548589
12237417 10548590
12240165 10057057
12237928 9996278
12224236 9996282
12227409 9996286
36483931 9996290
12224570 10591527
12229847 10548594
12231844 10548595
12235620 10548596
12224669 10548598
12231075 10548601
10882037 9996299
12234469 10548602
12232041 10548603
12228054 10548604
12233671 12188778
12232426 10548605
12230490 10548606
12236567 10548607
12231100 10548608
12234297 10548609
12232939 10548610
12238755 10548612
15258110 10548613
12238326 10548615
12228753 10548616
12232560 10548617
12228152 9996321
1152917 10548620
15206733 10548621
12228983 10057059
36483904 10548622
12235653 10548623
12230115 10548624
12239059 10548625
12230554 10548626
12232886 10548627
12238069 10548629
12235290 10548630
12245716 10548631
3991785 10548634
12238786 10548635
12232823 10548636
12236174 10548637
12235598 10548638
12239941 10548639
12238572 10548641
12247545 10548642
12232773 10548643
12237611 10548644
12230623 10548645
1133169 10548646
12231508 10548647
12230225 10548648
12225868 10548649
12234607 10548650
12239335 9996333
12238190 9996335
12234910 9996337
12238561 9996339
12237296 9996341
12234604 10548652
12237390 9996343
12238828 10548653
12237585 9996345
12230303 9996347
1108724 10548654
12230800 9996349
12234068 10548655
12234064 9996353
12237519 9996355
1143468 9996357
12240176 9996359
12234888 10548657
12229427 10548658
12246139 10548659
12234981 10548660
12225690 10548661
3998072 10548662
12237529 10548663
3543717 10057061
12239664 10548665
12234298 10548666
12236664 10548667
10173087 9996361
12232687 10591533
12238406 10548669
12234959 10548670
12239666 10548671
12218559 10548672
12236964 10548674
12236855 10548676
12214932 10548677
12232126 10548678
12239385 10548679
12223989 10548687
12224688 10548689
12239874 10548690
12234147 10858332
12232443 10548693
12237330 10548695
12237922 10548697
15123338 10548698
12235355 10548700
12236609 10548701
12225491 10548703
12238630 10548704
12226466 10548706
12234094 9996363
12222752 9996364
12233967 9996366
12238302 10548709
12236882 9996368
12237361 9996370
12240637 9996372
12230392 10548712
12233741 9996374
12224695 9996376
12236482 9996378
12236046 10548715
12236825 9996380
12606073 9996384
12231626 9996386
12236054 9996388
3998691 9996394
12227929 10548719
12227933 10548720
12228279 10548721
12232895 10548722
12237079 10548723
12232911 10548724
12229883 10548725
15223270 10548726
12237611 10548727
12228649 10548728
12238127 10548729
12230496 10548730
12232941 10548731
15215120 10548737
12233143 10548738
12236999 10548739
12236265 10548740
12234066 10548741
12231115 9589563
12241554 10858333
12231347 10548742
12231889 10548743
12230506 10548744
12234587 10548747
3998669 10548748
12234799 10548749
12233317 10548750
12237531 10591541
3998667 10057063
12234095 10548751
3998693 10548752
12241270 10548756
12231152 10548757
12238820 10548758
12240358 10548759
12236753 10548760
12239015 10548762
12235411 10548767
12234742 10548768
10202662 10548769
12232647 10548770
12240753 10858334
12237509 10548771
12239104 10591547
1109358 10548773
12235253 10548774
12229961 10548775
12234611 10548776
12240678 10548777
12240510 10548780
12236978 10548781
12236978 10548782
12236381 10548783
12246546 10548784
12234830 9996396
12234398 9996400
12240676 9996402
12232789 9996406
12230362 9996408
36484042 9996412
12230952 9996414
12243637 10548785
10471930 10548787
12235291 9996416
12225662 9996418
12237620 9996420
12233559 9996422
12228872 9996424
12233222 9996426
12235149 9996428
12238456 10548788
12235929 9996430
12236176 10548789
36507082 10548790
12236267 9996432
12233539 9996434
12233324 9996438
12233334 10548792
12234801 10548793
12226625 10548794
12232418 10548795
12224184 10548799
12234852 10548800
10202121 10548801
12232514 10548802
12235058 10548803
12239373 10548804
12233037 10548805
12230472 10548806
12236312 10548807
15215104 10548808
12227211 10548809
12233145 10548810
12234627 10548811
12238125 10548812
12220707 10548814
12230643 10548815
12235275 12247741
12228817 10548816
12236749 10548817
12236275 10858335
12236947 10548818
12230855 10548820
12238330 10548821
12235225 10548822
12229365 10548823
12231415 10548824
1109460 10548825
12236261 10548826
12234377 10548828
12232281 10548829
12234709 10548830
12234414 10548831
12229943 10548832
12240097 10548833
12236719 9589686
12235056 10548834
12214692 10462150
12233022 10548835
12235707 10548836
12225962 10548837
12233125 10548838
12235954 10548839
12234070 10548840
12232573 12188781
12235260 10548841
12237122 10548842
12236530 10057066
36507083 10548863
12246003 10057067
12247129 10548899
12243941 10104720
14888115 10462158
10292550 10462162
12215838 10548960
12246681 10462164
12246332 10548997
12243639 10549022
12243947 10549051
36507084 10549069
16415623 10549080
12244142 10549107
22404073 10549108
15217758 10549115
15124394 10549136
12218396 10549144
828975 10549151
12213683 10549156
12215941 10549166
15227633 10462273
12213633 10462284
15214733 10549309
1109987 10549325
12244933 10549346
12245271 10549357
12243953 10462309
12246528 10549367
12245724 10549372
16424468 9590437
1110043 9590456
12243955 9997525
12216412 10549406
12245726 10549415
12246200 10549433
12244810 10549434
1748170 9590557
12245728 9997728
12245347 10549464
15211965 10549483
12245349 9997786
12213733 10549503
36483860 10462479
1144632 10112439
15224445 10549580
1110340 10549592
15211239 10549603
15212556 10462482
15207494 10549637
12216065 10549640
15226453 10549651
15125654 10549657
