14906461 36679216
14906481 36679216
14906613 36679216
14906908 36679216
14906648 36679216
14906650 36679216
14906621 36679216
14906369 36679217
2600414 32791697
14906434 36679217
14906816 36679217
14906814 36679217
14906555 36679217
6836719 36679218
14906634 36679217
6836813 36679219
14907824 36679220
14909048 36679221
14905712 36679221
14906818 36679217
14906565 36679217
14906711 36679217
14906707 36679217
14905640 36679222
14908921 36679217
14906468 36679217
14906632 36679217
14906363 36679217
14906365 36679217
14906524 36679217
14903723 36679223
14903716 36679223
14905607 36679223
14904125 36679223
14903959 36679223
14906545 36679217
14906329 36679217
14903828 36679223
14804442 36679224
6857139 36679225
14908146 36679226
14906339 36679217
14904307 36679227
6852095 36679228
14909122 36679228
14909130 36679228
14909126 36679228
14909090 36679228
14909098 36679228
14909094 36679228
14905539 36679228
14905879 36679228
14906537 36679217
14904016 36679229
14904002 36679229
14908915 36679229
14903906 36679229
6839287 36679229
14903988 36679229
14908494 36679230
14907904 36679230
14908741 36679230
3884191 36679231
14909008 36679232
14909010 36679233
14909054 36679234
14905260 36679235
14904373 36679235
14904937 36679235
14904925 36679235
14908948 36679235
14904941 36679235
3913132 32827999
2661460 32827999
14906165 36679217
2648087 36679236
14906444 36679217
14907727 36679237
14907730 36679237
14903605 36679237
14903996 36679237
14903994 36679237
14906198 36679238
14904221 36679238
14905753 36679238
14905839 36679238
14905148 36679239
14905033 36679239
14905416 36679239
14905120 36679239
14905278 36679239
2626138 36679240
14905532 36679241
14905911 36679241
2646133 36679242
14906822 36679217
14906351 36679217
6839864 36679243
3957389 36679243
6837753 36679244
14907798 36679245
14908121 36679246
2634985 36679247
14903998 36679247
14904950 36679247
14906619 36679247
14906646 36679247
14906920 36679247
14903626 36679247
14903628 36679247
14904980 36679247
14907038 36679247
14907175 36679247
14907165 36679247
14907260 36679247
14903932 36679247
6852511 36679247
6843992 36679248
14904228 36679248
14908151 36679248
6858730 36679248
6848558 36679248
14907870 36679248
14908046 36679248
14906804 36679217
14906798 36679217
14906747 36679217
14906624 36679217
14909208 36679249
1017196 33274855
14906412 36679250
14906436 36679250
14906730 36679250
14906904 36679251
14906383 36679250
14906408 36679250
6838018 36679250
6838160 36679250
6838576 36679250
14906726 36679250
14906728 36679250
14906442 36679250
2636149 36679251
6839084 36679250
6839086 36679251
6849358 36679250
14906528 36679251
6857488 36679250
14906470 36679250
6857482 36679250
6857484 36679250
14906569 36679250
14906472 36679250
14906862 36679251
14906852 36679250
14906585 36679251
14906587 36679250
14906838 36679251
14906834 36679250
14906583 36679250
14906736 36679250
14906738 36679250
14906743 36679250
14906592 36679250
14906594 36679250
14906598 36679251
14906596 36679250
14906508 36679251
15007509 36679251
14906500 36679251
14906291 36679250
3885500 36679250
14906832 36679251
14906698 36679250
14906844 36679250
15007608 36679251
14906497 36679250
14906898 36679250
14906820 36679250
15007393 36679251
14906526 36679252
14906440 36679253
14905819 36679252
14906503 36679253
36679254 36679253
15007560 36679253
14906483 36679253
14906479 36679253
14905573 36679252
14906924 36679252
14906926 36679252
14906709 36679252
15007642 36679253
15007821 36679253
14905993 36679253
14906722 36679252
15007469 36679253
14905817 36679252
14905573 36679252
14906720 36679252
14906671 36679252
14906611 36679253
14906906 36679252
14906922 36679252
14906452 36679252
14906448 36679252
14906477 36679252
14906493 36679252
14906870 36679252
14906828 36679250
6855966 36679251
14906539 36679250
14906778 36679252
14906745 36679252
14906669 36679252
14906879 36679253
14906902 36679252
14906487 36679251
14906491 36679251
14906787 36679252
14906353 36679250
6842182 36679251
14906694 36679251
14906679 36679250
14906684 36679250
14906690 36679250
14906784 36679251
14906782 36679251
6843472 36679250
14906696 36679250
14906465 36679250
14906724 36679250
14906771 36679250
14906826 36679250
6844061 36679250
14906774 36679251
14906522 36679250
14906881 36679251
14906883 36679251
14906516 36679250
14906438 36679251
14906630 36679250
14906636 36679250
14906638 36679251
14906475 36679251
14906830 36679251
14906343 36679250
14906894 36679251
14906896 36679251
14906740 36679250
14906426 36679250
6845437 36679250
14906877 36679250
14906514 36679251
14906418 36679250
6854590 36679250
6854592 36679250
14906780 36679251
14906371 36679250
6847055 36679250
14906764 36679250
14906355 36679251
14906446 36679250
14906703 36679250
14906705 36679251
14906714 36679250
14906692 36679250
14906688 36679250
14906533 36679250
14906806 36679251
14906928 36679250
14906337 36679251
14906667 36679250
14906661 36679251
14906918 36679251
14906916 36679251
14906910 36679251
6848412 36679250
14906615 36679251
14906590 36679250
14906850 36679250
14906824 36679250
14906842 36679250
14906840 36679250
14906802 36679250
14906278 36679250
14906280 36679250
6854585 36679251
14906617 36679250
14906601 36679251
14906890 36679251
14906892 36679250
6849278 36679250
14906674 36679250
14906758 36679250
14906756 36679250
14906760 36679250
14906762 36679250
14906754 36679250
14906450 36679250
14906520 36679251
14906518 36679251
14906385 36679250
6850589 36679250
14906664 36679250
14906359 36679250
14906579 36679250
14906873 36679250
14906875 36679250
14906686 36679250
14906485 36679250
14906752 36679250
14906749 36679250
14906900 36679251
14906401 36679251
14906393 36679250
14800510 36679250
14906510 36679251
8309138 36679250
6845329 36679250
14906572 36679251
14906574 36679250
14906581 36679250
14906317 36679251
14906543 36679251
14906323 36679250
14906888 36679250
14906912 36679251
14906395 36679251
14906410 36679251
14906341 36679251
14906424 36679251
6854587 36679251
6851861 36679251
14906812 36679250
6862131 36679250
14906796 36679250
6852151 36679250
14906789 36679250
14906399 36679250
2660875 36679255
14905826 36679256
14905822 36679257
14905824 36679257
6836811 36679258
6837939 36679258
6837941 36679258
14904625 36679258
14904411 36679258
2605211 36679258
14905681 36679258
14905670 36679258
6841376 36679258
14904627 36679258
14904303 36679258
2651303 36679258
14904468 36679258
14904466 36679258
14909061 36679258
14909063 36679258
14904388 36679258
14904495 36679258
6861177 36679259
14904424 36679259
14904405 36679259
14904426 36679259
14904629 36679259
14904520 36679259
14904671 36679259
14904527 36679259
14904679 36679259
6860838 36679259
6845738 36679259
6845758 36679259
14904600 36679259
6850476 36679259
14904663 36679259
6857723 36679259
14904505 36679258
14904295 36679258
14904480 36679258
14904470 36679258
14904392 36679258
2639277 36679258
14904301 36679258
14904305 36679258
6850474 36679258
6850637 36679258
14904621 36679258
14904619 36679258
6850969 36679258
14904297 36679258
3881199 36679217
14903539 36679260
14906349 36679217
14906557 36679217
14906495 36679217
14906428 36679217
14906430 36679217
7491226 32828399
14906561 36679217
3881325 36679261
7487455 36679261
7487395 36679261
2632124 36679262
2632126 36679263
2651919 36679264
2605437 36679264
2633355 36679264
6838016 36276429
6838022 36679265
859302 10551961
14903652 36679266
2611494 36679267
14903955 36679267
14905751 36679267
14906769 36679268
1017176 36679269
3881158 36679269
14903531 36679270
6838658 36679271
3882036 36679272
14905748 36679273
6839398 36679274
14905504 36679275
14906289 36679276
14908836 36679276
6846989 36679276
14905984 36679276
14905934 36679276
14905644 36679277
6847792 36679278
14905280 36679278
2707147 36679278
6839179 36679279
2637562 36679280
14908114 36679281
3884704 36679282
3985131 36679283
6843313 36679284
6837513 36679285
2634644 36679285
14908918 36679285
14903837 36679286
14903583 36679286
14903585 36679286
3887578 36679286
14908993 36679287
14903777 36679287
14905247 36679288
6837646 36679288
14903768 36679288
14904511 36679288
14907452 36679288
6839372 36679288
14903666 36679288
14905257 36679288
14908923 36679288
2704131 36679288
14903912 36679288
14903603 36679288
14903764 36679288
14903668 36679288
14903516 36679288
14904533 36679288
14903718 36679288
14903575 36679288
14903586 36679288
14903751 36679288
14906048 36679288
14905350 36679288
14903976 36679288
14909088 36679288
14909096 36679288
14909092 36679288
14904513 36679288
6850321 36679288
14904058 36679289
14905786 36679290
6854748 36679290
6864314 36679290
14908197 36679290
6857490 36679290
14908909 36679290
858277 36679291
6843220 36679291
6842195 36679292
14904241 36679292
14905588 36679292
14904073 36679292
14904097 36679292
14905745 36679293
1017178 36277988
14905613 36679294
14905609 36679294
14905615 36679294
14905741 36679294
14905611 36679295
6837855 36679295
14909002 36679295
14905687 36679295
6864270 36679295
6840235 36679295
14905689 36679295
14905617 36679295
6851241 36679295
14909080 36679295
14905621 36679295
14908979 36679296
14905317 36679296
6839160 36679297
14905598 36679297
6836309 36679298
3880624 36679299
14903391 36679299
14903388 36679299
6863424 36679299
14905730 36679299
14905710 36679299
14903510 36679299
1017147 36679299
14905284 36679299
14903394 36679299
14905774 36679299
3884610 36679299
2635982 36679299
3882562 36679299
3885977 36679299
14905888 36679299
14903386 36679300
14908095 36679301
14907392 36679302
14908223 36679303
6841903 36679303
14909056 36679303
14908214 36679303
14908216 36679303
14908219 36679303
14908217 36679303
14908221 36679303
2669562 36679304
14903518 36679305
14906024 36679305
14904901 36679305
2629105 36278240
2603734 36679306
2638049 36679307
6847071 36679308
14905626 36679309
14903524 36679310
6839606 36679311
14904454 36679312
6839604 36679312
6839631 36679313
1668638 36278679
14908200 36679314
1017153 36679315
2611821 36679315
14903372 36679315
6839746 36679316
14908874 36679316
14908876 36679316
6839752 36679317
14907406 36679317
14907331 36679317
14907404 36679317
14907408 36679317
14907410 36679317
14907412 36679317
14908157 36679318
1017139 36679319
2652492 36278854
14903569 36679320
2601644 36278943
14907716 36679321
6844197 36679321
14906004 36679321
6850738 36679321
2638717 36679322
14904038 36679323
14904040 36679323
6842199 36679323
14905594 36679323
14904025 36679323
3901387 36679323
6839920 33275601
6859914 36679324
6859916 36679324
6850038 36679324
6859918 36679324
14905544 36679325
14907455 36679325
14905791 36679325
6850349 36679326
14907526 36679327
14907860 36679327
14907762 36679327
14907764 36679327
14907848 36679327
14908212 36679327
14905299 36679327
14905920 36679327
14905922 36679327
14907852 36679327
14907949 36679327
14905010 36679328
14905012 36679329
14905014 36679329
14905130 36679329
14905132 36679329
14905124 36679329
14905128 36679329
14905126 36679329
14905134 36679329
3938738 36679330
3952545 36679330
14905634 36679330
14905632 36679330
14903714 36679330
14903500 36679331
14904226 36679332
14904214 36679332
14904224 36679332
14903664 36679332
14907046 36679333
14906241 36679334
14905736 36679334
14907431 36679334
1017149 10558339
6843258 10558339
2639161 36679335
14907457 36679336
14908101 36679336
14905665 36679336
14907470 36679336
14908116 36679336
14907459 36679336
14905663 36679336
14908118 36679336
14905886 36679336
14908860 36679337
2615217 36679337
14905973 36679337
14903334 36679338
14908194 36679337
6847429 36679339
14903695 36679340
14905301 36679341
14904594 36679341
14905784 36679341
14905864 36679341
6837325 36679341
3776014 36679341
14905942 36679341
14905980 36679341
3882663 36679341
14904191 36679341
14904243 36679341
14905482 36679341
14907833 36679341
3883053 36679341
3775182 36679341
14904048 36679341
14907571 36679341
6840142 36679341
3883055 36679341
14903883 36679341
14903831 36679341
14903924 36679341
14904158 36679341
14905596 36679341
14905968 36679341
14904075 36679341
14905982 36679341
14903990 36679341
14904231 36679341
6864201 36679341
14904095 36679341
14903930 36679341
5141852 36679341
6836948 36679342
2616015 36679343
6864318 36679343
3887251 36679343
856181 36679344
846089 36679345
1017133 36679345
14903504 36679346
14909145 36679347
14903638 36679347
14903804 36679347
14904129 36679347
14903725 36679347
14904187 36679347
14903846 36679347
14903819 36679347
14904168 36679347
14903678 36679347
14903690 36679347
14904162 36679347
14903974 36679347
14903970 36679347
14904054 36679347
14904052 36679347
14906217 36679347
14905944 36679347
3885502 36679348
2645299 36679348
6864213 36679349
14905970 36679349
14905414 36679350
856183 36679351
14907776 36679352
14908059 36679353
14909147 36679354
14909101 36679354
14905475 36679355
14905477 36679355
14905348 36679356
833019 36679357
6850105 36679357
2636836 36679358
2643657 36679358
6846023 36679358
2645909 36679358
6838303 36679358
3888230 36679359
2641338 36679360
14905368 36679360
846101 36679361
846184 36280754
2617656 36679362
2650671 36679363
14907390 36679363
6855499 36679364
6840782 36679365
2646381 36280902
2637645 36679366
1017192 36679366
6843165 36679367
1017182 36679367
1017184 36679367
14903406 36679367
1017186 36679367
14903408 36679367
2716863 36679367
14903402 36679367
3885979 36679367
14903404 36679367
14903559 33275897
14904288 36679368
6856085 36679368
2635272 36679368
3881789 36679368
2660920 36679369
14903706 36679370
14905963 36679371
6841183 36679372
6841185 36679373
14905579 36679373
2615929 36679373
6839866 36679373
6840366 36679373
3957385 36679373
14905960 36679373
6843474 36679373
14909206 36679373
6846400 36679373
6847384 36679373
14905601 36679373
6855918 36679373
14909136 36679373
6861701 36679373
14909120 36679373
14909128 36679373
14909124 36679373
14905326 36679373
6855916 36679373
6851163 36679373
14907328 36679373
14909132 36679373
2617660 36281423
3883620 36679374
14908110 36679375
14903686 36679375
14903473 36679375
14907714 36679375
3893646 36679375
14909052 36679375
14903471 36679375
2646179 36679376
6838585 36679377
6838586 36679377
6841545 36282055
6841561 36679378
6847787 36679379
14903512 36679380
6841656 36282245
14903502 36679381
14904216 36679382
14904070 36679382
14904210 36679382
14904068 36679382
3883217 36282261
3883815 36679383
6847788 36679384
6841710 36679385
3900740 36679386
6856383 36679387
6841578 36679387
14909193 36679388
14905909 36679389
14908901 36679390
6841134 36679390
14906140 36679390
14906126 36679390
2603968 36679391
14904014 36679392
14903870 36679392
14903874 36679392
14904203 36679392
14903872 36679392
14907388 36679393
3924899 36679393
14904948 36679394
14905114 36679394
14905106 36679394
14905112 36679394
14904747 36679394
14904886 36679394
14904802 36679394
14905264 36679394
14905266 36679394
14905110 36679394
14905251 36679394
14904991 36679394
14905023 36679394
14906032 36679394
6842132 36679394
14904749 36679394
14904982 36679394
14904978 36679394
14904888 36679394
14904884 36679394
14904970 36679394
14904976 36679394
14905995 36679394
14905443 36679394
14904989 36679394
14904974 36679394
14904972 36679394
14905782 36679394
14904984 36679394
14905019 36679394
14904751 36679394
14904861 36679394
14904952 36679394
14904958 36679394
14907369 36679395
6838728 36679396
14907524 36679396
3954366 36679396
14908527 36679396
14907906 36679396
14908202 36679396
14907566 36679396
14907651 36679396
14908204 36679396
14908206 36679396
14907945 36679396
14907909 36679396
14908529 36679396
6845489 36679396
14908208 36679396
14908531 36679396
14907498 36679396
14907914 36679396
14907917 36679396
3956231 36679396
2630342 36283001
6849584 36679397
6847238 36679397
14907373 36679398
14907375 36679398
14907561 36679399
14907643 36679399
14904927 36679399
14907492 36679399
14907645 36679399
6850353 36679399
14907377 36679398
2645716 36283075
14907424 36679400
14905875 36679401
14905877 36679402
14907784 36679403
14907962 36679403
14907435 36679403
14907538 36679403
14903601 36679403
14903599 36679403
14903564 36679403
14903799 36679403
14903797 36679403
14907778 36679403
14903549 36679403
14905523 36679404
14905526 36679404
14905506 36679404
14907796 36679405
14907782 36679406
3965750 36679407
6855804 36679408
2637767 36679409
14903552 36679410
14903554 36679410
14905352 36679411
14903640 36679411
14907540 36679411
14903591 36679411
14903593 36679411
14903833 36679411
6839334 36679411
14903934 36679411
14904547 36679411
14904549 36679411
14903571 36679411
14903573 36679411
6842495 36679411
14903908 36679411
14903762 36679411
14903891 36679411
14904120 36679411
14906104 36679411
14903729 36679411
6861506 36679411
14903577 36679411
14903619 36679411
14903727 36679411
14909110 36679411
14903609 36679411
14903733 36679411
14903781 36679411
14905667 36679411
14903731 36679411
14903936 36679411
14903878 36679411
14903876 36679411
14903880 36679411
14903934 36679412
14903825 36679412
14903579 36679412
14903968 36679412
14903972 36679412
14906219 36679412
6849352 36679413
6857443 36283591
14905906 36679414
14903506 10563456
14904114 36679415
14905362 36679415
14903670 36679415
14904064 36679415
6859179 36679415
6859182 36679415
6840192 36679415
14903469 36679415
14903646 36679415
14908925 36679415
14903704 36679415
14799926 36679415
14903581 36679415
14903449 36679415
14904011 36679415
14903546 36679415
14906120 36679415
14904218 36679415
14906046 36679415
14903775 36679415
14903793 36679415
14904062 36679415
14906221 36679415
14906135 36679415
14906142 36679415
14906124 36679415
14903745 36679415
6862295 36679415
14904066 36679415
14907712 36679415
14903597 36679415
14903747 36679415
14903773 36679415
14903442 36679415
14903442 36679415
14904009 36679415
14906114 36679415
14903543 36679415
14904179 36679415
14904174 36679416
6842537 36679416
14903921 36679416
14903898 36679416
14903900 36679416
14903644 36679416
14908905 36679417
14905490 36679418
14903789 36679419
14905297 36679420
14905928 36679420
6844994 36679420
14905978 36679420
14907635 36679420
3884303 36679421
14905884 36679421
14907367 36679422
14907478 36679423
14907496 36679423
14907521 36679423
14904696 36679424
14908797 36679425
6842687 36679425
14908745 36679425
14908749 36679425
14908743 36679425
6842681 36679426
6842683 36679427
14908738 36679427
14908736 36679427
6854775 36679427
6850460 36679427
14908756 36679427
6842772 36679427
14908753 36679427
14908414 36679427
6846775 36679427
14908813 36679427
14908801 36679427
14908770 36679427
14908237 36679427
14908762 36679427
14908228 36679427
6842685 36679427
6850357 36679427
14908768 36679427
14908412 36679427
14908435 36679427
14908235 36679427
6849875 36679427
14908398 36679427
1017161 36679428
14903766 36679429
1017188 10564525
14908084 10564525
2646172 36679430
14904299 36679431
14903629 36679432
14909210 36679433
14905333 36679433
14908972 36679433
14909184 36679433
6838698 36679433
2624658 36679433
14905492 36679433
14905498 36679433
14905331 36679433
14905339 36679433
14905335 36679433
14905638 36679433
14905472 36679433
14908833 36679433
14905337 36679433
14905999 36679433
14905321 36679433
6849653 36679433
6845556 36679433
14905952 36679433
14905896 36679433
14905939 36679433
2645039 36679434
2641334 36679434
5141169 36679434
6847549 36679434
2615305 36679434
2605284 36679434
6849831 36679434
6850611 36679434
6850615 36679434
2689706 36679434
2641723 36679434
1287008 36679434
6838137 36679434
36679435 36679436
2669326 36679436
14908180 36679437
14908182 36679437
6839088 36679438
14908112 36679438
14906676 36679438
6842903 36679439
14904269 36679440
14903541 36679441
14907399 36679442
14907958 36679443
14908050 36679443
14908016 36679443
14907990 36679444
6843118 36679444
6855829 36679444
14907975 36679444
14908040 36679444
14907981 36679444
14907985 36679444
14908062 36679444
14908064 36679444
6857285 36679444
14908048 36679444
14907996 36679444
14908054 36679444
14908002 36679444
14908024 36679444
14908020 36679444
14908014 36679444
6856113 36284815
14903822 36679445
14903749 36679445
14905530 36679446
14909107 36679447
14909004 36679448
14907954 36679449
2607097 36679450
14905249 36679451
14904897 36679451
14903770 36679451
14903841 36679451
14904899 36679451
14903978 36679451
14905262 36679451
14905648 36679451
14907346 36679452
14905778 36679453
2701413 36285337
6843608 36679454
14909176 36679455
2641899 36285648
2639677 36679456
3885011 36285753
14909195 36679457
2629307 32805506
6844059 36285960
14904116 36679458
14905479 36679458
14905755 36679458
14903648 36679458
14904238 36679458
14909014 36679458
14904122 36679458
14904155 36679458
14903986 36679458
14903918 36679458
14903756 36679458
14905592 36679458
14907969 36679458
14904091 36679458
14904018 36679458
14903633 36679458
14907386 36679458
14905659 36679458
14904093 36679458
14904083 36679458
3881077 36286136
14908088 36679459
14906152 36679460
14905646 36679461
14905873 36679461
14903535 36679462
6844422 36679463
6859148 36679464
3885164 36679464
14904908 36679465
2628990 36679466
2602230 36679466
14907427 36679467
14907429 36679467
2650159 13671639
14905400 36679468
14906156 36679468
14908068 36679468
14905881 36679468
6844510 36286990
14904278 36679469
14904265 36679469
36679470 36679469
7491554 36679469
6845008 36679471
14905295 36679472
14904195 36679472
14905918 36679472
14904197 36679472
14905926 36679472
14905289 36679472
14904568 36679473
14904457 36679473
14903808 36679474
3885917 36679474
14909084 36679474
14905954 36679475
14905253 36679476
14905255 36679476
14908987 36679477
14903533 32840891
14908107 36679478
6838157 36679478
14908856 36679478
14903802 36679478
14908843 36679478
6843068 36679478
14908839 36679478
14907464 36679479
14908129 36679478
14908131 36679478
14903865 36679478
14903741 36679478
6860763 36679478
6840682 36679478
14903743 36679478
14907899 36679478
14905470 36679478
14903806 36679478
14903857 36679478
14904806 36679478
14904810 36679478
14907461 36679478
14907466 36679478
14907468 36679478
6850359 36679478
14904804 36679478
14908854 36679478
14907858 36679478
14909172 36679480
2634108 36287538
14907371 36679481
14907660 36679482
14907563 36679482
1666121 32809708
14904435 36679483
6844977 36679484
6861949 36679485
14905006 36679483
14904596 36679483
14904476 36679483
14909075 36679483
14904378 36679483
14904895 36679483
14904893 36679483
14904891 36679483
14906282 36679483
14904643 36679483
14904645 36679483
14904649 36679483
14904653 36679483
14904610 36679483
14904623 36679483
14904572 36679483
14904497 36679483
14904493 36679483
14904491 36679483
14904586 36679483
14904604 36679483
14904602 36679483
14904474 36679483
6854851 36679483
14904472 36679483
14904441 36679483
14904428 36679483
14904437 36679483
14904461 36679483
14906093 36679483
14904448 36679483
14904413 36679483
14905683 36679483
14905685 36679483
14905672 36679483
14905674 36679483
6853351 36679483
6853353 36679483
14904380 36679483
14904641 36679483
14904657 36679483
14904639 36679483
14904633 36679483
14904661 36679483
14907422 36679483
14906095 36679483
14904968 36679483
14904376 36679486
14906083 36679483
14906079 36679483
14906081 36679483
14904516 36679486
14904518 36679486
14904529 36679486
14904681 36679486
14904674 36679486
14904523 36679486
14904422 36679486
14904669 36679486
14904647 36679486
14904655 36679486
6854826 36679486
14904459 36679486
14904499 36679486
14904503 36679486
14904501 36679486
14904637 36679486
14904635 36679486
14904659 36679486
14904359 36679486
14904362 36679486
6836014 36679486
14904420 36679486
14906269 36679486
14909212 36679486
14904665 36679486
14904667 36679486
14906076 36679483
14906074 36679483
14906072 36679483
14906070 36679483
14906101 36679483
14904562 36679483
14904390 36679483
14909073 36679483
14909071 36679483
14799331 36679483
14904450 36679483
14904954 36679483
14904409 36679483
14904564 36679483
14904919 36679483
14904348 36679483
6838627 36679483
14904368 36679483
14904370 36679483
14904415 36679483
14909065 36679483
14909069 36679483
14909067 36679483
14904576 36679483
14904578 36679483
14904525 36679483
14905118 36679483
14904677 36679483
14904366 36679483
14908969 36679483
6854828 36679483
14904921 36679483
14906091 36679483
14906085 36679483
14904507 36679483
14904509 36679483
14904651 36679483
14904591 36679483
14904589 36679483
14904598 36679483
14904309 36679483
14905899 36679483
14904566 36679483
14904478 36679483
14904407 36679483
14904483 36679483
14904485 36679483
14905903 36679483
14904923 36679483
14904399 36679483
14904394 36679483
14904397 36679483
14904537 36679483
14904539 36679483
14904541 36679483
14904545 36679483
14904543 36679483
14904350 36679483
14906089 36679483
14906087 36679483
14904444 36679483
14904446 36679483
14904418 36679483
14904311 36679483
14904352 36679483
14904364 36679483
14905108 36679483
14908936 36679483
14904960 36679483
14904808 36679483
14905868 36679483
14904962 36679483
14904631 36679483
14904613 36679483
14904615 36679483
14904617 36679483
14904606 36679483
14904608 36679483
6836162 36679483
6849582 36679483
14904555 36679483
14904557 36679483
14904570 36679483
14904382 36679483
14905901 36679483
14904582 36679483
14904463 36679483
14904432 36679483
14904430 36679483
14904439 36679483
14906097 36679483
14906099 36679483
14904487 36679483
14904489 36679483
14905843 36679483
14905866 36679483
14905558 36679483
14905734 36679483
14905738 36679483
6853921 36679487
14906223 36679487
14909153 36679487
14908028 36679488
14904939 36679489
14904127 36679489
14904912 36679489
14904193 36679489
14909163 36679490
14903965 36679490
14904142 36679489
14904146 36679489
14904144 36679489
14904185 36679489
14904235 36679489
14903896 36679489
14903680 36679489
14905661 36679489
14905550 36679489
14904199 36679489
14903426 36679489
14904943 36679489
14904208 36679489
14904205 36679489
14904207 36679489
14903614 36679489
14904035 36679489
1017145 10570206
14907772 36679491
14903910 36679491
14903712 36679491
2629318 36679492
3926099 36679493
14905571 36679494
14909000 36679495
14907786 36679495
14907774 36679495
14908044 36679495
14907992 36679495
14908000 36679495
14435125 32841576
2634599 36679496
14905569 36679496
14907770 36679496
14907780 36679496
14907792 36679496
2644493 36679496
14905563 36679496
14905565 36679496
14908026 36679496
6864161 36679496
6846938 36679496
6847534 36679496
2641781 36679496
14905567 36679496
2644814 36679496
14909191 33278413
2640967 36679497
14905093 36679498
14905095 36679498
14905224 36679498
14905075 36679498
6845273 36679499
6845271 36679500
14909141 36679500
14909139 36679500
14905178 36679498
14905228 36679498
14905176 36679498
14905180 36679498
14905182 36679498
14905091 36679498
2632424 36679501
3884745 36679502
1017151 36679503
14909200 36679504
14905360 36679505
14905041 36679498
2617418 36679506
846087 36679506
14909024 36679498
6845377 36679507
1017180 36679508
14905311 36679509
14903589 36679509
14909180 36679498
14905043 36679498
14905172 36679498
14905704 36679498
14905708 36679498
14909189 36679510
14904710 36679498
14904714 36679498
14904712 36679498
2616753 36288791
14905031 36679498
14905187 36679498
14905037 36679498
14905061 36679498
14905085 36679498
14905220 36679498
14905077 36679498
14905096 36679498
14905226 36679498
14905087 36679498
14904738 36679498
14906038 36679498
14905386 36679498
14908864 36679498
14905455 36679498
14905453 36679498
14905451 36679498
14905035 36679498
14904706 36679498
14904931 36679498
14905696 36679498
14905694 36679498
14905692 36679498
6862525 36679498
14904718 36679498
14904732 36679498
14904702 36679498
14904708 36679498
14905845 36679498
14904782 36679498
14908870 36679498
6841264 36679511
2686481 36679511
14903607 36679511
7485065 36288859
3880721 36679512
6845532 36679513
6845534 36679513
2606296 36679513
14903514 36679513
14905860 36679513
3959171 36679513
2611185 36679513
14904355 36679514
14904357 36679514
14904401 36679514
14904271 36679514
14904452 36679514
14904553 36679514
14904531 36679514
14906042 36679514
14908878 36679514
14905732 36679514
14909157 36679514
3955355 36679514
14905771 36679514
6850840 36679514
6850944 36679514
14904384 36679514
2645140 36679514
14909046 36679514
14908927 36679514
6842517 36679515
6845614 36288961
6836605 36679516
14904574 36679516
14904580 36679516
3882589 36679517
2616596 36679518
3885934 36679519
14906067 36679520
14906065 36679520
14908127 36679521
14906129 36679522
14906131 36679523
14906133 36679524
14903495 36679525
6842770 36679526
6857289 36289120
14905071 36679498
14905069 36679498
14905067 36679498
14905222 36679498
14905195 36679498
14905199 36679498
14905081 36679498
14905079 36679498
14905051 36679498
14905230 36679498
14905216 36679498
14905055 36679498
14905053 36679498
14905218 36679498
14905057 36679498
3884372 36679498
14905157 36679498
14905155 36679498
14905382 36679498
14904788 36679498
14905142 36679498
14905144 36679498
14905146 36679498
6836515 36679498
14909018 36679498
14909020 36679498
14905384 36679498
14905138 36679498
14905000 36679498
14904831 36679498
14905136 36679498
14905021 36679498
14906036 36679498
14905002 36679498
14904817 36679498
14904734 36679498
14904994 36679498
14904800 36679498
14904728 36679498
14904730 36679498
14908956 36679498
14904823 36679498
14905418 36679498
14904833 36679498
14905392 36679498
14905390 36679498
14904757 36679498
14904755 36679498
6845409 36679498
14904740 36679498
14904874 36679527
14904876 36679527
14904878 36679527
14905102 36679527
14905236 36679527
14905104 36679527
14905238 36679527
14904872 36679527
14905100 36679527
14905234 36679527
14904845 36679527
2748901 36679527
14906226 36679527
14904855 36679527
14904880 36679527
14904786 36679498
14904700 36679498
14909028 36679498
14904778 36679498
14904776 36679498
14904916 36679498
14908954 36679498
14904929 36679498
14908950 36679498
14905185 36679498
14905153 36679498
14904688 36679498
14904736 36679528
14909104 36679528
14904794 36679498
14905916 36679529
14905098 36679498
14905089 36679498
14904704 36679498
14904716 36679498
14908938 36679498
14905398 36679498
14905422 36679498
14905083 36679498
14905049 36679498
14905174 36679498
6847603 36679498
14904866 36679498
14905203 36679498
14905201 36679498
14905197 36679498
14800239 36679498
14905210 36679498
14905212 36679498
14904698 36679498
14905059 36679498
14905045 36679498
6853741 36679498
6853743 36679498
6848870 36679498
6848868 36679498
14904996 36679498
14904998 36679498
14904914 36679498
14905159 36679498
14904946 36679498
14905232 36679498
6861038 36679498
14905065 36679498
14905047 36679498
14905063 36679498
14905541 36679498
2704764 36679498
14904768 36679498
14904772 36679498
14904774 36679498
14905164 36679498
14908942 36679498
14908946 36679498
14904770 36679498
14908944 36679498
14908940 36679498
14904819 36679498
3884612 36679498
14904822 36679498
14904722 36679498
14905458 36679498
14905161 36679498
7482513 36679498
14904760 36679498
14904762 36679498
14905191 36679498
14904847 36679498
14904853 36679498
14904851 36679498
14904849 36679498
14905189 36679498
14904870 36679498
14904825 36679498
14904827 36679498
14905207 36679498
6846961 36679498
14905004 36679498
14905552 36679498
3886147 36679498
14906011 36679498
14905948 36679498
14905950 36679498
14904835 36679498
14904837 36679498
14904839 36679498
14904841 36679498
3916521 36679498
14904863 36679498
14904764 36679498
14904792 36679498
14904796 36679498
14905388 36679498
14904784 36679498
6847872 36679498
14904868 36679498
14905029 36679498
14905073 36679498
14905017 36679498
14905508 36679498
14908974 36679498
6850967 36679498
14904694 36679498
14905150 36679498
6850986 36679498
14905420 36679498
14905027 36679498
14905025 36679498
14905700 36679498
14904798 36679498
14905193 36679498
14905214 36679498
14905743 36679498
14909022 36679498
14904933 36679498
14909026 36679498
14905394 36679498
14904720 36679498
14906044 36679498
14906034 36679498
14904882 36679498
14904815 36679498
14905039 36679498
3920425 36679498
2647620 36679530
6842068 36679530
14904790 36679530
14904857 36679530
14904859 36679530
6845413 36679530
14904685 36679530
14904766 36679530
14904780 36679530
14904843 36679530
14904829 36679531
14905168 36679498
14905166 36679498
14905170 36679498
14905396 36679498
14905698 36679498
2604919 36290035
14904724 36679498
14904726 36679498
14908402 22899869
14908404 22899869
14908406 22899869
14908684 22899869
14905624 36679532
14903529 36679533
6846831 36679534
2641672 36679534
2653911 36679535
14908501 22899869
14908372 22899869
3923028 22899869
14908354 22899869
14908764 22899869
2604983 22899869
14908573 22899869
14908569 22899869
3968994 22899869
14908706 22899869
14908694 22899869
14908624 22899869
3949578 22899869
14908534 22899869
14908571 22899869
14908586 22899869
14908688 22899869
14908538 22899869
14908536 22899869
14908703 22899869
14908663 22899869
14908676 22899869
14908678 22899869
14908511 22899869
2656637 36290299
14908485 36679536
14908291 36679536
14908596 36679536
14908315 36679536
14908602 36679536
14908350 36679536
6851168 36679536
1017204 36679537
6835640 36679538
6835692 36679538
14908360 36679538
14908356 36679538
14908680 36679538
3880674 36679538
14908294 36679538
3953321 36679538
6842072 36679538
14908282 36679538
6842901 36679538
6843954 36679538
14908331 36679538
14908298 36679538
14908390 36679538
14908280 36679538
6844996 36679538
6845351 36679538
14908348 36679538
3938399 36679538
3952304 36679538
14908346 36679538
14908344 36679538
14908362 36679538
14908287 36679538
14908307 36679538
6846959 36679538
6846994 36679538
3938401 36679538
2649187 36679538
14908311 36679538
14908309 36679538
6848034 36679538
14908352 36679538
14908342 36679538
14908340 36679538
3953637 36679538
14908285 36679538
14908268 36679538
6851635 36679538
6851691 36679538
6852050 36679538
3936793 36679538
2631163 36679538
14908325 36679538
3881967 36679539
14908243 36679540
6854773 36679540
14908245 36679540
14908233 36679540
14908231 36679540
6846584 36290394
2608824 36679541
6842190 22899869
14908618 22899869
14908656 22899869
14908654 22899869
14908820 22899869
14908612 22899869
14908606 22899869
14908545 22899869
14908579 22899869
3886269 22899869
6849222 22899869
14908445 22899869
6845491 22899869
6846106 22899869
14908648 22899869
14908650 22899869
14908652 22899869
6846205 22899869
14908420 36679542
14908830 36679542
14908760 36679542
14908659 36679542
14908600 36679542
14908598 36679542
14908583 36679542
14908556 36679542
14908697 36679542
14908547 36679542
14908562 36679542
14908549 36679542
14908564 36679542
14908722 36679542
14908714 36679542
3903366 36679542
14908716 36679542
14908592 36679542
14908614 36679542
14908670 36679542
14908668 36679542
14908666 36679542
14908616 36679542
14908672 36679542
14908747 36679542
14908751 36679542
14908519 36679542
14908505 36679542
14908265 36679542
6846934 22899869
14908633 22899869
14908489 22899869
3933453 22899869
14908491 22899869
14907354 36679543
14907348 36679543
14907350 36679543
14907352 36679543
3886774 36679544
14905500 36679544
14907794 36679545
6837950 36679546
2640969 36679546
3882283 36679546
14908525 22899869
14908523 22899869
6847810 22899869
14908699 22899869
14908692 22899869
14908718 22899869
14908712 22899869
6863334 22899869
6849088 22899869
14908408 22899869
14908638 22899869
14908249 22899869
2657771 22899869
14908370 22899869
14908515 22899869
14908594 22899869
14908487 22899869
14908517 22899869
6850759 22899869
14908513 22899869
14908521 22899869
6851277 22899869
14908503 22899869
14908416 22899869
14907875 36679547
6838148 36679547
14907605 36679547
14907882 36679547
6864189 36679547
14907647 36679547
6849147 36679547
6849896 36679547
6854614 36679547
14907890 36679547
6852174 36679547
6846877 36679548
14907611 36679548
6843990 36679548
14907615 36679548
6857281 36679548
6845090 36679548
6839162 36679548
14907884 36679548
14907609 36679548
14907607 36679548
3890443 36679548
14907591 36679548
14907877 36679548
6841128 36679548
14907621 36679548
14907588 36679548
14907865 36679548
14907867 36679548
14907865 36679548
14907869 36679548
14907619 36679548
14907472 36679548
6864309 36679548
14907806 36679548
14907808 36679548
14907804 36679548
14907879 36679548
14908177 36679548
14907810 36679548
14907886 36679548
14907674 36679548
6864308 36679548
6864195 36679548
14907364 36679548
14907678 36679548
14907595 36679548
14907748 36679548
14907476 36679548
14907753 36679548
14908154 36679548
6864199 36679548
14907693 36679548
14907695 36679548
6847520 36679548
14907934 36679548
14907940 36679548
14907597 36679548
14907927 36679548
3890506 36679548
4951631 36679548
14907708 36679548
6864220 36679548
6864218 36679548
14907706 36679548
6864216 36679548
14907623 36679548
14907701 36679548
14907625 36679548
14907697 36679548
14907699 36679548
14907703 36679548
14907888 36679548
6849227 36679548
14907613 36679548
14907680 36679548
6837769 36679548
14908098 36679548
6851641 36679548
14907691 36679548
6857279 36679548
3959523 36679548
6850755 36679548
6859962 36679548
14907751 36679548
14907474 36679548
14907938 36679548
14907896 36679548
14907892 36679548
14907894 36679548
6852135 36679548
14907601 36679548
6840509 36679548
14907603 36679548
14907686 36679548
6851852 22899869
14908400 22899869
14907556 36679549
14903341 36679550
1017143 13674105
864591 13674105
2612459 36679551
6862297 36679552
6847018 21771853
6847025 36679553
6847023 36679553
14903654 36679554
14908881 36679555
2646743 36679556
6842780 36679557
1019951 36679557
6847105 36679558
6850595 36679558
6850605 36679558
14907942 36679558
6856003 36679558
2608552 31412599
2641547 31412599
3981035 22916310
6860901 22916310
2644429 22916310
3884890 22916310
14904259 22916310
3967972 22916310
14904257 22916310
14904254 22916310
2643965 22916310
2641919 22916310
2678878 22916310
3884740 22916310
2649751 22916310
2633722 22916310
3957902 22916310
6844417 22916310
14903817 22916310
2643240 22916310
2641467 22916310
6846395 22916310
6850905 22916310
6846936 22916310
3886538 22916310
2678876 22916310
6860893 22916310
14903486 22916310
14903489 22916310
1993186 22916310
3881206 36679559
2640310 22916310
2641428 36679559
3885952 36679559
6850903 36679559
6857699 22916310
3886540 22916310
2711912 36679560
2665976 22916310
14903561 22916310
2629165 22916310
14905871 36679561
14906255 36679561
14906238 36679561
14906250 36679561
14905427 36679561
14906016 36679561
14905946 36679561
14905936 36679561
6860897 22916310
6860899 22916310
6860895 22916310
2668604 22916310
1017170 36679562
3886597 36679563
3884766 36679564
14908123 36679565
6842884 36679566
14908169 36679567
14907956 36679568
2616015 36679568
2640808 36679569
14908962 36679570
14908960 36679570
2600418 32815148
6828321 36679571
6840580 36679572
7490584 36679572
14905511 36679572
14905374 36679573
14905380 36679573
14905376 36679573
14800178 36679573
14905378 36679573
14905308 36679572
14905313 36679572
14908989 36679572
2635984 36679572
6844615 36679572
14907790 36679574
14905892 36679575
14908134 36679576
14905913 36679577
6837663 36679578
14903902 36679578
14905706 36679578
14906286 36679578
2613905 36679578
6864272 36679578
14903656 36679578
14907641 36679578
14906463 36679578
14908103 36679578
6864278 36679578
14906457 36679578
14907450 36679578
14906652 36679578
14909032 36679578
14906149 36679578
3886208 36679578
14903660 36679578
14907446 36679578
6846407 36679578
14903642 36679578
14907977 36679578
6847499 36679578
2637518 36679578
14906459 36679578
14906001 36679578
14905484 36679578
14907448 36679578
14906013 36679578
14903785 36679578
5135505 36679578
14909034 36679578
14905516 36679578
14907444 36679578
6837665 36679578
14905702 36679578
14906147 36679578
14903783 36679578
14908477 36679578
3885372 36291792
14904166 36679579
14903355 36679580
14907812 36679581
14907550 36679582
6864203 36679582
14907637 36679582
6864222 36679582
14903358 36291931
1017141 36291931
2641819 36679583
3895986 36291952
2638958 36292025
14798478 36679584
14907358 36679585
6847748 36679586
6847754 36292034
6847785 36679587
2642190 36679588
14908932 36679589
6847775 36292045
2635321 36292067
14906122 36679590
856191 10577195
3886779 36292172
6860712 36292172
2642858 32815905
14905291 36679591
6848073 36679592
833001 36679593
14903410 36679594
14903412 36679594
14903414 36679594
3884940 36679594
14903383 10577767
3901556 36679595
14903423 36679595
14903684 36679595
14903419 36679595
14903421 36679595
14903417 36679595
14904753 36679596
6848241 33279523
10591358 36679597
14905764 36679597
14905764 36679597
14908783 36679598
14908778 36679598
14907049 36679598
3881950 36679598
14908780 36679598
14908772 36679598
14908774 36679598
14908776 36679598
6839353 36679598
6839635 36679598
14908682 36679598
6839208 36679598
14908364 36679598
14908323 36679598
14908790 36679598
14908786 36679598
6843952 36679598
14908803 36679598
14908378 36679598
6845139 36679598
6845137 36679598
14908811 36679598
14908799 36679598
3886163 36679598
14908460 36679598
14908807 36679598
14907195 36679598
14908792 36679598
14906992 36679598
14908443 36679598
14908826 36679598
14907028 36679598
14908458 36679598
14908822 36679598
14908815 36679598
14908805 36679598
14908646 36679598
14908788 36679598
6846278 36679598
14908794 36679598
14908809 36679598
14908418 36679598
14908824 36679598
14906169 36679598
14907071 36679598
14907219 36679598
14907213 36679598
14906977 36679598
14907225 36679598
14907129 36679598
14907132 36679598
14907217 36679598
14908828 36679598
14905404 36679599
14905714 36679599
14905495 36679600
14905488 36679600
14905537 36679600
14905437 36679599
14906106 36679599
14908964 36679599
14905406 36679599
14906137 36679599
14908977 36679599
14905408 36679599
14905319 36679599
14906118 36679599
14906273 36679599
14905718 36679599
2650113 36679599
14907972 36679601
14907974 36679601
14908005 36679601
14908012 36679601
6848410 36292989
14905561 36679602
3953181 36679603
14903852 36679604
14905930 36679605
2645666 36679605
2648043 36679606
14903854 36679607
14903961 36679607
14908862 36679607
14903720 36679607
14903702 36679607
14903708 36679607
6845343 36679607
6836302 36679607
14903916 36679607
14904087 36679607
14903815 36679607
14903844 36679607
14903674 36679607
14905619 36679607
14909204 36679607
6845421 36679607
14903813 36679607
14905679 36679607
14903861 36679607
14903850 36679607
14903739 36679607
14903859 36679607
14903863 36679607
14903938 36679607
14903779 36679607
14904079 36679607
14904099 36679607
14903810 36679607
14905590 36679607
14905677 36679607
6852440 36679607
14903848 36679607
14903787 36679607
14903636 36679607
14909050 36679608
14905657 36679608
14909043 36679609
14903957 36679609
2645659 36679610
2642708 33279620
14903887 36679611
14903676 36679611
14903688 36679611
14903537 36679612
1017200 36679613
6845145 36679614
2607552 36679614
6840588 36679615
6857423 36679616
14908991 36679617
2642790 36679618
6848961 36294038
2625451 36294051
14905803 36679619
14907542 36679620
14906559 36679621
14907902 36679622
14907912 36679622
14905789 36679623
6849125 36294320
14908498 36679624
14908543 36679624
14908541 36679624
14906063 36679624
6850338 36679624
14908432 36679624
14908393 36679624
14905966 36679624
14905757 36679624
6850340 36679624
14908289 36679624
14908479 36679624
14908496 36679624
14908758 36679624
14908766 36679624
14908321 36679625
14908317 36679625
14906848 17173972
14906297 36679625
14906397 17173972
14906361 36679625
14906792 17173972
14906808 36679625
14906659 36679625
15007708 36679625
14906377 36679625
14906681 36679625
14906657 36679625
14908305 36679625
14906701 17173972
14906535 36679625
14906432 36679625
36679626 36679625
14906810 36679625
14906454 17173972
36679627 36679625
14906375 17173972
14906531 36679625
14906767 36679625
36679628 36679625
14906800 36679625
6844274 36679625
14906420 36679629
14906858 36679629
14908319 36679630
14906626 36679629
14906860 36679629
14906389 36679629
14906373 36679629
14906607 36679630
14906640 36679630
14906603 36679630
14906642 36679630
14906308 36679629
14906914 36679629
14906734 36679630
14906293 36679630
14906576 36679630
14906381 36679630
14906403 36679629
14908274 36679630
14906732 36679630
15007319 36679630
14904170 36679630
14906306 36679630
14906301 36679630
14904118 36679630
14906367 36679630
14906776 36679630
14903904 36679630
14906299 36679630
14906310 36679630
14908340 36679630
14908301 36679630
14906379 36679630
14906303 36679630
14906295 36679630
14906391 36679630
36679631 36679630
14906644 36679630
14906605 36679630
14906405 36679629
14906422 36679629
14906628 36679629
14906856 36679630
14906846 36679629
14906387 36679630
14906854 36679630
14904164 36679630
14906357 36679629
14906794 36679630
14908329 36679630
14908327 36679630
14906716 36679621
14908627 36679621
14908258 36679621
14905008 36679632
14905306 36679632
14906022 36679632
14905447 36679632
14905449 36679632
14906864 36679621
3921957 36679621
14908388 36679621
14908256 36679621
14908733 36679621
14908731 36679621
14908690 36679621
14906331 36679621
14908629 36679621
14908610 36679621
14908608 36679621
14908590 36679621
14906866 36679621
14908374 36679621
14908554 36679621
14905767 36679633
14905769 36679633
14909040 36679633
14906110 36679633
14907854 36679633
14907725 36679633
14905433 36679633
14907850 36679633
14905441 36679633
14905642 36679633
14907856 36679633
14907846 36679633
6849218 36294574
14903465 36679634
14903455 36679634
14903453 36679634
14908139 36679634
14908141 36679634
2675355 36679634
14908143 36679634
14903457 36679634
14903428 36679634
14903461 36679634
14903467 36679634
1017159 17147220
14906885 36679635
14906609 36679635
14906171 36679635
14907159 36679635
1283221 36679636
14905276 36679637
14905116 36679637
14905122 36679637
14905274 36679637
14905272 36679637
14908447 36679621
14908622 36679621
14908620 36679621
14906333 36679621
2657762 36295087
14908966 36679638
14905924 36679638
14905720 36679638
14905728 36679638
14906325 36679621
14908640 36679621
14908449 36679621
14908386 36679621
14908437 36679621
14906489 36679621
14906414 36679621
14908424 36679621
14906416 36679621
14908296 36679621
14908082 36679639
14908558 36679621
14908441 36679621
14906718 36679621
14908631 36679621
14908260 36679621
14908725 36679621
14908577 36679621
14908566 36679621
14908456 36679640
14906655 36679640
14908384 36679640
14908708 36679640
14908710 36679640
14908453 36679640
14908451 36679640
14908472 36679640
14908636 36679640
14908642 36679640
14906347 36679640
14908254 36679621
14908303 36679640
14908464 36679640
14908470 36679640
14906547 36679640
14908466 36679640
14908337 36679640
14908430 36679640
14908482 36679640
14908674 36679640
14908575 36679640
14908552 36679640
14908335 36679640
14908313 36679640
14906551 36679640
14908333 36679640
14908661 36679640
14906549 36679640
14908422 36679640
14908474 36679640
6848945 36679640
14908380 36679640
14908428 36679640
14906553 36679640
14908382 36679640
14908426 36679621
14906327 36679621
14908376 36679621
14906563 36679621
14908720 36679621
14908581 36679621
14908560 36679621
14906345 36679621
14906868 36679621
6849622 36679641
14905724 36679642
3957393 36679643
7492185 36679643
2601003 36679644
6849724 36679645
3986585 36679645
2643762 36679646
14904276 36679647
6849787 36679648
2639070 36295754
14905759 36679649
14905805 36679649
14905811 36679650
14905809 36679650
14905813 36679650
14905815 36679650
14905807 36679650
7494199 36679651
14905957 36679652
14906208 36679653
14905975 36679653
6861510 36679653
14905268 36679653
14905270 36679653
14905243 36679653
14905245 36679653
6861512 36679653
2668933 36679653
14908934 36679653
6849898 36679653
6842505 36679654
14903340 36679654
14905548 36679655
6850088 36679655
6839092 36679655
6839171 36679655
6861581 36679655
6840203 36679655
2644495 36679655
14907061 36679655
2628621 36679655
6840201 36679655
2641674 36679655
14907051 36679655
14907057 36679655
6840206 36679655
14906008 36679655
6840205 36679655
14905780 36679655
6840204 36679655
6861483 36679655
6840207 36679655
2672771 36679655
14907063 36679655
14905410 36679655
6861485 36679655
14906266 36679655
14906174 36679655
14907110 36679655
3881098 36679656
3881394 36679656
14903981 36679656
14906053 36679657
14904000 36679657
14905466 36679657
6841684 36679657
14905461 36679657
14905463 36679657
14906040 36679657
14906058 36679657
6849392 36679657
14905464 36679657
14906056 36679657
6850588 36679657
6850603 36679657
14906030 36679657
14909006 36679658
14904135 36679658
14904133 36679658
14904139 36679658
14904137 36679658
14904153 36679658
14903893 36679658
14903835 36679658
14903867 36679658
14903735 36679658
14904005 36679658
14903791 36679658
1017157 36679659
6865099 36679660
14908086 36679661
14903622 36679662
14903662 36679662
3887914 36297442
6847226 36679663
2635980 36297603
14908894 36679664
14907800 36679664
14908884 36679664
14908898 36679664
14906028 36679664
14904966 36679664
14909215 36679664
14908896 36679664
14908886 36679664
14908890 36679664
14909167 36679664
6861854 36679664
14908888 36679664
14908892 36679664
14907802 36679664
14909169 36679664
6857429 36679665
14907662 36679666
14908090 36679665
14907829 36679665
14908105 36679665
6840146 36679667
6864333 36679668
6850559 36679665
14908872 36679669
14908930 36679670
14908136 36679671
6864261 36679672
6836466 36679672
6850628 36679672
6850630 36679672
6864263 36679672
6847730 36679672
6850631 36679672
6850633 36679672
14908167 36679672
6840118 36679672
14908841 36679672
6836468 36679672
6857277 36297985
3888007 36679673
14908052 36679673
14906108 36679673
14903508 36679674
14907544 36679675
14907439 36679675
14903760 36679675
14907631 36679675
3882150 36679675
14903710 36679675
14907964 36679675
14908032 36679675
14908038 36679675
14906204 36679675
14908030 36679675
14908076 36679675
14907979 36679675
14907987 36679675
14905315 36679675
14908073 36679675
14907862 36679675
14909198 36679675
14905554 36679675
14904046 36679675
14906200 36679675
14906202 36679675
14907994 36679675
14903595 36679675
14907735 36679675
14908007 36679675
14908034 36679675
14907554 36679675
14907437 36679675
14904029 36679675
14903914 36679675
14904050 36679675
14908009 36679675
14908056 36679675
14908042 36679675
14907967 36679675
14907998 36679675
14907548 36679675
14907441 36679675
14907983 36679675
14903697 36679675
14908079 36679675
14903612 36679675
14903758 36679675
14903692 36679675
14908036 36679675
14908022 36679675
14908018 36679675
14906228 36679675
14903737 36679675
6842049 36679676
6844803 20082641
14904251 36679677
6840208 36679678
3883049 36679679
3884026 36679680
14904328 36679679
14904330 36679679
14904336 36679679
14904317 36679679
14903631 36679679
14904319 36679679
14904338 36679679
14904315 36679679
14904323 36679679
14904321 36679679
14904325 36679679
14904332 36679679
14904274 36679679
14904334 36679679
14904282 36679681
14903885 36679682
2705118 36679682
14904403 36679682
2644685 36679683
6820239 36679684
14904280 36679685
14904267 36679686
14904551 36679687
2638141 36679688
2603786 36679689
3961022 36679689
1019939 36679689
3885750 36679689
2607572 36679689
2633731 36679689
1017202 36679689
1019954 36679689
2615271 36679689
2642319 36679689
1019937 36679689
2630163 36679689
3884233 36679689
14905853 36679690
3884405 36679690
2604626 36679689
14905534 36679691
14907827 36679692
2644274 36679693
1017190 30417083
14907760 36679694
6864187 36679695
14907415 36679696
14907418 36679696
6859432 36679696
14905997 36679696
14906026 36679696
14905445 36679696
14906271 36679696
2627856 36298653
14903343 36679697
2681136 36679698
14904935 36679698
14907384 36679699
1017167 36679700
14904964 36679701
3888171 36298842
1017137 32821513
2635978 32821513
5136168 36679702
2643556 20826961
14905412 36679703
5133569 36679703
6836879 36679703
14905431 36679703
14905429 36679704
14907401 36679705
14906212 36679705
14905991 36679705
14905989 36679705
3963700 36679706
2632574 33280611
14907480 36679707
14907500 36679707
14907666 36679707
14904956 36679707
14905241 36679707
14907486 36679707
14908162 36679707
14907569 36679707
6852224 36679707
14907513 36679707
6848980 36679707
14907490 36679707
14907519 36679707
14907576 36679707
14907951 36679707
14907583 36679707
14907502 36679707
14907573 36679707
14907509 36679707
14907511 36679707
14907515 36679707
14907517 36679707
14907505 36679707
14907494 36679707
14907507 36679707
14907488 36679707
14907664 36679707
14907653 36679707
14907655 36679707
14907657 36679707
14907482 36679707
14907484 36679707
14909012 36679708
14903463 36679709
14903434 36679709
14903430 36679709
14903444 36679709
14906112 36679709
14903451 36679709
14903475 36679709
14907821 36679709
14906116 36679709
14904905 36679709
14907720 36679709
14907722 36679709
14908164 36679709
14903446 36679709
14903436 36679709
14904903 36679709
14903432 36679709
14903438 36679709
3904398 36679709
14904177 36679710
14904181 36679710
14904183 36679710
14908952 36679711
14904060 36679712
14907335 36679713
2643345 36679714
6853357 36679715
14907326 36679715
6839205 36679715
14906567 36679716
2616090 36679715
14907322 36679715
14907333 36679715
14908644 36679715
14906276 36679715
14907324 36679715
14908509 36679715
14908729 36679715
14906541 36679716
36679717 36679716
14908462 36679715
14908468 36679715
5141680 20044342
5137372 20044342
6851737 20044359
14903497 36679718
14905293 36679718
14904212 36679719
14905364 36679719
14903795 36679719
14909016 36679719
14904249 36679719
14903944 36679719
14904033 36679719
14904007 36679719
14904081 36679719
14904131 36679719
14904023 36679719
14906230 36679719
14903672 36679719
14904042 36679719
14903889 36679719
14904044 36679719
6864284 36679719
14903658 36679719
14903947 36679719
14904160 36679719
14904189 36679719
14903700 36679719
14904021 36679719
14903624 20044359
14904151 20044359
14903839 20044359
14904056 36679720
14904201 36679720
14904148 36679720
14904031 36679720
14903963 36679720
14904077 36679720
14904233 36679720
14904089 36679720
14903617 20044359
6849878 36679721
14905858 36679722
14905986 36679722
2635627 36679722
14908981 36679722
14908983 36679722
14906019 36679722
6863698 36679722
6854594 36679722
6854596 36679722
2641005 36679722
2638051 36679722
6846298 36679722
6847874 36679722
3888418 36679722
6851848 36299840
2648267 36679723
14909036 36679724
14908071 36679725
2649832 36679726
2638810 36300083
2603686 36300141
3888416 36679727
14906006 36679728
14907788 36679729
6852029 36679730
3966520 36679730
1017174 33280748
14904812 36679731
14904910 36679731
14904293 36679731
14907767 36679732
14905435 36679732
2634987 36679733
2645107 36679733
2641417 36679733
6848914 36679733
14905546 36679734
14906234 36679735
14906232 36679735
14907082 36559440
14907084 36559440
14907012 36559440
14907304 36559440
6852073 36679736
2639714 36679737
2633336 36679737
14906195 36679737
1019935 36679737
2615625 36679737
14906180 36679737
14907034 36559440
14907090 36559440
14907153 36559440
14907237 36559440
6849369 36559440
14907149 36559440
14907151 36559440
14907243 36559440
14907306 36559440
14907308 36559440
14907318 36559440
14906979 36559440
14906184 36559440
14906932 36559440
14906942 36559440
14907282 36559440
14907221 36559440
14907639 36679738
2657282 36679738
14906186 36559440
14907067 36559440
14907069 36559440
2645380 33280795
6838020 36679739
6838064 36679739
6853355 36679739
3885128 36679739
6852116 36679739
14907100 36679740
14907065 36679740
6839328 36679740
14907088 36679740
6848920 36679740
14907074 36679740
14907010 36679739
14907197 36679739
14907239 36679739
14907203 36679739
14907032 36679739
3885178 36679739
14907290 36679739
14907113 36679739
14907102 36679739
6848430 36679739
14906953 36679739
14906951 36679739
14906957 36679739
14906955 36679739
14907022 36679739
6850393 36679739
6850593 36679739
14904690 36679741
14904692 36679741
14903336 36679742
6843297 36679743
14906236 36679743
14905722 36679743
6857298 36679743
6857296 36679743
14906248 36679743
14907433 36679743
6857291 36679743
2675125 33280802
14905832 36679744
14907241 36559440
14907248 36559440
6864175 36679745
2646074 33280813
5066658 36679746
6845135 36679746
6851174 36679746
14903950 36679747
14903557 36679748
1017155 36679749
1017165 36679749
5141497 36679750
14906253 36679751
14905716 36679751
14905630 36679751
14905286 36679751
14905932 36679751
6842192 36559440
14907288 36559440
14907286 36559440
14907296 36559440
14907314 36559440
14907302 36559440
14907201 36559440
5141686 36679752
14906989 36559440
14906987 36559440
14906940 36559440
14903522 36679753
14907036 36559440
14907016 36559440
14906963 36559440
14907008 36559440
14906996 36559440
14907121 36559440
14907094 36559440
14906944 36559440
14907266 36559440
14907268 36559440
14906934 36559440
14907157 36559440
14907155 36559440
14907092 36559440
14907080 36559440
14907316 36559440
14907104 36559440
14906938 36559440
14906975 36559440
14903369 36679754
6861848 36300615
14909182 36679755
6848416 36559440
14906188 36559440
14907020 36559440
14907271 36559440
14907002 36559440
14907229 36559440
14907320 36559440
14907199 36559440
14907250 36559440
6849682 36559440
14907254 36559440
14907144 36559440
14907125 36559440
14907000 36559440
14906190 36559440
14907014 36559440
14907186 36559440
14907040 36559440
14907098 36559440
14907147 36559440
14906961 36559440
14907004 36559440
2626204 33280915
6851864 36559440
14906946 36679756
14905830 36679756
14907030 36679756
14907134 36679756
14907169 36679756
14906969 36679756
14905577 36679756
14906948 36679756
14907258 36679756
14907167 36679756
14907264 36679756
14906998 36679756
14907252 36679756
14906983 36679756
14906973 36559440
14907106 36679756
14907078 36679756
14907312 36679756
14907207 36679756
14907205 36679756
6843481 36679756
14907294 36679756
14907086 36679756
14907161 36679756
14906985 36679756
14907127 36679756
14905828 36679756
14905575 36679756
14907096 36679756
14907292 36679756
14907018 36679756
14907233 36679756
14907123 36679756
14907026 36679756
14907136 36679756
14907163 36679756
14907177 36679756
14907256 36679756
14907262 36679756
14907209 36679756
14906971 36679756
14907298 36679756
14907300 36679756
14907284 36679756
14906967 36679756
14907278 36679756
14906994 36679756
14907180 36679756
14907119 36679756
14906936 36679756
14907246 36679756
14907173 36679756
14907231 36679756
14907227 36679756
6849287 36679756
14907211 36679756
14907235 36679756
14907138 36679756
14907140 36679756
14905834 36679756
14907076 36679756
14907024 36679756
14906981 36679756
14906965 36679756
14907006 36679756
14907274 36679756
14907276 36679756
14907042 36679756
14907171 36679756
14907223 36679756
14907215 36679756
14907108 36679756
6864185 36679757
14904560 36679757
14908911 36679758
14903940 36679759
