36756584 10458067
36756585 10532631
36756586 10532654
36756587 10532667
36756588 10532679
36271633 10532706
17211287 10532709
36756589 9571145
36756590 10532710
36756591 9571183
36756592 10532717
36756593 10532718
36756594 10532779
29011538 10532808
36756595 10019462
36756596 10532852
2759292 9964350
82330 9964368
36756597 10532939
36756598 9964398
36756599 10533020
29061569 10533030
19483863 10533037
29219214 10533047
36756600 10533064
18236277 10533076
2759794 10533089
36756601 10533101
36756602 10533113
29006176 10533121
36756603 10533130
36756604 10020699
36756605 10533174
36756606 10533181
36756607 10020909
36756608 10533198
29011281 10533240
36756609 10533272
36756610 10533284
29201623 10533350
36756611 10533367
36272001 10021510
36756612 10533381
36756613 10533381
36756614 10533381
11803470 10533397
22103113 10533403
18620985 10533423
36756615 10533435
36756616 10533444
2754316 10533470
29011315 9964648
36756617 9964652
36756618 10533498
36756619 9964656
36756620 9964664
36756621 10533520
36490716 10533530
36756622 10533539
36756623 9964686
36756624 9964688
36756625 9964723
36490718 9964748
36756626 10533644
36756627 10533668
36756628 9964828
36756629 10533699
29003205 10533709
36756630 10458075
29034540 10533732
36756631 10533738
36756632 10533749
36756633 10533759
36756634 10533770
29011474 10533778
36756635 10533800
36756636 10024036
36756637 10533826
36756638 9965039
36756639 10533920
36756640 10533942
36490720 10533963
2757095 10533969
2761575 10534019
36756641 10534036
15104750 10534050
36756642 10534062
36756643 10534064
36756644 10534079
36756645 10534091
36756646 10534105
29159673 10534112
2761536 10458078
15911391 10534120
36756647 10534120
36756648 10534133
15894810 10534160
36490722 10534185
36756649 10534192
16211838 10534198
36756650 10534202
36756651 10534230
36756652 10534231
22287569 10534241
36756653 10534267
36756654 10534297
36490724 10534307
36756655 10534315
36756656 10534326
36756657 10534347
36756658 10534370
36756659 10534409
36756660 10534416
36756661 10534436
2756736 10534448
29201009 10534465
12174775 10534471
29241686 10534475
2755675 10534520
36756662 10534526
2761500 10458079
36756663 10590416
36756664 10534606
36756665 10534655
36756666 10534738
36756667 10534739
2755424 10534745
36756668 10534751
36756669 10534752
76722 10534852
36756670 10534864
22291732 10534877
30815263 10534888
29163000 10534902
2756950 10534917
30947164 10534931
29011540 10534944
14597166 10534971
36756671 10534993
36756672 10535050
36756673 10535089
2758534 10535104
36756674 10535132
2736674 10535255
2759610 10026048
2757235 10535291
36756675 10535294
36756676 10535307
36756677 10458083
29181414 10535320
36756678 10535332
36756679 10535342
36756680 10535353
36756681 10535363
22291703 10535369
36756682 10026050
36490727 10535387
36756683 10535399
36490729 10535400
36756684 10535409
14563214 10535420
12152383 10535420
29011418 10535420
36756685 10535429
36756686 10535458
36756687 10535468
36756688 10535490
36756689 10535516
36756690 10535536
36756691 10535547
21844826 10535561
36756692 10535565
36756693 10535578
36756694 10535594
36756695 10535604
22288170 10535614
36756696 10535625
36756697 10028175
36756698 10535698
17222963 10535712
36756699 10535717
36756700 10028177
36756701 10535756
28998291 10535777
36756702 10535790
3987643 10535802
36756703 10535856
36756704 10535868
36756705 10535878
36756706 10535991
36756707 10536024
36756708 10536057
36756709 10536126
2754197 10536140
80002 10536155
29138308 10536155
29160228 10536170
36756710 10536231
36270519 10536244
14557716 9966662
11809925 10536310
36756711 10536324
3987495 9966705
36272824 10536489
36756712 10458087
15079016 9966760
36756713 10536557
36756714 9966770
22288182 10536583
36756715 10536591
36756716 10536613
36756717 9966870
28998741 10458088
36756718 10536687
36756719 10536719
36756720 10536727
36756721 10536736
36756722 9966934
18620983 10536744
36756723 10536750
36756724 9966993
12627428 10536802
36756725 10536825
36756726 10536829
36756727 10536847
36756728 10536857
36756729 10030388
36490732 10536876
36756730 10536889
36756731 10536907
29160226 10536920
29160222 10030390
36756732 10536938
75899 10536950
36756733 10536971
29160220 10536980
29011429 9576256
29160227 10537021
13615539 10537037
36756734 10537052
14583923 9967275
18246034 9576366
18248138 9967301
29008291 10537100
36756735 10537111
36756736 9967313
15833442 10537144
29011564 10537176
12669772 10537189
29221256 10537202
36756737 10537220
29214977 10537238
29011386 10537250
36756738 10537266
36756739 10537335
36756740 10537440
36756741 10537495
36756742 10537513
36756743 10537524
36756744 10537538
29022762 10537560
36756745 10030935
36756746 10030936
36756747 10537606
36756748 10537636
36756749 10537659
36756750 10537672
36756751 10031075
36756752 10537730
2755076 10537814
36756753 9967685
36756754 10537844
36756755 9967689
2761172 9967719
36756756 10537930
36756757 9967785
36756758 10537963
2759675 10537973
2755263 10537987
29011513 9967868
36756759 10538003
24428568 9967911
36756760 10538031
36756761 10538045
36756762 10538057
36756763 10538078
36756764 10538099
20183632 10538111
36756765 10538111
36756766 10538111
29111334 10538116
36490737 10538121
36756767 10538128
36756768 10538170
29159679 10538180
36756769 10538208
36756770 10538245
22400278 10538262
36756771 10538295
36756772 10538310
36756773 9577638
36756774 10538355
36756775 10538370
2757271 9577723
29160231 10538427
12627418 9968125
15328685 10538479
11519875 10538487
36756776 10538500
36756777 10538511
11808834 10032930
29129728 10032930
2754582 10538538
2754195 10538548
11758938 10538562
36756778 10538578
2757540 10538589
36756779 10538615
36756780 10538625
36756781 10538638
2753618 10538655
36756782 10538668
20602433 10538677
36756783 10538698
83484 10850423
2754909 10538893
17212506 10538930
36756784 10538981
2756479 10539046
36756785 10539057
36756786 10539083
36756787 10539143
36756788 10539154
36756789 10539183
36490740 10539199
36756790 10539241
29197023 10539247
29171466 10539258
11809563 9578924
36756791 10539285
36756792 10539315
36756793 10539346
36756794 10539356
11803964 10539368
29003203 10539384
29253914 10539408
36756795 10032950
36756796 10032951
36756797 10539451
82816 10539480
17207347 10539494
36756798 10539505
36756799 10539537
36490743 10539548
36756800 10539581
2761113 10539596
36756801 10539613
29204534 10539638
29159675 10539667
36490745 10539681
36756802 9969210
36756803 10539741
36490747 9969233
36756804 9969235
36756805 10539796
36756806 10539811
36756807 9969320
36756808 9969324
36756809 9969328
29031084 9969345
36756810 9969349
36756811 9969569
31049667 10540153
36756812 10540157
36490749 10540161
36756813 9969678
36756814 10540192
36756815 10540207
22384186 10540217
36756816 10540225
36756817 10540239
36756818 10540246
36756819 10540253
36756820 10540262
36756821 9579972
36756822 10032985
36756823 10540303
36756824 10540314
36756825 10540366
36756826 10540368
36756827 10540377
36756828 10540396
2758645 10540415
36756829 10540421
36756830 10540436
2759827 10540457
36756831 10032988
36756832 10540493
36756833 10540505
36756834 10540526
36756835 10540542
36756836 10540547
29061568 9970071
36756837 10540598
36756838 9970168
36756839 10540623
29061502 9970247
24368952 10540664
29159566 9970338
36756840 9970394
36756841 9970423
2756926 10540713
24367571 9970471
36756842 9970481
36756843 10540746
36756844 12183973
36271513 10540797
36756845 10540802
36756846 10540827
2757692 10540839
29077603 10540863
36756847 10540890
11886289 10540901
36756848 10540928
36756849 10540934
36756850 10540944
36756851 10540966
36756852 10540976
36756853 10541057
36756854 10541072
36756855 10541083
36756856 10541122
18250116 10541129
36756857 10033011
36490752 10541150
29047033 10541151
36756858 10541168
36756859 9970836
36756860 9970842
14574331 10541203
36756861 10541216
36756862 10541238
36756863 10541256
36756864 10541290
29171887 10541298
36756865 10541304
29173255 9580670
36756866 10541341
14583160 10541360
36756867 10541370
2755710 10541400
36756868 10541410
36756869 10458149
36756870 10541420
12676839 10541431
36756871 10541475
36756872 10541476
36756873 10541482
36756874 10541483
36756875 10541484
22287229 10541488
83848 10541498
36756876 10541501
28998688 10541502
36490753 10541503
29052968 10541504
36756877 10541506
36756878 10541507
36756879 10541508
36756880 10033039
36756881 10541509
36490755 10541511
36756882 10541513
36756883 10541514
36756884 10541516
36756885 10541518
21485775 9580886
36756886 10541519
36756887 10541520
36490757 9971557
36756888 10541524
36756889 10541535
11810114 10541549
36756890 10541563
36756891 9971563
78418 10541622
36756892 10541630
36756893 10458154
36756894 10541632
36756895 10541639
36756896 10541649
17212820 10541673
36756897 10541724
36756898 10541736
36756899 10541749
36273069 10541762
22290868 10541768
36756900 10541771
36756901 10541774
36756902 10541806
36756903 10541817
36756904 9971993
36756905 10458158
36756906 10541843
36756907 10541867
36756908 10541880
36756909 10541892
36756910 10541917
36756911 10541932
36756912 10541944
2755141 10541954
36756913 10541959
36271666 10541968
36756914 10541968
36756915 10541988
29011292 10541995
36756916 10541996
29011448 10542000
36756917 10458161
36756918 10542001
36756919 10542002
36756920 12183993
36756921 10542005
22287563 10542006
11810590 10542007
17194424 10542011
36756922 10542012
29061576 9972607
29133123 9972613
36756923 9972623
36756924 10542015
36756925 10542016
36756926 9972627
2757040 10458165
36756927 10542018
29173254 10542019
36756928 10542020
22287561 10542021
2755784 10542022
22287546 9972699
29173253 10542023
16249901 10458168
36756929 10542024
28997555 9972711
36756930 10542027
36756931 10542028
2760272 10542029
36756932 10542030
36756933 10542032
2758546 9972842
36756934 10542033
2761142 10542034
36756935 10542035
36756936 10542036
36756937 10542037
17211255 10542038
11799358 10542039
11801834 10542040
36270926 10542041
29071455 10542045
29174864 10542046
36756938 10542059
16211831 10542060
36756939 10542061
36756940 10542062
36756941 10542063
36756942 10542065
36756943 10542066
36756944 10542067
36756945 10542068
36756946 10542069
36756947 10542070
36756948 10542072
2759245 10542073
36756949 10542074
36756950 10542075
36756951 10542080
2761360 10542082
36756952 10542091
2759419 10542092
36756953 10542093
36756954 10542094
2754381 10542095
36756955 10542096
2761304 9581322
36756956 10542098
36756957 10542099
36756958 10542100
36756959 10542105
36756960 10542106
36756961 10542107
29011489 10542109
2754567 10035157
36756962 10542111
29217475 10542115
36756963 10542118
36756964 10542119
36756965 10542120
36756966 10542121
36756967 10542123
36756968 10542124
36756969 10542127
14583936 10542130
36756970 10542132
29003201 10542133
36756971 9581409
11801697 10542134
36756972 10542134
36756973 10542135
36756974 10542136
36756975 10542137
18254744 10542139
36756976 10542145
36756977 10542146
29011318 9974614
15896960 10542148
36756978 10542150
24368953 10542151
36756979 10542155
36756980 10542158
36756981 10036709
2754333 10542167
2756740 10542171
36756982 10542172
2754755 10542173
2761613 10542174
36756983 10542178
36756984 10542187
36756985 10542190
36756986 10542191
36756987 10542192
29248340 10542196
36756988 10542198
36756989 10542201
36756990 10542203
2753801 10542204
36756991 10542209
2754895 10542210
36756992 10542212
36756993 10542213
36756994 10542215
29011509 10542219
21163069 10542224
29004388 10542226
36756995 10542230
17203016 10542231
36756996 10542232
36756997 10542234
36756998 10542235
29159155 10542237
36490765 10542245
36756999 10542247
29011452 10542248
36757000 10542250
36757001 10542255
36757002 10542256
29011354 10542259
36757003 10542262
15858649 10542263
36757004 10542264
36757005 10851946
36757006 10542270
36757007 10037696
36757008 10542273
36490767 10542274
3970529 10542274
36757009 10542278
14814941 10542283
36757010 10542284
36757011 10542288
16248764 10542290
36757012 10542292
18257118 10542295
77493 10542296
36757013 10542297
17205212 10542299
36757014 10542300
2757532 10542304
36757015 10542306
36757016 10542313
15924469 10542327
2756452 10542330
29211596 9581934
14557892 10542340
36271096 10542347
29030182 10458200
2755143 10542424
36757017 10542520
36757018 10542586
36757019 10542587
36757020 10542624
36757021 10542691
36757022 10542709
36757023 10542748
36757024 10542752
36757025 10542758
29104478 9983243
2760797 10542792
36757026 10542802
29203902 10542875
36757027 9983324
36270658 10542944
36757028 10542944
36757029 10543012
2755964 10543013
36757030 10590821
36757031 10037934
36757032 10543015
36757033 10543016
36757034 10037935
36757035 10543018
36757036 10543019
36757037 10543023
36757038 9584210
36757039 10460894
36757040 10543401
36757041 10543431
29011449 10543459
36757042 10543606
36757043 10543607
36757044 10543718
36271149 10461070
22290536 10543937
2758573 10543947
22291720 10543970
36757045 10544069
29159677 10544071
36757046 10544077
36757047 9585133
36757048 10544082
36757049 10544085
36757050 10544089
36757051 10544094
2757953 10544095
36272312 10544097
36757052 10544099
36757053 10544100
36757054 10461150
36757055 10544104
36757056 10544105
36271181 10544106
36757057 10544110
36757058 10544112
29234102 10544113
36757059 10544114
36757060 10544116
36757061 10544117
36757062 10544120
36757063 10544122
36757064 10544123
36757065 10544128
2759697 10544129
36757066 10544130
29061854 10544132
2756596 10041907
36757067 10544133
36757068 10544134
36757069 10544136
16248158 10544137
36757070 10544140
36757071 10544142
36757072 10544144
36757073 10544145
36757074 10544147
36757075 10544149
36757076 10544152
36757077 10544153
36271106 10544154
36757078 10544154
36757079 10461156
36757080 10544156
36757081 10544157
80999 10544159
36757082 10544160
36757083 10544162
36757084 10544166
36757085 10544168
36757086 10544169
36757087 10544175
36757088 10544179
2757077 10544180
36757089 10544184
36757090 10544186
36757091 10544189
36757092 10544190
36757093 10544197
36757094 10544198
36757095 10544200
36757096 10544201
36757097 10544202
36757098 10544205
16211840 10544207
36757099 10544213
36757100 10544215
36757101 10544216
29250768 10544217
36757102 10544218
36273026 10544219
36757103 10544221
36757104 10544222
36757105 10544224
36757106 10544239
29011314 10544240
36757107 10544241
2760911 10544242
36757108 10544243
36757109 10544244
36757110 10544246
36757111 10544247
2759879 10544249
36757112 10544250
36757113 10544251
2754148 10544252
36757114 10544253
36757115 10544254
2760421 9585351
36757116 10544256
36490773 9985887
36757117 9985899
12168779 10544265
36757118 10544268
36757119 10544269
36757120 10544271
36757121 10544273
36757122 10544275
36757123 9585388
36757124 10544295
36757125 10544296
29061536 10544307
36757126 10544314
36757127 10544315
10683532 10544316
17223795 10461176
36757128 10544322
36757129 10544325
36757130 10544326
17203017 10544333
18620980 10544336
36757131 10544338
16248256 10045179
15833439 10544341
36757132 10544342
36757133 10544344
36757134 10544345
36271378 10544346
36757135 9585494
36757136 10544347
36757137 10544348
18239227 10544349
36757138 10544351
14583957 10544352
18242813 10544354
36757139 10045187
18250673 10544358
36757140 10544360
15833470 10544361
36757141 10544362
12037210 10544363
14583966 10544364
36757142 10544365
18245008 10544366
36270458 10544367
36757143 10544368
36757144 10544370
18240381 10544371
36757145 10544372
36757146 10544374
18241150 10591012
36757147 10544376
21161496 10544378
36757148 10544381
14583926 10045195
15833454 10544383
36757149 10857520
36757150 10544384
36757151 10544385
14583922 10544386
36757152 10544388
36757153 10544390
29216323 10544391
22294975 10544395
18243013 10544405
18239284 10045200
36757154 10544406
18250195 10544407
36757155 10544408
36757156 10544410
36272914 10544414
36757157 10544415
36490775 10544420
36757158 9585565
2758528 10544421
36757159 10544426
3919689 10544428
36757160 10544433
29013682 10544435
36757161 10544436
36757162 10544437
36757163 10461216
36757164 10544444
36757165 10544454
36757166 10544457
36757167 10544458
36757168 12521385
36757169 10544463
36757170 10544464
36757171 10544472
36757172 10544474
36757173 10544483
36757174 10544487
36757175 10544488
36757176 10544489
36757177 10544495
36757178 10544500
36757179 10544503
36757180 10544507
36757181 10544508
22287541 10544513
36757182 10544517
36757183 10544526
11808193 10544530
36757184 10544531
36757185 10544538
36757186 10544539
29061861 10544546
36757187 10544549
11601377 10544559
2757384 10544562
36757188 9987835
36757189 10544575
36757190 9987856
36757191 10544585
36757192 10857616
36757193 10891269
36757194 10857617
36757195 10591025
29011511 9585703
36757196 10857623
36757197 12188741
36757198 10857667
36757199 10591037
36757200 10857737
36757201 10857753
36757202 10591043
36757203 12521388
36757204 10591047
36757205 10591049
36757206 12521389
36757207 10857908
29055476 9988090
2757923 9988100
36757208 9988114
36757209 10857976
36757210 10591054
36757211 9988135
36757212 12521390
36757213 10045304
78478 10591057
29179175 12521391
36757214 10858140
36757215 10891307
36757216 10891339
36757217 10591070
36757218 9988315
2758081 10045312
36272167 10858200
29061506 10858201
36757219 9988456
29261496 12242722
36757220 10591074
36757221 9988460
36757222 10858204
36757223 10591085
36757224 10591087
36757225 10858205
36757226 12521393
36757227 10591092
36757228 10858211
16249156 10858213
29004816 12188745
36757229 10858217
29003908 10591106
36757230 10858219
36757231 10858220
36757232 10858224
36757233 10591107
36757234 10591111
17223421 10858229
36757235 9988630
36757236 9988712
29159329 9988716
36757237 10591121
20071747 9988718
36757238 10591122
36757239 10591123
11809397 10591126
36757240 10591127
29023939 10591128
36757241 10858234
36757242 10591130
36757243 10591131
36757244 10858235
36757245 12184619
36272369 13611296
36757246 13611296
36757247 10858237
36757248 10858238
36273180 9586016
2757063 10858243
36757249 10858244
15804164 12188749
29160230 12188749
36757250 10591135
22290973 12188750
36757251 12188751
36757252 9586042
36757253 10858245
36273244 10591137
36757254 12188752
36757255 10858246
14596510 10858249
36757256 9988787
2756188 13818849
36272896 10858261
36757257 10892032
36757258 10591146
36757259 10591149
36757260 10591153
29011319 10858265
36757261 10858270
36757262 10858272
36757263 12188755
29201290 10858280
36271370 12820621
11886992 10858293
36757264 10591167
12460984 12242794
36757265 12188760
36271659 10858294
36757266 10858296
2760952 10858297
36757267 10544622
36757268 10045410
36757269 10544634
36757270 10544640
36757271 10544642
36271127 10544646
29257444 10544648
36757272 10544649
29061552 10544653
36757273 10544656
29246897 10544659
36757274 10544661
36757275 10544662
36757276 10544664
2760185 10544665
36757277 10544667
36757278 10544669
36757279 10544670
35883712 10544672
36757280 10544673
36757281 10544676
36757282 10544683
17223430 10544695
36757283 10544696
36757284 10544703
36757285 10544705
36757286 10544706
36757287 9586272
36757288 10544717
36757289 10544719
36757290 9989382
36757291 10544725
36757292 10544726
36757293 10544728
36757294 10544731
36757295 9989412
36757296 10544734
25967845 10544739
36757297 10544745
36757298 10544748
17205261 10544751
36757299 10544751
36757300 10045452
36757301 10544757
29248330 10544758
2758047 9989517
36757302 9989519
36757303 10544760
2754791 10544762
36757304 9989523
36757305 10045458
36757306 9989557
29061554 9989559
36757307 10544766
36757308 9989563
36757309 10544769
36757310 10544772
36757311 10544778
36757312 10544787
36757313 10544788
36757314 10544789
2756274 10045470
36757315 10544797
36757316 10544800
36757317 10544805
22414955 10544808
36757318 10544811
36757319 10544812
36757320 10544829
36757321 10544837
2760074 10544840
22291415 10544841
36757322 10544848
36757323 10544851
36757324 10544858
36757325 10544869
36757326 10544871
14583952 10544872
14583928 10544874
14583931 10544875
18245047 10544876
15858648 10544877
22289934 10544878
36757327 10544879
14583939 10544880
14583919 10544881
36757328 10544882
36757329 10544883
14572394 10544886
14557730 10544895
36757330 10544895
36757331 10544897
36490781 10544908
36757332 10544913
2758055 10544919
36757333 9586452
36757334 10544926
36757335 10544931
14576682 10544932
14583945 10544934
36757336 10544937
36272266 10544944
29003202 10544944
29003199 10544945
36757337 10544950
36757338 10544951
36757339 10544955
36757340 10544960
36757341 10544961
29173249 10048277
36757342 10544971
36757343 10048279
36272243 10544977
36757344 10544978
20496051 10544979
36757345 10544980
36757346 10544988
36270977 10048285
29248833 10544990
36757347 10544991
36757348 10544993
17224689 10544995
36272375 10591208
36757349 10544996
36757350 9989984
36757351 10544997
15833447 9989990
36757352 9989992
36757353 10544999
36757354 9989994
36757355 9989996
36490783 9989998
36757356 9990012
36757357 10545001
36757358 9990020
36271993 9990022
36272763 9990036
36757359 10545003
36757360 10545005
36757361 10545006
36757362 10545007
15833459 10545009
29173259 10545011
29053157 10545013
36757363 9586528
36757364 10545017
2761148 10545023
36757365 10545024
36757366 10545025
36757367 10545026
36757368 10545027
36757369 10545028
36757370 10545029
36757371 10545030
14572338 10545032
36757372 10545032
36757373 10545036
29159331 9586555
36757374 10048309
36757375 10545049
36757376 10545052
36757377 10545053
36757378 10545054
36757379 10545059
36757380 10545060
36757381 10545061
29136744 9990531
36757382 10545079
36490785 10461556
36757383 10545321
36757384 10545526
77921 10048480
36757385 10461645
10453682 9992097
2757800 9992158
2757895 10461701
36757386 9992439
36757387 10546150
36757388 10546159
36757389 10546159
36757390 10461729
36757391 10461729
10171499 10546181
29011375 10461732
36757392 10546205
36757393 10546252
18237854 10546252
36757394 9992884
36757395 10547461
29159567 10547685
36757396 10547885
36757397 9588949
36757398 10548620
15046190 10548754
29179192 10548763
36490788 10548773
36757399 10548784
36757400 10548785
36757401 10548790
36757402 10548797
2760509 10548863
36757403 10548873
36757404 10548878
29241000 10548883
18069507 10548899
36757405 10548909
36757406 10548921
36757407 10100971
36757408 10104720
36757409 10462158
29011446 10548953
36490790 10462162
29006138 10548988
29261495 10549004
29004037 10549013
36757410 10549080
36757411 10549087
36757412 10462199
36757413 10549107
36757414 10549115
36757415 10549125
36757416 10549144
36757417 10549151
15817186 10549156
36757418 10549187
15104175 10549197
29011370 10462216
36757419 10549204
17212872 10462243
22294654 10549260
36757420 10549269
22290975 10549309
14580929 10549325
36757421 10549335
22290970 10549346
36757422 10549357
29061595 10462309
36757423 9997525
29160218 10549651
77827 10549657
