15121845 10590231
15142330 10532617
15146330 10458067
15259500 10532667
15146333 9571145
15109573 10532725
15106359 10019462
15106556 10533029
15106558 10533129
36975367 10533170
15138718 10533177
15138729 10533186
15106348 10020909
30519886 10533198
30517371 10533219
15138728 10533240
36975368 10533284
15115645 10533301
15138421 10533340
36975369 10021510
15106560 10533373
20543419 10533374
15138493 10533389
14921874 10533403
1139546 9571860
15106482 10458070
36975370 9964664
36975371 10533530
15115714 10458071
15138679 9964686
15143386 10533644
36975372 9964828
36975373 10533699
15122479 10458075
10468048 10533729
14922321 10533738
14922322 10533759
14922320 10533778
15258812 10533816
36975374 9965031
15130871 10458076
15116631 10533978
15116751 10534002
15256128 10458077
15259060 10534019
15259061 10534036
36975375 10534062
15259570 10534079
36975376 10534105
1778750 10458078
28660430 10534120
28660787 10534146
15116731 10534174
36096501 10534202
15106237 10534230
22143543 10534231
36095962 10534253
15126038 10534281
36975377 10534307
22145852 10534326
15106236 10534346
36096355 10534347
36975378 10534370
22140874 10534395
22129931 10534409
22143523 10534427
15116371 10534447
15130841 10534448
22130448 10534449
22129923 10534465
22143536 10534475
29267388 10534501
22150360 10534520
1137444 10458079
36096249 10590416
36975379 10534551
36975380 10534578
15256056 10534606
15256692 10534629
15116609 10534654
15258599 10534655
22142825 9965832
20071482 10534701
22150583 10534730
15258707 10534738
36975381 10534739
22150370 10534751
21035928 10534776
14741686 10534828
36975382 10534877
15116606 10534959
12612779 10534960
36975383 10534987
15115103 10535007
36975384 10535037
36975385 10535064
15258512 10535089
36975386 10535090
36975387 10535118
25941375 10535172
21428868 10535196
2332676 10535218
33287356 10535219
18488748 10535255
36975388 10535294
15255459 10458083
36975389 10535320
36975390 10535378
15178569 10535399
18488714 10535420
15197134 10535438
15149044 10535458
12228298 10535477
15116375 10535499
15258420 10535500
15255508 10535577
12231653 10535578
12224779 10535646
12229047 10535666
1135898 10535686
15116386 10028175
15252607 10535789
15259744 10535868
15116612 9575045
36975391 10535912
15116672 10535942
15258925 10535966
2508510 10536023
36975392 10536073
36975393 10536100
15197668 10536154
36975394 10536155
16357758 10536187
15194688 10536256
14922995 10536258
14924581 10028194
14924580 10536310
15256010 10536391
22209394 10536533
1137426 10536639
29262839 10536727
15194954 9966932
29263434 10536777
15255077 9967045
22128370 10536825
29263409 10536876
29263359 10536907
15116787 10458094
36975395 10030390
15149047 10536980
1143669 10458095
15127194 10537037
15117191 9967275
15133319 9576366
15133543 10537100
15122778 9967313
15258899 10458099
29267462 10537161
23922093 10537189
1995558 10537220
15258967 10537250
15116808 10537311
15259956 10537335
15187553 10537388
1139352 10537418
35768472 10537440
15187555 10537468
2580399 10537495
36975396 10030935
15175993 10537606
15138614 10537636
15138412 10537659
16209357 10031075
15116777 10537715
15116054 10031147
15287016 10537744
15149253 10537776
16203508 9967651
2044232 9967685
15123187 10537843
15311317 10031372
12228300 10537844
12234780 10537869
12236496 10537886
12235117 9967719
12232554 9967741
1722880 10537943
12232963 9967757
12229176 10537963
12234256 9967827
12232503 9967868
15139376 10538044
12233669 10538045
12235297 10538068
12220911 10538092
12232975 10538105
15139377 10538119
12234939 10538121
1982145 10538132
1982147 10538157
12228816 10538180
10465737 10538208
12238438 10538234
12238763 10538262
12229373 10538295
12224876 10538324
12230239 10538341
15248823 10538354
12232315 10538355
12234676 9577691
12232987 10538404
12231647 10538427
12232610 10538450
1982890 10538479
12233049 10538492
12236999 10538511
12228899 10032930
12234143 10538548
14740461 10538577
12233147 10538578
12239255 10538603
1798684 10538625
12231735 10538649
12232584 10538668
14740396 10538685
12232239 10538686
12231456 10538709
12232973 10538728
12232895 10850423
12224320 10538782
1785682 10538803
1963894 10538804
1943141 10538832
12230080 10538881
15276809 10538922
15252774 10458130
12235570 10538941
12233129 10538963
12235572 10539002
2580223 10539020
12237079 10539021
12233022 10539046
15280407 10539074
15116110 10539092
15252285 10539108
14925108 10539132
15116409 10539133
15116149 10539183
15116133 10539212
16209365 10539241
1153725 10539257
3616036 10539258
15116091 10539285
15116128 10539308
15116057 10539327
15130378 10539356
15185974 10539383
2298436 10539384
36975397 10539408
15178195 10032951
27566079 10032952
36975398 10539494
1785001 10539520
14923090 10539521
15178187 10539548
15285018 10539581
15280465 10539613
36975399 10539638
2022938 10539666
15145997 10539667
17265881 10539692
15145996 9969208
17265899 9969283
15146155 10539823
15146242 9969320
1143064 10539894
15190807 10540005
15146300 10540006
17266090 9969569
17265884 10032970
15146275 10540056
22132575 10540075
2480599 10540093
15146013 10540128
15146119 10540148
15146301 10540157
15146296 9969678
1932288 10540192
15146271 10540234
17265905 9579972
15146160 10540279
22301106 10540303
22301839 10540323
17265962 10540368
15145951 10540385
15177867 10540406
15146270 10540436
2468414 10540456
15115154 10540457
36975400 10540485
15130575 10540500
36975401 10540509
15254494 10540525
36975402 10540542
15130586 10540557
15130660 10540587
36975403 10540623
36975404 10540634
15197474 10540646
15197758 9970272
15197751 9970380
15197310 9970423
15197179 10540722
15197205 9970481
15197753 10540755
15197311 10540774
15197143 10540797
15133491 10540839
36975405 10540840
15197171 10540863
15194710 10540890
14923008 10540928
15247629 10540942
15251498 10540943
15194800 10540944
14923007 10540966
15194711 10541008
15194707 10541034
15258898 10541057
15185859 10541072
15305775 10850619
1143246 10541117
1794960 10541129
15256367 10541150
1110160 10541151
14740425 10541168
15252501 9970842
15185792 10541216
15130980 10541238
15256975 10541251
15311294 10541269
15311324 10541283
15311385 10541304
15109707 10458148
21310082 9580670
15260010 10541341
15133884 10541360
36975406 10541380
36975407 10541400
15121527 10458149
14740505 10541420
15116722 10541440
15116648 10541465
15121538 10541475
15116647 10541476
21440864 10541488
15123155 10458151
21435561 10541492
36975408 10541494
36975409 10541496
15123167 10541501
15259129 10541506
36975410 10541508
15255953 10541512
15116584 10541513
10468047 10541516
15259783 10541518
28992447 10541519
11999497 9971557
10588029 10541523
15113864 10541524
1829954 10541535
12237481 10541549
12240814 9971563
15194712 10541596
15194713 10541622
15256344 10458154
15138436 10541632
15138468 10541649
12239899 10541673
12238788 10541697
15146300 10541724
15252772 10458157
17265961 10541749
15197119 10541768
15134223 10541774
15134156 10541795
15187545 10541817
10466142 10541843
15210620 10541867
15116142 10541917
15210622 10541932
15210617 10541954
15115707 10541968
15210625 10541988
15210597 10541996
15210623 10542000
15210618 10542001
15210619 12183993
15210624 10542004
15210621 10542006
15116089 10542008
1146330 10542010
15210592 9972579
15210593 9972607
15210589 9972623
15210590 10542016
15210591 9972645
15210595 9972655
15210594 10542019
15210596 10542021
15210517 9972699
15197091 10542024
15197382 10542026
12225437 10542030
12232047 10542032
12234550 10542034
12239209 10542036
12231751 10542038
12238884 10542040
12235053 10542042
1152835 10590747
15116379 10542044
15256011 10458169
12230643 10542045
12231125 10542047
12231666 10542050
12232119 10542052
12238318 10542054
15194645 10542056
15115677 10542057
15115684 10542059
15134098 10542063
12232983 10542064
15256857 10542066
12230243 10542069
12238792 10542071
15185862 10542073
15197484 10542075
15256040 10542078
15258915 10542079
15258951 10542082
15260008 10542084
15259894 10542086
15258930 10542087
15256088 10542090
15260055 10542091
15259050 10542093
15258945 10542095
15260069 9581322
15259594 10542099
15255946 10542101
15260054 10542102
15258959 10542105
15259357 10542107
1992458 10542109
15259509 10542111
10465236 10542114
1812015 10542115
1895297 10542117
15114759 10542119
15114664 10542121
15115070 10542124
15255235 10542127
15115016 10542128
10469580 10542130
15114870 10542132
15114734 9581409
1907549 9581413
1787230 10542135
1895030 10542136
15114780 10542138
15114763 10542140
15114977 9974465
13680189 10542143
15256537 10542146
1902723 10542147
10485123 10542148
15114974 10542149
16354812 10542151
1705996 10542152
15311479 10542155
16355680 10542156
16360077 9974950
12530066 10542159
10485177 9975058
1134886 10542162
12533563 10542164
12529498 10542167
12529383 10542170
12546636 10542172
12547761 10542174
15116542 10542176
12528980 10542177
12529581 10542179
12547768 10542181
12529401 10542184
12548213 9975298
15116614 10542186
12532206 10542187
1836847 10542190
12530450 10542192
12529366 10542194
12528944 10542196
10485179 10542198
12532636 10542199
12531350 10542201
12528481 10542203
12534203 10542205
14925004 10542207
15258817 10542209
12239817 10542210
15138495 10542212
15258970 10542216
15256119 10542220
15273605 10542221
1707813 10037682
21438982 10542224
15288905 10542226
22144417 10542229
15257785 10542231
15273513 10542232
15273835 10542234
15256757 10458190
15305066 10542251
10485012 10542253
15115290 10542255
15273858 10542259
14923396 10542261
15113862 10542265
15256075 10458192
15258274 10542274
14740500 10542285
15196571 10542294
15256913 10542303
15116225 10542313
15253125 10542325
15156929 10542333
15273842 10542335
15273843 10542338
15273556 10542339
15273856 10542341
15133843 10542343
22285452 10542345
1794053 10542347
22131627 10542348
20071225 10542351
22134148 10542353
22139969 10542357
15192005 10542359
22129006 10542360
29262143 10542362
2419331 9979197
15138666 10458200
24055790 10037720
15119005 10542377
15258818 10458202
15119182 10542381
15273466 10037725
29263081 10542387
15258819 10542392
29264016 10542395
1854470 10542397
15257347 10458205
27117616 10542403
15118995 10542405
29263008 10542410
15148968 10542412
29262630 10542413
11905804 10542417
15197085 10542424
15293139 10542425
12236644 10542434
15197135 9582190
12225628 10542438
15257223 10542445
1144662 10542454
15197694 10542465
15260253 10542476
15248361 9981070
15255466 10542477
15197087 10542501
15197707 10542509
15185858 10542520
15258234 10542541
1142195 10542554
2003233 10459346
1140747 10542575
15255930 10542586
1139849 10542587
15146865 10542624
15148904 10542655
15148905 10542667
15258566 10542691
12230008 10542709
12243442 10542719
12213930 9983211
12215550 9983213
15256695 10542749
15116145 10542761
36975411 9583453
15116390 9983243
2419337 10542792
15254242 9983245
15256003 10542802
1973343 9583684
12214040 10542822
1716992 9583754
15252783 10542843
15256009 9583833
15256591 10542863
15245195 10542875
15130538 10542887
15258891 10542899
15242701 9583969
15130554 10542909
15253313 10460489
15258411 9983322
15249339 9983324
15256060 10542944
15252326 9983328
15197086 9983330
15257945 10542976
15111196 10542985
1846829 10542993
15257634 10542994
15258880 10543004
15197719 10543014
15257856 10543022
15252312 10543033
15258816 9584181
15258851 10460717
27793951 9983363
15197672 9584199
12227119 10543087
15116389 10590838
15113863 10887338
12224082 9584210
12229651 9983414
12227504 10543137
12242962 10460840
12228007 9584235
12231877 10460890
12226965 10543176
12223787 10543187
15255396 10543197
12226059 10543198
12224638 10543208
12228785 10543218
12233145 10041647
12232402 10543239
12221529 10543249
12232253 10543261
12223451 10543271
12246874 10543297
1144628 10460894
12226967 10460932
10465736 10543327
12234553 10460942
12222713 10543345
12226907 10543354
1793109 10460951
12224741 10543381
15255948 10543389
1993017 10543401
1993005 10460965
15255969 10543413
15134307 10460981
15134306 10543431
15255872 10543440
15255974 10460989
1140906 10543459
15109490 10543470
15116284 10461007
15116409 10543491
15158643 10461025
15146290 10461032
15146339 10041733
1142275 10543532
15106476 10041745
15146056 10461039
15106349 10543560
15146191 10543573
15177867 9584616
15146030 10543594
15106623 10543606
15117820 10543607
15106494 10543618
15146014 10543629
15177862 10543638
15177865 10543649
15177868 10543660
15151194 10543671
15177871 10543683
15177861 9584708
15179618 10543706
15257341 10543717
812113 10543718
15146190 10543729
15255998 10543739
15258895 10543751
15256054 10461070
15256726 10543772
15256742 10543784
15255979 10543797
15255964 10543810
15256542 10543821
15254465 9984613
12227127 10543841
12225641 10543852
12230798 10543864
12221524 10543875
12230237 10543888
1143457 10543901
12225630 10543914
12225826 10543924
12234254 10543937
15252043 10543947
12230111 10461107
12227348 10543960
1947443 10543970
12216374 10543982
12228920 10543993
12231733 10544004
12224896 10544016
12224095 10544024
12227129 10544040
15253883 10544050
12227172 10461125
15116621 10544058
12230783 10544069
2438811 10544081
12215506 10544092
12214070 10461150
1848950 10544111
15256558 10544133
15256408 10544144
15116410 9985637
15138698 9985639
15256002 10461156
15257135 10544179
1855613 10544192
15256747 10544203
15252628 10544214
15258088 10544225
15256629 10544248
15252788 10544257
15248607 10461168
15210530 10544276
15244056 10461173
15210510 10544299
15256548 10045170
15255965 10461176
10466142 10544329
15133132 10544340
15254848 10461185
15210559 10461186
15138665 9987362
15210527 10544369
15254964 10544380
15258592 10544392
15210727 10544404
15210758 10544413
15210761 10461215
15210747 10544434
15254965 10461216
15255000 10544456
15258102 10544467
15255317 10045223
15257899 10461219
15210730 10544491
15254943 10544502
15252148 10544512
15248555 10544523
1135756 10544534
15255699 10544545
15210547 10544557
15210543 10544569
14740491 10544584
12229608 10461231
12227611 10544587
12228207 10544588
15114138 10544590
1144572 10544592
14923789 10544593
15257806 10544594
14923191 10544595
15252760 9988176
15255460 10544596
15255417 10544598
15255418 10544599
15258685 10544601
15258622 10544602
15258825 10544603
15255439 10544604
15258828 10045336
15257097 10544606
1794960 10544607
14441057 10544608
1135789 10544609
12230235 10544610
15256580 10544611
1841073 10544612
15124448 10461246
15124434 10544616
15124445 10544617
15273126 10544618
2515169 10461251
15112786 10544620
15106313 10544621
14921875 10544622
12225626 10461257
22145996 10544633
10469747 10544644
12215513 10544666
15194610 10544678
22135308 10544688
15194611 10544699
12002777 10544710
15148476 10544720
15174198 10544729
2580771 10544730
15272035 10544754
15272209 10461317
15272682 10544766
15125400 10461347
15273327 10461373
1141917 10544802
1141915 10461396
15271570 10544826
15273095 10544838
15273101 10544849
15270429 10544859
15270487 10544870
1136941 9586429
1122265 10544905
15272011 10544916
15256426 10544926
10200848 10461400
15272071 10461406
1135077 9586486
1139625 9586499
15272132 9989988
15272268 9586520
15106254 9586528
15272816 10461431
15271361 9990143
15272797 10545037
2014448 9990456
15190124 9990523
15124527 10545084
15124523 9586599
15124526 10545104
15108550 10545112
10468685 9990582
15124569 9990606
12010274 9990639
15271974 9990661
15273399 9990699
15124575 9586675
2361731 10461473
15124577 10545196
15124568 10461474
10470297 10545216
15271406 10461503
15272065 10048379
15261562 10461554
10470316 10461556
15273454 10461557
15273276 10461559
1982471 10461569
15271967 10048392
1144188 9586837
2482604 10545377
15112790 10545447
15112789 10545459
15112795 10545470
15112630 10545482
15112788 10545493
15112807 10545501
15112792 10545515
15138657 10545526
15112791 10461587
15112816 10545537
15112576 9587054
15112787 10545555
15273405 10545568
15273299 10545580
15273355 10545590
1914190 10545612
15108548 10048480
15124551 10461605
15124552 10545644
15271097 10545655
15124502 10545664
15272134 10545673
15271410 10545680
15273457 10545701
15124503 10545713
15108549 10858306
15124546 10461623
15273293 10461629
15271991 10545810
15123020 10545821
15116423 10858307
15273402 10461640
1923825 10545850
15272352 10545860
15138678 10545933
15273419 9992076
15118962 9992140
1947374 10546010
12218520 10546043
15272584 9992416
15273298 10546088
15272471 9992418
15272563 9992439
15272564 9992473
15177889 9992477
15273411 10546140
1772346 10546150
15273254 9992527
14923832 10546159
14923833 10461729
14923329 10546181
14923330 10461732
14921890 10546205
14921938 10546217
15272862 10546229
15269482 10546240
15272770 10546252
12222971 9992716
15270372 9992718
15272664 9992742
15270085 10546284
15270468 9992796
22279350 9992824
15270550 10546315
15272951 9992884
15273450 9992892
15270439 9992932
1939122 10546357
1143165 10546367
15272758 10461800
15272759 9992996
15270845 10546392
15273317 10546402
15270463 10546414
15272615 10546424
15272601 10546436
15272614 10461801
15272189 10461802
15272945 10461808
2014503 10546475
15272865 10546476
22142047 10546488
15273069 10546500
15273403 10546585
12224324 9587823
15272359 10546596
15124550 10461837
15124447 10546655
15273840 10461839
15271504 10546688
15272987 10546699
12223789 9993547
15112585 10546711
15118970 10546718
15272767 10546728
15119181 10546749
15272459 10546758
15122549 10546769
15272504 10546791
12225603 10546813
15272358 10461843
15272537 10546831
15272484 10546839
15272518 10546860
15272538 10546868
15272616 10461846
36975412 10546889
15116373 10546911
12220217 10546912
30518167 10461857
29267180 10546976
29267154 10546987
20473108 10546998
29267182 10461859
12221933 10547020
22332975 9993643
12226474 10547127
12238780 10547211
15155089 10547302
15171979 10547313
12220895 10547354
12225842 10547461
1144595 10547569
36975413 10547604
12238057 10547637
12216619 10547685
21539139 10547695
36975414 10547707
36975415 10547737
15115634 10547788
15197384 10461926
22332799 10461959
15311241 10461961
15117746 10547885
15152060 10461966
15258404 10547983
15106559 10547984
15152454 10548042
15155197 10462027
15152251 10462042
4008761 10548103
15155329 10548124
15155423 10548144
15106212 9588949
15259378 10462072
15121575 10548237
15261599 10548279
25951075 10548322
36975416 10548335
15106358 10548356
36975417 10548391
25951001 10548427
15146332 10548444
15115269 10548445
15115227 10548475
28992504 10548494
15115400 10548516
15106374 10548528
15115251 10462113
15115263 10548551
15115216 10057055
15115267 9996299
15106371 10548620
20071383 10548621
15115217 10548642
15115268 10548654
28991727 10548668
15115229 10548688
15146331 10548707
15116238 10548717
36975418 10548737
36975419 10548773
15151183 10548785
36975420 10548787
28767474 10462150
15115796 10548852
15116391 10057067
15151184 10548873
36975421 10462151
15115756 10548878
28765828 10548890
1745532 10548909
15115880 10100971
15261586 10548950
28766406 10462158
36975422 10462162
28765845 10462164
28765847 10549004
15109567 10549022
28767269 10462189
15115878 10549041
15130716 10549080
15130625 10549088
15106480 10549107
15130629 10549108
15130571 10549125
15130689 10549144
36975423 10549156
36975424 10549177
15158651 10549197
10485095 10549222
15253309 10462234
15117821 10549269
15115631 10549357
15146329 10549432
15115635 10109557
22301034 10549602
15197343 10549623
15260104 10462482
