3880690 33360290
2132349 37873877
29222273 37873878
859554 33361071
5141111 37873879
37873880 37873881
37873882 37873883
1659927 37873884
13648332 37873885
36275213 37873886
31016479 37873887
10258567 37873888
10258705 37873889
10495022 37873890
1304292 37873891
37873892 37873893
22427214 37873894
37872134 37873895
22020325 37873896
22116894 37873897
21988465 37873898
37873899 37873900
22059847 37873901
1662422 37873902
17049549 37873903
21987377 37873904
843870 33363290
10497122 37873905
37873906 37873907
7710982 37873908
1286483 37873909
17224523 37873910
30253563 37873911
37872047 37873912
854848 37873913
1660291 37873914
927345 37873915
2634838 37873916
22099333 37873917
12164281 37873918
11896966 37873919
2635354 37873920
18035136 37873921
18035179 37873922
2664065 21270041
11897026 37873923
849137 33367335
37871935 37873924
17347128 37873925
30945740 37873926
2614516 37873927
22006830 37873928
2591980 37873929
840689 33368450
2600027 33368558
37873930 37873931
37872027 37873932
3774747 37873933
859326 33369329
37873934 37873935
22095332 37873936
1872077 37873937
17348012 37873938
22063663 37873939
22007780 37873940
37873941 37873942
22010911 37873943
22036889 37873944
22015875 37873945
618607 37873946
1405730 37873947
21999890 37873948
855150 33372662
22017242 37873949
22041039 37873950
22001019 37873951
21988414 37873952
1397809 37873953
477196 37873954
26100055 37873955
22034039 37873956
22010227 37873957
16253086 37873958
22007132 37873959
22042433 37873960
22027929 37873961
37873249 37873962
22010402 37873963
22065968 37873964
22061286 37873965
31081437 37873966
22025635 37873967
31088072 37873968
36863249 37873969
21966622 37873970
21986099 37873971
36859174 37873972
12660292 37873973
26100057 37873974
22077634 37873975
22084090 37873976
13779838 37873977
26004494 37873978
27793590 37873979
37873033 37873980
36855608 37873981
13771957 37873982
16431335 37873983
1064579 20003436
18023540 37873984
26045229 37873985
37873986 37873987
37873988 37873989
5028227 37873990
25961636 37873991
11872883 37873992
26036586 37873993
2753015 37873994
37873995 37873996
37873997 37873998
26033692 37873999
18035180 37874000
33373805 37874001
5028439 37874002
5031115 37874003
37874004 37874005
37874006 37874007
37874008 37874009
37874010 37874011
36725161 37874012
37874013 37874014
37874015 37874016
37874017 37874018
37873093 37874019
37874020 37874021
33373810 37874022
37874023 37874024
37874025 37874026
37874027 37874028
37874029 37874030
18035181 37874031
37873107 37874032
18035142 37874033
26045236 37874034
17046341 37874035
29068896 37874036
17349253 37874037
18035188 37874038
33373827 37874039
4915452 37874040
37874041 37874042
37873122 37874043
11881432 37874044
26004435 37874045
37874046 37874047
37873133 37874048
37874049 37874050
37874051 37874052
37873131 37874053
37874054 37874055
18103085 37874056
10864167 37874057
5028388 37874058
37874059 37874060
37874061 37874062
11897638 37874063
37874064 37874065
26045482 37874066
33373840 37874067
37873156 37874068
37874069 37874070
37873114 37874071
37873112 37874072
11903123 37874073
37873129 37874074
37873023 37874075
22075042 37874076
17349265 37874077
623505 37874078
22059178 37874079
10495842 37874080
31025659 37874081
37874082 37874083
37873048 37874084
9469945 37874085
22071342 37874086
37874087 37874088
2744248 37874089
11773365 37874090
22042305 37874091
22102506 37874092
15766460 37874093
428746 37874094
22025782 37874095
15768422 37874096
10497176 37874097
18035170 37874098
1286510 37874099
1786703 37874100
22027187 37874101
37873041 37874102
22075597 37874103
15940753 37874104
12679989 37874105
1077004 37874106
5132002 37874107
14993694 37874108
37873234 37874109
15735096 37874110
811460 37874111
15982496 37874112
21976796 37874113
22101372 37874114
31025895 37874115
31084205 37874116
340684 37874117
22027271 37874118
22000982 37874119
11841760 37874120
1191301 37874121
21988398 37874122
22069933 37874123
21999434 37874124
22017978 37874125
21978511 37874126
1286513 37874127
14764430 37874128
474918 37874129
10496836 37874130
3536303 37874131
10495593 37874132
408076 37874133
37874134 37874135
22031123 37874136
21995193 37874137
21980260 37874138
22065343 37874139
22020666 37874140
22024053 37874141
22051837 37874142
22016605 37874143
12172290 37874144
22065440 37874145
21982510 37874146
22017449 37874147
22044313 37874148
21991425 37874149
22033953 37874150
22020565 37874151
22051056 37874152
26100062 37874153
22004219 37874154
10496682 37874155
441914 37874156
1659396 37874157
26100064 37874158
22076741 37874159
21983136 37874160
37873259 37874161
3775255 37874162
37874163 37874164
31367253 37874165
938282 37874166
11903123 30498392
37873228 37874167
22036940 37874168
21999504 37874169
3775319 33385337
37874170 37874171
3903570 37874172
37872297 37874173
37874174 37874175
14846737 37874176
2616325 12458185
489683 37874177
21991085 37874178
33388052 37874179
24086698 33388307
26036642 37874180
22092532 37874181
1603118 37874182
1035552 37874183
86184 37874184
37874185 37874186
22013476 37874187
623151 37874188
623151 37874189
1282941 37874188
22045353 37874190
338992 37874191
22013457 37874192
26100066 37874193
22042527 37874194
16254228 37874195
29193650 37874196
21972818 37874197
21999789 37874198
22974300 37874199
21973080 37874200
21985840 37874201
22043813 37874202
195933 37874203
128066 37874204
477184 37874205
22032877 37874206
1330598 37874207
235938 37874208
10495612 37874209
10497505 37874210
22033075 37874211
22025935 37874212
849893 27297577
21985667 37874213
22068593 37874214
37872519 37874215
2651856 37874216
22020606 37874217
22042507 37874218
22010176 37874219
14466712 37874220
11903306 37874221
37874222 37874223
9464976 37874224
1088967 37874225
25965269 37874226
33392937 37874227
37874228 37874229
33392941 37874230
10464111 37874231
2542112 37874232
2636249 33393073
10494856 37874233
37874234 37874235
1505044 37874236
656066 37874237
10495436 37874238
1520269 37874239
10494621 37874240
10494682 37874241
1652047 37874242
10258594 37874243
26100070 37874244
22037990 37874245
37872485 37874246
22076713 37874247
860977 37874248
15843412 37874249
347113 37874250
7485567 36173025
203318 37874251
37874252 37874253
9465820 37874254
26039115 37874255
22025403 37874256
17354920 37874257
33397547 37874258
14804593 37874259
37874260 37874261
15029981 37874262
499276 37874263
22117489 37874264
22000249 37874265
22041422 37874266
22112366 37874267
22042402 37874268
2613112 20003724
37874269 37874270
10496332 37874271
22051702 37874272
22059063 37874273
22044308 37874274
37874275 37874276
3219281 37874277
194733 37874278
22004132 37874279
22024412 37874280
22042614 37874281
37874282 37874283
22007234 37874284
22010373 37874285
37874286 37874287
22066573 37874288
1664888 37874289
37874290 37874291
22032402 37874292
33406766 33406767
18488846 37874293
37872656 37874294
18035219 37874295
14595187 37874296
11844706 37874297
11904076 37874298
9467016 37874299
9462218 37874300
18035134 37874301
37874302 37874303
33406784 37874304
11854552 37874305
26000291 37874306
37872673 37874307
37874308 37874309
22040933 37874310
11717742 37874311
21984197 37874312
18073466 37874313
31031948 37874314
22027035 37874315
37874316 37874317
22103252 37874318
22096874 37874319
626737 37874320
22046344 37874321
22052389 37874322
37874323 37874324
3883491 37874325
21979140 37874326
22027964 37874327
855382 37874328
22033225 37874329
22045873 37874330
19345706 37874331
5184394 37874332
6318378 37874333
22113617 37874334
22071322 37874335
16555194 37874336
17357782 37874337
2643339 37874338
18035139 37874339
11904400 37874340
11886109 37874341
37874342 37874343
11904440 37874344
10495176 37874345
2634335 36173786
2685500 37874346
2652300 37874347
18151517 37874348
18035155 37874349
444914 37874350
21998326 37874351
22022780 37874352
9492428 37874353
33418839 37874354
22064374 37874355
21987984 37874356
22089220 37874357
36744101 37874358
841586 33419516
21975042 37874359
22362790 37874360
22011609 37874361
834287 37874362
2637636 37874363
854042 37874364
857297 37874365
18035172 37874366
840870 37874367
2614246 37874368
859316 37874369
6316834 37874370
29022130 37874371
11872632 37874372
22063674 37874373
1862962 37874374
11605305 37874375
22063472 37874376
26100079 37874377
22045095 37874378
22113654 37874379
10496676 37874380
22049487 37874381
15349737 37874382
10206991 37874383
862126 37874384
22034334 37874385
21990857 37874386
21984392 37874387
18059915 37874388
22070230 37874389
10590534 37874390
2602706 37874391
18035186 37874392
1950046 37874393
23944590 37874394
22070978 37874395
6867326 37874396
21991625 37874397
16236496 37874398
12630600 37874399
12664017 37874400
21992781 37874401
658531 37874402
37874403 37874404
22074965 37874405
20531125 37874406
29128340 37874407
22044589 37874408
19670067 37874409
15335435 37874410
22061703 37874411
37874412 37874413
22010288 37874414
22011391 37874415
1662274 37874416
22075524 37874417
3288092 37874418
412877 37874419
37872408 37874420
37874421 37874422
11848291 37874423
22416757 37874424
626220 37874425
37874426 37874427
22012314 37874428
22363679 37874429
22028714 37874430
22003501 37874431
26004431 37874432
37874433 37874434
22008973 37874435
22117872 37874436
1573116 37874437
22116037 37874438
22052918 37874439
37873817 37874440
10497584 37874441
18248519 37874442
205696 37874443
37874444 37874445
15766463 37874446
22013254 37874447
22026400 37874448
1110810 37874449
11657162 37874450
22037730 37874451
22016108 37874452
10495522 37874453
22053977 37874454
834148 37874455
2604968 37874456
2604975 20004140
374869 37874457
22079182 37874458
33438357 37874459
2605156 12458591
22005722 37874460
10377071 37874461
21979071 37874462
864913 37874463
262215 37874464
10495211 37874465
37873860 37874466
3618511 37874467
235143 37874468
16237030 37874469
1326883 37874470
37874471 37874472
1438739 33441996
247629 37874473
25970759 37874474
1091641 37874475
11879115 37874476
2605394 37874477
37874478 37874479
25965968 37874480
37874481 37874482
18102050 37874483
2630719 37874484
4040955 37874485
14618325 37874486
22026814 37874487
22037269 37874488
842478 20004246
18035135 37874489
18103083 37874490
466299 37874491
22049749 37874492
22974304 37874493
22063589 37874494
22057442 37874495
11909106 37874496
37874497 37874498
11909114 37874499
16237135 37874500
22030027 37874501
16237145 37874502
22041481 37874503
22048735 37874504
19636437 37874505
17371013 37874506
37874507 37874508
17021970 37874509
37874510 37874511
11909332 37874512
17208167 37874513
15746907 37874514
22068678 37874515
11744527 37874516
11575402 37874517
15757776 37874518
37874519 37874520
22073078 37874521
22022720 37874522
22042350 37874523
37874524 37874525
37874526 37874527
22012272 37874528
37872577 37874529
5141428 37874530
840704 20004278
21523803 37874531
22024460 37874532
22089091 37874533
37872588 37874534
22007827 37874535
37874536 37874537
33452251 37874538
22007488 37874539
37874540 37874541
22005098 37874542
22025091 37874543
22014591 37874544
10494897 37874545
22000481 37874546
22075154 37874547
18073459 37874548
22041044 37874549
835352 37874550
22041029 37874551
37874552 37874553
33452626 37874554
22035735 37874555
22059261 37874556
37872235 37874557
37874558 37874559
1277794 37874560
22075411 37874561
22044160 37874562
22113055 37874563
22037631 37874564
37874565 37874566
22065188 37874567
22053103 37874568
21490073 37874569
22030448 37874570
22013077 37874571
1665267 37874572
22015828 37874573
22040321 37874574
708157 37874575
22018823 37874576
21992387 37874577
22057493 37874578
22041516 37874579
27810610 37874580
21994076 37874581
22029988 37874582
22039835 37874583
21975175 37874584
1114331 37874585
10496580 37874586
1114443 37874587
1755402 37874588
22047202 37874589
37874590 37874591
16235892 37874592
22005318 37874593
10496394 37874594
10497285 37874595
37874596 37874597
37872339 37874598
21990201 37874599
21989119 37874600
11503668 37874601
22117498 37874602
37874603 37874604
37872344 37874605
36704261 37874606
9469749 37874607
1088969 37874608
1457027 37874609
993600 37874610
26100093 37874611
22010389 37874612
22055573 37874613
22000195 37874614
22114999 37874615
22004539 37874616
12600119 37874617
3393754 37874618
22082634 37874619
21968576 37874620
22032208 37874621
37874622 37874623
11568769 37874624
22034939 37874625
21856996 37874626
9478015 37874627
11469307 37874628
17205959 37874629
22017817 37874630
6844674 33458233
11910843 37874631
682424 37874632
22011332 37874633
22019234 37874634
22369096 37874635
22079117 37874636
22112977 37874637
37873556 37874638
22062495 37874639
26100098 37874640
22030307 37874641
891411 37874642
22046529 37874643
22095009 37874644
33459484 37874645
22061133 37874646
11848244 37874647
2634188 37874648
6844784 37874649
37874650 37874651
21984041 37874652
2644954 37874653
12638138 37874654
122605 37874655
254526 37874656
22020869 37874657
22020747 37874658
26100100 37874659
22043683 37874660
22039110 37874661
22022285 37874662
37874663 37874664
22057113 37874665
831203 37874666
26100102 37874667
22064285 37874668
22027255 37874669
16511813 37874670
30950171 37874671
22055596 37874672
22066280 37874673
37874674 37874675
2994886 37874676
37873315 37874677
640339 37874678
1658316 37874679
37873383 37874680
576177 37874681
10497184 37874682
2633593 33468341
22058989 37874683
855759 32760151
22001230 37874684
3916229 37874685
22017513 37874686
16450357 37874687
22070011 37874688
20531127 37874689
37874690 37874691
37874692 37874693
22052103 37874694
21978354 37874695
22076699 37874696
21984801 37874697
22035207 37874698
2182203 37874699
22049993 37874700
26004348 37874701
12684186 37874702
30642754 37874703
22068734 37874704
26100105 37874705
22058717 37874706
22024727 37874707
37873362 37874708
502997 37874709
22044419 37874710
1443020 37874711
22075111 37874712
22003824 37874713
22058651 37874714
37874715 37874716
22020015 37874717
22079202 37874718
1657161 37874719
22023308 37874720
22025852 37874721
21999059 37874722
22347012 37874723
10495283 37874724
22008305 37874725
10494957 37874726
33477876 37874727
16512760 37874728
10494634 37874729
22010433 37874730
541757 37874731
22072268 37874732
18100818 37874733
10495505 37874734
498874 37874735
22347012 37874736
36860693 37874737
21974022 37874738
700196 37874739
429052 37874740
168006 37874741
22042698 37874742
22043880 37874743
22030930 37874744
5142823 37874745
9023313 37874746
26100108 37874747
11620279 37874748
22049253 37874749
11913408 37874750
10496020 37874751
17205960 37874752
9461972 37874753
25968520 37874754
22061100 37874755
36869390 37874756
22069249 37874757
22052171 37874758
22036713 37874759
21905747 37874760
22059568 37874761
22031348 37874762
22065727 37874763
22072575 37874764
22003619 37874765
4239233 37874766
20531121 37874767
22046483 37874768
22046230 37874769
22032055 37874770
22037311 37874771
26100111 37874772
22034720 37874773
22117409 37874774
22060068 37874775
37872814 37874776
36698611 37874777
26100114 37874778
21966373 37874779
22013962 37874780
26100116 37874781
22017108 37874782
22043201 37874783
37872558 37874784
37874785 37874786
11866284 37874787
37874788 37874789
841409 20004670
22393816 37874790
37874791 37874792
22063495 37874793
22433268 37874794
22043874 37874795
37872830 37874796
22023126 37874797
37872810 37874798
37874799 37874800
22012227 37874801
19645526 37874802
22049178 37874803
3886267 37874804
22001067 37874805
22070647 37874806
22017418 37874807
11550623 37874808
22058501 37874809
4069273 37874810
22048227 37874811
26013643 37874812
10494880 37874813
2631189 37874814
36851370 37874815
18035232 37874816
2615611 37874817
37874818 37874819
22036004 37874820
19633403 37874821
37874822 37874823
15775896 37874824
12684368 37874825
37874826 37874827
22108501 37874828
37872920 37874829
22065037 37874830
2939471 37874831
22005858 37874832
22009416 37874833
22114924 37874834
22005643 37874835
37874836 37874837
26100123 37874838
22050576 37874839
37872884 37874840
503850 37874841
22035449 37874842
22047852 37874843
22034448 37874844
37874845 37874846
22065468 37874847
1444071 37874848
22062358 37874849
22011355 37874850
16515634 37874851
37872897 37874852
22031032 37874853
22060957 37874854
37872889 37874855
22044233 37874856
22060201 37874857
2692372 37874858
22055736 37874859
26004454 37874860
840627 20004813
22086353 37874861
22085120 37874862
2609980 37874863
5139228 33498776
22032082 37874864
11481276 37874865
22035410 37874866
36860700 37874867
15029549 37874868
12160373 37874869
37874870 37874871
2604050 37874872
1018515 37874873
22028459 37874874
12173027 37874875
10205462 37874876
11876307 37874877
856383 12459080
18035237 37874878
2632995 37874879
855184 37874880
37872962 37874881
21856827 37874882
22043375 37874883
22010034 37874884
15948168 23816022
37874885 37874886
37874887 37874888
639857 37874889
18503208 37874890
1367078 37874891
22032725 37874892
22043461 37874893
22013324 37874894
21999728 37874895
235599 37874896
22000424 37874897
21991269 37874898
26100127 37874899
22043767 37874900
37873487 37874901
22048616 37874902
22021848 37874903
37874904 37874905
11914706 37874906
26100129 37874907
11551466 37874908
18072625 37874909
15334764 37874910
22001586 37874911
20506369 37874912
22085369 37874913
37873468 37874914
3499002 37874915
18102051 37874916
22048106 37874917
321599 37874918
37874919 37874920
10496438 37874921
22061749 37874922
22073497 37874923
22082722 37874924
22401482 37874925
11529319 37874926
22047112 37874927
22050696 37874928
16253944 37874929
16583529 37874930
1457571 37874931
10496392 37874932
10312378 37874933
37874934 37874935
5135668 37874936
29689606 37874937
5134163 37874938
31358574 37874939
1018850 37874940
17331239 37874941
14456083 37874942
724204 37874943
1917743 37874944
1277904 37874945
273784 37874946
10495578 37874947
18056486 37874948
22006326 37874949
37873675 37874950
37873669 37874951
22038299 37874952
37874953 37874954
22021468 37874955
3637006 37874956
21979257 37874957
23958895 37874958
22067817 37874959
37874960 37874961
37874962 37874963
30917218 37874964
16253996 37874965
22102624 37874966
2629930 33516646
22047371 37874967
16517284 33517160
37873662 37874968
22026166 37874969
11646533 37874970
37874971 37874972
22102157 37874973
22064579 37874974
22031551 37874975
2012107 37874976
22036100 37874977
11551257 37874978
22063393 37874979
21989052 37874980
449042 37874981
2648452 37874982
21997713 37874983
384995 37874984
1550604 37874985
37874986 37874985
446591 37874987
1476146 37874988
1828956 37874989
3780905 37874990
22462625 37874991
33520923 37874992
22045925 37874993
18035174 37874994
5030822 37874995
21995471 37874996
22058575 37874997
37874998 37874999
16238416 37875000
10496322 37875001
26100134 37875002
22003735 37875003
22048275 37875004
15764125 37875005
10497012 37875006
5029364 37875007
26100136 37875008
22054720 37875009
22039471 37875010
22045418 37875011
22014936 37875012
37873617 37875013
2635255 37875014
1926677 37875015
37873626 37875016
16517345 37875017
16237871 37875018
2185798 37875019
21839060 37875020
22012210 37875021
37873628 37875022
22011414 37875023
10312386 37875024
1643801 37875025
22018267 37875026
22080636 37875027
7796394 37875028
5142074 33523762
12647027 37875029
22046145 37875030
37873388 37875031
37875032 37875033
22075914 37875034
5134875 37875035
2669005 37875036
2601030 37875037
2635756 37875038
37875039 37875040
36296899 37875041
36296904 37875042
15030031 37875043
22108374 37875044
22023564 37875045
22001525 37875046
17400249 37875047
37875048 37875049
22002550 37875050
21996415 37875051
6315735 37875052
18035240 37875053
22033456 37875054
1683234 37875055
22013785 37875056
329344 37875057
349473 37875058
18035184 37875059
17206072 37875060
22085841 37875061
10591132 37875062
844523 37875063
22047914 37875064
23966636 37875065
26100139 37875066
22032909 37875067
30969108 37875068
37873765 37875069
22069157 37875070
26013738 37875071
9471457 37875072
9492642 37875073
22045683 37875074
852959 37875075
181413 37875076
22043680 37875077
22049962 37875078
37875079 37875080
12680247 37875081
11659217 37875082
22039363 37875083
11848288 37875084
21982978 37875085
21987281 37875086
22039779 37875087
10258698 37875088
22078908 37875089
22069148 37875090
18073518 37875091
22008747 37875092
22008827 37875093
26100143 37875094
22095986 37875095
21967317 37875096
37872849 37875097
5138838 37875098
21981428 37875099
1672903 37875100
21993315 37875101
22048763 37875102
17049589 37875103
21982282 37875104
22031121 37875105
22077887 37875106
22065494 37875107
12191097 20005164
4165419 37875108
880461 37875109
2654629 37875110
1683274 37875111
22057637 37875112
37875113 37875114
916122 37875115
18153275 37875116
10203813 37875117
14794163 37875118
32811465 37875119
244017 37875120
33554903 37875121
2645595 37875122
849935 33555732
1351835 37875123
37875124 37875125
645904 37875126
223666 37875127
22027191 37875128
400646 37875129
172467 37875130
37875131 37875132
37875133 37875134
37872066 37875135
22037509 37875136
1114307 37875137
30862049 37875138
37873136 37875139
2628096 37875140
