11862807 37878950
14889628 13640386
12154333 37878951
12150142 37878952
14925339 37878953
12151185 37878954
15083811 37878955
11895855 37878956
10233808 12901151
18073370 37878957
5016735 37878958
5028107 37878959
14602074 37878960
14941053 37878961
12449477 37878962
9451736 37878963
19622467 37878964
18042750 34708928
14601574 37878965
2539189 37878966
17349488 37878967
25893411 37878968
2913031 37878969
12170294 37878970
21373425 37878971
12148055 37878972
10172035 37878973
17379020 37878974
21546422 37878975
17056931 13152587
5035967 9965895
17055608 13282653
11917168 13359055
17397616 13390351
21290315 37878976
18069547 21260161
17358594 34781212
5022187 13459980
16433603 37878977
12148457 37878978
12166093 37878979
13777643 37878980
3989317 37878981
12161719 37878982
10683579 13555436
5017788 37878983
21376523 37878984
17038575 37878985
14589665 19238404
12153813 32318668
2729385 37878986
869793 37878987
13270166 37878988
33772345 37878989
4165696 22610393
9533628 37878990
11874276 10539195
17057100 27629392
10683512 22623885
12150766 19240624
3425984 20939973
4041933 14362966
4466387 10539658
3888383 19240813
1704506 13660092
10860657 37878991
14902693 22629039
11858393 17898283
1872555 37878992
17896923 37878993
18029802 37878994
14569413 37878995
12155140 37878996
14580338 37878997
5034857 18385547
18095685 22651058
21413214 37878998
18091349 37878999
17897510 37879000
12191919 37879001
11887165 20942917
10861168 37879002
33772638 37879003
12169489 37879004
18043343 37879005
1697631 37879006
14811845 37879007
5007779 9972950
11917155 10036874
17028054 12422592
18101434 37879008
21305388 37879009
11889281 37879010
14601236 37879011
12157118 37879012
1944938 14339301
17050467 37879013
11896803 37879014
17897677 37879015
10213812 37879016
11906076 37879017
15832744 37879018
11904576 37879019
2544327 10542647
14989686 37879020
17038389 37879021
10685538 10037854
2587015 10542770
17024593 37879022
12174011 37879023
21343042 37879024
17355384 37879025
10687314 37879026
1376928 13818714
18034575 37879027
1948771 37879028
12149599 37879029
21322981 37879030
11905475 37879031
2649979 10543058
33771790 37879032
1809004 37879033
10684874 37879034
18098230 37879035
21297984 37879036
21267598 37879037
12166488 37879038
14901767 37879039
21310007 37879040
11905595 37879041
11877209 20683359
2545165 37879042
14900614 37879043
18086541 37879044
18064915 37879045
10681423 10543764
16414526 37879046
4242355 10543790
10680772 37879047
4486969 10544103
33771502 12521380
12149320 37879048
12170019 37879049
4005380 10544319
11903055 10857445
5040706 19231741
17049077 20995172
11861494 37879050
3143999 10544509
15328785 20738134
5037884 10857621
17896771 32038677
11919089 20061643
14942728 37879051
17028302 10544799
14535072 37879052
18615035 37879053
14941977 37879054
1825330 29266800
18110792 37879055
14928809 37879056
21325096 37879057
16543486 34946660
17056932 16146971
15844191 27646796
17030449 37879058
11848725 32072591
11859412 27600952
11914749 27602790
4538518 12244043
17028185 37879059
905384 12244823
10860489 32128983
11858916 37879060
12149492 37879061
17042031 19690718
12156256 32165999
18615033 14715131
18088937 13626387
14587720 14864958
10684814 21261361
10464299 13627809
17010624 37879062
14608440 37879063
17396716 37879064
3890526 10548443
884293 37879065
17049110 37879066
5033510 10548811
17365402 21082899
17360286 37879067
3215653 19692402
11870278 37879068
14926065 37879069
12150922 37879070
21417053 35048133
18089375 37879071
14601575 37879072
3668764 37879073
3648098 9997848
14896828 37879074
12169763 37879075
12150360 37879076
14565887 37879077
11904679 37879078
11876255 37879079
12445742 37879080
17895872 21262758
21262940 37879081
13785346 37879082
12157222 37879083
1639252 37879084
18056317 17003506
11887208 37879085
21263557 37879086
2664295 12594549
18074770 37879087
17345541 37879088
17345541 37879089
17345541 37879090
18037902 37879091
3916161 37879092
18497047 37879093
11841846 37879094
14601962 37879095
14928586 37879096
11894181 37879097
14568042 37879098
12148763 21265658
12148824 37879099
11903447 37879100
18109081 37879101
16541947 21498735
14902745 37879102
14925541 21424167
14590772 21267454
944839 12594596
10233459 37879103
2598868 37879104
5021377 23207266
21352824 37879105
5011645 37879106
10681425 37879107
4042260 37879108
5033659 37879109
13781698 37879110
12015195 37879111
17381703 21268205
18093384 37879112
3999433 37879113
14570307 37879114
14590938 37879115
18096360 37879116
17347231 37879117
1963431 21424814
4011928 37879118
11900203 37879119
17036595 37879120
4093549 21271087
21271483 37879121
18076317 37879122
37879123 37879124
21272269 37879125
14575137 37879126
10684976 37879127
14901869 37879128
4246882 37879129
11859468 37879130
17348079 37879131
5033278 37879132
33370738 37879133
5015769 37879134
18071536 37879135
33371593 37879136
10683662 21273694
12147352 37879137
10233705 37879138
13781577 37879139
16799629 37879140
11919557 37879141
18054311 37879142
33373450 37879143
18044151 37879144
17004595 37879145
18095038 37879146
10201217 37879147
10683081 37879148
14989721 37879149
11879459 37879150
12157536 37879151
17024147 37879152
11904635 37879153
4164456 37879154
12147989 37879155
14585924 37879156
12166638 37879157
17038158 21277780
14896104 21425838
14585219 37879158
14573227 37879159
3999898 37879160
12150364 21425921
27440758 37879161
14592320 37879162
4005101 37879163
10681722 37879164
18102564 37879165
18103856 37879166
33380754 37879167
1169075 32795455
17896838 37879168
18088246 37879169
12155761 37879170
16434380 37879171
21418178 37879172
37879173 37879174
10682315 37879175
12155585 37879176
21280230 37879177
14896118 37879178
10682595 37879179
18111667 37879180
18056220 37879181
18373440 37879182
3999496 37879183
17351595 37879184
5032374 37879185
11874819 37879186
2783621 37879187
21281863 37879188
14927677 37879189
15332684 37879190
13771528 37879191
14944865 21282039
12153657 37879192
10681767 37879193
37879194 37879195
973250 37879196
21282400 37879197
3996674 37879198
5017754 37879199
18392555 37879200
11903052 37879201
8392625 21284524
4911259 17145922
1872555 37879202
13614275 37879203
11878280 37879204
18085541 37879205
4101014 37879206
5011083 37879207
2203052 37879208
12161378 37879209
10683056 21427007
2651718 37879210
14597437 37879211
10683033 37879212
12149368 37879213
12151865 37879213
10685315 37879214
11870350 37879215
14553624 37879216
2654663 37879217
1816697 37879218
4326474 37879219
12159274 21287993
17035902 21288135
18107362 37879220
10682869 37879221
12545872 37879222
14618161 37879223
5036748 37879224
18107645 37879225
5036950 37879226
11888776 37879227
18087164 37879228
19562628 37879229
2577397 37879230
17056201 37879231
2901014 37879232
17040321 37879233
16798985 37879234
17049049 21289679
17049048 37879235
17355204 37879236
12150363 37879237
12159065 37879238
17355453 37879239
21290109 37879240
11903623 21427622
14587506 37879241
12169351 21507878
12169349 37879242
18107531 37879243
12160762 37879244
17005948 21290738
4007737 37879245
21403458 37879246
11896799 21290978
11874673 21427743
2720570 37879247
17027526 37879248
17357705 21293072
10463919 37879249
1157284 37879250
14594136 37879251
14896108 21294501
14461531 37879252
18035289 37879253
21295452 37879254
17052891 21296032
12169207 37879255
11903184 37879256
12161089 37879257
14926142 37879258
10859487 37879259
21420647 37879260
14420422 37879261
21297986 21297987
14599671 37879262
9447801 37879263
10457546 37879264
11846095 37879265
17011991 37879266
18055282 21298905
13781702 37879267
12148517 10561491
13781562 21299512
2726593 37879268
4015495 37879269
12174554 37879270
17896863 21300131
18115140 21300159
2592450 37879271
17025425 37879272
17360336 21512219
2656774 37879273
9449964 21512525
18094827 37879274
12168777 37879275
13785271 37879276
2718052 37879277
10682499 37879278
11877165 37879279
14939719 37879280
18106239 37879281
14599122 21302598
18063335 37879282
14537436 37879283
11881411 37879284
12169151 37879285
10464616 37879286
4005345 37879287
21301762 37879288
2640673 37879289
10464852 37879290
18059740 37879291
11895211 37879292
18035349 37879293
13778062 37879294
10682873 37879295
3943856 37879296
13771813 37879297
13786297 37879298
4040472 37879299
12159872 37879300
2907205 37879301
10682324 21429722
951542 37879302
13613334 37879303
14596672 13669623
4039446 37879304
17362661 21429769
18103849 37879305
2830905 37879306
9449523 37879307
4000033 37879308
10680249 37879309
14896826 21306083
3510658 21429973
2543305 21514282
21305983 37879310
10685363 37879311
11904731 37879312
12171444 37879313
12171436 37879314
12171443 37879315
12171439 37879316
12171440 37879317
12171441 37879318
12171438 37879319
12171442 37879320
12171445 37879321
4007213 37879322
975458 37879323
14466706 37879324
21306762 37879325
21445932 37879326
12163038 37879327
12160062 37879328
2581228 37879329
3565862 37879330
5029099 37879331
18100937 37879332
17328290 37879333
8458114 37879334
10680970 37879335
17364483 37879336
13781579 21309586
19623328 37879337
13785360 37879338
16433925 37879339
11876950 37879340
16437194 37879341
9561541 37879342
17365058 37879343
12170423 37879344
17365095 37879345
12162922 37879346
18104335 37879347
2581028 37879348
21311138 37879349
12160714 37879350
1951779 37879351
14916734 37879352
18106136 21430721
14581685 37879353
11877268 37879354
11850237 23183396
14902313 37879355
4007351 37879356
17365978 37879357
12151688 21312782
10682935 37879358
18394325 21312945
17038347 21312984
21310096 37879359
12166724 37879360
17007635 37879361
17366227 37879362
12541682 37879363
2540763 37879364
12168097 37879365
12167567 37879366
3999437 37879367
11905139 37879368
14891718 37879369
21431390 37879370
18104036 37879371
14889924 37879372
3999435 21316417
2663078 37879373
18107536 37879374
3999429 37879375
12157473 37879376
12012006 37879377
12012113 37879378
14553923 37879379
12018306 37879380
3203790 37879381
14944746 37879382
17024225 37879383
18062907 37879384
2544860 37879385
21318823 37879386
14582175 37879387
14902554 37879388
3192425 37879389
14902564 37879390
13766573 37879391
4006491 37879392
12164979 37879393
2598571 37879394
2719143 37879395
5011581 37879396
29190398 37879397
4015112 37879398
12147186 37879399
12161405 37879400
3564612 37879401
18060444 37879402
4452479 37879403
14925718 37879404
5028805 37879405
17394837 37879406
17398695 37879407
17037349 37879408
37879409 37879410
5035836 37879411
4129288 37879412
4071082 37879413
5015864 37879414
3252402 37879415
10465019 37879416
10463101 37879417
12164981 37879418
18057104 37879419
12155480 37879420
12164978 37879421
11898218 37879422
4006502 37879423
10475618 37879424
17349089 37879425
10684962 37879426
1781926 37879427
12164980 37879428
4126031 37879429
4041586 37879430
14891829 37879431
21303255 37879432
16437482 37879433
17369827 37879434
2730628 37879435
5024343 37879436
10685593 37879437
10464097 37879438
1920024 37879439
12164865 37879440
5034239 21319885
4006467 37879441
14597249 37879442
12161005 37879443
2729739 21320889
9536449 21432262
13785366 37879444
12170221 21321857
13784722 37879445
18110839 37879446
18069959 37879447
9530289 37879448
10464777 37879449
17369575 37879450
10166249 37879451
18085542 37879452
17369621 37879453
10861170 37879454
5021492 21520814
2987931 37879455
17369753 37879456
21320764 37879457
12165466 37879458
3148381 37879459
21321163 37879460
37879461 37879462
14558829 37879463
4124600 37879464
12147180 37879465
17008516 37879466
2718119 37879467
4499316 37879468
10681115 37879469
4485852 21323364
17008556 37879470
12155753 37879471
3173998 37879472
14902773 37879473
21432768 37879474
10687279 13799988
4006361 37879475
14925853 37879476
4007365 37879477
14925150 37879478
11883101 37879479
3110796 37879480
14549912 37879481
3997276 21522919
4001241 21328873
21328874 21328875
1765874 37879482
3991912 37879483
12167524 37879484
6508525 37879485
15333935 21332605
18107297 37879486
17035421 37879487
5039124 37879488
10681458 37879489
12147274 37879490
18027193 37879491
951410 10568203
14925681 37879492
18112135 37879493
5037805 21336341
18058663 37879494
19622776 37879495
10680614 10568443
5034898 37879496
5026912 37879497
3997693 37879498
1884580 37879499
11910225 37879500
16202629 37879501
12148554 37879502
4014800 21340023
21340429 37879503
10681282 21527353
21340948 37879504
4007878 21341057
11880640 37879505
12173234 37879506
4005846 37879507
13785727 21341787
11904857 21341793
14596693 37879508
4513880 37879509
12173448 37879510
12147578 37879511
11906449 36561192
29184176 37879512
2605640 37879513
13785376 21343383
18089670 37879514
10682800 37879515
11906009 37879516
11917432 37879517
879175 21436029
18111008 21343909
14896745 37879518
21344562 37879519
18086188 37879520
14581215 37879521
12169333 37879522
17035556 37879523
12165606 30416570
12169991 37879524
12173434 21347216
12157369 37879525
21529960 37879526
10683881 37879527
14925833 37879528
2741500 37879529
2730538 37879530
21436823 21436824
16433836 21348456
12173199 21436874
11897528 21349937
2690332 37879531
35748592 37879532
21531611 37879533
3190172 37879534
21351039 21351040
3417920 37879535
14583170 37879536
4128723 37879537
10681843 37879538
18071149 37879539
4217627 37879540
11912605 21353606
1914615 37879541
12166094 21353798
21353819 37879542
10683001 21353858
11912631 37879543
3960782 37879544
11892598 37879545
12445921 37879546
2675594 37879547
11912720 37879548
12445025 37879549
12174236 37879550
35748683 37879551
18047337 37879552
21356323 21356324
11905833 37879553
17386541 37879554
13785404 21357834
17386946 21438455
14811401 37879555
13785406 37879556
12168651 21360216
18049402 37879557
951254 37879558
18027203 37879559
14555832 21361198
14902833 21361218
14914489 37879560
5040603 37879561
18072293 37879562
10685765 21361480
12160809 37879563
14547788 21438905
15326378 37879564
14461536 37879565
912103 37879566
1726186 37879567
9528059 37879568
3377507 37879569
2541260 37879570
5033536 37879571
10231747 37879572
14926862 37879573
2592286 23184798
2586354 37879574
17388604 21364116
4006606 21536286
5040790 37879575
17388694 37879576
16434630 37879577
3375133 32843881
13786663 37879578
17389467 37879579
3999894 37879580
5033323 37879581
5026240 37879582
21367534 37879583
14565618 37879584
11877849 37879585
12156230 37879586
14928059 37879587
17390177 37879588
17010863 37879589
2723032 37879590
12165442 37879591
2781582 37879592
11914007 37879593
10681742 21369839
3089023 37879594
12156884 37879595
10682541 37879596
4006363 37879597
18111117 21440318
10680959 21370160
18072030 37879598
3091960 37879599
4007779 37879600
10680208 21370254
2721274 21440332
19620333 37879601
17379578 37879602
4831762 17147113
17390427 37879603
4001607 37879604
1950830 37879605
19076916 37879606
14572279 37879607
14891634 37879608
11866355 37879609
17391400 37879610
17011128 37879611
15852495 37879612
17391763 37879613
15937970 37879614
17056158 37879615
17038857 37879616
2247177 37879617
11854602 37879618
16437946 37879619
18031981 37879620
17392294 37879621
10681530 21809914
21373467 37879622
21304297 37879623
17392462 37879624
12161264 37879625
1652540 21374051
12446753 37879626
18111496 37879627
14461528 37879628
18107525 21374377
5008976 37879629
13786325 37879630
14925614 37879631
10680321 21375146
10684595 37879632
12147644 21375564
2774427 37879633
21375746 37879634
10679406 37879635
18091794 37879636
12155854 37879637
15295565 37879638
17390749 37879639
18023519 21376419
17055106 37879640
17044285 37879641
10680937 37879642
21375455 37879643
21343361 37879644
13785432 37879645
3967505 37879646
12169764 37879647
21377279 37879648
17394427 21441316
12148037 21542459
10203760 37879649
21441304 37879650
17394557 37879651
17394557 37879652
17394593 37879653
4007293 37879654
13784706 37879655
12166949 37879656
18063863 37879657
18023351 21441714
11892483 37879658
14597721 37879659
11884694 37879660
11847120 37879661
4001613 37879662
14925378 37879663
5034443 37879664
997575 37879665
12169514 37879666
21381210 37879667
17184043 37879668
18054757 37879669
11914937 37879670
10681763 37879671
5035276 37879672
18043563 37879673
3891320 37879674
12156566 37879675
5036788 37879676
33513096 37879677
13408669 37879678
14576793 37879679
3997308 37879680
17056203 37879681
21416776 37879682
13787885 37879683
21385724 21385725
5033229 21386679
12157669 21442914
18107792 37879684
17049571 37879685
11927538 21087200
1692589 12597349
11845232 37879686
21396227 37879687
10684797 37879688
33518740 37879689
9448735 37879690
14587667 37879691
14926136 37879692
17055712 37879693
3113060 37879694
11906919 37879695
1728380 37879696
1728380 37879697
16431947 21390230
14565620 37879698
12158748 37879699
21316758 37879700
12150362 37879701
17012642 37879702
18093416 21392497
21289135 37879703
18058482 37879704
13786602 37879705
18104795 37879706
17024583 37879707
11926507 37879708
12448309 37879709
10859187 37879710
10217714 37879711
18103760 37879712
12165698 21394407
18068010 21394591
10682931 37879713
16588186 37879714
11896733 37879715
4007090 37879716
10858721 37879717
14926059 37879718
21395651 37879719
14557916 37879720
18084634 37879721
14456305 37879722
12149233 21396185
12175209 37879723
14889407 37879724
18089411 37879725
33529312 37879726
17401340 37879727
14562272 37879728
17400983 37879729
14901499 37879730
33531071 37879731
17401671 21397518
14943786 37879732
21397556 21397557
10686625 21397578
16790139 37879733
12160135 37879734
3632131 37879735
12169183 37879736
17038060 37879737
977042 37879738
18110198 37879739
13785433 37879740
10682476 37879741
4004621 21398550
21398582 37879742
5026504 37879743
14456739 37879744
18036305 21398632
33534214 37879745
5036562 37879746
21287727 37879747
12158876 37879748
14926013 37879749
17402946 37879750
18064035 37879751
17039331 21551352
18043189 37879752
14559714 37879753
3077297 37879754
21402185 37879755
17403504 37879756
14902560 37879757
12152699 37879758
13786874 37879759
1064659 37879760
18084976 37879761
5011371 37879762
3143880 37879763
11876962 37879764
2718961 37879765
12018837 37879766
12169917 21445486
11846428 37879767
18094591 37879768
18093429 37879769
11905597 37879770
3993023 37879771
2641799 37879772
15552080 37879773
11917493 37879774
12168531 37879775
4001595 37879776
18268436 37879777
18093431 21406077
3907394 37879778
10680224 37879779
10679537 37879780
13781707 37879781
14901786 37879782
4006600 37879783
11654462 37879784
4329744 37879785
4015384 37879786
21399724 37879787
1951540 37879788
5036855 37879789
18055460 37879790
17024633 37879791
17038130 37879792
12161667 37879793
37879794 37879795
18035927 37879796
1936163 37879797
2584990 21555897
5034578 37879798
1969827 37879799
12147335 21411662
14608421 21411763
14563846 37879800
17406289 37879801
14925721 37879802
12152759 37879803
13793886 37879804
1951773 37879805
5029821 37879806
1829484 37879807
3918599 37879808
1696269 37879809
1913023 37879810
12148575 37879811
1855687 37879812
12169771 37879813
1691694 12597851
14608442 37879814
914718 37879815
4006589 37879816
2581000 21446706
18105654 37879817
12168774 37879818
12148327 32687784
14916271 37879819
10232198 37879820
21413247 37879821
10682506 37879822
15819442 37879823
11906461 21446917
10682889 37879824
976970 37879825
14941182 37879826
18102011 37879827
17408271 37879828
18101280 37879829
10685487 21413975
13785425 37879830
10681852 37879831
10165262 21414833
11918866 37879832
14889645 37879833
5016090 37879834
12166772 37879835
18042924 18381181
21415931 37879836
17024337 37879837
4001611 37879838
5037054 37879839
17409790 37879840
18108654 21558434
10215426 21447421
10860614 37879841
11889281 37879842
12161127 21447429
1140209 21558555
2313351 37879843
4006726 37879844
14562303 37879845
21361551 37879846
21417780 37879847
29580021 37879848
5034615 37879849
4006914 37879850
14413672 37879851
14565619 37879852
12167499 21417955
21288667 37879853
10680181 37879854
10684589 37879855
17055437 37879856
17055276 37879857
21419439 37879858
11876218 37879859
14565621 37879860
4000596 37879861
10683428 37879862
4005573 37879863
17897698 37879864
12156698 37879865
11877997 37879866
10233876 36760089
17035057 37879867
