1065491 37965804
1290841 37965805
9483746 37965806
5148136 37965807
9490762 37965808
5148132 37965809
5148134 37965810
5148130 37965811
9472206 37965812
5148128 37965813
11515401 37965814
9489646 37965815
2686921 37965816
2685749 37965817
1089906 37965818
2716325 37965819
5093289 37965820
2701610 37965821
5092901 37965822
5097061 37965823
5092408 37965824
5090942 37965825
5095023 37965826
1073209 37965827
5102740 37965828
5091180 37965829
5102610 37965830
5101828 37965831
5102608 37965832
5102720 37965833
5095313 37965834
5102848 37965835
5090847 37965836
5093849 37965837
5096269 37965838
5096089 37965839
5095891 37965840
1073219 37965841
5102700 37965842
5102704 37965843
5094589 37965844
5102627 37965845
5102677 37965846
5151090 37965847
5130306 37965848
5179003 37965849
5102834 37965850
5099588 37965851
5093429 37965852
5097444 37965853
5102826 37965854
5102641 37965855
5093799 37965856
5095338 37965857
5102718 37965858
5098554 37965859
5102798 37965860
5091329 37965861
5102637 37965862
5102614 37965863
5094910 37965864
5102794 37965865
5092271 37965866
9494187 37965867
5102663 37965868
5102669 37965869
5102702 37965870
5102722 37965871
1292154 37965872
5093382 37965873
5102726 37965874
5102645 37965875
5102653 37965876
5093292 37965877
5102647 37965878
5102620 37965879
5096493 37965880
5102639 37965881
5095924 37965882
5102738 37965883
5094493 37965884
5096998 37965885
5102606 37965886
5102692 37965887
5095688 37965888
5092560 37965889
5102706 37965890
5102846 37965891
5102808 37965892
5102679 37965893
5102623 37965894
5095763 37965895
5095554 37965896
5096259 37965897
5096808 37965898
5091993 37965899
5094624 37965900
5098951 37965901
5101687 37965902
5102836 37965903
5094962 37965904
5090953 37965905
5102802 37965906
5102854 37965907
5098775 37965908
5102862 37965909
5102736 37965910
5093546 37965911
5102734 37965912
5102812 37965913
5102732 37965914
5102665 37965915
5091186 37965916
5094912 37965917
5102686 37965918
5102710 37965919
9495535 37965920
5102864 37965921
5102800 37965922
5102840 37965923
5091452 37965924
5102822 37965925
5091315 37965926
5097378 37965927
5102816 37965928
5102694 37965929
5102690 37965930
5102788 37965931
5096641 37965932
5102728 37965933
5095006 37965934
5102724 37965935
5102712 37965936
5091184 37965937
5096657 37965938
5102730 37965939
5102804 37965940
5102657 37965941
5102810 37965942
5094747 37965943
5102818 37965944
5091317 37965945
5097063 37965946
5102828 37965947
5102796 37965948
5102852 37965949
5102790 37965950
9497898 37965951
5102842 37965952
5102671 37965953
4471422 37965954
5091143 37965955
9475684 37965956
5071383 37965957
5068775 37965958
5102858 37965959
5091188 37965960
5102850 37965961
5102786 37965962
5095124 37965963
5102629 37965964
5069295 37965965
5102633 37965966
5095336 37965967
5092558 37965968
5102820 37965969
5095756 37965970
5095365 37965971
5102716 37965972
5102844 37965973
5102814 37965974
5102673 37965975
5100401 37965976
5093384 37965977
5092248 37965978
5102684 37965979
5102714 37965980
5102784 37965981
5094991 37965982
1073215 37965983
5102806 37965984
5102612 37965985
5102866 37965986
5102661 37965987
5102832 37965988
5096697 37965989
1073201 37965990
5102708 37965991
5102688 37965992
5095311 37965993
5102655 37965994
1088987 37965995
5091081 37965996
2675927 37965997
5091563 37965998
5087391 37965999
5091409 37966000
5096556 37966001
5088674 37966002
5095590 37966003
5073338 37966004
5073134 37966005
5091876 37966006
5103258 37966007
5103312 37966008
9499798 37966009
5091163 37966010
5092060 37966011
5103296 37966012
5103306 37966013
5094929 37966014
5103314 37966015
5103256 37966016
5103286 37966017
5180888 37966018
5087932 37966019
5095810 37966020
5099608 37966021
5103310 37966022
5100633 37966023
5095014 37966024
9499877 37966025
5103262 37966026
5103300 37966027
5103264 37966028
5095071 37966029
5103276 37966030
5103274 37966031
5103316 37966032
5103294 37966033
5103298 37966034
5095398 37966035
1091643 37966036
2667739 37966037
5095487 37966038
5104887 37966039
5091512 37966040
5092889 37966041
5093296 37966042
5096512 37966043
5092375 37966044
5104931 37966045
1073129 37966046
5104911 37966047
5175296 37966048
5181122 37966049
5104899 37966050
5104895 37966051
5093298 37966052
5104881 37966053
5095817 37966054
5096884 37966055
9496812 37966056
5092605 37966057
5091870 37966058
5101555 37966059
5104883 37966060
5104927 37966061
5104879 37966062
5104903 37966063
5104917 37966064
5092661 37966065
5094591 37966066
5099325 37966067
5178538 37966068
5092369 37966069
1091669 37966070
1298375 37966071
9478204 37966072
9479272 37966073
9492743 37966074
5149012 37966075
9465508 37966076
5092348 37966077
5095780 37966078
5092815 29275166
5095793 37966079
5150539 37966080
5092522 37966081
5095992 37966082
5092412 37966083
5180665 37966084
5185038 37966085
3629262 37966086
5181388 37966087
5097380 37966088
5097095 37966089
5148329 37966090
5149244 37966091
5151065 37966092
5095305 37966093
5149061 37966094
5093392 37966095
5096872 37966096
5176189 37966097
5093446 37966098
5148331 37966099
5094987 37966100
5096018 37966101
5094873 37966102
9496695 37966103
5148655 37966104
9496760 37966105
5096863 37966106
5176138 37966107
5094801 37966108
5183442 37966109
1088985 37966110
2665636 37966111
5094614 37966112
5106838 37966113
5094660 37966114
5105792 37966115
5097088 37966116
5088338 37966117
5177436 37966118
5192149 37966119
9476843 37966120
5189691 37966121
9470590 37966122
5071619 37966123
5106798 37966124
5092545 37966125
5106824 37966126
9475307 37966127
9496815 37966128
5106800 37966129
5106818 37966130
5092244 37966131
5106784 36450573
5190527 37966132
5106782 37966133
5106820 37966134
1088989 37966135
5096911 37966136
2686174 37966137
5096703 37966138
2626498 37966139
5095774 37966140
5095050 37966141
2746832 37966142
5095577 37966143
5095604 37966144
5096187 37966145
5091604 37966146
5094636 29275312
5093823 37966147
5096943 37966148
5093785 29275317
5088957 37966149
5107452 37966150
5107442 37966151
5107444 37966152
5094700 37966153
5092609 37966154
5095530 37966155
5107458 37966156
5107460 37966157
5107446 37966158
5095111 37966159
5096649 37966160
5096030 37966161
5107448 36451245
5102742 37966162
5105666 37966163
5092233 37966164
5107462 37966165
9499834 37966166
5107464 37966167
1065477 37966168
1292006 37966169
2678023 29275336
5093117 37966170
2735536 37966171
5087464 37966172
5095875 37966173
5092891 37966174
5104137 37966175
5094149 37966176
5181371 29275339
5177951 37966177
5176365 37966178
5073022 37966179
5091643 37966180
5104127 37966181
5104121 37966182
5094896 37966183
5104115 37966184
5096189 37966185
5095375 36451889
5104159 37966186
5095980 37966187
5181504 37966188
5104125 37966189
5094517 37966190
5088573 37966191
5092293 37966192
5098758 37966193
5104173 37966194
5104169 37966195
5104165 37966196
9496735 37966197
5104133 37966198
9496751 37966199
5094521 37966200
1073125 37966201
5104147 37966202
5104171 37966203
5096124 37966204
1073227 37966205
5091514 29275374
5104129 37966206
5104104 37966207
5096104 37966208
5091878 37966209
5104096 37966210
5104163 37966211
5093512 37966212
5094820 37966213
5091882 37966214
5093831 37966215
5096500 37966216
5099689 37966217
5094765 37966218
5104161 37966219
5104151 37966220
5104117 37966221
5104135 37966222
5104100 36452004
1065493 37966223
5088340 37966224
5091922 37966225
4133252 37966226
5092973 37966227
5092350 37966228
5088346 37966229
5104581 37966230
5093632 37966231
5177503 37966232
5088342 37966233
5087394 37966234
1073145 37966235
5092665 37966236
5096519 37966237
5102744 37966238
5096674 37966239
5146368 37966240
5109881 37966241
5163607 37966242
5178899 37966243
5074002 37966244
5190562 37966245
5173992 37966246
9555043 37966247
5173838 37966248
9559450 37966249
5188151 37966250
5071568 37966251
5185390 37966252
1073111 37966253
5180761 37966254
5184934 36452388
5103936 37966255
1073079 37966256
5190335 37966257
5088857 37966258
5091235 37966259
5104571 37966260
5104519 37966261
5168094 37966262
5096980 37966263
5165418 37966264
5104545 37966265
5104567 37966266
1065556 37966267
5090683 37966268
5091126 37966269
2676605 37966270
5095154 37966271
5103944 37966272
2626384 37966273
5094941 37966274
5095532 37966275
5094902 37966276
5102027 37966277
5178633 37966278
5183765 37966279
5073302 37966280
5074216 37966281
1073133 37966282
5093404 37966283
5093634 37966284
5088090 37966285
5103971 37966286
5093492 37966287
5094599 37966288
5103940 37966289
5103962 37966290
5103964 37966291
5103966 37966292
9551021 37966293
1065483 16414940
1073163 9571288
5096053 16415289
5090715 14353779
1073121 16415291
5088052 14353783
2708622 16021048
2545318 13818143
2709512 9964166
5092168 16415300
2741340 10884496
5091067 9571303
5071519 16415309
5103897 16811299
5095760 14354032
5103903 16415573
5103854 20842493
9496508 16415614
5095379 13656359
5103889 14354109
1073135 12520545
5103886 16811303
1073181 16022172
5099976 16811304
5103870 14354190
5096059 14354200
5178903 14354203
5103868 14354255
5092707 13616299
5103876 16022307
5190701 13616302
1073207 13616324
5092360 16203577
5156413 9964451
5103880 14354653
5103858 14354659
5103856 20002864
1091692 13616903
1712722 24357712
11782069 16026066
11517513 14313788
9462297 21156970
11534660 14313800
9472270 14313811
9465695 14313818
2687109 14355902
9478853 14313822
9495323 14688265
9465933 22585174
5092721 23209746
4193376 19126798
5092727 13656824
5091444 16026601
5096267 12520590
2677933 13617059
5091528 9964783
5092767 14356040
5092010 14314268
5091598 14314274
5092689 19236415
5095209 14314283
5102345 14314290
5093109 14314295
5102351 16026665
5090949 14356052
5095854 20990454
1073149 14314312
5096865 14314319
5096300 14314327
5092314 14314336
5102303 16026717
5095341 13656867
5096861 14356061
5088468 13818182
5094745 22585238
5093199 14356066
5102323 22585242
5088350 13656879
5092165 13656882
5088348 21207462
5102339 13678704
5101885 22702769
1073197 16026807
5096691 13656884
5102349 24357735
5166559 14356076
9489996 14356077
9499632 16026854
5090717 9964905
5088092 18396928
5102361 14356182
5102313 13617129
5093793 13656946
5102369 19301100
5088579 16811390
5102371 20935049
5102367 16027477
5102341 27269467
9529006 19086998
5102363 16027598
5093561 12515880
5102335 13656956
5094673 14356235
5102347 16027690
5102355 16811392
5092539 22585353
5092556 11811381
5097027 14356286
5101887 16028150
5095867 14314448
5102353 20619860
1065469 22585675
1291027 21803910
9477795 14357244
9475029 19301265
9469428 14315371
9478127 18397066
11500940 21803923
9483046 21803926
1073095 22585794
5092365 19087260
5092123 22702951
5096157 20990651
2689539 19237216
1073167 12515930
5094593 14357357
5088354 13657620
2659126 16030775
5095120 20990658
5096306 16030779
5098768 13657627
5093837 26326095
2712342 22585808
5102876 13657632
5092363 22585809
5102895 16172411
5096982 13818231
5087736 19087265
5092570 19237228
5102878 13657638
5092836 14357365
1073099 20990667
5096804 13657642
5097055 20935188
5102888 13657643
1073225 18400785
5155877 16030834
5166380 19237234
5065232 19237237
5179846 23210056
5176233 16030840
9475722 14315515
5176941 21804024
9561216 13657651
1073077 24776328
5095805 13657742
5102882 10849007
5093180 10849083
5096097 10849112
1073205 10849132
5093300 10849551
5102884 19237312
5069430 16031079
5102872 10849643
5102901 21804098
5096724 10849653
5102886 10849663
5102893 10849669
5102890 13657774
5094892 10849764
5102874 10849775
5102880 10849938
1065554 12214261
1066404 13658289
5088470 20624891
5088362 14317524
3987370 20935284
3263722 16034449
5088861 14317529
5088358 20624931
5096447 14317531
5087752 12214589
5087733 16034473
5090853 17868692
5087492 22703071
5096460 14358440
5088041 14317546
5088082 14358448
5096471 13658299
5088095 12214618
5087483 12214628
5088038 14317564
5088360 9574696
1066322 9574697
1066611 9574701
1066448 16034554
3940100 14358532
5096163 19237713
3218717 14317777
3243067 14317783
5094781 14317789
5092153 14358538
5091014 9574811
5088583 14317794
5088080 13658368
5092971 12214908
5107471 20625579
5091866 16034867
5091602 9574830
5092995 14317814
5093240 14317818
5092141 14358556
5093074 16034918
5106629 13658381
5092927 16034942
5105911 16034950
1073179 14358569
5096115 13658391
5092281 14317837
5107473 12214944
5109203 16034990
5163994 19237725
5095526 13658473
5091864 12215176
1073109 13658479
5107469 19237753
5094883 12215340
5096533 19237783
5094490 19237784
5093186 16035681
5095485 14318281
5093534 14318283
5091570 26326233
5091073 20990765
5094679 19237820
1091653 20630193
1290826 10885337
5147140 13818284
5147132 18398119
5147134 19238122
5147138 14359826
5147142 18398123
1066557 16037596
5147124 16037600
5158514 20631001
5147130 14320131
5147126 9575940
5147128 19087798
5147122 9966967
5147145 20631049
5171404 13658845
11492490 16037610
5147136 19238133
5176413 14320153
5169984 14320156
1291152 10885409
9463213 19087806
9474376 14320186
5163057 17412884
9486418 20631261
5151048 19238143
9492199 14320201
5149057 20631289
1291366 9575996
11541859 20631451
11608847 14359904
11611955 20631466
2659076 14360010
5091880 20631897
2665260 14360017
5092170 14360018
2658580 14320332
5096239 14320340
2708606 9967073
5104736 22586282
5091456 19561747
2708574 9967082
5090556 14360029
1073119 14360030
5101622 14360038
5097093 14320357
2714396 14320363
5087383 19238227
2696242 21804428
5088097 19238311
5090554 19238333
5088588 26326349
5104730 14320725
5104722 14320728
5104734 19238359
5104738 26326354
5092500 14360241
2634361 17868737
5098169 19088040
5097065 27270445
5104720 20057624
5104724 26326377
1065530 19239144
1291977 19088791
11757715 27584963
11509234 19239270
9476669 16039213
11744935 14361322
11760404 20635735
9472253 16039220
11533415 21804818
9463861 27584965
5088365 21157259
5095179 14361447
5092680 20635761
5095307 19239389
5094950 19088924
5107147 13818375
1073203 27175429
5095461 13659359
5091646 27175430
5096655 20635837
1073123 27584991
9463769 9577307
5091405 19239399
5097236 20635898
9473073 13820200
5182753 19088936
5174180 21804920
5181516 20635916
9562135 22606285
5107173 14361590
5087827 19561894
5095988 22608603
5191620 19239615
5092456 14361722
5107215 14361810
1073213 26326661
5107149 9577662
5095254 17148487
5107129 9577854
1065562 20939038
5096580 13820275
5096044 19090191
5106290 17149891
5091860 14362475
5093795 19090198
5093266 14362480
5096506 19240348
5094935 19090205
5174936 16041279
5177820 17149911
5106306 26326933
5106294 27686429
5106302 24078774
5094629 19090333
5091112 13678925
1065495 14522109
1291154 14323152
5098746 27271492
5093082 17872397
5102065 12218742
5095915 22634739
5092468 19242347
5091489 14323186
5173442 14363658
5177914 14363661
5071905 22635035
5063575 9969745
5092731 12219066
5102049 14363837
5102033 14323624
5102045 14363872
9496701 19091265
9499901 19091294
5102029 20640062
9499898 17150768
1065473 17151667
4068183 17151984
2665629 9580560
5094634 13652140
5094824 21157512
3311835 14364626
5095043 14325962
5173867 20942704
5185290 14325970
5180753 13660851
3217069 17152218
5103350 12221460
9499786 29264701
5103330 13660919
5103346 13660924
5103338 14522857
5183484 19091654
5174624 12221825
1091707 13661189
5088369 20991668
5092185 21806595
5096705 16175404
4074255 22704141
5105186 13661337
1073189 22667372
5170406 20944044
5182433 14328926
9466675 20991669
5183271 12223345
5073056 14328937
5065651 21806616
9557011 12223349
9496670 17153132
5105233 21806727
5105245 9580995
5105226 14365857
5192499 18147926
5095969 14365885
5105214 9972224
5105228 12223594
5105188 18399271
5096933 14365920
5105224 9972279
5068903 17153409
5105198 16047232
5105210 21806778
1065523 22667851
2756535 18148115
2657117 21807079
2623501 22667912
5094741 21807087
5092227 16048409
5095902 17154192
5090857 9581247
5099137 21807093
4174773 20991771
5088594 16814431
5093768 9973058
5094779 21157626
5092239 12225691
5096257 14366808
5088223 22667917
5095122 9581252
5170487 22667919
9491339 12225724
2740369 9581253
5104371 21807289
5104429 16048605
5104413 9581283
5104445 14331848
5104433 12226055
9496586 14331853
4186388 14331880
5104417 16048640
5104381 14366922
5087838 21807353
9499726 14331942
5095383 13661785
5104405 14366960
5091538 22667974
5096167 12226228
5093571 13661832
5091752 14366977
5104395 14332045
5104393 16814497
5104415 16814498
5104443 13661860
5104379 14332114
5091063 12226268
5104350 9581313
5104441 31518883
5104401 12226286
5095386 12226290
1073217 12226301
5104383 14332137
5104421 14367015
5104375 12226303
5104389 16048798
5104358 16048801
5104346 14332154
5095649 21807468
5104431 13661903
5094894 9973568
1073081 20945648
5184222 16048838
5098614 12226398
5104352 21807526
5104423 9973608
5104348 9973624
5176564 13661931
5092250 14332332
5093427 9973684
5104403 19092581
5104362 21807584
5095104 21079115
2688351 21157655
5096061 14332480
5104427 14332506
5092929 14367139
5094618 14332512
5095390 20848122
5104360 20945848
5185026 14332591
5104373 13662111
1065479 17154513
2668709 20003009
5094667 14406686
5096063 14333984
2701117 16050122
5099036 20003027
2739200 20003031
5106450 14333998
5106446 9581535
5091548 14334000
5091313 16050129
5093565 20003046
5096346 14334008
5092508 19242623
5092613 20991893
9559463 26328005
5170735 21808215
5190266 13662431
9485638 19242630
5175865 21808219
5171736 20991894
5187183 14334026
5106047 14334334
5092667 14367938
5106467 13662503
5103979 21808398
5091652 16050413
5088873 14334574
5106471 19242771
5091070 14334581
1073113 19093126
5106380 19242780
5106373 14334673
5092880 16050517
5106412 20003091
5106430 17155071
5092713 13662582
5099246 20003098
1073229 20003107
5106414 20003110
5106436 20003116
5087744 20849513
5106416 9975825
1065552 20850753
1290839 20851102
9475583 20851105
11572612 19242913
9477809 19242917
1291906 16051739
9481456 20851176
11501532 20851180
11477781 19562970
11466113 20851187
11788155 20851189
9475256 19242948
9489144 20851199
5094627 14337102
2672825 13662856
2627397 19562986
2717035 20397332
5092384 13662859
5102094 11812081
5092172 20851366
5092428 16051876
5096888 20851373
5092514 9977253
5102108 16051881
1073103 9977263
5092107 19230355
5102096 14337147
2628316 21808680
5093127 17898527
5180694 20851400
5181788 14368989
9488492 16051900
5184982 14337160
9493133 20851414
1073107 20851657
5102073 20851660
1073171 20851665
5102114 22668291
5102104 20991953
5102077 19243074
5095367 9977411
5095606 20851799
5094937 20851803
5097032 14369194
5177408 22668351
5095540 14337803
5102123 14337880
1091610 20991997
1295956 9979415
5150510 14651253
5150520 14369907
5150526 9979430
9473496 19243750
5150516 12229504
5150512 9979436
5150506 20397401
5150508 24786435
5150524 14369914
5150514 9979440
5150502 9979462
5150522 21809016
5150504 19243760
5150530 24786442
5150528 19243761
5150518 14339321
2650026 9979678
2671685 14339489
5092371 20653787
5093642 16053537
5091517 20397425
5092684 19243847
5103107 14339498
5096708 19243850
1073105 22668548
5092658 20653857
2662876 20653862
5103057 14370003
5094549 20653876
5103069 16053557
2632521 14370008
5103101 12229691
5093098 20653907
5093077 19243860
5100799 13663409
5095754 20653939
5096339 27687278
5094652 20854200
5103091 14339534
5103093 14370032
5094931 22668552
5103087 20653990
5092404 12516666
5098306 20854206
5102375 20654007
5177490 14370042
5186662 9979752
5174635 20854223
9489028 19243874
9491684 20654042
5191176 19243875
9468294 9582074
2697841 20854239
5096308 20654640
5103110 9980001
5103063 21809052
5103124 20854880
5103065 9980125
5103067 9980137
5103103 12229844
5090951 19244066
5103120 9980200
5093559 20855208
5103128 12229878
5096084 20855230
5093147 20855475
5103077 20855648
5103099 19244134
1073211 20655614
1065521 20658493
1291348 20857234
2711122 20397471
5092326 20857260
1073169 20857271
5105084 12231671
5099651 20857289
5095600 16055354
5101421 20857306
5105068 20857310
5096284 19230503
2669704 20857333
9530499 20857359
5190777 20857371
5172930 14371085
5105076 16055517
5096333 14341323
5105099 14341359
5105058 14341371
5092719 20660945
5096091 14341532
5093475 9582507
5105066 20858480
5105111 20661500
1073223 20858691
9485659 16055859
5064186 20858702
5064517 14341700
5093504 14341719
5105078 12232547
1088995 20862691
5094919 14342675
2738045 20663510
2744456 20863612
5106857 14372069
5093277 20863626
2650949 20663520
5168199 14372078
5173836 20863639
5183731 20863645
5184084 20663530
5180696 20663532
5173294 14372086
5175318 14342697
5097759 20950511
5095035 31570087
5179706 20864882
5106872 16057856
5106864 20058751
5095986 20864971
1065509 12235450
835279 9982975
3285538 16059346
5147553 22518350
5147549 9583168
5147557 12235550
3747630 19246451
9466609 19246459
9470067 19246461
5147545 19246463
5147560 20867081
5147551 18148787
5147555 16059370
5092117 13664358
5091754 20867451
5106631 20867455
2742910 19246740
5101425 17415179
5088476 12235668
5106647 20867465
5095571 22519364
5095625 9983132
5100991 9983138
5153194 20992082
5175962 9583200
5064603 14373135
5180540 16059546
5099777 16059747
1073157 19247022
5106663 17415298
5106635 31577707
5106641 20867701
5106665 9583268
5095225 20867705
5106655 12235961
5073148 19247157
5092299 20665580
5182348 20951489
1065459 31583479
1290822 27145649
9464787 22704956
5149284 19232654
5149271 31392479
5149274 12237140
5149269 20397753
11736705 20397756
1066862 20952359
5149290 17156869
1066749 22484231
1066547 28855999
1066543 27274605
1066573 9583643
3247220 16061336
1066587 28856003
9484960 20952376
5149293 22669374
1066545 9583648
1066747 19232686
9463794 12237178
5149280 17156884
9464331 31584693
5149286 19232695
5149288 27587021
5149278 22484234
1290812 20952406
11520127 20992209
9463276 27274617
9482525 20992210
9485281 12237230
9490925 20952412
9485070 16061404
11660629 20952417
5087412 27274657
5088237 22669512
5092252 27274659
2667329 22669515
5088601 19230764
5093644 21031964
5103163 31982888
5103180 22669521
5091874 22669526
4072117 19232851
5096970 12237367
5103161 16061538
5096510 12237369
5093853 22669536
5101169 17156905
5093412 22669539
5091259 12237376
5088478 22669542
5093569 12237381
1073141 9583694
5088373 22669546
5092465 12237387
5103168 16061569
5096032 19232876
1073097 20992237
5091609 22669557
5088603 22669560
1073199 22705000
5092696 20952533
5094856 12237400
5103176 27145677
5103166 22484258
5096612 22669726
5094612 22669731
5095982 27274750
5093225 26392038
5103172 19233106
5103178 22484288
5103170 9583745
5092596 21079314
5103174 31392495
1091639 20953630
1290824 22705284
1066541 27275299
5148742 20953768
4070664 22670977
5151071 19234354
1066860 22670985
5148737 17415844
5148745 22670987
5148739 9584013
5157503 19234358
2689189 22671167
5090564 20397835
5090997 22671170
5088684 12517195
5095889 26329544
2656017 20668172
2662793 20668182
5088682 20397843
5093646 16064053
5092518 16064056
1073087 9584077
5104967 20668207
2735224 22671185
5093528 31595210
5096051 31595219
5092737 16064067
5094826 13664717
2668978 17157408
5104957 22484557
5165140 22671199
5184036 28776156
5073638 17157414
5186818 21079372
5175921 20953947
5177875 20668241
5184849 20953951
5189621 20668245
5177411 12238791
5090860 26329572
5180568 12239014
5104949 26392433
5104998 26329602
5104943 29266253
5092109 31597403
9495569 16064880
5096012 16064938
5105022 29266255
5104973 22671760
5189563 22671940
9495560 28776219
835257 27276003
2754565 26329964
5096950 20955262
5101105 16067792
2734651 27276134
1073139 16067800
2665968 16067806
5091411 16067818
5091407 17158023
5102424 16067820
5101891 17158032
5193440 17158035
9561805 9584170
5102468 22673411
5102460 31986047
5102441 22673452
5102422 19230903
5099612 31986082
5102432 22705834
5102464 22673482
5096172 16068231
5102449 26392791
5102462 16068332
5102451 16068373
1073093 31986430
5102434 22673607
5102426 16068476
5102438 27638309
5102430 12240305
5097045 20992935
5102428 17158308
5102443 17158317
5102436 26392816
5102455 31899487
5102478 27587682
5096554 22705876
5102445 31899488
5102472 22705878
5102474 22673678
5102458 20955579
1065566 17159278
3204041 19143719
5092498 22674812
5106505 19143743
5106475 14979702
1093156 14979716
5096122 27638597
5095402 14979729
5181581 16070822
5062537 14979744
9500052 14980023
5092702 20670780
1073153 20670828
5106488 16816129
5097057 20671134
5106513 20671147
9499668 20671217
5093506 16071364
5106511 16071392
5097083 20671473
5092288 20671590
9499674 20671599
9499642 20671609
5095785 20671740
5092564 20671782
5095895 20671824
5106503 16071512
5106499 19143878
5106490 20672046
5106481 16816134
5093285 20672091
1065560 16074501
2665631 20398226
5097016 31702275
2707910 22675827
5095098 22675829
5108533 17160171
5108576 22676018
5108549 32001125
5182353 22676022
1073173 32001384
9495606 16076206
9496703 22676088
9496785 17160240
5091591 16076306
5108547 27277248
5173925 26393643
5073182 17160263
5108555 20059397
5108559 17160282
5108539 19231036
1091696 20003218
5093421 16080579
5097889 16080593
2605592 16080609
5093406 16080626
5106527 16080658
5106590 16080674
1073101 16080688
9478336 16080702
5184719 20993570
5073756 16081618
5106539 22677779
5190699 16082023
9536035 20958869
5088605 20003301
5182455 20673087
5106523 16082507
5088482 16082521
5106594 16082533
5188670 20993610
1065532 17417223
1290930 10888824
9481307 10888836
9481556 20677900
9473191 20398374
11538322 20398378
2606774 20398381
5096717 20993684
5096111 20679391
1073137 31706063
5092215 20679432
5095861 20679448
5096026 32007301
5094487 16085584
5102540 20679490
5173907 20679505
5183322 20679519
5190495 20679535
5178660 20679547
9565103 22678428
5102568 18149512
5102538 20682745
5095204 16086415
5102550 20683339
5102524 16087063
5102498 20685740
5095950 20685982
5095647 22678497
5102536 22678507
5102566 22678552
9495598 16087366
5183036 27589950
1065489 20689218
1290996 10889093
9465756 20398422
11492255 20690871
9465057 20690884
9475076 20690894
9474590 16089513
11515685 20398437
11765324 16089515
9477646 16089533
5088158 20692321
5106201 20692336
5093510 20692350
2743264 20692367
5092120 20692410
5092149 20692423
5106235 20692434
5106185 10889280
1073083 20692460
5106219 22678861
5091575 26331318
9550232 16090423
5180504 13821420
5106225 16091107
5092503 16091156
5106165 16091200
5095106 16091251
5177755 16091829
5193409 32010054
9496787 36787910
5106193 34434611
5175954 22679397
1065568 14706851
1089904 9984370
5099407 20398577
2666905 22680174
5091460 20698278
5091945 20698301
5093192 20398588
2740469 20398589
5101915 20698369
5101913 20698385
5096968 20698419
5088382 20698433
5169467 13652336
5173817 20698474
5174784 20699798
5101937 20700033
5101899 22680236
5101907 20700327
5101917 32012004
5087434 16094609
1065558 26331846
1290750 32014859
2708783 32014861
5093084 22681303
5087938 20961630
5176772 34887531
9559819 34435043
9561722 16098847
5062531 16098852
5104005 32015090
1073131 32015093
5095132 31926565
5092338 17162632
5104012 16099841
5187388 22681536
5103814 17869417
5177404 16100112
9496817 16100124
5104037 22681601
5104022 22681607
5090988 32015447
5103995 22681611
5104007 20808686
5063265 27279388
9496842 20961871
1065501 17417655
5088440 17163069
2673864 16104245
5095090 20398800
5101963 16104257
5092623 22486079
5166466 16104263
5169503 9984740
5073060 27279764
5101973 13821575
5180295 16104667
5101466 16104772
5093827 31926764
5101945 16104994
9495595 22683172
4379364 16105060
5095984 20962703
9499914 22486231
1089910 22683968
5088384 27591171
5092263 20060191
5096832 16108815
5096986 16108821
5106999 27591178
5087918 20706184
5106962 22684284
5092446 22684287
9470650 9985127
5069618 20706237
5066077 9985133
5177633 17879606
5174871 22684457
5107023 32019246
5096288 16109823
5106960 22684483
5092242 16110025
5107025 20060233
5191885 16110183
9564400 28857992
1065499 27281097
5093153 22708216
5095580 20710539
5104597 22685803
5093810 22685807
5104641 20964068
5104633 32019600
5104631 22685812
5104643 27281191
5187106 22685818
5190716 32019606
5181229 32019607
5104637 20710829
5104625 28776476
5104635 22685978
5104680 16112032
5104613 22685981
5104603 22708239
5104670 20964149
5104678 16112153
5104668 22686050
5104645 16112291
5104605 20964206
5183873 20994742
9497796 22686149
1073183 12517887
5095109 22686196
5104607 22686200
5088608 32019954
5104658 32019963
9495659 20994748
5069176 27642104
5104666 26395501
5104676 32020019
9499956 22686254
1065475 14375525
1291678 10890360
5150426 10890368
5152173 20715721
11721632 20715749
5150424 16816897
5150422 22490073
11742297 22490077
9480246 22490085
1290896 16816902
9490742 20715970
5150278 16816903
9461566 20715992
5150276 16816904
11572077 20716032
11504740 20716043
9462561 16114981
5088894 22490314
1291393 20716546
5094597 21079936
2660049 21079937
5103691 22490328
5096962 14375773
5096958 20716588
5103699 20716598
5097923 20716613
1073233 22490339
5091223 16816907
5093748 22490341
5103649 14375782
5103701 20716686
5102951 16115321
5094828 20716705
5095573 16115331
5091267 20964721
5163081 20716755
5192807 20716784
9468124 16115345
5189999 16816908
9535369 20716814
5177181 20716828
5071740 22686842
5189363 10890561
5103707 29264722
5103641 20717893
1073195 20717904
5095358 20717913
5103685 20717924
5103683 20717946
5103713 20717968
5103655 16115774
5103635 16115973
5103727 14375958
5094716 16115981
5103651 32020693
5103671 20718400
5103663 20718410
5103667 20718662
5063902 20718880
5191627 22686877
5103693 20719387
5103643 16816931
5103715 20719863
5103661 20720599
5095844 16116863
5103637 20720631
5103659 20720645
5103647 20720675
5103744 13619301
5073248 16116894
5097539 17869462
5064121 13821814
5097051 29264731
5181307 16816936
9494834 20721097
1065546 20724534
1291522 20965187
2661085 20726066
5105438 9986363
5101215 27281810
5092273 22687174
5096078 17418149
5092677 27281814
5182396 22687177
5184438 22687179
9470383 10890874
5184414 22708541
5105426 22687308
5105420 16119998
9499959 29264769
5091365 16120308
5091096 22687346
5094777 16120569
5092983 22820139
5105434 20965292
5102918 16120744
1088993 27282387
2608657 14377771
2665687 27152213
5088486 32023412
1073117 22688901
5105274 31719291
5105328 22688910
5088964 27593130
5192792 32023467
5186704 22688921
5070542 32023490
9552814 20727084
5178991 22688926
5186421 22688928
5105364 20727277
5105314 31719697
5105326 22487033
5105284 31719738
5105324 22708818
5105276 13619689
5105304 22708869
9469729 32024862
1065507 22690169
1291289 14379005
9466824 27282991
11553746 22709029
11786326 16123128
9466099 20729771
9492014 16123134
5100534 20730345
2706573 20730356
5099040 16123552
2689375 20730378
5096109 14379123
5096898 20730402
5092834 20966484
5098791 20730438
5173826 20966485
5064119 27283027
5175691 20730462
5185368 16123612
5176753 20730476
9476813 14379256
5105532 16123767
1073185 16123779
5095639 20732255
5182458 16123790
5110035 20732637
5109370 20732651
5110099 20732880
5108825 20732909
5109266 20732924
5096036 20732948
5110073 20733015
5180593 20733026
5110113 14379372
5110047 22709056
5110077 27283085
5110055 20733157
5187479 16124040
9496010 20733409
5110025 32026567
5098173 20733605
5110071 20733763
5110065 20733809
5110089 20733818
5110083 20733829
5109441 20733859
5104682 20733865
5110087 20733876
5110053 14379453
5175338 20733906
5110115 16124202
1065457 16125839
5093604 20966874
2682331 22690883
5099968 22690885
5091917 16125927
5104781 16125937
2746800 20741411
5104787 20741426
5096082 32027164
2717265 32027166
1073147 20741452
5104750 20741476
9471005 32027169
5176839 20741500
1073159 32700814
5104797 20742664
5091939 16126763
5092991 20743725
5104771 19563729
1088991 20967199
5095516 22709288
5101675 27283570
5100995 27283572
5107337 20749606
5092939 20749613
5107340 20749618
1073161 27283578
5107319 20749630
5091288 14381408
5107348 22691866
5107327 27643545
5107344 14381586
5091158 20750748
5098915 22691941
5088692 22691946
5107335 27690009
5092933 20750850
5107304 14860936
5107329 14381617
5107302 14381643
5095550 20751014
5107321 32030126
5176239 22691983
5107325 31927478
4185341 32030207
5107317 20967442
1065503 22693050
5092486 32034713
5103386 22709543
1073165 16131062
1073089 27643713
5103365 22693391
5103369 31927673
5103444 22693402
5103426 14382544
4068449 22693405
9488421 37977390
9561748 14674038
5175928 32034796
5180510 27284055
9467621 35789087
5187339 32034814
9485610 17898927
9489839 32034818
5185547 14861120
5074341 26396823
5097670 22693607
5101510 22709556
5187554 20968054
5103438 16131186
5193590 27594846
5103378 22693912
5103408 16131670
9497786 16131804
9479733 27284230
9499924 27594872
5103440 22693962
5093557 16131817
9465160 14861177
5103466 22694004
5103373 20968135
5095297 26396933
5103424 22694008
5103394 32600655
5103436 37977391
5103361 22694015
5103367 26396943
5103498 20968144
5103428 14382845
5103468 32035875
1089841 20968464
5088454 26334068
5091389 27644035
5092336 37977392
5106120 20968615
5095651 37977393
5092382 13611326
2656368 22695280
5191461 14383467
5174187 14708765
5176635 22695284
5064292 32038459
5093233 27284562
5105801 31927952
5099493 22695460
5106099 32038851
1073177 14383546
5094806 20968681
5091391 37977394
5092852 22695484
5106308 27284567
5097014 14861331
5105889 16133156
5090731 29266650
5101109 27284575
5106322 32038927
5094523 22695510
1073231 27154330
5106326 22695563
5096343 29276128
5097091 32039034
5106101 27595527
5106320 32039043
5093544 26334182
5106314 27644095
5106312 27154341
5106310 26334186
5170143 20968721
9497814 13620710
5098223 22695611
5101733 20968729
5106330 22695627
