8635360 37977396
2668534 37977397
861521 37977397
9045572 37977397
857690 37977398
857688 37977398
833290 37977398
2638521 37977398
8578294 37977398
8796676 37977398
5136563 37977398
833292 37977398
8578633 37977398
8796707 37977398
8588399 37977398
857693 37977398
8796733 37977398
2712839 37977398
9143587 37977398
9143591 37977398
9143593 37977398
8796754 37977398
5139972 37977398
8796759 37977398
8796761 37977398
9143605 37977398
8796777 37977398
11043402 37977398
8832856 37977399
8885700 37977400
8885710 37977400
8885708 37977400
8607675 37977400
8583259 37977401
9045740 37977401
8604738 37977401
8868888 37977401
37977402 37977401
8581207 37977401
8594453 37977401
16697043 37977401
9045726 37977401
9045816 37977401
8984400 20005456
8984472 20005456
10944525 20005456
10952583 20005456
8984826 20005456
833160 20005456
8984883 20005456
7488417 20005456
8985356 20005456
858651 20005456
8985609 20005456
8985637 20005456
8985709 20005456
833156 20005456
10952949 20005456
10944090 20005456
9202760 20005456
8986121 20005456
8986179 20005456
8986247 20005456
16762909 20005456
9308203 20005456
8986597 20005456
11198072 37977403
8895947 37977404
8832860 37977405
8969136 37977406
9063102 23812779
9280517 37977407
9280521 37977407
11044449 37977407
858267 37977407
9280542 37977407
8871678 37977407
9280554 37977407
9280566 37977407
9280580 37977407
9280584 37977407
8697277 37977407
858262 37977407
9280640 37977407
833174 37977407
9280657 37977407
858269 37977407
9084815 37977407
9280674 37977407
2644225 37977407
858401 37977407
833176 37977407
833178 37977407
833180 37977407
8712140 37977407
833172 37977407
9280708 37977407
9280712 37977407
9280720 37977407
9280740 37977407
37977408 37977407
8680965 37977409
9341264 37977409
2633173 37977409
8765413 37977409
9418103 37977410
8965802 37977411
8965804 37977411
5139139 37977412
8686215 37977413
9309034 37977414
9219953 23812947
858065 37977415
858070 37977415
10957757 37977416
9291643 37977417
9109111 37977418
8874006 37977419
9392787 37977419
9145728 37977420
8602869 37977420
9151347 37977420
9152713 37977420
9154135 37977420
9172368 37977421
8638232 37977422
8966030 37977423
5142016 37977424
8978988 37977424
8806695 37977425
8987661 37977426
8954906 37977427
7496094 37977428
9024487 37977428
9024667 37977428
9024919 37977428
9025427 37977428
9025549 37977428
2606290 37977428
9025661 37977428
5136887 37977428
2665046 37977428
9025899 37977428
9025903 37977428
9365758 37977429
8836617 37977430
8847358 37977430
8836668 37977430
8836696 37977430
37977431 37977432
9173432 37977433
8846444 37977433
8848159 37977433
8602907 37977433
9315967 17166150
16689149 37977434
9142277 37977435
9095830 37977436
9164672 37977437
8604658 37977438
3880998 37977439
9316032 17166232
8560718 37977440
16701433 37977440
9174490 37977440
9174588 37977440
8847492 37977441
9316317 37977442
9316361 37977442
9323903 37977443
8656294 37977444
8873304 37977445
5141590 20006697
9061166 37977446
8695488 37977447
9328948 37977448
8881069 37977449
8595596 37977450
8595630 37977450
8845355 37977451
11199509 37977451
8695846 17166532
8696397 17166532
8740226 17166532
8697221 17166532
16666995 37977452
9323915 37977453
9323948 37977453
9329904 20006970
9398038 37977454
9028493 20007063
9028469 20007063
9184449 37977455
8665771 20007080
858907 20007080
8699591 20007100
8864180 37977456
9151401 37977456
8993563 37977457
9316611 37977458
8796861 37977459
8599051 37977460
9395201 37977461
8806740 37977462
8666458 37977463
8960736 37977464
8700572 37977465
8874042 37977465
8809096 37977465
8700856 37977465
8701144 37977465
9440248 37977466
9063336 37977467
8586900 37977468
8825600 37977469
9063400 37977470
8993638 37977471
9283892 37977472
9300896 37977473
8966242 37977474
8966288 37977474
8966294 37977474
8701240 37977475
8701246 37977475
8701248 37977475
8591384 37977475
8933639 37977476
8933653 37977476
8933753 37977476
11150122 37977476
8933823 37977476
9217322 37977476
8933825 37977476
8933843 37977476
8933915 37977476
8933939 37977476
9044332 37977477
9160358 20007687
9160376 20007687
853405 37977478
8975496 37977479
8993805 37977480
8993809 37977480
8834716 37977480
8834846 37977480
8604821 37977480
8817909 37977481
8817971 37977481
8592222 37977481
1669977 37977481
9063516 37977482
8984080 37977482
8656348 37977483
6858010 37977484
8994087 37977485
8994287 37977485
10957717 37977485
10957827 37977485
8994405 37977485
8933953 37977486
8852587 37977486
16707884 37977487
8583157 37977487
8583389 37977487
8979976 37977488
8979990 37977488
8960794 37977489
9079393 37977489
2667516 37977490
8833074 37977491
8585021 37977492
8585049 37977493
8585083 37977493
9083805 37977493
8585137 37977493
8585153 37977493
8846491 37977493
8585265 37977493
8866998 37977493
8585281 37977493
8585329 37977493
8585325 37977493
11060015 37977493
9080287 37977493
8585385 37977493
8809522 37977493
8585519 37977493
8585529 37977493
8585555 37977493
8585571 37977493
8585601 37977493
8585619 37977493
16759101 37977493
8585838 37977493
8585912 37977493
8585994 37977493
8586221 37977493
8586343 37977493
8586397 37977493
8586405 37977493
8586451 37977493
8586453 37977493
8586459 37977493
8586463 37977493
8586487 37977493
8586601 37977493
8586623 37977493
8586680 37977493
8586712 37977493
857969 37977493
9170039 37977494
8844614 37977495
8836817 37977496
8918120 37977497
11230919 37977498
9028951 37977499
9267175 37977500
8911278 37977501
37977502 37977503
8704192 37977503
8704208 37977503
8704214 37977503
8704230 37977503
8704234 37977503
16760559 37977504
16706920 37977504
16698749 37977504
16748828 37977504
16698747 37977504
11063007 37977504
8846236 37977505
8934861 37977505
9339901 37977506
9339913 37977506
9286123 20011150
9316828 37977507
9316860 37977507
9134378 37977508
8898200 37977509
8933257 37977510
16718746 37977510
8704924 37977510
8704988 37977510
29557390 37977510
37977511 37977510
37977512 37977510
8705067 37977510
8705209 37977510
8705285 37977510
37977513 37977510
10958551 37977514
8995018 37977514
857956 37977514
10944923 37977514
833102 37977514
8939768 37977514
9382996 37977515
9029198 37977515
9029210 37977515
8598598 37977516
8819227 37977517
8849160 37977517
16710063 20011514
7492923 20011514
8966478 20011514
9134456 37977518
9134740 37977518
9134846 37977518
9134928 37977518
9134966 37977518
9154613 37977519
9154625 37977519
16743144 37977519
9154697 37977519
9154715 37977519
9289831 37977520
9292676 37977521
8949205 37977521
9294108 37977522
8706126 37977522
2664956 37977522
8613005 37977523
9240012 37977523
9333569 37977524
8951460 37977525
8874156 37977526
9377452 37977526
9330490 37977526
9330514 37977526
9330546 37977526
9286567 37977527
9151899 37977528
8846282 37977529
8843906 37977529
8953545 37977529
9063608 37977530
8891282 37977531
8953983 37977531
8796873 37977532
8836567 37977532
2653015 37977533
857614 37977534
9029218 37977535
9029220 37977535
9029230 37977535
8871685 37977535
9029242 37977535
9029252 37977535
9029256 37977535
9029266 37977535
9029272 37977535
9029280 37977535
9029284 37977535
9029286 37977535
8954938 37977536
10942098 37977537
9401884 37977538
9401916 37977538
8956151 37977539
8819351 37977540
9309144 20011658
5138019 20011658
8625959 37977541
8589745 37977542
8874166 20011778
8819401 37977543
8995646 37977544
8819641 37977545
8819964 37977545
8820464 37977546
9029322 37977547
9029324 37977547
16776665 37977548
8837036 37977549
8913861 37977550
8604933 37977550
8708480 37977551
8964579 37977552
8898315 37977553
9274262 37977554
8843829 37977555
37977556 37977555
857975 37185848
8911957 37977557
9353938 37977558
8935437 37977559
8583709 37977560
8891214 20012262
6858843 20012262
9055473 37977561
833138 37977562
8710846 37977563
2690446 37977564
4470806 37977565
9379040 37977566
8874285 37977567
11070340 37977568
8876666 37977569
9148283 37977569
9301684 37977570
9044740 37977571
8846421 37977572
8874186 37977573
9411500 37977574
9029368 37977575
8714307 37977576
8980401 37977577
8715017 37977578
9274386 37977579
9274645 10457343
858601 10457343
8604999 37977580
9068294 37977581
9068620 37977581
9070138 37977582
9089394 37977583
8634151 37977583
8846698 37977584
9300966 37977585
8821178 37977586
8821208 37977586
9305167 37977587
2638940 37977588
8667158 37977589
9166004 37977590
9122803 37977591
9123299 37977592
9030006 37977593
9030042 37977593
11079168 37977594
8882680 37977594
8718184 37977595
9129377 37977595
8806798 37977596
8806826 37977596
8806850 37977596
8806866 37977596
8806930 37977596
16673645 37977596
8890467 37977596
8806965 37977596
8807029 37977596
16696172 20014252
9076690 20014252
9140418 37977597
8837437 37977598
9152881 37977599
9174406 37977600
8821556 37977601
9174568 37977602
9174981 37977602
8960868 37977603
9188814 37977604
2643198 37977605
8882971 37977606
8882981 37977606
1016990 37977607
8884168 37977608
9181590 37977609
9318189 37977609
9409026 37977610
9414709 37977610
6858833 37977611
8598628 37977612
8999517 37977613
9149075 37977614
8797108 37977615
8613588 37977616
8661324 37977617
8936759 37977618
8936809 37977619
9105506 37977620
9105532 37977620
8844955 17439146
8732963 17439146
8999607 37977621
10951542 37977621
8999731 37977621
8999759 37977621
833254 37977621
8999798 37977621
833252 37977621
9440052 37977621
858501 37977621
8999867 37977621
858505 37977621
9197407 37977621
8849436 37977622
10938029 37977622
9199440 37977622
9201234 37977622
9058090 37977623
9310921 17176901
9310960 17176901
9310970 17176901
9310988 17176901
9311010 17176901
9311032 17176901
9377491 17176901
9311050 17176901
9086315 17176901
9311062 17176901
9088103 37977624
8901534 37977624
8561461 37977625
9205604 37977626
9030110 37977626
9030112 37977626
8869976 37977627
8871208 37977628
5141599 37977628
9301780 37977628
8868273 37977628
3775427 37977629
11085799 37977629
9318319 37977629
9000166 37977630
16675166 37977631
9324530 37977631
9324532 37977631
11085904 37977631
8586832 37977632
8586834 37977632
37977633 37977634
8559982 37977635
9286827 37977636
9166129 37977637
9166137 37977637
9166149 37977637
9166175 37977637
9166253 37977637
9166281 37977637
8813528 37977637
9276026 37977637
9276115 37977637
9276171 37977637
9166669 37977637
9166709 37977637
8733191 37977638
8733203 37977638
9366405 37977638
8733185 37977638
9107386 37977639
8937126 37977640
8937144 37977640
8937154 37977640
9311150 37977641
8821894 37977642
8821930 37977642
16744226 37977642
8937214 37977643
9280572 37977644
8813680 37977644
9281246 37977644
8822022 37977644
9038757 37977645
858861 37977646
8938103 37977647
5137769 37977648
9057033 37977649
8877904 37977650
11089792 37977650
8879405 37977650
8681539 37977651
8914481 37977652
9030338 37977653
9030350 37977653
8733911 37977654
9175094 37977655
8967210 37977656
16739914 37977657
7489458 37977658
8668477 37977658
8834164 37977659
9338146 37977660
10905252 37977660
8601810 37977660
8593065 37977661
8938515 37977661
8848659 37977661
8834190 37977662
9318575 37977663
8734795 37977664
8734961 37977664
8734985 37977664
8735001 37977664
8599598 37977665
8603211 37977666
9311235 37977667
858798 37977667
8599628 37977668
9347188 37977668
8599766 37977668
31352682 37977668
5142099 37977669
3779754 20017168
8869330 20017168
37977670 20017168
8880620 20017168
8880630 20017168
9377458 20017168
8880642 20017168
8880710 20017168
8880740 20017168
8880748 20017168
8880766 20017168
9377454 20017168
37977671 20017168
8880796 20017168
8880800 20017168
8880808 20017168
9377460 20017168
8880822 20017168
8880868 20017168
9377456 20017168
8880602 20017168
8880826 20017168
8880901 20017168
864341 37977672
9347904 37977672
9313108 37977673
9313114 37977673
9313168 37977673
9313186 37977673
9324936 37977674
9324968 37977674
9325168 37977674
8859212 37977675
8590212 37977675
5138484 37977676
8938757 37977676
8938791 37977676
8571437 37977677
9359958 37977677
9359976 37977677
8569357 37977677
9360010 37977677
9360162 37977677
9360182 37977677
9360188 37977677
9360244 37977677
9360262 37977677
9360274 37977677
9355668 37977678
8967358 37977679
8967382 37977679
8967438 37977679
8938920 37977680
8939000 37977680
16670624 37977681
16670633 37977681
9061854 37977682
9152389 37977683
8735538 17006659
8735640 17006659
9336760 37977684
9361029 37977685
9361039 37977685
37977686 37977685
8853433 37977685
9059321 37977687
8887300 20017463
9059563 37977688
8890071 17177289
8736318 37977689
9175182 37977690
8823965 37977691
9287058 37977692
9275296 37977693
833136 20017599
9065386 20017599
9043411 37977694
9175234 37977695
8895885 37977695
9275396 37977696
9275424 37977696
8651717 20017621
859015 20017628
9160776 37977697
9301832 37977698
9152621 37977699
9152623 37977699
9152645 37977699
9038821 37977700
857849 37977701
833083 37977701
857847 37977701
8837639 37977701
8912232 37977701
857857 37977701
833085 37977701
9436524 37977702
11196872 37977703
8739968 37977704
9371085 37977705
9329435 37977706
9319137 37977707
9319165 37977707
9319175 37977707
9319177 37977707
9319217 37977707
9319241 37977707
9319283 37977707
37977708 37977707
9319351 37977707
9319365 37977707
9319371 37977707
9319413 37977707
9319445 37977707
9319485 37977707
9319501 37977707
8940995 37977709
9356082 37977709
11102413 37977710
857889 20018177
9058392 20018177
11103054 20018177
9326360 20018177
9175278 37977711
9175288 37977711
8581962 37977711
9175296 37977711
9175298 37977711
9175300 37977711
8861327 37977712
9306059 37977713
8582414 37977714
10949219 37977715
2637526 37977716
16708175 37977716
16670655 37977716
19582012 37977717
8851619 37977718
8583070 37977718
9091610 37977719
9091618 37977719
9091596 37977719
9275718 37977720
9275720 37977720
858629 37977721
8583443 37977722
16695057 37977722
8583451 37977722
9175320 37977722
9175334 37977722
9080747 37977722
9175348 37977722
9175350 37977722
9175352 37977722
9175358 37977722
8583479 37977722
8846463 37977722
37977723 37977722
8873934 37977722
9080749 37977722
8847640 37977722
8918680 37977724
8918688 37977724
833079 37977725
8892550 37977725
9091641 37977725
16687922 37977725
833077 37977725
863555 37977725
8887335 37977725
9091700 37977725
9091704 37977725
9091720 37977725
7487487 37977725
857830 37977725
9091747 37977725
9091769 37977725
8584316 37977725
9091801 37977725
9031165 37977726
9031247 37977726
8592282 37977726
9094059 20019358
9031596 37977727
8740745 20019498
8740777 37977728
3781716 37977729
8585832 37977730
9003171 37977731
8967766 37977732
8967776 37977732
8723572 37977732
8967794 37977732
8967796 37977732
8740991 37977733
8843903 37977734
9188670 37977734
9189154 37977734
3881233 37977734
9189437 37977734
9189503 37977734
9189529 37977734
9189575 37977734
8955440 37977735
9420460 37977735
6858306 37977735
9398308 37977735
8955725 37977735
8807225 37977736
8807237 37977736
9113360 37977737
9113366 37977737
9113394 37977737
8890596 37977738
8890602 37977738
8890604 37977738
8890691 37977738
8890697 37977738
8890751 37977738
8890771 37977738
8890779 37977738
9082022 37977738
8587540 37977738
8815792 37977738
8890801 37977738
9411022 37977738
8890861 37977738
8890875 37977738
8890907 37977738
8890923 37977738
8890943 37977738
9411026 37977738
9415343 37977738
8890961 37977738
8890963 37977738
8890983 37977738
8587622 37977738
8871701 37977738
8891067 37977738
37977739 37977738
9328956 37977740
8587900 37977740
8845497 37977740
8592751 37977740
8588019 37977740
9275766 37977741
9031902 37977742
9084627 37977743
10958145 20019723
10958153 20019723
9003647 20019723
8918690 37977744
8588379 37977744
8918899 37977744
8918913 37977744
8918925 37977744
8918935 37977744
8919160 37977744
8919212 37977744
8919225 37977744
8919237 37977744
8919349 37977744
8919393 37977744
8588790 37977744
8919447 37977744
8919457 37977744
8588818 37977744
8921861 20019763
8921979 20019763
8922151 20019763
8941975 37977745
16719186 37977746
8591616 37977746
9319695 37977747
2647833 37977748
8967858 37977749
9003787 37977750
11107589 37977751
9153451 37977752
9153607 37977752
8592262 37977753
8942047 37977753
8928621 37977754
8928629 37977754
8589354 37977755
16732600 37977756
8807271 37977757
8743134 37977758
9114210 37977759
8961975 37977760
11111480 37977761
9114933 37977762
9115589 37977762
8658103 37977763
8600499 37977764
9161520 37977765
11111819 37977765
9161674 37977765
8919967 37977766
9166907 37977767
8874708 37977768
8658123 37977769
10958196 37977770
8658283 37977771
9392857 37977772
8658383 37977772
8957584 37977773
9221760 37977774
8601686 37977774
9221774 37977774
37977775 37977776
16671858 37977776
9004301 37977777
9294334 37977778
9436292 37977778
37977779 37977778
9436370 37977778
16679461 37977778
16679464 37977778
9294360 37977778
8968120 37977780
2636853 37977781
9363824 37977781
9290522 37977782
9290542 37977782
9290588 37977782
10958199 37977783
9004369 37977783
10943660 37977783
8602959 37977783
9004565 37977783
8603045 37977783
9004785 37977783
9004871 37977783
8603115 37977784
11112239 37977784
8825665 37977785
16671862 37977786
8744233 37977786
16712285 37977786
8744308 37977786
8662452 37977787
8662866 37977787
2628827 37977788
8603763 37977788
8869663 37977788
8889178 37977788
10918195 37977788
8603855 37977788
16687783 37977788
8889184 37977788
16687791 37977789
8744853 37977789
8745676 37977789
8746112 37977789
8746556 37977789
9059142 37977790
8600660 37977791
8600949 37977791
9166933 37977792
9166943 37977792
9166963 37977792
9364542 37977793
9364548 37977793
9420336 37977793
8807287 37977793
9032366 37977794
9032368 37977794
37977795 37977794
9032370 37977794
9032374 37977794
9032376 37977794
11092041 37977794
9032382 37977794
9032386 37977794
9032388 37977794
16725171 37977794
16725174 37977794
37977796 37977794
9032398 37977794
9032400 37977794
9032408 37977794
9287891 37977797
8794861 37977798
8587042 37977799
8577824 37977800
9170557 37977801
9032700 37977802
8593203 37977803
1016997 37977804
8882557 37977805
8882581 37977805
8593211 37977806
9310336 37977807
7496483 37977807
9310717 37977807
9311066 37977807
9311136 37977807
8603493 37977807
9311414 37977807
9377466 37977807
9312611 37977807
9377462 37977807
9377469 37977807
9314172 37977807
9314732 37977807
9314908 37977807
9315260 37977807
9315304 37977807
9377464 37977807
9316643 37977807
6858410 37977807
16680340 37977807
9316778 37977807
9043427 37977808
9043437 37977808
9043491 37977808
8613947 37977809
8922251 37977809
8843974 37977809
16728313 37977809
8922361 37977809
8922415 37977809
8849922 37977809
8845819 37977809
8922609 37977809
8922716 37977809
8922724 37977809
8922732 37977809
11156380 37977810
8590580 37977811
8590635 37977811
10947717 37977812
9005479 37977812
9005607 37977812
10950397 37977812
9005835 37977812
9005841 37977812
9012939 37977812
9006277 37977812
10949530 37977812
8614085 37977812
8943145 37977813
10936241 17170230
10936257 17170230
8614275 17170230
8614387 17170230
8614399 17170230
10945853 37977814
9006868 37977815
9006880 37977815
8757148 37977816
37977817 37977816
8757156 37977816
8757182 37977816
16756783 37977816
8757282 37977816
8757436 37977816
8757448 37977816
8614987 37977818
8803379 37977818
2648754 37977818
11339849 37977818
8804130 37977818
3777582 37977818
8804426 37977818
8845489 37977818
11339491 37977818
8804956 37977818
8615572 37977819
8615574 37977819
8962359 17008553
8962379 17008553
8962391 17008553
5133398 17008553
11130656 17008553
8962420 17008553
8962446 17008553
16703483 17008553
8962528 17008553
8728522 17008553
8962625 17008553
8962665 17008553
8962711 17008553
8962769 17008553
8962940 17008553
8968840 37977820
8968844 37977820
8757733 37977821
8757745 37977821
8757763 37977821
8887337 37977822
9092019 37977822
9092125 37977822
9092131 37977822
9092135 37977822
2652388 37977823
8603295 37977824
8587052 37977824
8810949 37977825
8617253 37977826
8964649 37977827
16681237 37977827
8844356 37977827
8964659 37977827
857946 37977827
8964682 37977827
16669475 37977827
8617301 37977827
8964692 37977827
8964694 37977827
8617315 37977827
833264 37977827
833266 37977827
37977828 37977827
37977829 37977827
8964715 37977827
8829732 37977827
8964807 37977830
8882708 37977830
8964919 37977830
8617543 37977830
5134109 37977830
8965060 37977830
8965232 37977830
8854851 37977830
9143733 37977831
8797238 37977831
5132322 37977831
2633021 37977831
8797263 37977831
8617820 37977831
8797279 37977831
8797297 37977831
8797323 37977831
8617852 37977831
8844987 37977831
8617866 37977831
8797379 37977831
8797408 37977831
8797416 37977831
8848855 37977831
857710 37977831
16759516 37977831
11012536 37977831
37977832 37977831
857562 37977831
8758064 37977833
16745581 37977834
9012153 37977835
9016170 37977835
9043509 37977836
9043515 37977836
9043519 37977836
9043523 37977836
9043527 37977836
8706405 37977837
8758384 37977837
8758388 37977837
8618496 37977838
8818307 37977838
8891262 37977838
9365464 37977839
9365466 37977839
5140594 37977840
8797504 37977841
858240 37977842
9056079 37977842
9294564 37977843
9032798 37977844
9365488 37977845
8874477 37977846
9161920 37977847
9032950 37977848
8943815 37977849
9282385 37977850
9047504 37977851
8619224 37977852
9007226 37977853
8619252 37977853
9068336 37977854
9068350 37977854
9007264 37977855
9007272 37977856
2660997 37977856
8619404 37977857
8619560 37977858
8619562 37977858
8759083 37977858
37977859 37977858
8759181 37977858
8759275 37977858
37977860 37977858
37977861 37977858
8593511 37977858
8759431 37977858
8759469 37977858
8759479 37977858
8759487 37977858
2638021 37977858
16707265 37977858
2640226 37977858
16707262 37977858
16584774 37977858
8759570 37977858
8759574 37977858
8759664 37977858
10906464 37977858
8619588 37977862
9366689 37977863
9366691 37977863
5142543 37977864
3776042 37977865
8968980 37977866
9320545 37977867
8969038 37977868
8969052 37977869
8969056 37977869
9085623 37977869
8969140 37977869
9294674 37977870
9056085 37977871
8884098 20025472
9033140 37977872
9326822 37977873
9326824 37977873
9326862 37977873
8760016 37977874
8760024 37977874
8760032 37977874
8587058 37977875
9320549 37977876
833302 37977877
9228270 37977877
833304 37977877
8844500 37977877
8797549 37977877
833308 37977877
9143845 37977877
833306 37977877
16696257 37977877
8620470 20025654
9320585 37977878
9320603 37977878
9320613 37977878
9320551 12458738
8760314 37977879
16732849 37977880
9007317 37977880
10957356 37977880
9007377 37977880
9007415 37977880
10958516 37977880
10957368 37977880
31769609 37977880
10939933 37977880
9007467 37977880
9007469 37977880
3780391 37977880
2661431 37977881
8969185 37977881
8596396 37977881
8628358 37977882
9087384 37977882
9083611 37977883
11013138 37977884
9068550 37977885
9129117 37977886
8624529 37977887
8625477 37977888
9148737 37977888
9117475 20026453
858554 37977889
16523915 37977890
8912426 37977890
8912472 37977890
8636270 37977891
9377473 37977891
9068682 37977892
9009010 17009597
16713959 37977893
9302146 37977894
9043036 37977895
8882409 37977896
9162385 37977897
9162399 37977897
9141460 37977898
9059152 37977899
844424 37977899
8598502 37977899
8856468 37977900
8602913 37977901
8636755 37977902
8763259 37977902
8763261 37977902
8763265 37977902
8763277 37977902
9043549 17009731
9043573 17009731
9043599 17009731
9438431 17009731
858230 17009731
9043632 17009731
8892566 17009731
9043644 17009731
8854322 17009731
9043668 17009731
9043716 17009731
8844463 17009731
8587152 37977903
3884904 37977904
8587174 37977904
8587200 37977904
8587218 37977904
8587224 37977904
8636953 37977904
8587228 37977904
8587238 37977904
8636957 37977904
16683410 37977904
8587258 37977904
8587284 37977904
8587314 37977904
8587660 37977904
8636967 37977904
8636973 37977904
8636985 37977904
8586355 37977904
8636991 37977904
8636997 37977904
8587300 37977904
9033726 37977905
8637017 37977905
8880564 37977906
9045042 37977906
8589222 37977907
9175879 37977907
16683472 37977907
8637953 37977907
9175881 37977907
9175891 37977907
7486059 37977907
9175907 37977907
9175909 37977907
11198137 37977907
8637975 37977907
8637979 37977907
9175917 37977907
37977908 37977907
9175923 37977907
857821 37977907
37977909 37977907
9175929 37977907
8637990 37977907
9175951 37977907
9210766 37977907
9175953 37977907
37977910 37977907
9175957 37977907
9175977 37977907
858846 37977911
8965654 37977912
8670603 37977913
8670605 37977913
8653324 37977914
10957887 37977915
9282576 37977916
8969924 37977917
8603181 37977918
2641395 37977919
9069218 37977920
8764516 37977921
8653594 37977922
8579581 37977923
8970487 20029122
8970495 20029122
8891629 37977924
8864272 37977925
8845841 37977926
9327008 37977926
9144768 37977927
8880818 37977927
2648897 37977927
8658943 37977928
9327024 37977929
9321179 37977930
8850573 37977931
8765863 37977931
5063213 37977932
8797686 37977932
9073011 37977933
9073021 37977933
8876521 37977933
5136742 37977934
16685022 37977935
9131509 20029961
9132513 20029961
9132593 20029961
9133023 20029961
9087362 37977936
8829372 37977937
7485665 37977937
8829420 37977937
16692757 37977938
9149851 37977939
9176145 37977940
9089459 37977941
858892 37977941
8661746 37977942
8876358 37977943
9370332 37977944
8983101 37977945
9070224 37977946
3775467 37977947
8971066 37977947
8971190 37977947
37977948 37977947
9282682 37977949
9394030 37977949
7486397 37977950
9195147 37977951
9195149 37977951
9195153 37977951
9195161 37977951
8583569 37977952
9302343 37977953
9302383 37977953
9302441 37977953
7494394 37977953
9167081 17179393
6858827 17179393
9167116 17179393
9167122 17179393
9340061 37977954
10973151 37977955
8912929 37977955
857859 37977955
8912942 37977955
8912948 37977955
16685371 37977955
8665651 37977955
857851 37977955
10973187 37977955
9393356 37977956
8845531 37977957
9089482 37977957
8853730 37977957
8576898 37977957
9089506 37977957
8669235 37977958
858655 17441837
833274 37977959
853651 37977960
8971389 37977960
8971457 37977960
9089202 37977961
8983263 37977961
8983321 37977961
8869984 37977962
8897338 37977963
9321213 37977964
5138376 37977964
11017547 37977964
9321264 37977964
9321278 37977964
8844526 37977965
2662415 37977965
8676706 37977965
16696603 37977965
8872323 37977965
8577382 37977965
8882895 37977965
9090764 37977966
9195393 37977967
855767 37977968
8766628 20031133
8766710 20031133
8766748 20031133
8766808 20031133
8766872 20031133
9087843 20031133
8766924 20031133
8766688 20031133
10942358 37977969
9091206 37977970
9087360 37977971
8671518 37977972
9014259 37977973
2636730 37977973
8767184 37977974
8767270 37977974
8604345 37977975
860245 37977975
8604492 37977975
11312362 37977975
8686057 37977976
8854740 37977976
8956844 37977977
9122509 37977978
9122517 37977978
9122541 37977978
9122547 37977978
9122629 37977978
9122655 37977978
9122659 37977978
9122661 37977978
9122685 37977978
9122771 37977978
9122789 37977978
9122801 37977978
9122813 37977978
9367323 37977979
9367329 37977979
16685794 37977980
16715744 37977981
8869980 37977981
2637490 37977981
8590166 37977981
8687834 37977981
8621297 37977981
11335829 37977981
8821548 37977981
8621431 37977981
8821558 37977981
8832688 37977981
21817137 37977981
9122939 37977982
9123011 37977982
21817291 37977982
9123055 37977982
9123059 37977982
9123063 37977982
9123219 37977982
9327092 37977983
8692295 37977984
8971531 37977985
8971541 37977985
16737845 37977985
2702401 37977985
8653718 37977986
9163472 37977987
9093043 37977988
9093045 37977988
5142081 20031669
9183283 37977989
9152823 37977990
9048082 37977991
8829782 37977992
8696633 37977993
8644682 37977993
8599492 37977993
8908678 37977994
8571389 37977995
9196659 37977996
9196693 37977996
9167146 37977997
8852302 37977997
9167166 37977997
9167182 37977997
8728524 37977997
9167190 37977997
9167194 37977997
5139104 37977997
9167209 37977997
9167215 37977997
9167223 37977997
9167225 37977997
9409906 37977997
9167247 37977997
9167249 37977997
9167261 37977997
9086886 37977998
9170639 37977999
9170641 37977999
2638352 37978000
9370943 37978000
9139378 20032168
9141654 37978001
8843933 37978001
9327160 37978002
9176287 37978003
9034664 17011193
8779795 17011193
8957623 37978004
9146561 37978005
2649721 37978006
9087412 37978007
8769651 37978008
9321745 37978009
9276456 37978010
9087559 17011374
8797708 37978011
8948691 37978012
11160289 37978012
8948790 37978012
5169035 37978013
6858257 37978014
9420340 37978015
833330 37978016
9078809 37978016
3773223 37978016
9143970 37978016
833328 37978016
858938 37978017
11036927 37978018
8798717 37978018
8886051 37978019
9153055 37978020
9212179 37978020
16737935 37978020
9153565 37978020
8591234 37978021
9276540 37978022
8880090 37978023
9087316 37978024
9159342 17011572
9177381 37978025
5138972 37978026
6858753 37978027
16689926 37978028
8773344 37978029
8748071 37978030
8748079 37978030
8973464 37978030
8973470 37978030
8748087 37978030
8594730 37978030
8748558 37978031
9301134 37978032
9377562 37978033
5141933 37978033
833201 37978033
858677 37978033
3929240 37978033
8837898 37978033
858673 37978033
833197 37978033
8838128 37978033
857125 37978033
833209 37978033
5134846 37978033
8838281 37978033
8748949 37978033
8748965 37978033
10989014 37978033
8748977 37978033
833213 37978033
8838401 37978033
9377618 37978033
8838415 37978033
3779501 37978033
858687 37978033
9377564 37978033
8838553 37978033
7484769 37978033
37978034 37978033
858327 37978033
858292 37978033
9373804 37978033
833186 37978033
858296 37978033
8838674 37978033
16698217 37978033
8838727 37978033
10989240 37978033
838026 37978033
833203 37978033
833188 37978033
8824957 37978033
858305 37978033
8838842 37978033
16690284 37978033
833193 37978033
8838861 37978033
8882830 37978033
10989350 37978033
833205 37978033
858323 37978033
8824963 37978033
8838983 37978033
858320 37978033
858303 37978033
2696602 37978033
8839069 37978033
833195 37978033
858679 37978033
8839220 37978033
9082396 37978033
833211 37978033
37978035 37978033
833207 37978033
858822 37978033
37978036 37978033
8839427 37978033
8839443 37978033
833184 37978033
858670 37978033
8839496 37978033
8834346 37978033
9178553 37978037
6858864 37978037
9167371 37978038
8846163 37978038
9167423 37978038
9167465 37978038
9167477 37978038
9167499 37978038
16690381 37978038
8844314 37978038
28868645 37978038
8750070 37978038
9167737 37978038
16667142 37978038
8883019 37978038
9167898 37978038
8843912 37978038
9167948 37978038
11234247 37978038
9168082 37978038
9168094 37978038
8846578 37978038
16713931 37978038
9168142 37978038
9168232 37978038
9168248 37978038
8729360 37978039
9086884 37978039
8830380 37978039
3887173 37978039
16690415 37978039
16698729 37978039
16698731 37978039
9137935 20035150
9137947 20035150
9137967 20035150
8750406 37978040
845362 37978041
9308755 37978042
9297729 37978043
8773991 37978044
37978045 37978046
9168958 37978047
858299 37978047
9168981 37978047
9168987 37978047
8910346 37978048
8659167 37978049
8659189 37978049
8659197 37978049
8659213 37978049
9171064 37978050
9171096 37978051
9171131 37978051
9171135 37978051
9171151 37978051
37978052 37978051
9171181 37978051
9171191 37978051
9171193 37978051
9171233 37978051
9171251 37978051
9171269 37978051
37978053 37978051
9171321 37978051
9171345 37978051
8871697 37978051
9171363 37978051
11116953 37978051
9171417 37978051
9171427 37978051
37978054 37978051
9178557 37978055
16690429 37978055
9213187 37978056
8774195 37978056
9153769 37978057
9153773 37978057
9153775 37978057
9153833 37978057
9153835 37978057
9153841 37978057
16691481 37978057
9153855 37978057
9153861 37978057
9153869 37978057
9153877 37978057
8605699 37978058
8812139 37978058
8812187 37978058
16670416 37978059
9164984 37978059
2670220 37978060
8754007 17012030
8845176 17012030
9179511 17012030
9179561 17012030
8631304 37978061
8884974 37978061
8848459 37978061
9138077 37978062
9138085 37978062
8849805 37978062
3782794 37978062
8920349 37978063
8920357 37978063
8920363 37978063
2633127 37978064
8646249 37978065
8876465 37978065
9059212 37978066
8756713 37978066
8756717 37978066
8756719 37978066
8756741 37978066
8756763 37978066
9059884 37978066
5136041 37978066
16710207 37978066
9060024 37978066
9138344 37978067
8659243 37978068
5187411 37978068
8659330 37978068
8756990 37978068
8659344 37978068
9277814 37978069
9277816 37978069
8757004 37978069
858579 37978069
11173303 37978069
16707508 37978069
37978070 37978069
9277839 37978069
9277863 37978069
9277875 37978069
9277895 37978069
9277899 37978069
8974749 17179950
9279923 37978071
9279943 37978071
8774624 20037471
8792012 37978072
8646391 37978073
9288925 37978074
8875030 37978075
9043932 37978076
9028777 37978077
8776252 37978078
9151489 37978079
8812471 37978080
8814009 37978080
8810901 37978080
9215299 37978081
833338 18629514
16665522 37978082
8876718 37978082
9085423 20039144
8647103 20039144
8892576 20039144
8647691 20039144
8648678 20039144
9301212 37978083
9323246 37978084
8892357 37978085
9276702 37978085
9035784 37978086
9035810 37978087
9302964 20040187
8773040 20040210
16726972 37978088
9315324 37978089
8648760 37978090
8587506 37978091
8846407 37978092
7493489 37978093
8780326 37978094
8605968 37978095
8592336 37978096
9304595 37978097
9047366 37978098
9308697 37978099
8920845 37978100
9216559 37978101
8786248 37978102
8786254 37978102
8786294 37978102
8786306 37978102
8786310 37978102
8786324 37978102
8786354 37978102
8783314 37978103
858171 37978104
8722120 37978104
9283566 37978105
9020446 37978106
11031568 37978107
9308793 37978107
9308809 37978107
9308811 37978107
9308825 37978107
9308833 37978107
9308841 37978107
9308871 37978107
9308877 37978107
16760835 37978108
8783446 37978109
5141214 37978109
7486544 37978109
6857599 37978109
3780450 37978109
8787174 37978110
8787458 37978110
8787488 37978110
8788156 37978110
8788342 37978110
8788374 37978110
8788404 37978110
8788506 37978110
8788578 37978110
8788660 37978110
8788921 37978110
8788997 37978110
8789069 37978110
8789217 37978110
3782955 37978110
8789487 37978110
37978111 37978110
8789938 37978110
8790134 37978110
8790262 37978110
10926963 37978112
8845855 37978113
2636872 20042759
8783867 20042759
9308993 20042759
5142165 20042759
9308999 20042759
858536 37978114
8835721 37978115
8835723 37978115
8852531 37978116
9163432 37978117
8599816 37978118
9314520 37978119
8782685 37978120
9022071 37978121
833298 37978122
8911805 37978123
9072631 37978124
9022509 37978125
9022521 37978125
8660781 37978126
8851982 37978127
833128 37978127
9328178 37978127
858003 37978127
9315585 37978127
9328203 37978127
833130 37978127
833132 37978127
8852605 37978127
833134 37978127
858001 37978127
9081291 37978127
9315611 37978127
8849434 37978128
8815358 37978129
9205654 37978130
9205690 37978130
9205714 37978130
8883651 37978131
9425241 37978132
8581231 37978133
9030708 37978134
8792445 37978135
9328428 37978136
9328450 37978136
8796217 37978136
9328466 37978136
2638540 37978136
16711723 37978136
16725590 37978136
9328536 37978136
28959401 37978136
9328546 37978136
9328566 37978136
9328610 37978136
9328622 37978136
9328624 37978136
31384643 37978136
9328658 37978136
9328686 37978136
2639939 37978136
9024207 37978137
9037299 37978138
8892587 37978138
9037305 37978138
9123265 37978139
11205471 37978140
9329185 37978140
8796893 37978140
16712033 37978140
8871554 37978140
8796903 37978140
9329191 37978140
8796913 37978140
9377489 37978140
8894260 37978140
8796931 37978140
8871556 37978140
16712183 37978140
9329211 37978140
858623 37978140
8796977 37978140
9329219 37978140
8797165 37978140
8796984 37978140
8894314 37978140
9329231 37978140
8796992 37978140
9329245 37978140
9329249 37978140
8797015 37978140
9329257 37978140
9329269 37978140
9075943 37978140
9329279 37978140
858627 37978140
11205489 37978140
8871560 37978140
8894392 37978140
9329301 37978140
8797052 37978140
8797058 37978140
2638888 37978140
8797068 37978140
9329311 37978140
8797074 37978140
9329317 37978140
8871558 37978140
9329319 37978140
858625 37978140
16608517 37978140
8871562 37978140
9329333 37978140
37978141 37978140
8797175 37978140
8828386 37978140
9329367 37978140
11205825 37978140
8871552 37978140
8894482 37978140
8871550 37978140
8849287 37978140
8894506 37978140
8585595 37978140
9329393 37978140
2642634 37978140
9224114 37978142
9225460 37978142
9225462 37978142
9224116 37978142
9329507 37978143
9329545 37978143
9329547 37978143
8797242 37978143
8845033 37978143
9329595 37978143
9329623 37978143
9329639 37978143
9329683 37978143
8797359 37978143
9329689 37978143
9329713 37978143
11242691 37978143
9329759 37978143
9329777 37978143
8797496 37978143
9329821 37978144
11025274 37978144
9329849 37978144
2637512 37978144
9329900 37978144
8958371 37978145
8958389 37978145
9206362 37978146
8797688 17014406
16691083 37978147
8876851 20045216
8849512 37978148
8632801 37978149
8832774 37978150
8802846 37978151
8637864 37978152
8637868 37978152
16690986 37978152
8637876 37978152
16721283 37978152
11336763 37978152
9289201 37978153
9312437 37978154
9312545 37978154
9023445 37978155
8601954 37978155
9023447 37978155
9087735 37978155
9023451 37978155
9023459 37978155
9304649 37978156
9329403 37978157
8581353 37978158
8595826 37978158
9043299 37978159
8674993 37978160
8796260 37978161
8796262 37978161
8796280 37978161
8796286 37978161
8796288 37978161
8796294 37978161
16721077 37978162
8796394 37978162
8796396 37978162
9283794 37978163
9168810 37978164
8965682 37978165
9072909 37978166
9399252 37978166
8568539 37978167
8593741 37978168
8876540 37978169
8604443 37978170
31142195 37978170
8594171 37978170
8883065 20047901
9037483 20047901
8805413 20047901
8805423 20047901
9037489 20047901
8876618 20047901
8883063 20047901
11120738 20047901
8603601 20047901
8883067 20047901
9037509 20047901
9037533 20047901
9037539 20047901
9082488 20047901
8805487 20047901
16721576 20047901
8954801 37978171
9410960 37978171
9073261 37978172
9350142 37978173
9277006 37978174
16721595 37978174
9277014 37978174
9277028 37978174
9277038 37978174
9277062 37978174
9277072 37978174
9277207 37978174
5142018 37978174
9277241 37978174
9277275 37978174
9277285 37978174
858589 37978175
9315617 20048010
5155109 20048010
8806007 37978176
16721658 37978177
2639362 37978178
8806341 37978179
8954842 37978179
9323857 37978180
3777632 37978181
9073269 37978182
8806581 20048101
2695423 37978183
9340186 37978183
