10526045 34059009
12107697 37979886
4234220 37979886
2701675 37979886
12076835 37979886
12109580 37979886
12112254 37979886
12111983 37979886
15520211 37979886
12102806 37979886
12116797 37979886
3920330 37979886
12116692 37979886
12114084 37979886
12085415 37979886
3547220 37979886
2741709 37979886
8311042 37979886
15497285 37979886
2664054 37979886
3945830 37979886
12090611 37979886
12108965 37979886
12101506 37979886
12090615 37979886
12086349 37979886
12108872 37979886
3925566 37979886
3966052 37979886
12106193 37979886
12108569 37979886
3938860 37979886
3951903 37979886
6650092 37979886
12114297 37979886
12103961 37979886
12092492 37979886
12099223 37979886
12105901 37979886
12114213 37979886
12086048 37979886
12076592 37979886
12082246 37979886
12114214 37979886
12076912 37979886
12089601 37979886
12088942 37979886
3270853 37979886
12078823 37979886
2748546 37979886
12112613 37979886
3983440 37979886
2731969 37979886
12082444 37979886
12092605 37979886
12088943 37979886
12078744 37979886
12100739 37979886
12112179 37979886
12082474 37979886
12114510 37979886
12116334 37979886
12093539 37979886
12116335 37979886
12101525 37979886
12092619 37979886
12094106 37979886
12092510 37979886
12080442 37979886
12107416 37979886
12114524 37979886
12107298 37979886
2747964 37979886
12080448 37979886
3938119 37979886
12109861 37979886
12109862 37979886
2688317 37979886
1826232 37979886
12104266 37979886
12104144 37979886
19111831 37979886
1975263 37979886
12092668 37979886
12104807 37979886
12088414 37979886
4450333 37979886
12100089 37979886
12079257 37979886
1888828 37979886
21261062 37979886
12082661 37979886
3972644 37979886
12112186 37979886
12082670 37979886
12103979 37979886
12090742 37979886
12107710 37979886
12113927 37979886
12101343 37979886
12112811 37979886
12108591 37979886
12109197 37979886
12100094 37979886
27588401 37979886
12103980 37979886
12099287 37979886
12080561 37979886
12089937 37979886
12107543 37979886
12088996 37979886
3974639 37979886
12087288 37979886
12082765 37979886
12080595 37979886
21266831 37979886
12100589 37979886
12094218 37979886
12114740 37979886
12100757 37979886
12103807 37979886
12090809 37979886
12092161 37979886
12106524 37979886
12107778 37979886
12110103 37979886
12099153 37979886
15580865 37979886
12104601 37979886
12087319 37979886
12102896 37979886
12109207 37979886
12090833 37979886
12099323 37979886
12090847 37979886
12095984 37979886
8309786 37979886
12085353 37979886
12099331 37979886
6730959 37979886
12100593 37979886
12099333 37979886
12095995 37979886
12087339 37979886
12095085 37979886
3474497 37979886
12100111 37979886
12105952 37979886
12096003 37979886
12090364 37979886
12085519 37979886
8310940 37979886
12094261 37979886
2739706 37979886
12107633 37979886
12100550 37979886
12099340 37979886
12100426 37979886
3963614 37979886
12107202 37979886
12114829 37979886
12096028 37979886
12087379 37979886
12087380 37979886
12103811 37979886
12100430 37979886
12106247 37979886
12114845 37979886
12082950 37979886
12080721 37979886
12113063 37979886
12092788 37979886
12092794 37979886
12099351 37979886
2737556 37979886
12109217 37979886
12104161 37979886
12101005 37979886
12103369 37979886
12086467 37979886
2679015 37979886
12101007 37979886
12097800 37979886
12093639 37979886
12090967 37979886
12113081 37979886
12086473 37979886
12090979 37979886
12097482 37979886
12096083 37979886
3653246 37979886
12076748 37979886
12090991 37979886
12088475 37979886
12114959 37979886
4139624 37979886
12097809 37979886
12114977 37979886
12098059 37979886
12116945 37979886
3915861 37979886
12107638 37979886
12091013 37979886
12091019 37979886
12089085 37979886
12103668 37979886
12094944 37979886
12108858 37979886
12101612 37979886
12083117 37979886
12091039 37979886
12099385 37979886
12093952 37979886
12076088 37979886
12103825 37979886
26349868 37979886
12077462 37979886
12091044 37979886
12104166 37979886
12089095 37979886
12087460 37979886
3925881 37979886
2733470 37979886
3938338 37979886
12113800 37979886
2708775 37979886
12099390 37979886
12082085 37979886
12083154 37979886
12091055 37979886
12091056 37979886
1421063 37979886
12105040 37979886
12083161 37979886
12100141 37979886
8310863 37979886
12083165 37979886
3548608 37979886
12106602 37979886
12107328 37979886
12080861 37979886
12083176 37979886
12096159 37979886
12077511 37979886
12103378 37979886
12116972 37979886
12104300 37979886
12083190 37979886
12110408 37979886
12099401 37979886
12077525 37979886
12093668 37979886
2696044 37979886
12083201 37979886
12077531 37979886
12087481 37979886
12089683 37979886
34378931 37979886
6351598 37979886
12101629 37979886
8311498 37979886
12105075 37979886
12091091 37979886
12080898 37979886
34386301 37979886
12077564 37979886
12097500 37979886
12083255 37979886
12108078 37979886
12102958 37979886
12112031 37979886
12116633 37979886
12087494 37979886
12077604 37979886
12109252 37979886
3901538 37979886
12083289 37979886
19083161 37979886
12092220 37979886
12094385 37979886
12109086 37979886
12087511 37979886
12090497 37979886
12115127 37979886
12099427 37979886
12116507 37979886
12076489 37979886
12111971 37979886
12011035 37979886
12083324 37979886
12094401 37979886
12087522 37979886
12096264 37979886
12112140 37979886
3884644 37979886
12105101 37979886
26349938 37979886
12102979 37979886
12105108 37979886
12087532 37979886
12087533 37979886
12087534 37979886
12096278 37979886
12087539 37979886
12106004 37979886
12100447 37979886
12077670 37979886
12098511 37979886
12102287 37979886
12083361 37979886
12087548 37979886
12087550 37979886
12090041 37979886
12110567 37979886
12087554 37979886
12092934 37979886
12113812 37979886
12087570 37979886
12087572 37979886
12077728 37979886
12087573 37979886
12102999 37979886
12100159 37979886
12091193 37979886
12115231 37979886
12087575 37979886
12092942 37979886
12087577 37979886
12083446 37979886
12091197 37979886
12087578 37979886
12091203 37979886
12089141 37979886
12103003 37979886
12087580 37979886
12083461 37979886
12098560 37979886
12092945 37979886
12092946 37979886
12099463 37979886
12094435 37979886
12092952 37979886
12103006 37979886
12087587 37979886
12087589 37979886
4007291 37979886
12087594 37979886
12085356 37979886
4005827 37979886
12115266 37979886
12090064 37979886
12077791 37979886
12077792 37979886
4005418 37979886
12110694 37979886
12079432 37979886
12083522 37979886
12083523 37979886
12115289 37979886
12115297 37979886
12103017 37979886
12087618 37979886
4005378 37979886
12106025 37979886
12076198 37979886
12087621 37979886
12099182 37979886
12086172 37979886
12083568 37979886
12081097 37979886
12088153 37979886
3899663 37979886
3926443 37979886
12083617 37979886
12106035 37979886
12117050 37979886
12083626 37979886
12083627 37979886
14406922 37979886
12094484 37979886
12100173 37979886
12077857 37979886
12115341 37979886
12082090 37979886
12095192 37979886
37979887 37979886
12078871 37979886
6633311 37979886
12096533 37979886
12091296 37979886
12104316 37979886
12115384 37979886
2706563 37979886
12115391 37979886
12082257 37979886
12117071 37979886
3936351 37979886
2692539 37979886
12089202 37979886
12105324 37979886
12100465 37979886
12092294 37979886
12107347 37979886
12115450 37979886
12087691 37979886
13958488 37979886
12096653 37979886
12115463 37979886
12102451 37979886
12115467 37979886
12098806 37979886
12083925 37979886
14406628 37979886
12115475 37979886
12105383 37979886
12088572 37979886
12081927 37979886
12076606 37979886
12087708 37979886
12102474 37979886
12115511 37979886
12078021 37979886
12113324 37979886
12093160 37979886
12096718 37979886
2743707 37979886
12094621 37979886
4243714 37979886
12088591 37979886
12095249 37979886
12084025 37979886
12112070 37979886
12078071 37979886
12115587 37979886
12087779 37979886
12092323 37979886
2744326 37979886
12101762 37979886
12099572 37979886
2751706 37979886
12084083 37979886
12079966 37979886
12093201 37979886
12107738 37979886
3903767 37979886
12101417 37979886
12101783 37979886
12094683 37979886
3906930 37979886
12109317 37979886
12093967 37979886
15579299 37979886
12080131 37979886
12107662 37979886
12089796 37979886
3936823 37979886
12085218 37979886
12106955 37979886
3630255 37979886
12111440 37979886
12092498 37979886
12082232 37979886
37979888 37979886
12084430 37979886
3923915 37979886
12101256 37979886
12084463 37979886
12112583 37979886
12106993 37979886
12095332 37979886
1872402 37979886
12079086 37979886
12101822 37979886
12078439 37979886
12107258 37979886
12115897 37979886
12097028 37979886
12079624 37979886
6377891 37979886
12097934 37979886
12114350 37979886
12084600 37979886
12078845 37979886
12097939 37979886
3900734 37979886
12103889 37979886
12112457 37979886
34267791 37979886
1941702 37979886
12116733 37979886
12101859 37979886
12086292 37979886
3918425 37979886
15549279 37979886
12099738 37979886
12103603 37979886
12107758 37979886
12111739 37979886
12101447 37979886
15580903 37979886
15724069 37979886
12097227 37979886
12088098 37979886
12091906 37979886
12085896 37979886
10507583 37979886
12104108 37979886
12094856 37979886
12085348 37979886
12116183 37979886
3929227 37979886
8309560 37979886
12114360 37979886
3934868 37979886
12116687 37979886
12107167 37979886
12097398 37979886
12085090 37979886
12092517 37979886
12089405 37979886
12085101 37979886
12107508 37979886
12111969 37979886
10526045 16344069
17717972 16344069
10526048 16344069
10526045 16344070
17717972 16344070
10526048 16344070
10526045 16344112
10526045 16344113
17717972 16344113
10526048 16344113
10526048 16344115
12098174 37979889
15452487 37979889
3955336 37979889
12087049 37979889
12112478 37979889
3186325 37979889
12109154 37979889
15729929 37979889
21364723 37979889
12109581 37979889
12095600 37979889
12085110 37979889
12087095 37979889
12100710 37979889
12111984 37979889
12080027 37979889
12094877 37979889
12103749 37979889
12116327 37979889
12094992 37979889
12100947 37979889
3969985 37979889
37979890 37979889
12086130 37979889
3936021 37979889
12116330 37979889
12090433 37979889
12082412 37979889
12086212 37979889
12079986 37979889
12085118 37979889
12082053 37979889
15707692 37979889
12079025 37979889
12086850 37979889
3690485 37979889
12090544 37979889
3901801 37979889
8312270 37979889
3900902 37979889
12086927 37979889
15668873 37979889
12093957 37979889
12086096 37979889
21324306 37979889
18977004 37979889
36046328 37979889
12113754 37979889
12113969 37979889
12078964 37979889
36046330 37979889
12105906 37979889
12114076 37979889
18967167 37979889
12113923 37979889
12088142 37979889
11841784 37979889
12112614 37979889
12108571 37979889
12100387 37979889
12114375 37979889
12111989 37979889
12116220 37979889
12104135 37979889
12107414 37979889
12078746 37979889
12104404 37979889
12095008 37979889
12089542 37979889
12112182 37979889
12112809 37979889
12114141 37979889
12103964 37979889
12109063 37979889
12106422 37979889
12080066 37979889
12088765 37979889
6672530 37979889
2748341 37979889
12116221 37979889
12101186 37979889
12082507 37979889
12076137 37979889
12107415 37979889
12103792 37979889
12085322 37979889
12081878 37979889
12114143 37979889
3102484 37979889
12089444 37979889
12078957 37979889
12088198 37979889
12103793 37979889
12097712 37979889
12116496 37979889
12558660 37979889
12114303 37979889
12116492 37979889
12109053 37979889
12082248 37979889
2716054 37979889
12085234 37979889
12079953 37979889
12109590 37979889
12078817 37979889
12107184 37979889
12082546 37979889
12101536 37979889
12080205 37979889
12104410 37979889
12109591 37979889
12090677 37979889
12090680 37979889
12099882 37979889
12107521 37979889
12090694 37979889
26349603 37979889
12114088 37979889
34361663 37979889
12094134 37979889
26349611 37979889
37979891 37979889
3986467 37979889
34376178 37979889
12107278 37979889
12079955 37979889
12088415 37979889
12109189 37979889
12080512 37979889
12099276 37979889
12112134 37979889
12079034 37979889
34392967 37979889
26349642 37979889
18953980 37979889
36042883 37979889
12101554 37979889
12086397 37979889
12116230 37979889
12114306 37979889
12097761 37979889
12112991 37979889
21397224 37979889
12114028 37979889
15512575 37979889
13944848 37979889
12107522 37979889
12106487 37979889
12113775 37979889
12113776 37979889
12093578 37979889
12101175 37979889
12112812 37979889
15127468 37979889
3116120 37979889
36095644 37979889
12103361 37979889
12109452 37979889
26351887 37979889
12110018 37979889
12089629 37979889
12082720 37979889
12095898 37979889
34370316 37979889
21284420 37979889
12101198 37979889
15520365 37979889
12110044 37979889
12088768 37979889
26349123 37979889
12099294 37979889
12112000 37979889
12088426 37979889
26349684 37979889
12076730 37979889
12079751 37979889
12095536 37979889
21366206 37979889
12103335 37979889
12103767 37979889
12116234 37979889
12114307 37979889
12102880 37979889
12112635 37979889
12109072 37979889
12077117 37979889
12112002 37979889
12113778 37979889
12103984 37979889
26349703 37979889
12085369 37979889
12114308 37979889
26349705 37979889
12076701 37979889
12080586 37979889
18977007 37979889
12080594 37979889
12093587 37979889
26351097 37979889
12106505 37979889
12113779 37979889
12113781 37979889
12103502 37979889
12107945 37979889
12079996 37979889
12114309 37979889
12090436 37979889
15520389 37979889
12090799 37979889
26349734 37979889
12090805 37979889
12092747 37979889
12108958 37979889
12113785 37979889
12113786 37979889
28775173 37979889
12086930 37979889
12090812 37979889
12092454 37979889
12116621 37979889
12092520 37979889
12097414 37979889
3975829 37979889
12095967 37979889
12112817 37979889
21405577 37979889
12085237 37979889
3442961 37979889
26352582 37979889
12080644 37979889
12108600 37979889
26349750 37979889
12108976 37979889
12114033 37979889
34376149 37979889
12079038 37979889
12110132 37979889
12107683 37979889
26349757 37979889
12097692 37979889
36051371 37979889
12097468 37979889
12110150 37979889
21503840 37979889
12094254 37979889
12114034 37979889
12112591 37979889
12080200 37979889
12114379 37979889
12108978 37979889
37979892 37979889
12113054 37979889
12114816 37979889
12076745 37979889
12078903 37979889
12104255 37979889
12100556 37979889
12082926 37979889
12090905 37979889
12089654 37979889
15668996 37979889
12082030 37979889
15582008 37979889
12107679 37979889
12107176 37979889
15541854 37979889
26349789 37979889
12101208 37979889
12101209 37979889
12100429 37979889
12104251 37979889
12090918 37979889
12092179 37979889
12080248 37979889
26352586 37979889
12085183 37979889
12092789 37979889
12112170 37979889
12088147 37979889
12089480 37979889
12096033 37979889
12099164 37979889
12114037 37979889
12103814 37979889
12107433 37979889
12109216 37979889
12100027 37979889
12103996 37979889
12101352 37979889
12103997 37979889
12092507 37979889
8310514 37979889
12076746 37979889
12113791 37979889
12109079 37979889
12076784 37979889
12101212 37979889
3191588 37979889
12116242 37979889
12093631 37979889
12096049 37979889
12092805 37979889
12076467 37979889
12105874 37979889
34379826 37979889
12076164 37979889
12112016 37979889
12079801 37979889
12109459 37979889
12092809 37979889
12112331 37979889
15520428 37979889
12097799 37979889
12089418 37979889
12080168 37979889
12087075 37979889
17738082 37979889
12108622 37979889
12086867 37979889
12079803 37979889
12100543 37979889
12076655 37979889
12108808 37979889
12114909 37979889
3538072 37979889
12079805 37979889
12110255 37979889
12081910 37979889
12101358 37979889
12080169 37979889
12114914 37979889
12086472 37979889
12114382 37979889
12113082 37979889
15620248 37979889
12110266 37979889
12101010 37979889
12086054 37979889
12082170 37979889
12113796 37979889
12092045 37979889
6546363 37979889
12101304 37979889
37979893 37979889
12079343 37979889
36042272 37979889
12102177 37979889
12088276 37979889
12079808 37979889
12092192 37979889
12108862 37979889
12104574 37979889
12090425 37979889
12080003 37979889
3933628 37979889
12088277 37979889
26349492 37979889
12080804 37979889
12105980 37979889
12116451 37979889
12076405 37979889
12085330 37979889
12085391 37979889
3997495 37979889
12083091 37979889
15581259 37979889
12079109 37979889
12104005 37979889
12100138 37979889
12095117 37979889
36047674 37979889
12107398 37979889
36042284 37979889
37979894 37979889
12083102 37979889
12101313 37979889
12095120 37979889
12108025 37979889
12116208 37979889
15641577 37979889
12082083 37979889
12112655 37979889
12112139 37979889
12091029 37979889
12097819 37979889
12112820 37979889
12089980 37979889
12112272 37979889
12078767 37979889
12079363 37979889
15622653 37979889
12114361 37979889
12094336 37979889
12086487 37979889
12113092 37979889
12081915 37979889
12108033 37979889
12116956 37979889
12088200 37979889
12094884 37979889
12089676 37979889
12116629 37979889
12108043 37979889
12107694 37979889
3931843 37979889
12116965 37979889
26352596 37979889
12095134 37979889
15582045 37979889
12106350 37979889
12092853 37979889
12086497 37979889
12089560 37979889
12116455 37979889
12089679 37979889
12103629 37979889
12110402 37979889
12100779 37979889
12103674 37979889
12106607 37979889
12097389 37979889
26349883 37979889
3951365 37979889
12108060 37979889
12114271 37979889
12083207 37979889
12079379 37979889
11872980 37979889
12088903 37979889
12080875 37979889
26349888 37979889
12108066 37979889
12080171 37979889
12100781 37979889
15520472 37979889
12113114 37979889
12097835 37979889
12103525 37979889
12093672 37979889
12076176 37979889
12090550 37979889
12077566 37979889
12103930 37979889
12089109 37979889
12107786 37979889
12116711 37979889
12089516 37979889
12104168 37979889
26351172 37979889
12091102 37979889
12106630 37979889
12116558 37979889
37979895 37979889
12102959 37979889
12098485 37979889
646200 37979889
12083275 37979889
8309217 37979889
15638775 37979889
15587412 37979889
12116250 37979889
12089690 37979889
12098069 37979889
12092046 37979889
12112036 37979889
12092900 37979889
6556303 37979889
12091120 37979889
12085967 37979889
12107329 37979889
12086524 37979889
12080942 37979889
12086171 37979889
12079819 37979889
12104371 37979889
12108637 37979889
12103682 37979889
12102970 37979889
26349928 37979889
12086528 37979889
12113142 37979889
12094396 37979889
12080949 37979889
12089458 37979889
12109578 37979889
12092090 37979889
12110502 37979889
12076181 37979889
12113149 37979889
12095151 37979889
12089421 37979889
12103684 37979889
3936871 37979889
12107331 37979889
12114101 37979889
12108818 37979889
26349937 37979889
12102272 37979889
12086533 37979889
21284428 37979889
36095859 37979889
15620277 37979889
37979896 37979889
3911612 37979889
12079963 37979889
12085610 37979889
12096284 37979889
26349947 37979889
12099440 37979889
12098073 37979889
12110536 37979889
12091153 37979889
12098513 37979889
12086060 37979889
12112826 37979889
12099444 37979889
12100024 37979889
12101301 37979889
12086538 37979889
12100551 37979889
12093911 37979889
12080199 37979889
12095463 37979889
12090476 37979889
12090036 37979889
12086539 37979889
12112506 37979889
12079042 37979889
12105126 37979889
12112203 37979889
12085612 37979889
12091167 37979889
36043459 37979889
12091172 37979889
12077696 37979889
37979897 37979889
37979898 37979889
37979899 37979889
12108644 37979889
12088771 37979889
12112043 37979889
12089136 37979889
15520491 37979889
12088205 37979889
12086877 37979889
12076321 37979889
27276742 37979889
12089138 37979889
12094429 37979889
12116355 37979889
12086240 37979889
12086241 37979889
12086970 37979889
12086242 37979889
12076191 37979889
12089140 37979889
12104631 37979889
12087103 37979889
12093469 37979889
12099924 37979889
12099825 37979889
12096340 37979889
12083452 37979889
12108134 37979889
12100614 37979889
12108651 37979889
12115240 37979889
37979900 37979889
3919433 37979889
12105167 37979889
12108654 37979889
12095171 37979889
12076599 37979889
12095172 37979889
12114228 37979889
12077759 37979889
12108903 37979889
26349982 37979889
12091207 37979889
12091208 37979889
4005365 37979889
12090057 37979889
12088821 37979889
12092245 37979889
12108655 37979889
11878260 37979889
12079427 37979889
12096359 37979889
26349995 37979889
12095175 37979889
12104117 37979889
37979901 37979889
37979902 37979889
12100918 37979889
12083513 37979889
37979903 37979889
37979904 37979889
37979905 37979889
12085978 37979889
12090065 37979889
12112831 37979889
37979906 37979889
36046375 37979889
26351215 37979889
12105202 37979889
12092973 37979889
12083521 37979889
12105204 37979889
12079433 37979889
12087606 37979889
37979907 37979889
12090069 37979889
37979908 37979889
12116566 37979889
12115283 37979889
15520508 37979889
12093935 37979889
12103015 37979889
12105209 37979889
12083537 37979889
12078840 37979889
12077823 37979889
36043595 37979889
16588543 37979889
26350010 37979889
12114045 37979889
12100796 37979889
11879642 37979889
12093712 37979889
12113936 37979889
12081920 37979889
12090504 37979889
12088789 37979889
12089423 37979889
12082225 37979889
12093914 37979889
14406893 37979889
12101689 37979889
12076603 37979889
12094926 37979889
12089547 37979889
12095464 37979889
15549238 37979889
26354763 37979889
12095537 37979889
15658586 37979889
12097421 37979889
12116767 37979889
12082036 37979889
26349457 37979889
12113824 37979889
15501317 37979889
26350038 37979889
12099495 37979889
12096458 37979889
36046378 37979889
36046379 37979889
12086571 37979889
16562112 37979889
12089504 37979889
12116718 37979889
12093516 37979889
12092992 37979889
12109645 37979889
19062730 37979889
12107454 37979889
2675988 37979889
12076372 37979889
12076731 37979889
12078872 37979889
12091293 37979889
12117061 37979889
17897919 37979889
12099136 37979889
12100028 37979889
18280219 37979889
11884279 37979889
18881183 37979889
18282485 37979889
26349263 37979889
12082228 37979889
12113736 37979889
12116418 37979889
15541874 37979889
19009302 37979889
12078780 37979889
12101053 37979889
12104184 37979889
27592246 37979889
12101235 37979889
18949005 37979889
15638942 37979889
12095466 37979889
12085247 37979889
12076412 37979889
12076521 37979889
12085199 37979889
12091327 37979889
12078873 37979889
12083902 37979889
3937483 37979889
12079851 37979889
12112718 37979889
12107797 37979889
34163915 37979889
12116269 37979889
12117095 37979889
37979909 37979889
4007417 37979889
12108677 37979889
12099535 37979889
12110978 37979889
12076211 37979889
37979910 37979889
12100195 37979889
37979911 37979889
12080223 37979889
26350108 37979889
12086176 37979889
12102452 37979889
15429975 37979889
12104043 37979889
12099536 37979889
12103863 37979889
12115465 37979889
37979912 37979889
12081879 37979889
12095467 37979889
12097884 37979889
12083924 37979889
12077985 37979889
12104044 37979889
12093143 37979889
12096665 37979889
37979913 37979889
12113991 37979889
12079493 37979889
12113992 37979889
12086607 37979889
12110995 37979889
12094595 37979889
18973095 37979889
12112214 37979889
12097428 37979889
12088574 37979889
12111026 37979889
12114256 37979889
12088209 37979889
12085983 37979889
12107351 37979889
36053760 37979889
12104483 37979889
8311601 37979889
12112573 37979889
12076528 37979889
12113995 37979889
37979914 37979889
12088580 37979889
12108274 37979889
12107798 37979889
26350136 37979889
26349388 37979889
12086319 37979889
15588165 37979889
12088234 37979889
12080224 37979889
15503078 37979889
12096707 37979889
3968525 37979889
12108690 37979889
36043971 37979889
26353994 37979889
12082258 37979889
31067857 37979889
12092313 37979889
12112576 37979889
12112071 37979889
12112726 37979889
12096752 37979889
12114330 37979889
12109002 37979889
12108699 37979889
12092321 37979889
26353995 37979889
36044018 37979889
21353144 37979889
12076538 37979889
12086639 37979889
12090387 37979889
12107231 37979889
12079119 37979889
12116277 37979889
15462146 37979889
12085215 37979889
12114400 37979889
34120345 37979889
12107408 37979889
12088891 37979889
12091404 37979889
12076376 37979889
12105854 37979889
12093464 37979889
12103768 37979889
18945639 37979889
12112733 37979889
12108832 37979889
3960305 37979889
33375024 37979889
12113359 37979889
12099575 37979889
12081405 37979889
12106346 37979889
8309570 37979889
3982648 37979889
12093204 37979889
12112295 37979889
12091457 37979889
15674466 37979889
12108335 37979889
12088608 37979889
12109303 37979889
12090164 37979889
12097684 37979889
15515181 37979889
12091472 37979889
12114163 37979889
12116472 37979889
12078896 37979889
3967832 37979889
12088612 37979889
12113997 37979889
12101292 37979889
12080288 37979889
12116520 37979889
12114333 37979889
12081424 37979889
34231892 37979889
36042386 37979889
12094961 37979889
36044162 37979889
18848432 37979889
12092049 37979889
12093959 37979889
12100833 37979889
12112739 37979889
12088311 37979889
12094888 37979889
27721418 37979889
27721557 37979889
36044196 37979889
12093448 37979889
37979915 37979889
16551679 37979889
12108362 37979889
12113845 37979889
26350288 37979889
15582167 37979889
12085149 37979889
12097568 37979889
12100246 37979889
33404303 37979889
12109107 37979889
12088236 37979889
15513088 37979889
12076616 37979889
12113958 37979889
26350305 37979889
12086263 37979889
12114054 37979889
26353025 37979889
12096857 37979889
12078273 37979889
12104507 37979889
12080290 37979889
12082019 37979889
12089565 37979889
12116203 37979889
12113848 37979889
31126038 37979889
15723069 37979889
18833459 37979889
17864700 37979889
28774854 37979889
37979916 37979889
12112750 37979889
12088339 37979889
12093247 37979889
12092555 37979889
12109009 37979889
15669120 37979889
37979917 37979889
26349271 37979889
12076776 37979889
12086696 37979889
34121131 37979889
12078309 37979889
12112442 37979889
26352676 37979889
19020299 37979889
15622694 37979889
12112299 37979889
12093258 37979889
26353513 37979889
19066178 37979889
12100707 37979889
12097919 37979889
12116473 37979889
12085999 37979889
17720921 37979889
37979918 37979889
8312297 37979889
27594213 37979889
15639139 37979889
12114341 37979889
37979919 37979889
12116322 37979889
12111471 37979889
12082129 37979889
12114115 37979889
12076555 37979889
6620124 37979889
36045603 37979889
21324304 37979889
15637733 37979889
15333872 37979889
12112756 37979889
12114173 37979889
12107483 37979889
3935863 37979889
12103475 37979889
12076264 37979889
12113863 37979889
3888991 37979889
34176032 37979889
18860859 37979889
12088854 37979889
12116680 37979889
12107251 37979889
12086267 37979889
12109433 37979889
12090481 37979889
12111499 37979889
15515184 37979889
12102790 37979889
12112225 37979889
12089301 37979889
12112762 37979889
12577812 37979889
12085279 37979889
26350437 37979889
36046412 37979889
26355324 37979889
12094750 37979889
12099828 37979889
26350442 37979889
12103199 37979889
12100666 37979889
3897935 37979889
26350448 37979889
36054146 37979889
8310195 37979889
15585867 37979889
34266606 37979889
12104525 37979889
12085815 37979889
26352688 37979889
27726180 37979889
19018945 37979889
17369368 37979889
12086123 37979889
36045637 37979889
12076274 37979889
12116730 37979889
26348944 37979889
12099682 37979889
15189822 37979889
12112584 37979889
12092076 37979889
12116731 37979889
12082265 37979889
12097930 37979889
36046416 37979889
35912055 37979889
12114128 37979889
15707995 37979889
12078958 37979889
12114179 37979889
36045666 37979889
12079163 37979889
12103213 37979889
12103214 37979889
12112452 37979889
15581302 37979889
26352693 37979889
36045672 37979889
21410008 37979889
12112101 37979889
12112454 37979889
12111576 37979889
15513152 37979889
12079128 37979889
12113917 37979889
12076633 37979889
12116592 37979889
37979920 37979889
12080019 37979889
12089530 37979889
12103943 37979889
12114068 37979889
12084635 37979889
36045700 37979889
12092544 37979889
21364552 37979889
26350715 37979889
26353230 37979889
21284422 37979889
26353396 37979889
34287355 37979889
12088296 37979889
12082266 37979889
11913712 37979889
12100501 37979889
12114069 37979889
12078952 37979889
12088297 37979889
15498217 37979889
12115944 37979889
12113572 37979889
15513163 37979889
2655020 37979889
26349196 37979889
36045720 37979889
12100012 37979889
36095861 37979889
12114181 37979889
15549278 37979889
21312308 37979889
37979921 37979889
12113885 37979889
12109372 37979889
12114007 37979889
12112235 37979889
12099183 37979889
15547979 37979889
12082046 37979889
12114185 37979889
12097993 37979889
15620381 37979889
12093339 37979889
12097388 37979889
12108760 37979889
17738083 37979889
12088681 37979889
17738085 37979889
12099722 37979889
17738084 37979889
17738086 37979889
15512580 37979889
37979922 37979889
12101170 37979889
12107597 37979889
12100923 37979889
27729818 37979889
12116307 37979889
12097623 37979889
12099731 37979889
8309562 37979889
12082146 37979889
12113965 37979889
12081709 37979889
12076637 37979889
12080021 37979889
26350743 37979889
12103318 37979889
12079013 37979889
12095390 37979889
12101867 37979889
12103446 37979889
12106332 37979889
12081721 37979889
15513175 37979889
12089858 37979889
12085254 37979889
12092518 37979889
12105754 37979889
12087019 37979889
12114190 37979889
12081728 37979889
12088798 37979889
21280459 37979889
37979923 37979889
37979924 37979889
15580898 37979889
12109391 37979889
8309330 37979889
8309252 37979889
27732476 37979889
12086070 37979889
12086919 37979889
15515188 37979889
36046431 37979889
36046307 37979889
12101448 37979889
12086980 37979889
12097951 37979889
12107179 37979889
12078928 37979889
26352394 37979889
16809785 37979889
12092036 37979889
18977067 37979889
15620396 37979889
12106153 37979889
36094863 37979889
15549287 37979889
11917387 37979889
12076338 37979889
34238621 37979889
15639293 37979889
12078626 37979889
12094829 37979889
12100683 37979889
12089489 37979889
12090304 37979889
12079133 37979889
12098159 37979889
12079091 37979889
15669205 37979889
12091887 37979889
26352102 37979889
12097977 37979889
12078642 37979889
12085283 37979889
12107383 37979889
12079014 37979889
15639317 37979889
12097225 37979889
12088095 37979889
12086956 37979889
12082071 37979889
12103452 37979889
12078955 37979889
12088215 37979889
12112242 37979889
8309210 37979889
12117308 37979889
13957448 37979889
15521072 37979889
12111871 37979889
15582537 37979889
12082072 37979889
34311499 37979889
12114196 37979889
12084931 37979889
12114287 37979889
12080243 37979889
12114288 37979889
36046439 37979889
12088372 37979889
12106170 37979889
12097272 37979889
12093950 37979889
18836593 37979889
27607680 37979889
12116659 37979889
12099807 37979889
37979925 37979889
37979926 37979889
12076293 37979889
2707809 37979889
27593434 37979889
12107387 37979889
12109046 37979889
12103300 37979889
15521138 37979889
12101915 37979889
15513207 37979889
21418159 37979889
8311836 37979889
12114198 37979889
12081839 37979889
21401745 37979889
12108551 37979889
15513208 37979889
12076294 37979889
15198010 37979889
12112589 37979889
12113906 37979889
12076804 37979889
11920270 37979889
12090509 37979889
12112601 37979889
12090467 37979889
12078730 37979889
12116487 37979889
2751802 37979889
12103920 37979889
12078956 37979889
12116186 37979889
12076583 37979889
12116319 37979889
12089539 37979889
31273595 37979889
12082204 37979889
12116198 37979889
12091985 37979889
3906911 37979889
12112800 37979889
