363958 39079004
10528141 39079005
15508434 12937080
15722419 12937092
10507239 39079006
4003582 39079007
21718937 39079008
1895147 39079009
4002250 39079010
13671492 39079011
14340148 39079012
10526144 39079013
13854538 39079014
3648726 39079015
4003933 39079016
3997439 39079017
14364743 39079018
13853886 13160686
10515375 39079019
1987725 39079020
15500997 39079021
14390781 39079022
21036766 39079023
10518748 13244520
10530406 13244538
13860003 39079024
3993186 39079025
10530499 39079026
13860682 39079027
10501164 39079028
15477294 13339152
13668776 13339200
15462036 13339204
13931234 39079029
3997485 39079030
10501637 39079031
13677173 39079032
13943390 39079033
3995087 39079034
10502123 39079035
14337725 39079036
15717912 13543550
3993711 39079037
13890104 39079038
746954 39079039
4004812 39079040
13932710 39079041
13916523 39079042
599148 39079043
14341897 39079044
14333200 39079045
746954 39079046
13940353 39079047
3997551 39079048
13677194 39079049
21082886 39079050
15657248 26288084
784007 19239958
14342190 39079051
10530650 39079052
13932815 39079053
28773500 39079054
13852240 39079055
2048738 39079056
4000812 39079057
13886123 39079058
2749122 9970455
10530566 39079059
10507393 9580367
10504062 21805737
13911522 14325018
14312411 17151494
2660930 21157497
14349331 17151529
14346210 22645296
13886687 22645306
15452139 16044553
10503156 24367492
14343872 14325221
13914779 9970621
3989632 39079060
10498442 39079061
14341739 39079062
10521965 22648815
13850327 12220848
22121143 14325666
22123555 21560908
13928577 13660793
14330417 20942567
2739534 14325754
10509003 14325760
10499963 16044977
14345504 13660805
15639507 39079063
13676115 22652853
14337886 14364611
14335818 27658042
13668857 22653315
10505646 20057879
10502487 24078993
14338438 12221117
14338231 24362752
14338783 20942751
10505493 24362778
14337310 16045204
10508568 18398915
12582115 14326213
10505766 14364724
14338646 14326230
14337194 14326232
15508436 17152150
18276708 14326243
10505597 21805876
8489121 20942864
10507615 9970850
14335124 14364752
21082310 14326293
10505342 14326309
14338516 22656384
19659411 24362801
15426610 24362802
13674291 22656646
14337751 14326356
15458729 24362806
13665925 24362810
18278264 17152236
10501305 17413633
15506144 14326440
13677284 21805923
14338507 13660904
13896437 9970944
10506833 14326497
13941623 21157528
10516328 14326593
13853671 17152305
15508772 14364830
14336308 22658337
10516458 24362843
14335363 22703985
1973097 14522804
8488179 14326695
10506367 12221653
10506595 14326826
13925075 22660627
10501465 14522857
8311270 19091659
8311256 14326924
8312112 22661218
10511136 27585472
14336444 27686712
14338696 14327092
13910730 9580762
13671952 39079064
10511199 9971069
10510810 12221994
10514319 17152491
13896285 14327198
10509103 24786144
13903885 9580780
10514231 22482896
10510082 9971085
12581811 14327229
2743211 12222019
2701559 20642331
14353269 20642558
14312397 18399034
13667750 20642583
14347634 22663375
14328963 24362944
2651575 24362946
3931680 14327316
14344978 18399047
13852159 24362951
12010745 14327335
2736362 16045929
2653019 20991582
13848212 20807548
10520030 13661007
13870702 14327374
13848727 16045957
2701555 14327393
13846734 21806005
13851552 14327410
12556934 17152561
10522290 39079065
15460040 14365119
15457298 14327470
2705230 12222171
13886631 16046006
13848695 14327498
13894653 14327503
10524531 20642767
2744480 12222181
2741637 12222195
2713228 20057974
15455914 14327551
2678074 20943379
2715923 9971213
3991358 12222218
3532766 14365174
13868310 20642884
15556478 18399095
2649742 14327611
13853211 26389675
13853502 20642918
10524225 14327636
14348830 14327650
10528412 16046105
13853117 12222276
3562975 14327687
2641662 13661051
12009972 21806014
2747427 21806016
3643067 21806030
13849068 12222353
10515868 14327742
3957920 14327746
14322201 16046174
2680667 13661082
13910753 21806050
12008776 24363007
3972040 21806061
2652436 14327824
13897727 19091796
14350251 21806088
10524712 20943502
13850857 20991604
14318591 12222482
13848023 17152608
2713226 20058003
13898621 9971377
2740577 13820518
10497938 22704090
2680885 21806179
10525144 12222587
1748533 14328092
13880363 14328178
13864963 14328221
2734774 14328237
13941078 12222859
2742945 21806368
13672959 39079066
2743059 16046529
3957733 14328612
10509113 21806434
15460718 10886160
10501893 12223126
13872314 21806461
4008165 24363067
15425401 19091905
10504890 20644045
10530239 20644079
17794044 16175356
13850523 20644295
22118540 21157575
1444750 21806568
13838536 20644472
13875922 21806633
10499288 22667406
13848046 16175448
10522866 14329341
10508384 39079067
15506626 14365841
10516454 20645414
13923677 21806743
13876349 9972164
2638456 9972184
10516312 17153302
13845871 17153335
10529381 12223658
13853319 12223682
2649596 14329708
4010486 19092081
3603104 12223810
10522517 20646413
10522823 16175601
1808857 27585603
13888753 22704178
21081272 14366080
10500900 9972516
13851079 9972532
10525014 9972563
2740122 39079068
3947308 14330341
10501389 14330356
2690998 14366201
14345550 16175689
10512648 17153619
10522153 20647942
15458349 14330569
10526808 14330660
13902037 14330697
10518799 14330703
10515876 14523303
13900325 12224592
4006631 39079069
10505859 12224599
10502959 14330761
2735220 14366355
13901263 9972787
10516447 14366407
10524407 14366411
10518603 14366432
10505959 14366443
3948539 16047931
13897751 22667777
2701665 17153923
15507001 22667820
13909688 14366626
3557680 13679101
10502504 14366642
15506897 14331280
10518608 10886396
15460347 19092355
15425792 22667873
17757596 21807021
13849589 12225545
13849227 26327740
10498256 12225795
13879146 12225813
10520084 19319506
10498251 16048501
10522915 14331760
10500379 14331780
10512341 12226002
10518602 14331878
10512275 16048630
10526807 20945492
2701596 19092503
10512346 14331993
10503682 20911810
10498245 16048798
13844784 14332163
13897739 9973570
10502409 9973589
10518819 13661950
13904909 16048916
2666677 9973686
10529928 13661986
15594703 21807622
13892534 22668018
10530115 14332449
10518802 21807650
10504598 20058251
21166854 13662064
13851847 20848084
10509110 14332557
2735350 9973994
10520094 20848153
1776628 20058283
10500358 9974080
10516363 20848253
10514860 20848262
13856126 20848324
10498649 14367236
10500396 20848461
13904862 20848472
2666673 20848517
10518605 12227043
10510989 12227064
13884502 20848640
2663928 20848678
13873576 20848762
10518810 9974366
10501386 9974405
869623 14367410
10523142 12227408
2653237 12227439
15457922 14333207
14346282 22668096
4346878 31523423
10498250 21807888
2650971 17413982
10513733 21807899
17774493 21807916
14346764 21807938
10508428 14333350
10530117 13662305
13846116 16049737
10525394 9974888
2740778 19092876
13901357 19242457
10500257 19242468
15504748 14333649
10509112 14367624
15457294 20003001
3523896 20003005
15506359 12227832
17774747 9975140
15506318 22668204
10512345 19092940
15706116 12227850
10511387 13662385
13850074 14367680
18275195 21808102
10512348 16050031
15506983 13662401
17774591 13662406
13873578 14367804
15507002 14334025
10503675 14334127
15425567 14334223
10512365 9581557
14348077 14367931
15425880 21808364
10501213 9581574
10512649 14334446
10500897 21808376
15506969 17154883
15460406 14334517
13847790 20849329
10505305 20849336
10517118 9975378
10506205 14368049
13838522 14334647
10500996 13662535
10506208 20003086
14315119 14334713
10502916 16050515
10515829 20648840
10500377 19242827
15456649 13662577
13911644 19093181
17775410 20946853
13885852 14368164
15506362 20003100
13910732 14368176
14406581 14335125
10501291 20849573
10510986 14335163
10512371 14368254
2676783 19562855
13849937 20849711
4010988 14368310
13911825 17155174
10514202 14335337
2663061 14368335
1818635 31529627
21080790 9975829
14313566 9975849
13882647 20849793
14314860 14335390
15546274 17155200
2717285 14335462
10525176 14335465
10500265 14335479
10518791 31529958
4010385 22810451
14334305 21808518
10499743 13662654
13871802 16050931
10498778 14368437
15506108 14335666
10509773 9581669
14327645 20947125
10512831 9976132
13851754 17414205
10530448 14335891
21081934 21808592
13839339 26390510
13869803 20849955
13855959 20849989
14347518 22668245
13853203 14336001
22124644 14336027
13878215 20649231
13844283 20649245
4517711 16051180
10499742 20649525
13931605 20649804
13851105 9581701
13852852 20650090
13852989 14336270
14345245 9581725
13910734 20650838
15506860 20650967
13865165 20651001
10500926 13662754
10512374 20850662
15425886 14368775
10516231 14336573
14353162 9581746
4507555 22704550
10498492 12516568
10500987 14336699
13931988 14368844
10510432 9976993
10500381 14368875
14349290 14368878
10524761 20397308
2744668 13662812
15463556 14368906
15506719 19562978
21079727 12228239
15594709 14337027
10522577 14368962
4169467 20851369
10523797 14368980
4013689 17898527
1815835 22668272
10522074 14337181
21081702 9977310
14334230 13662885
10530727 9581820
13897847 27634509
1828109 14369065
13853371 20851754
10499737 16052078
10518579 14337518
14316725 14337520
13838654 12516612
10500891 14369104
10506462 9977427
15507523 22704572
13849950 16052108
14334203 14369120
21079599 24786242
10499289 16052133
10530781 21808725
10530092 21808735
2741813 12228411
2738803 13662964
13867646 14369157
10499302 19243158
13897033 12228489
10517669 12228533
10523740 24786270
10516291 9977616
10512635 16186682
878295 12228606
10512354 9977676
10522586 14337924
13843362 22668406
13900950 14369297
10504225 20651604
10530777 14338013
13884743 12228698
13873834 20651647
13927660 20851867
10520082 12228713
15506735 19243281
10529736 26390714
13851716 16052579
10517065 20851973
13848231 12228925
10516889 9978338
10498648 13663113
13902214 14338451
13853208 22668449
12082754 9978437
10522578 14338512
13930774 20853098
14314949 14338590
13929634 20853390
10499316 17155505
10499738 14338603
14352944 16052862
14343960 20853599
10517662 14338681
13852484 9978729
10522353 9978783
13897830 14369613
10530095 13663203
4313314 14338823
10501266 20853801
14350518 9978986
13887154 20652419
15542207 14338920
15505756 20853920
10503963 14369694
10529942 20853953
13853939 9979058
4013138 20652432
10507114 14338961
10530819 9979155
13906710 20853993
21079061 13663265
13915041 14339016
15506845 31548115
15456565 14369804
8472543 20652945
13848766 14339193
14316929 14339195
16825107 12229498
10518443 17414448
13857225 19243773
13839444 12229595
15457967 14339419
14334116 20653556
10522917 9582062
6564995 14339512
10525023 19243857
10507262 14370036
15516068 19230430
10530829 20654191
2714264 12229717
14346653 20654266
13933963 20854444
13859538 9979840
10501791 13663448
13844778 12229758
13849712 13663449
10527504 19243987
10518536 14339762
10528770 19244017
15506265 20397438
13881728 22498213
10500679 20855075
17769885 20655269
13941705 19563166
13861681 16054037
10501261 20855419
13940157 20855432
10521563 12229990
13859520 22499196
10502921 14340078
10506689 12230090
13846176 12230094
10517067 12230114
14348106 19244153
22119773 13663564
14344461 14340252
13850824 20855807
10518158 19244206
17770140 17898566
10505378 9980636
15506501 12230483
13849751 12230487
13938888 13663602
15506456 16054379
10505942 22500947
13895933 22500961
13852434 19244258
21166859 9980739
13855196 14340395
13864902 16054523
10502114 39079070
4548661 39079071
10521566 16054619
10519149 22501643
10516276 16054676
10503964 14370718
13929386 20657977
15506167 19244443
15542825 19244454
13893443 20658085
10518448 19244466
10508983 14340729
10521446 19244542
10520191 20658519
13934977 14340884
13935885 20658627
17779997 12231274
13864737 10886885
10520761 20659032
13854078 10886933
13872282 14340979
13902333 20856738
15530114 14341012
3115533 20659439
10498239 20856797
10503966 20659504
21082474 20856824
10511308 20856857
13869620 14371046
10502297 20857088
10521584 20857111
10518775 20659859
15506373 20857210
10511310 9582412
10511315 12516740
14345512 20659926
13853977 20857402
17770734 14371124
15506922 20857498
2738068 20660135
13846401 20857525
10511307 13663783
13867464 20660556
3062927 17156003
17770873 22668599
18275237 14371206
13890869 9981143
14344429 14341325
10499273 20660859
4009977 12516750
10508322 20660957
10498518 9582467
10505961 20858016
13889051 14341460
10530818 14341527
13900183 20858457
13905379 20661459
14352110 20661485
13915112 20858748
10530405 16055881
13847747 14341657
2751333 20859067
10500674 19244709
10503368 20859550
10523001 22507800
14346878 18148588
22120208 20859674
10499951 20058575
10503147 14371505
18275683 20860134
13849651 14341889
13666774 14371530
13837931 14341908
10512166 20860554
4494193 12232824
10530269 12232850
10510158 20662335
15506319 16056317
6748717 14371587
10510580 20861010
14327944 9582637
13934971 20861467
13852392 20861496
10500672 14342058
2672958 12233030
2694077 17414719
12112858 20861958
13931055 14371707
2745366 20862089
10521599 14342172
10499798 9582676
10512426 20862259
13928202 20862268
13910333 19244806
2698650 20862287
10498332 20862288
2708618 20862371
10507253 20862443
13894965 14371811
12110751 12516782
1807592 20862643
10515192 14860667
10518586 20862665
15426030 14342384
13852001 12516803
15506468 20862689
21081463 14342407
10500920 10887016
10498892 9582739
13924589 16056970
13935748 12233642
17771938 20862890
21079343 12233687
10515174 10887078
10521444 14342512
14329630 12233760
2692734 12233819
13869571 20863144
14344671 20863198
13895684 12233914
15712333 16057173
10524746 13664066
4494204 20863433
10516223 9981741
10502912 20863458
10511313 16057322
10511030 9981801
10505667 14372121
10522784 20863985
10518251 20864144
13912685 28775994
19692722 20864249
19689039 20864250
10515885 9582881
13845594 9982056
13936770 9982076
13667807 9582885
10498349 31570006
10509763 20864745
10517329 20864773
2744488 9982161
10513731 20864824
2651034 16057800
13838098 20864854
10530027 9982207
10499797 14342955
10504328 14342964
2742816 9982320
10530838 20663686
19079737 16057927
10518559 20865170
2742792 17156168
10520819 20865223
13850207 20865250
2675518 20865379
10501785 19244990
21166913 20865474
15455610 12234560
10505123 19245046
10524747 16058266
13870420 20865628
2716603 14372515
10525226 19245076
13843879 20865711
13676194 19245132
2711350 20865867
2689462 20664094
13846597 14372581
10515263 12234776
13673042 20866102
10506115 19245303
10515624 12234911
13851606 14372650
10500596 22515580
10522348 12235071
13849975 12235134
14335577 16058895
13847291 19245727
10499257 19245736
2702971 14343345
4547565 16058945
10499800 16058977
10530785 19245849
18282373 9982688
10525522 19245899
13848601 20866616
14315723 19245971
10518122 22516864
17780574 19246039
10500842 19246066
1422042 12235441
10521500 20866791
10520816 19246165
2746665 12235493
13883754 19246202
10512702 19246310
15426012 13664330
10499970 20867034
13667610 14373005
10500670 19246526
10514468 14373037
10509602 19246615
10524696 19246633
13904760 20867343
13847612 19246696
10509765 9583194
14345679 22519517
2744412 16059611
10525331 19246873
13894331 14343545
10503968 19246930
13675022 22519882
13917205 20951346
27290311 12235910
10500590 22520247
2634991 20867715
15506471 14373296
14326448 17156367
2651612 14373334
13889381 16059978
2671758 20867903
12105237 9583299
10500481 20867988
10506491 22521397
13853275 20868106
13941423 20665681
13899639 20665785
10503969 12236189
13861933 39079072
22120538 12236278
10504244 18148879
10508737 20868311
10520814 12516974
10502044 16060410
3172891 16060422
2736620 14343691
10525324 12236507
14317532 14373631
1952328 22523177
2662495 20868723
10500680 20059021
13845740 20868904
10499919 22668849
10500676 16060671
13896598 17156697
13904301 12236879
2641245 31582278
10509900 14373881
13924398 27586986
14346512 9583545
13852221 20059068
10502496 20952115
10521334 22669161
13865886 9583559
13867582 16061076
10523734 20952244
2600974 22669256
10503006 19232619
13845772 26329135
4514761 22704978
10524017 20952537
13940877 16061639
10509487 19232945
13861114 16061691
10512445 22669686
13851511 20952681
14322178 22669697
10500571 27274741
14350456 20952722
13835704 19233080
105557 12237633
13897707 22705050
6687790 16061920
13861085 16061997
10525886 12237849
13894909 16062199
10527211 13820983
13666035 26329301
4176982 22670045
15505693 19233375
13903401 12238040
2742018 17157104
14335138 22484366
13839412 22670182
13837583 20953124
10527203 28776075
10522222 31589681
14346933 12238130
10512420 9583853
14315264 12238156
10512134 28856206
2636592 19233678
10510667 19233688
15458226 13652209
10502379 9583891
13875105 27587381
13911596 22670570
14352256 20953421
10514457 22670615
13855895 20953442
13925077 20667183
8309570 9583924
1423103 19234002
2708576 22670771
10528136 20953647
2680495 22705248
2703467 12238554
10507260 20667974
14352879 27587544
10509199 16063842
13879509 27587570
10514926 19234380
10504724 22671043
13848498 16063957
13853862 27275360
10501543 27637643
10500537 22671248
10506497 12238848
14345933 22671293
13907766 22484573
4494000 22705372
10527208 31595971
13859532 20397878
10519283 19230834
10524703 31596816
21082602 22671528
10507852 39079073
10528920 20992562
10528152 17415919
10503007 22671724
13676796 12239230
10518426 31598011
10503979 28776206
10528231 12239274
13876239 26329675
17762210 11812209
10504199 26329692
10504785 31598646
10524672 22705487
13909292 20992624
2629479 28776221
6687611 20912387
13915024 26329733
13888462 22672131
12110466 22705574
13848704 20954583
21082000 22672296
10498886 28856683
1781752 26329788
10500102 31600459
13859536 26392570
2744699 22672360
10502551 22672411
2744220 20954758
13902735 26329821
21081467 22672530
10524766 22484742
17763082 27146394
4313326 22672649
10521867 12239585
13846738 20954917
10502383 16066607
13878759 22705663
10518427 31602246
6774196 22672733
10498546 12239669
13673451 17157744
10503961 17416043
19689097 27276003
13838166 16067023
13903837 12239741
13881120 20992828
13924315 31603959
17786712 16067472
10508377 12239838
10520863 22673104
2704166 12239907
15458986 20955247
13857549 27189510
10509492 16067993
10522169 12240132
10504129 26392756
10513965 11812226
10499949 31986355
10503436 31392702
13855963 20955518
15715165 31986656
14350642 27638315
13671207 22673728
3639934 27276331
13893943 27276349
10500176 16068983
2650091 22673941
10501706 27587790
10500664 16069182
17786628 12240511
10503087 22674058
13669126 17158611
12564256 20059152
13848222 16069492
14343625 22674240
10525528 17159012
13673327 31990919
3968791 27276623
10504144 27588328
13672641 39079074
10528670 39079075
15588636 20993104
13920189 19343878
10513766 10887349
10504723 10887375
13914097 19143693
10524177 17416397
2702600 14979299
14345390 14979372
10508951 14979382
13843924 20398141
10509211 26330290
467801 17159447
10501546 14979472
10512429 14979517
13846040 20668785
13841346 14979652
15456653 20668922
13907640 16070693
13675190 16070837
10499796 16070852
559004 20669556
2711827 14979996
10508612 16071149
10498698 16071155
21166819 20670411
10504366 20670525
13847665 13821170
13869485 10039212
21082615 16071390
10499950 20671513
10516336 28857046
13847642 20993137
18278644 17159722
10508356 16072073
2706077 22674905
194158 16072231
13902390 20672910
21082054 14980264
10515818 14980559
13901933 20956978
13905884 22675137
13901215 17159932
13845852 16073308
21081979 22675248
10516495 20957128
13920654 22675292
10503353 22675451
10522130 31998845
10530715 31701230
2694811 22675635
14352217 22524635
15459115 20957409
13904897 20398195
13894093 16075246
10518428 22675754
13845596 26330565
21082824 22675779
13669214 31702073
13674762 12241727
13841308 31702125
10514028 39079076
13675943 20957538
10512470 20993309
10522183 22675896
10502189 20957571
10522369 27588735
10503984 17160196
10515274 22676039
13669193 16076093
13851533 22676125
2665900 17416770
13851141 16076561
16357226 27588796
2734932 16077525
13941108 22676395
10500085 26330728
14352320 16078101
13849743 16078202
27290304 26393754
13677578 22676646
22123386 19344398
12099008 16078445
15584230 9584325
10515834 16078686
10508710 20993437
27279965 32002715
10504085 20993459
10503347 22676864
10518923 34869885
10507682 32002920
13675491 22676971
10526686 22677028
2740239 16079549
10505122 16079649
2659674 34871450
10503463 17878708
14315252 16079736
14331203 22677107
14344401 16079827
13887677 9983729
2717663 22677156
10529986 26393804
14352500 27277618
13839514 20993514
3416333 10888495
13906773 20003239
10513774 20059499
13895939 22677244
1422762 26330891
13673517 16080404
13935691 16080523
10506138 27176070
14352438 20003282
13850803 22677594
10500350 32003951
13846125 27176212
14345050 22677731
14346796 20672992
10503467 27689698
13677527 16081938
13895099 17417083
13857420 26331010
14312413 22677908
2712455 22678021
14321068 32004530
13888521 26310924
2675545 20673143
13889753 20673179
10498435 27589372
13915971 20673411
10506925 16083413
13900286 16083545
21166889 16083566
10500756 16083600
13674160 22678192
10502181 27639625
10516331 32004974
17790803 20674327
13848897 20674476
10530783 16084150
13920488 16084188
13670190 39079077
14350491 20675169
10522234 16084459
2689493 17160793
13845659 20059779
13668594 20677658
10525972 20677800
2675150 31705568
15597681 20678147
15458877 20678274
10527654 20678388
10518019 20678436
15505170 27176662
3688965 20678806
2674136 27278015
10530276 20679012
13673925 20679266
17778529 20679837
13881646 16085666
13923840 16085731
15506790 16085938
10505717 20681023
14312498 20681249
10501767 20681346
22119826 16086235
1522226 26331180
13899658 20682396
13866477 20682537
13900218 16086323
13900481 20682646
10498981 20682712
14313649 27176753
20439247 20683375
10525365 20683384
10516509 20683945
14344922 16086686
10510299 20684249
10510822 20684426
13675957 20684796
2698504 32008293
10526637 39079078
15426139 20684943
17791670 22678490
10497982 16087084
2738191 20685629
21081506 20685851
10508702 20686245
13678220 16087368
10498166 28857568
15462421 16087572
10498172 22678663
10510825 31708572
10530560 21032454
13854149 26311472
13673684 31709154
10506354 20686868
10518432 20686926
21081583 20686946
24085337 20687041
10511917 20687390
2674841 20687618
14314059 20687719
10510597 20687739
12099007 20687873
10524668 20687982
10508006 16088697
12098871 16088707
10504722 16088743
13671587 20688530
14313477 20688538
13911605 20688854
2691768 20688882
13866198 16088876
10500665 16088919
14345907 20689298
13879612 10889047
18276235 20691423
22118503 20691460
12099025 18623773
2705024 16090598
10511179 16090641
13903420 16090739
13898663 16090803
13903487 20370340
13673586 20960111
22124628 27148210
14341188 16091150
15506181 16091200
13841043 16091247
2715422 10889360
10525762 16091702
10509809 16091724
13931445 22679135
6679735 31711698
10513633 27278319
18279484 32010179
13847638 27177164
13869603 16092446
10509723 31711892
10501362 26394379
10506602 20960354
10509508 26394408
2732872 22679556
17768518 26331464
10505370 26394426
13866362 22679658
10512402 20960458
10518709 14706693
14352642 21079627
13666939 14706712
2732460 16093446
18277490 17161620
18278835 31712587
13862520 20692564
10514190 20692653
14316757 20692966
13912881 26394511
10499923 16093491
13858168 20693514
10521726 20693972
10505739 20694071
13894555 20694329
10507118 20694409
13855271 20694565
10525160 20695104
13840446 20695944
13877671 20696058
10506141 20697596
13850262 20697640
8311981 20697827
13849639 22680161
13846665 20698496
13846086 31926381
13673626 20699053
10502092 20699093
10510681 20699105
15456664 20699133
2700784 20699198
13851249 20699358
10502736 20699370
13850402 20699437
13845239 20700167
3089203 20700243
15458764 20700346
13675893 20700742
10527280 20701365
13849315 20701398
13840303 20701683
13910947 20701725
13677372 20701803
10507683 30281103
6696170 20702008
2694146 20702061
2707813 26331683
22121467 20702603
13876705 20961123
10503946 26331720
13666844 22680492
13863413 16095370
12157408 20961213
10500806 20961214
10508636 16095581
2692090 22680738
22123662 16096026
10500819 22707387
13843527 16096180
13849698 16096237
2683558 22680812
14320460 22680864
10513831 22680867
10510054 20994002
19659434 16097134
21081443 16097212
13901380 16097310
15508468 16097582
14320984 16097590
10530854 32014138
10516277 21079677
15506350 10889711
14322121 16098167
15455876 27640705
17766787 16098289
13671757 16098410
10501752 27279150
10524455 31926521
13672074 27640728
10502111 32014822
21081777 39079079
13899751 16099077
13887451 27279236
10497760 13821513
13901870 22681368
13836875 34887543
10524997 16099278
10524705 20961681
14322182 16099318
10509484 22707490
13906708 16099724
15723252 34887572
10530587 32015445
10503295 22707514
256908 27590444
12098739 22681628
13921648 22681648
10512856 27149579
14315468 16100293
13897770 32015533
481600 20961823
10509897 17417605
10516407 20994120
13674178 20994122
13852097 27279422
10498537 26332144
6749838 16100597
10502443 22681825
14325733 32015805
13899717 22681985
22123111 27190006
15506931 20994159
13859523 39079080
13866337 16101744
13846178 31926645
13668596 17162763
10516965 22682341
10509788 32016445
10529111 16102033
22123907 22682381
10511769 31934621
15508452 22682414
13869940 27641084
10525350 17869432
10519302 27279605
13918165 16102329
15455777 16102369
13844360 16102384
12099024 16102497
1790562 22707667
12099111 27149975
12098605 22707673
10513832 32017183
465120 16102678
14314396 22682616
13879653 16102847
13840520 16102901
10506597 16103264
10525985 34435244
10517301 16103505
2712002 27590715
15716169 16103810
10505868 22682864
13887717 13821563
12570104 16104155
13667956 27279772
10515870 27279777
13893682 31393102
13901816 16104281
10508294 34435302
6619833 16104446
10497981 26332601
13910161 22683019
14390199 32018199
13673144 27279840
15551822 17163119
10505029 39079081
10504897 20962713
13674689 13821584
13853535 22683321
10499011 20703166
425015 28667181
14322249 20703383
15458674 32018559
15588640 27150357
10525241 16105926
10512698 20703793
13889747 16106162
2688779 16106434
1774882 16106490
15670219 16107034
15462367 16107064
13666037 16107124
15588737 26332792
10505694 20962932
18277493 32018825
13881491 20704162
13849930 20994424
13845558 16107674
10528203 20704199
10524663 20704234
13902704 26332841
13667579 22683762
2703567 28667337
10502938 22683811
10528243 13618566
3592502 27280315
15426207 13618573
10507813 22683905
10530476 32019078
14324265 19231469
10498133 20705547
12098599 20705606
10530357 22684007
13891712 22684012
14327902 10889995
2737388 27280461
10504731 27280465
14327135 20994475
13931110 10890037
14329184 26332932
10507040 17879586
13852613 22684156
13847716 22684161
10510768 17163328
10515231 20963229
19659378 27591155
10530026 16108529
2739685 31713960
10530279 39079082
13918709 14524789
13868426 31714269
15457409 16109587
13853129 17879609
15715952 20707205
15457603 39079083
10503294 16109744
18288890 14860878
13898127 16109925
10500510 16109935
2701531 29266411
14324601 22684494
10498707 20707701
14327761 16110022
15722458 20707934
13843499 20707989
12098236 27591269
10523076 20708073
13903771 22684549
10530655 17163391
13674326 22684652
13902614 28858258
10500972 14524824
14336258 22684718
14332526 28858392
13916789 16110504
10506586 16110594
10505781 17163532
10510690 28858552
17786269 27280912
10508609 28858673
14335038 17163600
13926185 16110888
13840718 16110965
13926067 28858913
15525386 20963724
10504767 20709393
10505542 22685076
15505398 16111244
13900156 20994621
10525234 19231517
22119709 22486576
13677476 27281007
13904279 28859445
13855339 26333252
13839900 16111321
13905784 22685235
22123747 20060451
13676612 20963856
10524760 28859751
15717957 21079831
12099100 21033018
10503414 28860002
13897691 27281090
13841063 28860026
13840713 28860104
10506268 20709943
2686860 22685491
13851488 10890126
13848224 16111627
14331895 16111633
12099113 9585092
13841523 20710128
2745167 27591463
13666755 32019423
21081279 20963998
17020889 32019473
12098992 22708196
15462071 32019497
10524775 22685651
22123663 21033036
10511166 20710325
13898659 32019517
15508579 20710391
10528519 17163923
2740784 22685718
13848210 31926908
27589906 20964031
14344186 31926912
14346573 27591562
15722261 12517858
2732369 32019621
15426219 26395441
19659381 16111911
10509170 19231545
19659380 32019630
13855712 20710657
22123041 13618961
22123934 27642025
10507671 20710687
10528818 22685900
10506935 13618969
2698780 32019662
14342865 20964115
2735808 32019705
14344912 32019712
15620172 32019737
21081632 22685966
2416418 16112032
10514915 22685986
18277011 22708242
14329667 27281252
10509720 22686043
13861504 20964192
10511951 20964193
15477293 22686067
10507405 31926946
14340344 16112352
15456416 22686172
10500776 27591683
14344395 20994745
13840857 22686212
10498228 32019963
13908019 21079885
13850548 22686260
15584646 29266429
13894679 19231563
13846654 27281346
13894982 22686338
13848878 39079084
13848907 13821738
14352805 39079085
13898142 32020120
4008881 20710950
13672808 32020121
13672839 20711063
15716113 16112578
640833 16112710
2699406 13619101
10508585 22686455
10522796 20711408
15718631 17163995
10506968 13611056
15506974 22708291
14351335 16112978
10515295 16113016
15426226 20712180
10518025 22686493
13910291 16113219
10502093 26395601
4512583 16113714
14337455 35788696
10501491 16113825
22123700 32020271
10502119 20964418
13917543 20712287
13917557 27151391
22123554 20712328
10505602 22686573
13938585 14375280
13884666 16114021
13862120 20712504
13840752 20712671
13866299 20713028
13921717 20713058
6609653 20713118
13860492 17417831
14339154 20713263
21080637 9585196
2463175 32020363
13906439 32020369
13921038 22686626
10506924 22686632
10498318 20713428
14332215 27591870
10500514 20964497
13666658 20713677
13667261 20713698
15508543 17164076
6659455 20713851
13674247 22686676
13676693 27281501
21166880 22686721
15506869 22686739
15458453 27591923
10502902 20714254
18279041 22486686
12099097 14375471
21081921 32020558
15508455 16114185
10504660 16114348
13856732 20715021
27591621 22489810
13843728 22489819
10525940 22489823
879061 22489922
15462095 10890273
12099094 12242536
13940475 22490090
13667390 20715892
10498604 16115021
10502347 20716281
14331274 22490234
10505473 20716432
13888863 16115289
15508604 20716611
15462092 22490345
2703073 20716747
10507822 16115398
10530504 22490366
13852561 16115466
14334716 20717108
13848416 22490374
10510932 13821799
10505677 20717356
13671475 16115553
15455353 20717382
13847832 20717412
10504375 16816911
13895009 16115597
15670233 20717489
10506954 20717596
13843912 20717660
10530267 20717661
22124800 20717686
2752207 20717744
14343251 20717864
15508453 22490418
10502454 14375915
12102767 20718064
10514920 16115900
19659383 31716448
19659382 27281601
13847621 20718137
10523957 16115983
15718024 22490437
17792303 20718728
13857091 16116185
15426609 20718821
15462396 16116208
14343896 22686881
10500509 16116411
2706620 20719502
13889004 20719845
10524092 20719896
2731478 20720068
2746946 20720260
10516349 20964869
13891702 20720465
10518763 27592079
15457291 16116780
15506185 20964880
13907084 27592085
13851814 27592098
14337269 20721099
10524704 20994885
14343894 13619326
10524755 22686901
13672476 14376229
13846456 22490671
22123070 13619333
15452060 13619337
14342724 16117104
13672712 20994889
13899921 29275799
10530263 14376269
10529836 14376273
15462078 20370402
10527176 22490723
13848656 16117363
10530084 16117473
13915997 16117563
15462211 22490744
18275113 16117694
10502898 20722208
13841122 20722261
14341958 16117787
17496614 16117870
13871930 22490792
10505365 16117925
10509901 20722888
10516566 14376423
13843738 20723030
13917434 32020865
17790672 20723177
13841045 20723323
15508431 20723344
13919729 22486803
13676022 22490884
13668269 14376491
10528281 20723733
14343008 20723841
10518141 20724289
13840990 22491103
14343484 20060526
13854716 9985970
13934918 20724737
2739675 9985996
13937493 22491186
10524762 20725199
15507881 20725234
2254842 27281744
10507842 14376647
13912424 20725344
18288266 10890742
15458709 22687100
21081625 16118803
15506032 16118822
10528143 20994932
13666280 9986317
10505038 20965184
10507862 27642571
15462159 14376768
10523999 14376770
13870089 22708519
10530108 16119116
10505462 39079086
10530559 32021143
13863372 22708531
13843385 20726192
10522227 9585395
10505695 16119405
2706963 9986495
13850298 27281844
21079267 20726295
13846536 20726315
10510966 16119618
13841984 20726372
10500436 14376883
13842784 22687303
10507841 16119922
14344159 16119996
1718621 16120030
13922898 20726729
10524089 16120124
10505095 31927077
15718001 32021175
13846388 32021178
10511770 22687335
2705089 9986706
13922172 31393307
21080813 39079087
2717192 16120430
12098616 16120455
10505678 27281920
10530359 22687387
15425411 16120674
10524084 16120689
10522233 16120730
13850273 16120794
2742323 16120821
13857617 16120870
12098203 16120893
10508899 20965314
22123933 16121136
19659439 16121189
19659428 16121191
19659375 9986866
21081238 16121210
15461750 16121223
2737923 19231671
13669528 16121422
15542385 9986957
18284494 32021333
10499354 16121471
2737896 16121623
15519752 16121730
10502940 16121777
13845297 27282031
2750106 22687565
13884104 31718111
10512892 16121961
10530000 22687624
13670896 16122170
13886157 14377201
10506359 32021440
10524644 22687748
10528052 16122219
10498321 27592584
15462041 22687812
17837894 20965453
21079788 22687823
13670297 22708587
14330104 27592658
13893169 27592722
10508256 22687904
10519655 27282148
14315183 27282159
13894542 31718466
14343746 27592767
27272368 22688005
13849872 14377331
13897721 31718535
10526370 22486991
2742625 26333477
15426158 31718565
13911603 31718584
10511135 31718610
15462368 27282234
10504137 14377415
13879404 22708640
13902956 26395948
12076954 22688178
13849477 14377434
15722414 22688195
13918560 32021969
10529116 20965573
10507460 27282269
10517638 39079088
10516235 27642726
14346414 14377460
10510951 27592880
10512658 22688341
6549350 32022238
14345455 22688470
10521844 14377560
21081607 31719013
10507814 14377583
15458767 22688646
10524048 31719085
21079471 14377629
14345859 32022812
13916990 10891061
10505485 27282502
10522288 22708739
10510741 22688767
13861073 32022997
14344154 27593102
10530003 20727078
10516658 22688917
14348181 20727115
15722537 31719464
13938589 27642851
17797783 22688988
13897693 31719587
15458773 32023857
10505247 26396060
21079573 27282571
6649270 31719686
10516463 31719758
14345424 31719790
10506097 26396077
13666027 27642895
14336188 22708871
2743849 27642912
27278092 20727391
13912803 13619704
10520922 20727465
10501718 20727503
13841336 22689556
13866182 20727705
2741434 27593348
10511205 27282803
18279227 27642983
22124624 14378299
18288825 20966125
1754907 20966130
10501372 31720362
15458455 22689720
15461821 31720521
14348639 20728095
12572409 31399695
10512685 22689780
13848035 27593444
14345555 20728203
3605982 16122796
10505818 22689807
10507461 22708970
13913247 39079089
13675507 22689831
13879705 16122882
13842710 22689880
13847273 20966233
10498913 21208404
15426204 22689955
12099035 27593523
19659384 9585593
19659385 22689971
10522216 20728950
15544005 14378721
13920467 22708996
15462399 22689993
12098435 13652365
12098546 20729035
10508565 22690023
13902309 29266520
13669624 14378784
2742177 20729161
10505607 14378814
13844471 20729251
15458688 31721507
13917168 22690142
21080879 20729300
12102509 14378845
10511184 20729405
15426152 20729529
13918815 27643125
14332472 22690272
10526694 22690283
22118991 20729658
13843454 22690290
13906705 20729769
15718032 20729794
1829681 22690316
21081731 22690321
10525869 14379033
14320063 16123268
10528313 16123346
13892179 16123364
10516501 20730157
15458750 27152601
2713828 20730478
13848977 20730618
13843303 27643169
10520693 20730798
14348501 20731048
14346070 20731153
10526636 17898819
10510817 20731492
15447819 20731514
10504895 20731553
13901128 13680060
10498547 20731664
14347513 20731696
15462398 27593735
10510722 20731798
13902706 32026454
14344102 22690484
13903692 32026461
13904257 20732025
13906067 20732406
10499415 20732467
10516972 22690498
13844336 20732554
10520552 13821975
10513992 16123927
13677874 20732759
762462 39079090
12098319 20732877
10509459 27593762
10502354 14379366
13913743 16124019
10529796 16124079
15507594 13611209
21166855 16124120
10529112 20733466
13841150 20733470
10501494 14379407
13675547 20733642
13675610 20733737
14348083 22690547
13922045 14379463
2716139 20733995
13919731 20734078
13847307 20734138
13848660 20734278
13845780 20734402
13676464 20734547
21079792 20735359
10501932 20966651
10502546 16124315
14350360 16124361
13675699 16124416
10526236 20735997
12102396 27283128
13845288 16124619
10522208 20736028
17796978 20736106
14346826 20736123
14345630 16124747
13848160 16124847
15425483 20736347
15712138 20736539
10507752 20736594
21166903 16125040
2713789 20736731
10522059 16125123
15426260 16125203
13847270 16125266
15457122 16125270
10502365 16125274
14349898 20737033
15426471 20737357
22124441 20737560
13859394 16125550
13849523 32026856
10511148 22690666
15457514 20737699
10500839 20737811
13864185 14379998
13843516 13821997
13870905 14380076
10499397 20738808
1791867 20738941
14348270 16125770
18277864 13822000
13941789 20739331
10512073 20739385
13872541 20739392
13872783 20739420
13861701 21208422
14352863 16125843
14349912 14380188
21081162 22690716
15519735 20966775
10510812 14380205
14349671 26396444
13845567 26396445
14345242 27643358
14335110 12135349
15477300 32027007
13848394 32027053
13855851 20740302
2732238 20740387
10502057 20740434
14346276 31927335
19659386 20740696
19659387 20740698
10522217 14380373
13672406 14380377
10526116 30286066
3911723 27643400
10505519 14380435
15458454 32027168
13897793 20966877
14349250 20741562
10512686 22690901
15456589 20741623
6756445 32027190
15456665 20060946
2712889 20741656
2746104 16125946
13927578 20741804
10506599 16126027
15722673 16126069
14319704 20741965
2713785 16126117
2737733 16126127
10519656 20742067
10505246 19563714
14349878 20742231
13907528 14708130
10513573 20742442
13671572 20742523
14320856 22690923
2734883 16126654
22125064 20370443
13891327 22709131
10507400 16126741
2713828 16126789
889526 12518097
15507431 14380611
13672185 22690950
12098608 20743131
14346629 22690972
14348506 20743262
13897379 14380672
13854593 20743325
15506797 20995291
14348149 32027326
2738025 20743613
10502351 14380714
14348382 14380725
14350988 20060980
12157408 16127242
2709882 16127279
2712553 16127313
14333849 20743850
22123945 20743894
13673256 20743946
13904158 16127466
12082927 27594005
14348624 16127653
14349843 14380788
14348346 20744347
18280149 20744353
15426214 14380794
10529118 31927357
13674341 20744599
13845655 20744617
13910636 20744629
17474133 19563750
15722693 32027454
13851225 20744890
10520550 20744908
14318539 19563752
21079228 22691116
13925203 20745043
13917431 14860912
2710031 20745138
13840311 32027492
13873539 20745366
14349283 16128223
13845091 20745509
10523073 20745654
15425882 22691153
17803605 20745686
10520369 20967072
13676553 20745798
10510544 20746038
18279206 20746213
640833 14708180
10498372 20746789
13891773 20746873
15458769 14381001
15426565 20746973
13676896 14381012
13677741 22691227
14331102 20747219
10510216 20747336
13844372 20747342
14344057 22709183
10523956 27643469
15461342 27643471
13914136 20747661
13841672 22709189
10499093 20747788
13836993 14381073
13941181 13611250
10530005 20747902
10529039 20747999
13844411 20748178
15638740 20748198
13847599 22691305
14348031 20748342
10514165 22691312
13856804 22691328
10505704 27643489
10508746 14381154
10505248 16128806
15462970 16128817
14350493 22709230
15461035 10891365
15462070 22691450
10527279 20748897
10514010 27153085
13934410 20749052
10522270 22709248
13869321 20749175
12099016 16129070
10504581 31927430
10510015 22691492
10510007 20749194
13871610 10891509
10510834 16129087
13860772 22691519
10510730 27594211
14350937 20749323
10512590 16129110
13928523 16129124
10520553 16129131
13889400 22691610
10516675 16129139
14349750 19231883
10517277 14381337
22124019 27594235
10516460 14381340
1889747 22691640
10510292 13822063
18278104 22691668
14335512 27594240
10511912 20749563
21166832 20749566
13870567 39079091
14351763 9585828
15718015 19563850
13884224 20749618
13889009 22691695
10509670 22709291
10511127 20967331
10515065 22691724
14331903 32589373
21166801 32029340
6743506 20749845
10523942 20749912
15455951 20749933
15722692 22691774
18275208 26320433
15458999 27153166
13931495 20750183
19659388 14381521
14349452 27594286
22123935 27283640
10500049 12518126
2735045 29275979
10504899 32029960
10505873 20750883
15426205 39079092
13889279 16129407
13885807 35803284
13847180 14381670
13887468 39079093
14329913 14381682
14350555 27643569
10502420 17418659
18279081 32030480
10511112 27690042
12099013 16129518
14350706 16129548
10507666 22709342
10505436 32030783
13846506 20751033
10502124 13611266
13846516 13620221
13844299 27153263
13895346 22692222
13844963 32030957
13845427 27283750
14325594 20967544
14337135 14708291
15584710 32031176
15715798 22692338
10513830 13620249
10502227 32701077
13901230 32031358
10500363 22709383
21079569 22709386
13905546 32031481
13935382 21033564
10508001 9585904
14325583 14381916
15722407 13620286
19660256 14381923
13851618 22692478
10530372 27153360
13908317 31927560
13841784 27153372
13911448 22692554
13843601 17418719
13844906 32032066
14349832 14382002
13849215 14382004
13847366 22692589
10507465 32032154
13914197 31927572
10515118 22692664
21166888 16129779
10530252 32032601
15462093 26333714
12098441 27153398
10511056 14860958
12098637 32032814
13922271 32032823
15458711 22692810
10507127 22692828
13849042 14860978
10507816 16129872
4010010 14382187
10509188 17418743
10525708 22692854
14351082 22692855
10505442 14861007
15506857 17418764
13928163 14861028
13841676 22692945
6675137 22692950
10506945 27643678
13935429 32033512
13935612 13620378
14328164 14861064
13848719 27283989
13850582 22709463
15450900 9988628
14330890 10891726
10516348 10891742
10516337 27643700
15718618 16130429
13940559 27594591
14350986 31927648
13851909 10891794
18277416 19231944
13849868 39079094
13671467 39079095
10527278 16130898
10499392 10891908
10523951 22693259
13846137 14382491
2717033 14382495
10503424 32034593
15458803 22693310
12098549 14382533
10518703 27594708
2743321 17898927
14313220 32034875
13672105 31927693
14328139 17869502
2732351 22693560
13846432 22693567
781055 22693653
14314865 22693680
2743447 14382703
10514317 22693729
10505385 32035320
10508257 27643751
10510767 32035322
13841767 22693744
10518908 32035368
15462022 14382734
21166833 22693770
12098202 22693777
13670614 32035445
15457788 22693796
15426475 22693827
10510933 27284143
10510093 27153664
13844872 16131317
13915303 32035524
18279084 27284159
13842042 27153670
22123924 39079096
31899681 19231959
17806151 27284181
13669046 36454250
15458456 16131635
19659391 16131684
19659422 16131686
19659373 16131688
19659389 14382794
19659392 16131693
14333033 27594871
10511165 27284240
12098995 16131835
12104724 14861178
10514912 22693985
14313830 22709609
2731752 27153709
13844896 22694017
13879614 27643805
10518704 20061281
21079851 32036018
10516327 22694106
10512049 9586035
18279207 22694136
13844351 22694142
10510751 32036160
13886309 32601113
10510769 19231972
10498438 20968206
21081966 21080329
13671147 16132149
13890671 22694212
18279890 22694235
13675048 32036397
10517303 22694252
10507308 20968235
13890791 35789140
14333562 32036568
12099112 13620517
10509785 14383045
13841993 26333766
13853529 22694371
13845628 16132702
13904791 16132752
13849847 16132779
14351009 22694411
10526026 22694421
14350656 22694438
13845565 27595104
10501431 32036868
14350654 27595117
13882250 27284350
14350534 20968310
21080998 14861228
18282426 31927824
10519717 34437286
10510849 27595130
13899177 39079097
22124926 32037018
10510455 32037056
13935503 22694559
10506600 16819780
10513569 14383165
10502901 27153811
15426008 39079098
14314347 22694593
13853124 13620552
18275359 14383187
2732168 16132944
17773972 39079099
10501308 27643910
10500955 22694619
13673373 22694633
10528075 31927846
19660417 13620576
19660255 22694686
13844384 22694717
22123952 35804303
15461368 32037368
2732448 39079100
13908267 14383229
13844985 16132996
13845947 26333921
10521751 26321863
10507412 32037463
1384468 14861253
10505637 26333937
15426218 22694802
12573756 20968448
13916226 14383295
21166856 32037739
21166898 14383321
10510539 10892060
14315814 27595345
21080693 22694935
13920198 20968520
10508608 32037934
21079651 27154031
21079235 32037945
13920880 32037949
10524514 27643956
10509705 27154085
2731176 10892142
13889257 20968550
21079476 22695070
10510131 22695087
14333498 22695094
15462254 21080363
14325524 22695200
13896224 32038234
13931777 39079101
2743770 21033722
13937073 20968614
27273281 32038444
13845138 14861302
15425561 27595479
15426222 27595503
763193 32038520
14336949 29266648
3720895 22695356
13941030 9586116
10507664 32038647
13845010 27154244
13842846 32038880
13856609 27154289
10526052 27284584
13922380 22695525
10510842 26334174
10499805 22695558
13859066 26334183
13846254 27154341
2735323 27644102
10506737 27644111
10511918 14383595
10526348 26334204
15461752 14383600
13845546 12518180
14339553 14383632
10512677 31927978
10500368 16133476
14406798 32039493
18284909 16134186
13876027 31393767
13837261 39079102
10497626 16134347
13845458 22695814
21082495 16134357
13668831 13652372
10505362 16134511
13848611 27154485
13846437 22695878
10526270 22695897
10511111 26322842
13884154 20968873
10500272 29276156
13932858 22695920
21081433 20995670
13845302 16134751
10509557 32040111
13844509 27154514
22123916 32040163
10501159 16134789
15722404 32040187
10497992 32040234
22123917 32040244
2741350 13620811
13852057 22695998
10510058 22696000
13842113 16134883
15426217 22696005
13919143 32040338
10508823 16134908
15669911 22696039
13936666 31393791
10509095 31928034
19659390 22696093
19659393 27644238
10508822 13611347
21081234 32040646
13939264 32040663
10530511 26334352
10527590 22696155
15462370 32040738
10505237 32040771
10507695 22696201
14333751 20969015
10520402 22696278
21081533 22696279
10510828 27154704
10530391 13620867
14335783 31393797
14320966 32041152
10526369 27284705
10511130 32041288
13847545 22696463
10528674 22696505
12104849 20999856
13892171 26397280
10524671 39079103
13893480 22696556
3090990 32041572
2749114 16135270
14316701 27595787
15506189 27154850
15519783 27644290
15519787 32041637
15520017 32041646
18286438 22696607
10502361 27595793
10521531 14384096
15722821 22696622
14352098 14861461
13845455 26334503
14350827 22696633
13845821 22696642
10517599 32041723
14315860 22696663
13847603 27154877
14312857 16135316
14316034 27595816
13851539 27644300
13844705 22696672
14312607 32041802
13845295 22696678
14312925 22696681
13897574 22696685
13846356 27116282
13897654 27595823
14319639 22696690
13668738 27595825
17808915 27154892
14315796 16135336
10529993 27644310
13901072 22696773
4009803 32042204
18277848 32042240
10502899 27284786
15715211 32042263
13845736 32042305
21081492 21033803
14317010 26334552
15426212 22696848
10513990 10892435
10530086 22696884
19660254 9989204
22124633 14861489
10507818 27595855
15718080 32042455
18276093 27690208
10516476 27690212
1838332 27595862
10515819 16135392
13837264 27690217
12090010 32042525
18277631 27690236
14325592 31928142
10522244 27644331
13674592 27595907
13846092 22697010
10509525 20995740
13912567 14384331
2735815 16135477
13914029 13621056
13845599 14708827
10512235 26334593
10525217 22697060
15497415 27284852
15464155 13621082
13852040 22697118
13675536 26334620
13837227 22697128
15722320 32042876
13846808 32042911
13845004 13621107
13919141 13621116
13675839 22697196
13844541 13621137
15461843 16135555
10525410 27644362
15597810 22697260
10530259 16135668
13938254 27155053
13676944 16135773
15506732 21033824
10513589 21080450
13672360 16135843
13846488 22697391
2739014 13621228
15643309 16135897
21166899 16135947
13850373 32616251
10505472 32043519
13849772 27596075
27278042 27155174
15506788 14384578
13910704 22697501
13845613 16136182
13863225 13621277
10509807 13621291
13904242 16136478
10510618 16136509
14316283 16136581
13849392 16136589
13842597 22697552
12105012 14861565
10512785 32043967
13844318 13621362
14345482 20995788
15462413 22697666
14326423 14384690
10523948 22697699
10507408 32044217
13847902 35804730
13859528 22697733
21080863 32044254
6669277 32044278
13842503 22697768
10499398 22823840
14342289 22823848
10512071 27596161
14346171 22697819
14334051 17869544
13842153 32044336
13863752 13621432
13842721 39079104
13672806 12518226
13886642 32044473
15722248 22697962
10505097 27690494
13849263 20969527
13870627 27690507
10499432 27285182
13837609 27596183
22125046 20061403
10505497 22698026
13876142 20969556
10507812 39079105
21082034 22698039
15716333 16136999
14325786 27690523
15455768 16137100
14323211 27644507
13848375 13621505
10510606 13621547
18276336 13621551
13846434 16137481
10511896 14384935
13846704 20969636
13837521 32045140
14315445 27690573
10507409 22698214
13845290 22698216
13874410 13621625
15547848 22698237
13875128 16138220
13926105 32045499
19659394 20061464
19659395 27596265
21081562 14861668
22124087 27690621
21081638 27155465
15461742 32045600
13847962 16138409
13878572 20969703
10501735 32045720
10513590 22698367
13879808 32045742
13910811 22698384
13852856 20061495
10500971 32045800
15620171 22698409
10515103 27596294
13846240 22698432
10498922 22698488
10507345 13680300
15706650 31928290
12098993 20995855
15460043 22698566
10505133 13621822
22123676 26335024
14314171 27596337
10520542 32046269
13842473 16138479
13891450 16138483
13671855 32046367
10500474 27596373
10500817 14385222
22124011 14861704
10507305 27596394
10498030 32046502
15519782 13621891
15519785 31399770
15519786 32046574
15505521 26335084
13844851 32046600
13846787 22698721
13895383 14385273
14314332 34935220
14313629 34935480
2738322 22698798
15457852 20061570
13848758 27596430
14325061 13621944
13901727 32046846
13902126 29276295
10506967 22698856
17821042 22698865
22124023 27155817
21081037 13611562
13846672 20061578
13848099 13611565
10504647 27596481
13842465 22698963
14317241 27155867
14317662 14385380
21080689 14385394
14336128 22699026
13907996 13622060
13908131 13622062
14336496 22699043
1767138 20061602
10500973 32047511
14336126 20970002
21083223 27596601
10520959 32047653
14318398 20061619
10521530 13622156
3601549 39079106
13918638 26335221
581508 39079107
12115379 27156135
14317013 13622175
808922 39079108
15718010 9586330
15722283 27156196
13924140 22699357
22124108 22699360
12102345 22699372
1910015 39079109
10507834 27285744
401725 39079110
822445 39079111
1460923 39079112
10505595 22699429
10498017 31399774
13935389 32048337
13847019 26335288
14323065 13622291
13846708 16138652
13939206 13622309
812943 39079113
15506936 22699662
22124145 20970156
14338909 22699690
14333127 27596742
10507863 32048721
13835580 13622346
13835471 13622348
15716321 39079114
826018 39079115
10525506 14385711
21166815 13622371
779979 39079116
14336044 27156534
13843990 22699774
13854756 32048983
10508808 26335363
21081846 32049058
18276094 27690935
13857793 22699837
10504215 22699838
10504718 32049352
10508972 26335400
822353 39079117
22121162 32049512
2740639 35804963
2741809 32049711
13848253 32049859
13918741 32049877
17820721 39079118
10515252 26335452
10509094 27156806
13842871 20995963
14321510 39079119
10519623 22824303
15547844 22700149
15707640 13652391
15457688 10892608
13850363 16138864
13849381 32050120
13873615 13622561
14335444 32050136
14333813 32050159
18278955 32050182
10507600 32050198
6707930 14385975
14333761 32050249
13852377 32050251
13851003 27596847
10515515 14385994
10526594 27156836
10507340 10892738
13893491 16139079
14318396 22700236
10505337 13622594
21080747 16139252
13669379 32050374
14314376 22700242
15455942 22700257
22123923 34936050
18275787 16139352
13848355 14386047
22122432 20995978
14335875 17898964
10498663 16139688
10521528 22700324
13899895 32050705
19659398 32050707
19659397 27644876
19659396 14386085
19659420 22700334
13849096 22700351
10505339 22700366
27273791 27691046
13877044 22700370
13897893 22700378
13837770 26397733
15462004 9586394
355125 39079120
13669926 32050970
22121142 20061749
13881440 14861884
15508333 27156941
10500282 13622675
13848485 32051171
21081740 27156959
14336492 32051249
13886131 27286000
10500050 27644900
13921055 22700505
10523935 22700553
15460045 14861901
15461626 22700563
10511054 32051715
458924 39079121
21080615 32051760
13848654 13622743
13671790 22700632
13847658 14386287
13854105 22700636
13848537 32051886
13851011 32051980
10502084 32052026
14333873 20970505
13851103 34936208
13848576 32052125
13867916 16139871
13848500 32052153
10502113 16139926
10498968 39079122
15588682 27597055
10510139 32052291
13848881 32632621
10500447 27597081
10512239 32052353
14316164 32052412
12577225 20996011
15722247 20996015
2744214 39079123
18278107 27691147
10508396 16140133
10510228 20751364
13673368 32052600
13903735 13622822
13921982 32052626
10509097 26335619
27273746 27286081
13848615 27286106
15457977 9586425
19660252 22700923
6643931 13622830
13928643 22700952
14320702 22700972
10504933 20996025
13858612 22700977
14320298 32052933
15457649 13622855
10514102 22701008
10507335 27645027
22123090 31771297
13877132 27645037
13847104 14386607
13915887 32053104
13837744 32053154
14332388 22701106
13907963 27286128
13675807 27286146
644546 13611738
14332138 20970638
12102762 22701149
13837804 22701162
10514761 27286203
13921603 13622906
18275204 20970658
13923211 27645126
13837832 20751500
14319767 16140513
14317119 31771395
13853657 14386787
10508399 22701262
13851369 32053348
13908090 32053373
10498434 39079124
15722266 20751563
10510168 22701399
21081059 27645217
10512075 22701402
13677377 22701407
22124630 14861992
10523692 14861997
14320995 35805802
13898148 22701456
13850499 27645228
13873493 13611765
10512689 22701469
13848668 13622998
15722258 32636474
10510939 31771534
13873452 32053717
13899043 27645243
10505120 33020424
10502273 32053743
22123997 22701553
13897625 31771557
12098448 20061870
14335705 13623026
22123558 31771572
15588727 31771578
10513977 32053810
14333863 14387010
3615766 39079125
10515033 22701612
13845416 14387041
13843087 21034101
13851911 31771617
10510941 32053951
13856428 22824789
10508920 27286309
10508970 27286311
22123709 20970795
14333971 20970796
20432491 22701656
21081173 14862024
13857167 27286327
13857357 32053987
15722884 10893038
2752053 16140987
13867633 16141014
13666655 16141018
13860061 13623053
15426196 16141065
10508603 13611783
14328671 14387139
10510198 32054167
22124493 32054190
10523998 16141370
13865707 16141416
13667662 16141438
10506684 32054265
10527255 16141488
13848835 20751709
14351315 35806384
14327046 16141720
18283912 16141795
13675753 16141847
10516326 16141877
13849680 27691297
13872325 9989894
13849469 35806709
15457490 16142171
13851181 27645326
13851682 14387312
13849827 16142182
10516416 31771819
13899601 16142213
10523147 14387317
10504646 32054478
21081299 27691314
22123912 35806837
13849729 14862052
18277601 14387344
22121891 20751783
10505531 35806875
13874176 16142328
10510008 16142334
10502604 35806907
15506779 16142368
14325333 32054577
10503641 31771884
14333295 31771890
13851482 16142423
10510955 26335893
15508425 35806982
21166800 27597380
10509925 39079126
14329856 24775434
15723370 14387416
10502613 27286412
14332962 27691348
13923327 26335936
10510647 32054815
15458457 20062025
10511167 16142797
10524007 32054923
19659400 32054925
19659427 31772000
19659399 31772001
19659426 31772003
13851126 16142829
8310393 14387476
14323579 20751881
13849074 20751885
21166878 20370523
13848863 14862072
14327609 31772053
8476905 27286439
10510020 35807433
14337663 27645380
15506209 16143007
10497676 31772073
10516475 31772079
13916123 32055154
13852038 14387582
10509642 27691391
13851923 31772176
22123962 35807754
10515477 35807765
21082461 27157498
13887927 31772235
13888992 32055452
13849554 33020438
14328338 26336040
15461659 35807903
14330824 35807908
22123384 35807913
10505598 16143413
22124014 22825153
22124015 16143549
13849534 22825180
22124088 22825273
10522207 17881494
14319414 22825321
13895122 22825322
14320343 16143586
14317569 35808164
13920996 16143625
13896549 28670532
14317015 32055750
13849552 35808251
10509634 26398056
15462444 31772393
14327317 32640011
13914652 24775442
13899181 20971127
13894496 32055885
10511189 20751987
10526650 32055952
12580937 31772478
10509912 16143738
13942535 35808491
14332995 29266793
10510819 32056117
10498911 32056138
14320917 27645495
13849295 35808710
19660253 26336139
13905725 34438306
13849444 27645510
21081079 35808760
10513827 20971203
10502926 20370527
13909719 16143977
10525917 16144061
2744478 26336156
13912520 14862152
10508036 35809092
13853366 32056358
13902591 20971242
10512208 16144232
13849446 32056371
10507425 35809182
13672442 16144299
13849561 14388020
13917814 35809307
22123949 32056475
14337495 27157650
18278108 35809359
22123673 14388041
10510540 14388048
756457 34937038
13850505 32056504
14336256 14388066
10506517 27597527
22123556 32056558
10502907 26398129
14325479 32056578
17823047 26398131
13921710 32056584
13676426 16144455
14316460 39079127
10501028 27691608
13848886 27645564
13935142 35809751
14327588 27597552
13936184 32056994
10501869 31772645
13936561 32057006
14325190 10893148
10526253 39079128
10526600 32057072
10526601 10893189
14318245 14388274
13837813 26398234
18276670 20971359
13915184 32057100
10511913 20752229
10511914 35809868
13677851 35809883
13940440 20752231
10523954 32057126
14332513 35809925
10501166 31772745
10510570 20971372
12578285 20752249
10507817 27691698
15426743 26336277
15458306 14388323
1786560 27597595
14323204 26398266
14336120 31772829
14336898 32057337
14335684 27286553
2744331 31772857
15456953 27157789
13859184 16145044
14333995 16145073
13859978 32057395
15670192 20752357
13850596 9990242
14333842 31772881
13862819 31772902
10529844 31772904
13863671 31772913
10506762 9990336
13865773 20752534
14337104 14388439
14326909 35810287
10506601 14388446
13869011 27691775
13668642 27691781
10514757 31772991
13850914 32057606
13925900 32057611
10509155 32057612
18277863 27645817
13851400 31773009
13851315 26398306
10502485 19232075
10529872 31773048
13930340 16145512
14335746 27597768
10510843 26398317
22121252 31773081
22123914 39079129
10510165 27691816
10501487 35810813
14334317 32057762
10509087 32057778
21081718 31773124
10514303 31773133
22124516 31773135
15714910 27645901
14335515 27597845
14328840 31773153
10510346 27597851
14332940 27645918
14338578 27597904
10510461 20808881
14339564 26398399
2744778 35810939
13851311 32057921
15426606 27597962
15426603 20752700
10508826 20752708
19659401 20752712
19659429 20752715
10525952 20752720
1906708 26398433
13858120 18150155
10510094 32058020
21082940 27645985
13670008 32058085
13850906 29548254
10512688 27646020
13882369 31773314
14329230 27646037
13898169 14388664
14334528 27646046
6710037 34438479
10508571 20971603
13851363 27157877
21081598 35811470
15458207 31773391
27274753 32058341
13852841 14862279
13889103 27646135
10514009 27646146
2746950 31773465
13671973 27598030
14324838 35811829
10506964 14388757
10510716 32058799
10507401 20971670
13893859 20912853
10505470 20971684
10507833 35789545
2748840 32058946
14328814 27691987
14336500 32058966
14325963 20971700
13927449 14388784
13897266 20996246
13905665 35811983
13897683 32059206
10511181 31773687
10514919 32059256
10523234 32059322
14326196 32701812
10520969 26336475
13901282 32059464
13851380 27157948
10509535 32059492
14336223 20752946
12098626 32059666
13904315 31773886
18279079 20996254
10505599 32059803
13907064 26336495
13908159 31773938
13909467 35812280
13911084 20971801
13851221 20996262
10510851 14862333
13885545 32640718
10499125 31774076
13914885 32060217
10500319 27692080
14333807 31774093
13852006 31774098
6766172 20971831
13851884 20971836
10511281 27692082
13918311 32060361
14324107 20996273
13675787 31774159
13851367 32060391
8310614 35812643
8310608 32702431
8310600 31774190
10518746 32060469
13922320 16145647
13922318 16145672
13676341 32060730
13903012 32060852
18279483 16145744
13849676 18150166
12098467 27598245
15462369 28671006
13934781 26336573
14325862 14389100
14328714 27646576
10510037 26336580
14327180 32061395
13874469 20971965
10514914 27598288
13936900 32061467
10502126 31774469
14326975 32061485
13666111 16146255
8479568 10893457
13850720 35813342
10512708 27286671
10511911 27286676
13870456 14389174
13672890 27286735
18277409 27692210
21081447 27286780
14332515 16146365
13941718 16146371
13851484 26336614
13897679 27692230
10525916 14708956
13856383 31774646
10506609 14862386
22123944 32062208
14332552 31774658
13926473 31774667
14332817 32062247
13857797 14389275
1773559 16146518
13853308 16146524
13859997 14862391
14335243 27646681
14321703 26336644
13851860 16146684
13921067 20972067
12098617 27692274
10507687 20972085
13851644 32062585
14331665 27598356
14329432 27598371
22123906 16146797
10505753 31774888
14332160 32062784
14332470 31774892
22123908 32640969
13859902 31774900
21166871 32062819
10509808 16146821
13940520 16146837
13895011 21080810
13895911 13822408
13852111 20996314
13873042 39079130
10516253 31774937
13852371 31774956
13930660 20753211
18282429 20753220
22122426 17869596
10502121 32062971
27277902 31774993
14328012 32062993
14333414 32641009
10510905 27692381
2751996 32702644
10517394 32063058
13928449 22825852
14333800 20972164
10523966 20972173
13853028 22825880
10511134 27646746
10509102 16146981
12098225 32063175
10515203 14862406
22123920 16147021
13853363 27692396
10511277 31775145
15426173 31775156
10507396 31775161
14326983 32063286
22123925 22701720
13874429 14389529
10513975 27598466
14334791 27598483
13856103 31775209
21082094 16147113
10511169 31775214
13857711 32063520
10527316 31775221
14332918 26336743
19668299 26336744
15426604 31775223
19659421 26336746
19659404 32063551
19659405 31775228
19659403 31775229
19659402 27692420
18280620 27646758
13851529 16147157
14325428 27692437
14334041 14389595
13851840 32063908
10511178 27598566
14328499 14389615
12579154 39079131
14332463 35775157
14335900 20972228
10517313 26336779
13670369 27286957
8310946 27646787
13886955 16147282
13907035 20972254
13887756 32064456
13668007 32064489
13888583 31393928
13905804 31775445
21082599 16147321
12099114 16147341
13853426 14389671
21081831 31775465
21082371 21080842
13852759 39079132
10507138 39079133
10526347 39079134
21166849 39079135
13853001 27287005
14335837 39079136
21081898 16147392
13871267 32065165
13851894 32065183
3995766 16147409
10522209 27598655
13851582 26398862
13851584 27287052
13851854 27287056
10510221 27598659
15506300 20972312
13881508 14389747
13897909 16147478
10507850 14389751
15458232 16147590
22122810 14862439
13899546 16147643
14333039 27158247
13899585 21080850
14352300 27287159
10510236 27287191
10508594 39079137
14332693 21034408
10506596 11812533
13673718 32065884
13677167 32065886
10513575 32065906
13851801 21080858
14328819 20996376
21083252 27287254
10501027 39079138
10501026 14862446
10506590 27646890
10523691 27598697
13852919 31775624
13907946 31775636
10528671 39079139
10511236 31775678
14331649 27158271
13910778 31775684
10510267 31775687
10530292 16147777
14334216 32066210
10518771 27646933
13852472 26398916
14334007 26336874
10507350 31775794
21166897 31775798
22125292 32066594
10520692 39079140
13852409 31775856
8310970 27598743
8310962 26336881
8311809 39079141
10526354 31775907
10508422 27598790
10501306 24775487
13852192 32066734
13923412 20753645
10508254 39079142
13924981 27598899
14328553 16148063
1790287 31776090
10503422 31776123
10515160 20753668
10508333 14709011
10505596 39079143
13852799 39079144
10507846 31776187
13851767 39079145
10508421 31776192
13883893 16148201
14335059 16148249
13909945 35775341
10507366 16148305
13853638 16148353
14333967 27287487
10501165 16148446
14333536 14390045
13920307 31776247
14331673 16148467
10514191 27598931
10504650 31776305
13941402 32066859
1749922 18150209
10523100 32066909
10506342 34951085
10512375 14390111
10520960 20753900
10523946 31776428
13885129 31776431
14332795 32067185
13853178 20753976
13852608 16148809
10507463 14390176
14333903 20754046
10526633 20996430
14339559 27647032
10506531 32067394
14334271 32067398
14334872 14390196
14335966 26336986
10521442 14390203
10502419 14862502
13872148 32067536
14329027 32067544
10510123 21080910
13853218 36395351
13876898 20972578
10504446 32067575
14332499 32067599
14332028 39079146
21083670 32067616
10510291 35680381
10522300 35680382
10510940 39079147
21082468 16148947
14334779 39079148
14330682 39079149
13852837 34438858
13853919 32067738
10507599 20972595
10515010 31393930
14335088 35680387
14331750 28671464
13669631 26399093
10515165 32067799
10525973 32067807
10507823 14390305
10510092 34438866
14335134 32067813
13670827 27599125
10509576 20972605
21083106 27647082
10510815 26337012
10503112 26337013
12099086 20972610
22123006 39079150
10511616 27599134
13874408 32067871
10506524 36100225
13853094 14390346
13876733 26399115
10514911 14390353
13853133 27287584
14334128 14390355
19659406 27287594
14335086 14709042
10514168 27287598
13853263 27287600
14336311 16149094
10501199 26399122
13877257 27287624
21083409 32068016
14336006 20996444
22123526 20972647
10510192 32068105
10517533 20754354
13883996 14390426
10505245 14390433
10500516 39079151
10520940 32068147
10510908 39079152
10510814 14390459
13885253 14390460
18278969 27158424
22123528 32068180
10510673 32068191
13886587 32068194
22123674 34438901
10503640 32068225
10524664 32068236
10508462 20996453
13890212 32068261
14333094 27647116
13853087 32703348
21082874 20754397
13862694 20754413
10515766 34951148
10510613 24775492
13893837 27647127
13672404 26337078
14338652 32068388
12098408 21208633
13897652 39079153
13898743 27647150
21082436 27599211
13899004 27599212
15715473 27647153
10516247 36113599
10509105 13822452
10507346 27599231
10500274 32068638
10510234 14390560
10510612 27287704
13903044 28671592
14331711 32068762
15458458 26399180
13853119 20972722
14335927 32068794
14334611 39079154
13860379 14390603
10502099 39079155
10525913 21034476
13853733 32068945
14335513 32068974
10507386 14390620
10513960 39079156
14334722 26337115
14335852 32068984
13909585 14390624
13911073 39079157
14337588 14390650
10529803 32069185
10510046 32069218
14335233 39079158
14335546 27158495
10526151 32069239
13917617 32069251
21082999 32069267
6695959 27647205
10507342 26333753
10505450 27692562
14330497 32069288
14334718 27647235
10512065 27692591
13854029 16149255
10509671 27287770
10510848 32069463
6553182 27287773
10680741 39079159
1762865 32069530
8312017 32069546
14335813 39079160
12098640 34438991
13853602 32069702
14337243 26337204
21166861 32069735
13677704 32069753
14331404 32069758
14329404 14709084
14334795 14709085
10510845 20996491
13940623 39079161
22124830 32069852
13941384 21208637
14334920 32069858
14335042 26337217
13853473 39079162
22123993 32069906
746186 32069940
21083466 21208641
21083307 14390852
15715919 32070002
14333524 32070007
13858033 27599353
14333569 16149422
10507413 36838942
21083421 32070164
10520939 26399302
13934599 27647276
15426517 27599359
14335862 27599360
14335970 27599365
10526004 34951269
14330778 39079163
10501504 32070210
15722678 32070238
10507676 26337246
15459053 39079164
10506960 32070272
17838606 39079165
18277109 32070286
13903993 14390906
15458758 32070320
12098248 32070322
10525699 32641944
13853587 26337256
10525911 20996504
10505771 14709107
15426607 27647286
18278782 32070365
15426608 32070367
19659409 32070368
19659408 32070370
19659407 27647287
17841097 39079166
13853729 20062228
13853933 21034505
13876781 32070383
10505035 32070386
13669396 34439028
15722426 32070412
1828539 39079167
10527209 21034506
10529268 39079168
13670247 32070481
14334382 27599379
13853379 27599381
10510085 32070502
21083397 32070568
6619792 32070572
15518931 14862637
10500735 27158575
10523934 27158580
14336711 32070643
13671734 32070669
10509157 39079169
10515275 32070700
13666806 39079170
21083055 32070757
10514917 27647298
10524093 39079171
13900323 32070805
10504643 27647301
10509408 39079172
21078596 27288016
12584254 39079173
10516055 39079174
13677499 39079175
18279026 32083692
988563 39079176
260651 14529738
493496 14525599
284700 14525624
2254149 14393726
805672 13624001
502588 9991786
363614 14529849
599148 14351090
807524 9587207
384008 14393998
2506469 14529960
3644838 39079177
435599 14529966
2377178 13624038
442433 14351167
242720 14351183
14369856 14351198
768908 14530038
364360 14530053
2319240 14394288
2510587 14394361
361507 14351473
442411 14530145
428642 14530152
612534 13624113
717167 14530162
284382 14351533
368520 14530172
633514 14351646
2460806 10048840
1897851 14351734
294814 12243734
1898819 14530280
296921 9991901
236946 14530327
498430 39079178
1591827 12243938
2332599 14530368
313181 9991995
757786 9992013
245207 14530389
288525 14351890
1906951 14394901
776293 14351915
768062 10051014
415166 14530433
669685 12244150
441754 14530457
888357 39079179
888357 39079180
324608 14525800
13924525 32107779
349991 12244409
285186 14352109
293138 14530567
279616 14352152
284012 14530583
1805810 14352179
359427 9992188
362745 9992202
357510 12244568
2228383 12244585
673710 13624309
2264820 14530638
349223 9992282
2023941 14530658
10508001 27649244
2498970 10051495
265523 14352212
302897 16424536
425653 14395697
450424 16182308
10515066 39079181
462326 14530879
452355 12244856
2352411 12244866
326417 20761132
1810316 20761151
1896327 13624414
318758 14395974
362969 9992505
393719 14396016
593949 10051545
299379 10051551
15457944 39079182
14325622 32121590
2358992 9587572
12108293 39079183
393117 16208688
460214 12245166
801748 14396261
402257 14531126
336317 14531129
284636 14531133
354452 14531152
260547 14531155
351661 14531166
616933 9587589
910380 14396406
1905991 13624479
213391 14531314
317174 14352243
458079 14396624
820435 14531334
1898204 12245350
243657 14396691
242484 9992734
341635 14531371
2226699 14531383
592346 18150424
580759 14396719
461711 13624523
807504 14396803
763570 14531435
750236 14396856
1590252 14531465
253972 14396899
306945 14531487
787134 14531501
587045 14531513
14339502 39079184
265483 14531549
372270 14397080
2505890 14397182
2346312 15790936
1402020 9587683
1894828 14397195
360629 14531706
274450 14531708
239751 13624597
260205 14531753
458015 14397313
2734159 14525987
354500 9993072
213393 14531804
13857238 39079185
301016 16182761
592422 14531818
810062 39079186
342650 12245708
363814 13624618
321585 14531872
2451240 14531875
255689 14531912
492447 9993225
296183 9993249
495042 9993293
305054 9993314
459364 14397611
791790 14397669
288575 14531997
306228 9587764
306038 14532029
654381 10051694
622544 14532070
331029 12427548
2260290 14532088
597716 14397854
3516602 14352314
2377223 14532127
330633 14532148
1619365 9993370
243527 9993374
771515 14397967
276112 14532175
154958 9993408
2450816 14398004
313660 14532211
419317 14532221
563092 16425977
468948 14398121
474752 12246040
10529512 13624732
2255804 14398248
691183 13624777
500477 14398288
1804122 12246166
2517741 9993508
611381 14398369
774936 14532421
2526059 13624829
383972 14532442
684703 16183136
2322636 14398422
2008307 39079187
1134291 39079188
384909 14532492
360803 14532501
630404 9587881
770888 14398566
642984 14532520
2260259 12427560
919701 14532548
679632 13624962
201227 14532589
350749 12246496
506151 14532606
687694 12246584
13671864 36455358
445468 14532682
280576 12427565
407356 14532763
2250098 14532787
1893205 14532789
709148 14532792
801850 14399002
322163 14532817
8480900 13625124
893928 14532821
2248839 14399021
549639 14399038
1900693 14532928
296051 13625158
2237286 13625167
260611 21809208
315394 13625221
2254726 14399225
1889864 17165091
911624 16426843
353333 14352416
293671 14399281
293527 21809210
284236 14399296
13672868 39079189
506454 10051833
229231 16183553
302795 13625306
1829681 13625330
2240630 16427035
674260 14681203
220987 14532992
149407 13625374
308090 10052089
272025 10052326
318788 13625413
498472 20765433
801021 9588015
689372 13625422
2293361 14399614
498600 12246835
1616506 10053331
171145 12246847
825786 14533079
4298716 14533122
3987082 18410381
1895254 13625629
274444 13625635
411360 16183988
675105 13625712
297517 14533285
359133 9588094
302428 12247051
871337 12247058
13676274 39079190
711188 14400017
3991246 39079191
628680 13625854
616255 9588134
485065 13625892
781055 39079192
226513 18623994
235195 16184278
1345097 16209317
10507136 39079193
14340331 39079194
787242 39079195
504742 12521432
358153 13626059
12173293 14400383
288547 19690819
324142 20766827
297888 13626110
147839 14400497
495020 14400500
376817 16184457
1889538 13665377
478843 14400538
228444 13626164
674394 16184567
152584 13626202
561528 16427880
675817 13626217
408396 13626221
784111 18624151
273850 13626260
619892 20767177
299383 16209447
3522683 14352526
1384468 39079196
785629 16427985
2353931 16428028
350723 14400754
666191 19690855
1727871 16209468
368020 16184728
10510040 39079197
2307378 16184797
13836613 16187332
13852072 39079198
3626421 39079199
13676906 14715900
322876 19690862
10502236 20981599
13859491 39079200
1729321 16428224
495186 9993892
1890377 9993894
734729 39079201
1752533 16428306
818267 14401068
2506467 18624407
2248361 21081882
10530291 39079202
2323861 18624414
1140496 13626560
282407 16209569
10511382 39079203
713533 14533379
2398471 9588362
1805458 14401231
572699 9993949
383403 14533403
352789 16428530
242600 14533417
13850078 13626632
800809 16428585
506424 16187373
588765 13626638
286333 16428600
575238 14533437
301042 19247252
204805 14401324
302783 14533480
457865 9994022
195623 13626714
374443 13626719
10522518 14533523
313664 12247246
3110183 16428868
1699051 39079204
13835150 39079205
12584996 39079206
1355062 39079207
22124652 39079208
15717996 39079209
13835095 39079210
2334788 39079211
15458817 39079212
13873979 39079213
10511157 32745216
3609338 39079214
13902559 39079215
13878198 27171249
3591507 39079216
14388356 39079217
21078627 35011916
14333220 35011980
13894948 39079218
15508731 39079219
749544 39079220
3991431 39079221
746954 39079222
650874 39079223
794731 39079224
13918309 39079225
13677133 39079226
10530610 39079227
728134 39079228
