2175087 10532631
532002 10532642
1397471 10532654
156843 10532691
22377612 10532702
22457648 10532709
22377983 10532711
3834434 9571183
1882714 10532714
2244387 10532715
22352741 10532718
39179152 10532739
1951298 10532828
2577983 10532843
2429378 10532858
3828797 9964350
2531282 9964368
203490 10532913
140280 10532924
146076 10532933
271394 9964396
246021 10532946
648793 10532956
586115 10532966
129643 9964398
791776 9964400
284272 10532997
611177 10020114
700800 10533020
3831337 10533026
791440 10533030
609560 10533037
125435 10533047
301247 10533057
545526 10533064
283342 10533076
546580 10533089
156851 10533101
138595 10533113
1621028 10533121
2278829 10533130
102283 10533150
1646327 10020699
808085 10533170
3795296 10533174
174162 10533177
1500610 10533181
568733 10533186
560580 10533188
277538 10533198
235189 10533219
39179153 10533230
504794 10533240
128387 10533252
198056 10533262
965212 10533272
1547445 10533284
2357026 10533301
817749 10533332
238594 10533340
3807559 10533350
445320 10533359
570186 10533367
868744 10021510
2315068 10533373
432637 10533374
632188 10533389
1718115 10533444
642211 9571860
3827192 10458070
15933079 10533460
1353377 9964648
1489116 10533520
1920198 9964723
22351931 10533625
19211990 10533645
1608273 10533655
2344787 10533661
2093467 10533668
15185281 10533709
22440801 9964879
10465834 10533729
1783759 10533732
12646832 10533749
349703 10533759
2453517 10533778
1509400 10533790
17174858 10533812
3863618 10533816
385389 10533836
19211458 9965023
22352510 10533867
3828026 10533880
22352504 9965031
652809 10458076
3802225 10533920
418352 10533942
3863615 10533963
15177935 9965226
1597341 10458077
510738 10534050
1921314 10534062
1836047 10534079
1767567 10534120
1730615 10534146
2042564 10534160
1779040 10534174
22418259 10534230
2298382 10534326
1495812 10534427
1598546 10534436
20602136 10534447
1362548 10534471
1357459 10534512
2516372 10534520
1384279 10458079
1710578 10534565
1699029 10026031
18830418 10534629
2302336 10534643
1369895 9965832
12000510 9965834
22352905 10534701
885159 10534730
525293 10534736
1440403 10534738
1566598 10534739
1988240 10534776
480534 10534814
19211901 10534960
23209604 10535064
355541 10535089
3846138 10535146
2278089 10026047
22466545 10535218
2323566 10535219
2176795 10535227
2276378 10535238
3824889 10535245
1606790 10458083
10365836 10535369
3792934 10026050
34029290 10535387
3806467 10535399
28683176 10535400
18428671 10535409
22352074 10535438
39179154 10535447
3789149 10535458
2359159 10535499
1882916 10535500
39179155 10535594
1795615 10535625
28682074 10535686
2235438 10535698
1394719 10028177
12651222 10535730
1696184 10535789
15897948 10535820
1388613 10535868
19211924 10535878
2212157 9575045
22352238 10535889
3594386 10535898
2369640 10535912
2481766 10535956
658041 10535991
2151280 10536008
22468124 10536023
2295878 10536024
1770799 10536034
1574258 10536154
2517210 9966615
15322267 10536231
20419299 10536244
18426763 10536351
2479706 10536360
22352425 10536392
1581930 9966705
21084138 10536613
522545 10536699
1563543 9966932
39179156 9966993
2000213 10536857
22382393 10030388
1350906 10536907
1370834 10536920
1733423 10536933
1488922 9576211
1385100 9576256
22468120 10458095
2095465 10458099
12007282 10537176
1511992 10537351
3862367 10537418
1387132 10537430
1963719 10537538
10408591 10537574
22440982 10030936
17169590 10537776
2007531 10537814
1472382 10031372
39179157 9967689
39179158 9967703
3842874 9967723
15009916 9967911
1444322 10538031
39179159 10538044
17171415 10538045
12002732 10538109
4511698 10538233
22351890 10538341
11889947 9968125
2552936 10538517
636177 10538577
1475309 10538589
3860878 10538603
1399144 10538615
1314305 10538655
23929493 10538685
39179160 10538832
785873 10538899
1585314 10458130
10465895 10538923
517808 10538981
2082284 10539046
3853902 10539057
2295690 10539083
483024 10539241
1285519 10539247
1367396 10539257
281436 10032951
3762295 10539451
1626038 10032952
3568118 10539638
4523709 10539651
18604840 10539681
613587 10539700
164396 9969208
2492173 9969245
12166183 10539791
23209603 10539834
10373260 9969328
1371711 10539894
18485512 10539910
3314270 10539920
1575143 10540006
22447747 10032969
1839474 9969569
12637893 10540082
2521389 10032976
3866775 10540137
2518041 10540157
1936319 10540262
7748611 10540377
3807532 10540385
1473916 10540425
492878 10540471
2443265 10540485
22383129 10540500
2077770 10540505
18827219 9970069
1990477 9970071
1937584 10540594
1389560 10540598
2201392 9970168
2180750 9970191
11889931 9970222
1190771 9970272
238386 9970394
2040138 9970423
342728 10540713
2288959 9970471
126432 10540755
20560311 10540764
1579216 10540774
22367136 10540813
435495 10540827
39179161 10540890
1745581 10540901
290870 10540913
1010739 10540917
246347 10540928
3862966 10540934
18439006 10540943
3832738 10540944
14923820 10540985
1827018 10540996
12065513 10541021
1623589 10541072
1532122 10541129
1531988 10033011
1532120 10541151
22399857 10541159
12627318 10541168
1654429 10541203
1501323 10541216
1537510 10541226
1710028 10541256
2279070 10541269
1739426 10541298
1756668 10541314
1469284 9580670
39179162 10541380
12626924 10541400
22451630 10541410
150903 10541420
39179163 10541440
1009357 10541465
23209675 10541468
3868875 10541474
2334506 10541487
12668544 10541490
1567747 10541499
1954004 10541500
1563404 10541502
3583960 10541505
197936 10541507
1551025 10541511
581839 10541512
2020522 10541513
3646457 10541520
1568468 9971557
1844405 10541522
320499 10541524
1478460 9971559
160243 10541535
21176798 9971565
1401456 10541608
2245085 10541630
2088923 10541697
2169861 10541709
2315008 10458157
22352170 10541774
3787279 10541795
1516247 10458158
22423776 10541867
449977 10541892
22461434 10541905
570445 10541932
23932823 10541944
22352620 10541959
1359046 10541995
999786 10541999
677569 10542000
1608245 10458161
1618800 10542002
12658943 12183993
521100 10458163
3789655 10542012
1591451 9972607
1500184 9972613
242234 9972623
622972 10542015
1000988 10542016
596088 9972627
401799 10458165
22473657 10542018
2508361 10542019
387636 10542020
155491 10542021
166535 10542022
10152565 9972699
1495688 10542023
131054 10458168
2341609 9972711
1348875 10542026
12185059 10542027
12183680 10542028
22425350 10542029
701941 10542030
174748 10542032
275362 9972842
1732341 10542033
3828020 10542034
22375016 10542035
429900 10542036
606955 10542038
440229 10542039
1945428 10542040
1344082 10542041
404534 10542043
245837 10590747
544672 10458169
1540361 10542045
1405437 10542046
1848134 10542047
2203553 10542048
2277491 10542050
2429873 10542051
481272 10542052
2297835 10542053
796568 10542054
401511 10542055
2144606 10542057
251702 10542059
308432 10542060
1800485 10542064
3861496 10542066
16859465 10542068
2502562 10542069
2318188 10542071
2197027 10542072
329548 10542079
919772 10542084
2577427 10542085
2083558 10542088
2230668 10542093
755640 10542096
2127044 9581322
350591 10542098
469135 10542099
2128938 10542102
1609534 10542103
2093152 10542105
2417526 10542106
250377 10542107
1384275 10542108
3865591 10542111
2120858 10542116
2144815 10542118
2134693 10542120
2209037 10542123
2350613 10542124
446435 10542126
399777 10542127
1642941 10542128
1812333 10542129
12700456 10542131
11884616 10542133
3834518 9581413
238534 9581415
1519723 10542135
3863105 10542136
148539 10542137
3797933 10542141
1507470 10542142
1510994 10542143
1818080 10542146
2261193 9974614
16419299 10542148
3869271 9974681
612706 10542149
148839 10542151
2435393 9974806
3859865 10542152
700962 10542157
39179164 10458182
22367274 10542167
3880422 10542168
12627638 10542170
12646825 10542176
12647922 10542178
39179165 10542181
568529 10542182
3852691 10542184
1387646 10542186
2423930 10542194
12632398 10542195
1344061 10542196
1788711 10542197
2276736 10542199
2462202 10542200
1700547 10542202
236914 10542203
14990729 10542204
3795368 10542206
246563 10542207
2231868 10542208
1610678 10542210
3849893 10542211
244133 10542212
12634435 10542213
3839594 10542215
39179166 10542217
39179167 10542220
521768 10037682
3859852 10542224
23209682 10542229
1563824 10542230
365446 10542231
1285488 10542232
3849576 10542233
2207415 10542234
3834576 10542235
21170286 10542237
651227 10542238
2216840 10542239
1541715 10542241
162171 10542243
227782 10542245
350051 10542246
241860 10542247
1612960 10542248
1534602 10542249
184395 10542251
1013347 10542252
268660 10542253
335972 10542256
2534278 10542258
2226514 10542259
12649094 10037691
2284604 10542260
2031376 10037692
2198084 10542261
164864 10542262
1379333 10542263
150449 10542264
1559741 10542265
2501578 10458192
2474511 10542266
719259 10542267
2214072 10542268
129475 10851946
524163 10542269
236902 10542270
3719042 10542271
23175664 10037696
579785 10542272
3788767 10542273
39179168 10542274
3873772 10542275
1578641 10542276
2496593 10542277
3859555 10542278
393439 10542279
1954965 10542280
1524733 10542283
3470222 10542284
1940149 10542285
809551 10542286
728715 10542287
1699130 10542288
3791861 9977294
16808907 10542291
152486 10542296
23209694 10542297
1840709 10542303
3787930 10542304
16418555 10542305
1479850 10542306
3800128 10542312
14634533 10542313
168632 10542322
12629444 10542324
10449308 10542326
2533479 10542327
1462288 10542330
2098630 10542331
1392405 10542332
232437 10542333
3859795 10542335
39179169 10542336
403795 10542338
3839522 9581934
2058386 10542339
2046599 10542340
3798998 10542341
735289 10542342
2256295 10542343
999877 10542344
1451090 10542345
216834 10542346
1582049 10542348
917222 10542350
3557332 10542352
1814820 10542353
241858 10542358
17168774 10542359
4020390 10542360
2313400 10542361
4033704 10542362
1344897 10542365
2239580 10542366
546886 10542367
2261781 10542368
4351363 10542371
1549742 9979197
205748 10542372
309311 10542373
3857241 10542375
376001 10542376
1918073 10458202
286551 10542389
1410314 10542393
2294098 10542394
2229817 10542395
1592736 10542397
235181 10542399
2341119 9582094
1506090 10542400
1419710 10542402
1519848 9582114
1611729 10542403
1554691 10542404
330138 10542405
808565 10542406
656522 10542410
214346 10542411
533345 10542413
85248 10542414
545460 10542416
22407593 10542417
1010791 10542418
1561657 10542420
691427 10542421
3830163 10542422
1430071 10542423
1624553 10542424
21177818 10542425
1602759 10542427
547368 10542428
492547 10542429
2297988 10542430
2352080 10542431
1512024 10542432
266741 10542433
2223027 10542434
225545 10542435
3828886 10542436
520698 10542438
378721 10542439
602459 10542440
1510238 10542441
2350777 10542444
1407884 10542445
21192131 10542446
318868 10542447
2318134 10542448
1357259 9980753
29522130 9980757
1593670 10542449
1014627 9980789
268730 10542451
243865 10542452
1853761 10542453
1584493 10542457
1487113 10542459
2145688 10542460
22467138 10542463
3804680 10542466
1629074 10542467
2262610 10542468
21183444 10542469
21171488 10542470
22356718 10542472
1533240 10542473
3830792 10542474
2461416 10542476
3650760 10542479
3792722 10542480
3785130 10542481
1592954 10542482
227316 10542483
229093 10542485
39179170 10542486
12000793 10542487
400854 10542488
2144764 10542491
2433658 10542492
1915409 10542493
2295396 10542495
1998839 10542496
2357475 10542498
2319018 10542499
39179171 10542501
2277718 10542502
1723601 10542503
770191 10542504
258464 9981119
818950 10542505
4530945 10542506
3789365 9981123
1351660 10542510
2420046 10542511
534825 9981141
22377845 10542512
700688 10542513
2295029 10542514
2085094 10542515
1700532 10542516
2167937 10542517
776203 10542518
1379582 10542520
1559474 9981205
645816 10542522
22367284 10542526
135388 10542531
499413 10542532
89240 10542533
584261 10542534
689602 10542536
131868 10542537
424370 10542538
233947 10542539
266731 10542540
1594285 10542542
23209671 10542544
492515 10542550
2125941 10542551
328916 10542553
1729729 10542554
2035900 10542555
10368547 10542556
601918 10542557
1787256 10542558
705070 10542559
378725 10542561
386888 10542562
1862087 10542564
1314224 9981550
1364988 10542574
1011814 10542576
557429 10542578
2523583 10542580
2288528 10542585
1590948 10542586
1501325 10542587
2238551 10542588
2360174 9981633
1353913 10037803
502407 10542591
3832120 10542592
594586 10542593
1464234 10542594
1838722 10542596
2297065 10542597
1593486 10542598
1712331 10542599
107453 10542600
638553 10037805
1524323 10542601
705776 10542604
1565172 10542606
1718071 10542608
2218647 10542609
39179172 10852002
1992709 10542613
22376819 10542616
22415030 10852003
1915201 9982034
12632202 10542618
36728694 10542624
523797 10542627
39179173 10542630
2575262 10459637
39179174 10542645
388520 10542646
881807 10542647
27574058 10542650
19708133 10542652
39179175 10542655
39179176 10542669
2442590 10542676
487415 10542678
2495813 9583070
1283869 10542679
22368342 10542682
15936769 10542684
102053 10542686
3826955 10542697
39179177 10542701
385976 10542703
1702772 10542705
17175877 10542706
1710404 10542707
3542741 10542709
255347 10542710
2297727 10542712
1340921 10542713
1395398 10542714
22423250 10542715
530920 10542716
607588 10542718
23929432 10542719
2493013 10542721
447572 10542722
2076601 10542724
1741971 9583258
3633746 10542725
2470316 10542726
1671209 10542727
425457 10542728
2050844 10542734
22376101 10542735
245071 10542737
179796 10542738
2159563 10542739
205842 10542740
22451663 10542741
1597238 10542746
1804609 10542749
1592458 10542751
772042 10542752
1465666 10542755
604655 10542758
18507000 10542759
2166782 10542761
1005588 10542762
957882 10542768
1356388 10542769
1553596 10542770
19892637 9583453
2318461 10542778
2176538 10542779
440829 10542780
149663 10542781
39179178 9983243
3863315 10542782
1953797 10542784
39179179 10542785
1823077 10542788
2254484 10542794
3793661 10542797
8431506 10542798
8498488 10542799
1559920 10542800
20932909 10542801
4496198 10542803
1166831 10542804
3820635 10542805
2317087 10542810
2151403 10542811
2525806 10542812
2411116 10542813
186330 10542814
1823451 10542815
1618969 10542817
1352699 10542818
22450834 10542823
21183698 10542825
1334885 10542826
1333142 10852005
2479937 9583754
2241091 10542835
1286907 10542837
3491615 10542840
741291 10542841
1719827 10542842
493980 10542844
39179180 10542845
234817 10542852
492786 10542853
2537533 9583833
22418547 10542854
2233251 10542857
1852646 10852006
2171785 10542858
1801948 10542860
607220 10542861
642888 10542865
1583167 10542867
22451421 10542873
1764480 10542874
22452855 10542878
652033 10542879
1939843 10542880
3790212 10542881
4363368 10542882
2211794 10542885
1500435 10542886
3834241 10542888
3792691 10542889
17166084 10542894
3874910 10542895
3859508 10542896
743802 10542899
1543791 9583969
22389155 10542901
401775 10542902
401647 10542903
22464450 10542904
19672704 10542905
2320335 10542907
1576384 10542908
329178 10542912
2277510 10542913
1974352 10542914
707808 10542916
2235897 10542917
1635985 10542918
1933048 10460489
2342266 9983318
2163932 10542919
945384 10542920
3838303 10542921
354033 10542922
16287368 9584090
1803825 9983320
2494211 10542924
2533698 10542925
39179181 9983322
706040 10542926
22422406 10542928
10884157 10542929
39179182 10542931
1964830 10542932
445484 10542934
3866154 10542935
250714 9983324
288353 9983326
1747692 10542937
1591464 10542942
1661414 10542944
3599960 10542946
342175 10542947
22433299 10542949
388244 10542950
21191941 10542954
16308497 10542960
23960773 10542961
3840099 10542962
22441892 10542967
21185380 10542970
15968308 9983334
39179183 10542978
621527 10542979
725713 9983336
214510 10542980
172663 10542981
17169481 10542983
39179184 9983338
1627185 9983342
2134291 10542987
3864991 10542988
2345286 10542993
313881 10543005
3853806 10543006
3833733 10543011
10408563 10543012
685941 10590821
12640507 10037935
23175682 10543017
548701 10543019
1805327 10543022
4013027 10543027
1876390 10543028
16304807 10543030
1594140 10543031
731942 10543033
39179185 10543034
1439615 10543037
172908 10037942
2222953 10543045
2244587 10543046
585834 10543047
10424222 10543048
256589 10543049
18439193 10543050
368034 10543052
39179186 10543054
1319104 10460717
39179187 10543056
3835250 10543059
242244 10543061
1800238 10543062
12638913 10543064
15322415 10543066
39179188 10543067
22352411 9983363
1537134 10543068
22439905 10543069
2296351 10543071
3703375 10543072
525739 10543074
2297443 9584199
2369061 10543078
363283 10543080
1538385 10543082
12660271 10543088
12637461 10543094
1882933 10543096
1367904 10590838
18435396 9584210
1574261 10543100
12679014 10543105
22404097 10543110
3840946 10543114
2246323 10543115
3869067 10543117
1944634 10543118
2312108 10543119
1410300 10543121
2414038 10543123
400461 10543125
39179189 10543126
1697600 10543132
1735056 10543135
1710139 10543136
2274484 10543137
1710137 10543138
12653929 10543140
20464406 10543141
3849900 10543143
1620484 10590845
12638623 10543145
17175450 10460840
16016365 10543150
18501984 10543151
39179190 10543153
3815175 10543169
1607933 10543176
333078 10543184
22410531 10543186
1590967 10543187
1836990 10543190
1450421 10543191
2417801 10543198
1438825 10543201
8410159 10543213
3862452 10543218
8379185 10543219
3864908 10543220
910867 10543223
18829213 10543239
910864 10543240
2463275 10543243
2268960 10543244
3864995 10543245
533469 10543248
8441304 10543251
21797645 10543252
1359603 10543258
416434 10543260
14793065 10543264
440831 10543266
1444238 10543267
3864792 10543292
3865789 10543295
275794 10543299
16305542 10543300
2348192 9584342
16314106 10543304
3863113 10543314
39179191 10543316
443726 10543339
11852209 10543343
1726114 10543354
1322311 10543365
22377739 9584410
3444805 10543371
1474574 10543380
4851226 9584438
3815210 10853188
16303238 10543396
22410498 10543397
3862855 10543406
16388936 10543407
15311856 10543410
39179192 10543412
2230057 10543416
16387376 9984137
14783575 10543417
1632765 10460981
1555394 10543422
15313027 10543426
22453251 10543428
518401 10543431
1484075 10543434
3831539 10543435
12653695 10543438
39179193 10543450
1944949 10543459
1629309 10543480
23922271 10543481
2172429 10543482
22467359 10543486
39179194 10543487
39179195 10543491
873751 10543494
3865057 10543495
269369 10543497
39179196 10543498
699924 10543499
2080248 10543500
1838009 10543501
18506995 10543502
1928517 9584541
12680449 10543503
22467278 10543506
2001941 10543508
1372554 10543510
2240002 10543513
22409830 10543518
22406387 10543519
705068 10543521
1600682 10041730
22351818 10041733
2060436 10543525
39179197 10543526
1502460 10543528
2207630 10041740
21170491 10543533
21172029 10543534
2345792 10543541
2279677 10041745
22458333 10543544
39179198 10543545
2044757 10543546
3834705 10543552
235117 10543554
594932 10543555
39179199 10543557
12674424 10543560
1011635 10543564
22376757 10543573
155070 10543577
22352742 9584616
1574861 10543590
22352743 10543594
21185073 10543596
22347913 10543599
3798137 10543600
1552058 10543601
39179200 10543604
1431486 10543608
1419625 10543611
39179201 10543615
3843613 10543616
39179202 10543617
3853676 10543618
1698749 10543619
22354296 10543620
1501653 10543622
1607175 10543623
39179203 10543626
39179204 10543627
3628033 10543629
19057726 10543633
1383903 10543636
1942136 10543638
1474182 10543650
1500545 10543651
22397146 10543654
1502412 10543667
21180256 10543669
3839659 10543672
1611208 10543704
3862894 10543707
1555721 10543712
1754745 10543714
2463150 10543718
221863 10543719
1632363 10041800
22352745 10543729
1616435 10543732
19211430 10461070
1392863 10543784
39179205 10543821
15897670 10461090
17170901 10543852
2337567 10543888
39179206 10543914
540650 10543937
18834409 10461107
16407180 10543960
10283158 10543982
22444164 10543993
1483067 10544016
13823122 10544024
3696547 10544040
366637 10544050
39179207 10544058
39179208 10544092
519135 10544121
1376764 10544248
8423817 10461168
19025755 10461173
1543787 10544299
725835 10045170
1508371 10461185
1597483 10461186
39179209 10544404
1801535 10544413
1577196 10544467
222685 10544491
1570316 10544502
488055 10544512
1468054 10544545
1468992 10544557
16853950 10544578
1444290 10544584
2188662 10544587
1526255 10544589
2537579 10544592
13824198 10544593
13822082 10544594
22476877 9988176
1592598 10544597
1360589 10544599
433145 10544601
18604130 10544603
180089 10461241
1561760 10544606
1538595 10544609
4908734 10544610
1670502 10544611
12625654 10544612
1384544 10544613
415670 10544614
1009542 10544615
2195508 10544617
12631835 10544620
544091 10544622
137995 10461257
3282565 10544655
1962223 10544678
277438 10544688
1396705 10544699
1426070 10544710
1366062 10544738
1710085 10544747
223263 10544754
189596 10544766
1497013 10461347
2279404 10544813
661036 10544814
12632270 10544849
22352900 10544926
1567725 10461400
12637982 9586486
39179210 9586499
2505460 9586528
1631880 9990143
39179211 9990456
12674440 10545112
12675409 9990582
1353549 9990639
1287348 10545216
12768083 10545226
2368614 10545235
4536382 10545258
11854762 10545269
294461 10461554
2434762 10545300
39179212 10461557
233478 10461569
1629524 10545351
1468280 10048392
3829602 9586837
39179213 10545377
39179214 10545397
3866631 10545426
1537742 10545459
18492690 10545482
10314981 10545493
208516 10545501
2415770 10545537
39179215 9587054
39179216 10545612
1596649 10048480
2181570 10858306
1895842 10545781
1531374 10461629
1913592 10545810
1357834 10858307
3861664 9991808
12632359 10461640
4523716 9991957
18505928 9992001
1483532 10545933
1638435 9992076
1382675 10546043
13819891 10461695
1297432 10546088
13823881 9992439
1403051 9992473
283630 10546150
13819456 9992527
2256861 10546159
636132 10546229
4475908 10546240
710581 10546252
3865313 9992716
22415000 9992718
18595187 9992742
526679 9992892
12740612 10461800
1577188 10546475
18509682 10546500
10211673 10546525
10206977 10546538
39179217 10546548
12652347 10546559
12637631 10546585
1511941 9587823
22408304 10546596
22420766 10546641
39179218 10546655
1391926 10461839
642764 10546699
18492681 10546718
4286062 10546738
4284314 10546749
12652251 10546758
404436 10546831
14628159 10546839
2281681 10461846
39179219 10546911
13821032 10546935
14677713 10546954
1383826 10461859
17167756 10547020
1709797 10547041
732286 10547052
19211598 10547063
39179220 10461876
22352147 10547115
1396725 10547127
518480 10547170
3851046 10547245
39179221 10547246
4788290 10547258
22367257 10547292
1363386 10547313
518472 10547354
1389956 10547387
22383296 10547397
1724620 10547418
2431095 10547428
1801556 10054472
510550 10547461
826939 10547491
716244 10547524
183740 10547569
1746935 10547626
1941706 10547661
1402973 10547685
3842533 10547717
300162 10547788
1472181 10461954
1541332 10461959
2535498 10461961
1736267 10461966
1823044 10547923
1347496 10547952
241457 10547983
22369303 10462024
1819455 10548003
1748190 9588794
1357457 10548081
491029 10548103
1526178 10462046
2466183 10548124
2431314 10548134
355978 10548162
524123 9588949
1530933 10548196
1614025 10548206
1612903 10548226
1808296 10548248
2575142 10548258
1506639 10548268
12627440 10548279
632367 10548293
1557425 10548302
156671 10548311
1656553 10548319
280536 10548328
22352480 10548335
3850997 10548356
1785406 9995680
166643 10548391
612376 9995821
2051858 10548406
2198541 9995880
2315471 10548427
2047096 10548437
2040255 10548444
2118560 10548467
156721 10548475
2536512 10548485
2537629 10548494
2468613 10548516
891991 10548523
2359157 10548528
316554 10462113
898103 9996262
1123351 9996276
2425472 10548620
2295144 10548621
966308 10548631
1698458 10548642
1377965 10057060
1819606 10548668
152005 10548677
1622091 10548688
1983497 10548698
10307490 10548707
89892 10548708
1658895 10548717
283002 10548726
419478 10548737
1369762 10548746
17172714 10548754
434043 10548763
222611 10548773
23175714 10548784
2502187 10548787
1329903 10548797
761910 10548808
453141 10462150
481950 10548843
418176 10057067
2314048 10548873
1368747 10462151
210204 10548883
10883035 10548909
18508348 10100971
10282980 10104720
22417137 10462158
22346476 10462162
22352540 10548997
738961 10549004
16936926 10549013
22381320 10549022
18445099 10549088
39179222 10462199
22352134 10549136
15897483 10549144
744094 10549197
1608678 10549204
1698698 10549260
3107289 10462273
1577589 9997525
1338799 10549437
2297933 9997786
12679069 10549503
39179223 10549532
22352901 10549548
1557302 10549651
