12013148 9964039
12014432 14312265
11801461 16414948
2659401 14312267
82504 17412330
12016003 14353380
12015226 14353382
14838845 9571052
12014830 16811200
12014831 16414949
12014696 17412343
12012304 17412345
3935385 17412350
2732468 20617929
12013392 17412353
12014418 16203389
12014578 9571058
12016297 16414956
33468618 20837630
12014695 14353414
12017428 14353415
12014975 16811223
12013617 19688703
12017289 20617981
3936506 19300918
12013533 20837952
14611102 19086655
12017557 19235862
12017511 13615823
14838143 19235867
14838145 14353448
12016625 20838014
14838663 16811230
14838396 19235868
12018416 9571072
12015387 19235870
12015444 16414973
12017571 16020626
12014918 19235879
12014741 16811233
12012859 14353467
12015148 13615841
12015224 20838383
12013158 16203398
12015994 20618130
12013891 20838577
12017334 19235901
12014903 19300921
12018640 9571096
12018389 14353499
12018601 13615857
12016135 9571100
12018144 20838605
12017735 16811243
12016146 19235905
12013324 14353512
12017058 16020696
12017166 14312277
39196507 16415008
3945518 14353520
12013208 20618231
2735633 14353531
12014501 16415021
12013166 20839173
12014603 13615890
14838572 20618256
12012137 13615900
12014822 13615902
12016812 20839391
12013536 9571126
12016127 20618311
12016500 16415047
12018091 16020777
12018331 13615920
12018014 16415101
12014586 13656295
12017593 9571180
12013530 14353637
12013701 13615954
2746418 16020880
12013546 20002824
3925766 16020888
3945086 14353656
12016292 20841371
12014666 10884435
12017193 16203424
12017631 14353672
12016255 16020907
3954745 16020922
12018131 20841652
12016176 20841661
12014870 16415226
39196508 14353742
12017330 14312301
12015449 10884468
12014616 13616005
12015959 16415278
12018231 10884479
12018489 13656322
12015961 16415280
12015373 20618600
12015089 9964130
12014609 13616017
1830095 9964134
14838886 13616021
12017689 20841979
12014630 16203448
14839054 9964160
12017203 13818143
14839050 20841988
12016607 9571302
12017264 20841989
12018770 16415305
12017938 14353803
12017625 16415318
12012466 14353806
12018098 14353812
12016076 20842034
12015076 16203464
12012469 16172053
39196509 14353868
12013010 19236013
12012903 19086735
12016680 19086736
14838805 14353869
12014823 16415391
14838412 16415394
12011784 13656337
12011963 20842144
14839152 14353941
4923501 14353949
12017985 20842359
12017075 13656346
1063973 19236049
12014450 19236054
3905306 14354010
12013547 14354022
12014884 20842442
12013768 13616202
12013566 14312373
17208188 16021634
12013531 9964332
39196510 16811301
14838409 9964360
3893460 14354043
12013949 14354045
12012805 14354051
12014553 20842475
12013747 20842478
18265786 14354090
12017315 13656357
12015374 14312384
12013543 13616221
14838915 13616223
12016461 14354099
12017172 19236070
12014726 16415641
12015413 16415642
14838586 9964388
75987 9964390
12018654 9964392
12017541 14354106
12016543 16415649
14838302 14354112
12015151 16415651
19991135 12900024
12014447 14312390
12017360 16021933
39191252 13616243
12015415 16021966
12016353 16415666
14838598 16415667
12014442 14354149
17199704 19688791
39196511 16022055
12014973 19236098
14815005 14354181
12015950 18400605
12015370 20842619
39196512 13616282
12016603 13616284
12018001 16022130
12017169 16022156
12017094 16022465
12013756 19236122
12014967 14354446
12016478 10884693
12013938 14354467
12018201 14354474
14838025 17870212
14839105 19236127
12015955 9964423
12017412 19126653
12015307 14354505
12015190 14354512
12016610 14354515
12013297 19086828
14571634 14354534
12017973 14312438
12013646 14354539
14838736 14354552
12017505 16022626
12014479 14312440
12012290 13616382
36062213 14354595
12016008 16022674
12014983 18400618
12014628 16415852
12018433 14354611
12013771 13656391
12013764 14354625
12017591 17870244
12015473 17870245
12015088 14354639
12015924 13616390
77925 14354664
39196513 14354667
12014965 16022706
5189075 14354672
12017771 14354684
12015302 14354692
12014468 14354695
12015083 13616398
12013177 20843116
12014663 14354714
12018585 16022886
12018477 19236161
12016327 16415964
12015103 16415982
12014536 20843245
12015157 12515791
12014436 14354963
12018036 14312472
12015061 13616446
3911414 19236173
12012500 13656417
12016488 16023321
12016285 16023340
12016418 19300984
3957164 18400627
14559429 16023385
12016140 13616470
12014445 16023411
12013570 16023413
12015283 14355068
12015210 13616475
12017284 16023419
12012835 13656423
3911885 19086860
33469762 19086862
12016434 13616483
12014866 18400633
12012996 13656425
12012284 19300988
12012382 20843450
12016251 20843455
12016764 20843456
12017173 16023465
14617797 19561426
14838667 19300989
12018164 16023475
12018421 16023477
14838756 16023481
12015291 16023483
12016136 16023485
3904018 16023487
12015121 20843463
12017287 14312484
12015355 19236202
12015419 13616489
12014799 16023555
12018081 16023560
39196514 20843538
12016318 14355143
12016317 14355145
14838048 13616492
12018070 16023709
14814978 16023711
12013347 19300995
12018633 19126707
14838763 16023944
12015424 9571677
16005528 20002912
12018015 16024026
12013901 14355355
12014786 16024337
12014714 21156950
19991057 22489741
12015396 16024423
12017977 22480826
12017562 19301016
3900591 21803550
12017481 19086888
12012811 21803553
14838691 14355422
12016693 14355434
12013749 16024582
12013568 13656540
12016551 13656542
12018198 24367407
39196515 12984226
12017389 16024660
12015169 21803564
12015376 13656569
12018049 12520568
12015409 14355505
12015280 20990398
22126746 16024759
12015965 16024769
12017484 22585082
17208195 13616666
19991231 12988911
12017341 19236296
12017633 13616673
12013535 16024846
12014554 19236297
12015069 9571754
12014627 14312726
12015909 13616720
12013741 14312828
12015360 19236307
12013742 17898079
12014469 9571781
12014589 19236310
12013028 14355618
12015197 14355619
12014859 13616750
1937228 14312929
12013264 14313074
12014821 14313088
12014144 13616798
20096762 14313143
11801513 14313150
12012635 13616829
1821420 14313184
12016530 13616838
2749720 14313205
78669 16025293
12012804 14313216
11803023 14313217
11803023 16025315
3914904 19236324
2664531 14313263
12017392 14313265
1943209 14313273
11804405 16025355
2696731 14313274
12014862 16025367
12012904 21156961
12012869 13616874
2749648 14313346
3897254 14313435
30818635 14313437
2694328 13656680
81317 12213686
3966580 14313458
12012502 14313473
12012610 12213724
12014610 14313507
2660516 16025626
12016211 14313510
14838841 14313511
12015306 14313512
12013652 16025652
12016420 14355813
3984555 22585148
12016661 16025662
12013437 14355818
14838702 14355819
79300 23209724
14838703 22702732
12014466 13656690
12015953 14355821
12013653 13656691
12012086 14355822
12013433 16203782
12014622 16025667
19991088 16025669
12013906 14355823
12014482 13616930
19991074 10884763
12014748 10884767
12014624 10884769
12014621 10884771
19991371 10884788
12013650 13616933
12015188 19561456
39196516 14313518
39196517 22585152
39196518 14688230
12013905 14313519
39196519 21030510
12013882 14313520
14838312 14313523
12015295 14355826
12014980 14313524
14814919 14313526
12014878 14313528
12016004 14313529
12015196 19236351
12014623 22702733
12013651 22585153
12014625 19301041
12015995 24357697
14838844 16025683
19990883 14313532
19990890 14313533
12016430 14313534
15810814 14355831
2616847 22585154
77753 16025693
12015996 19561457
12016218 16025696
19990802 16025699
19991345 22585155
19991338 16025702
12013591 14313538
14838814 16025704
19990814 13656693
19990847 9571907
19990843 9571908
19990833 14313541
19991326 16025712
19991308 12420710
19991313 14313542
19991324 16025716
19990845 16025718
19990836 14313544
19990818 14313545
19990796 14313547
19990781 14355836
19990779 9571911
19990777 13616936
19990793 13616937
19990785 16025726
19990789 19301042
19990791 13656694
19991334 19230222
19991341 10884793
19990849 10884795
19990826 10884797
19990831 10884799
19990800 10884801
19990804 14313550
12014985 23209726
1287201 14313551
4517451 14313552
76328 14313553
81496 14313554
4520438 9571913
12016100 19561458
12013436 16025748
19991234 14313574
2698447 13818178
12016819 16025752
12015079 14313575
3901522 14688238
12012997 16025758
12015304 14313581
12015081 9571917
12013435 14313585
12012817 14688244
12014865 22585159
12016271 18146960
14839123 13656698
77957 19561459
12016149 14520593
12016151 21156967
12016150 20990425
12015183 14313632
12015170 13616948
12013845 14313633
12013918 14313634
12012517 14313642
12014851 14313644
12013603 16025831
3957799 14313648
12013466 14313650
12015341 13656706
12012073 14355848
3956795 18146961
39188997 16025853
12012195 20933922
12012520 16025859
12012407 16025861
12017165 13656708
2680251 16025880
12016507 19086935
12012456 14313680
12011992 14313682
12013192 14313687
12012224 13616950
12013219 13616951
12013789 13656717
14814973 16025940
12011978 22585167
12013601 13656721
12012511 14313720
12012457 14355870
14839150 22481015
14838448 19086938
2716243 16025990
12013374 12520573
12015115 14313760
14815022 22585170
12012943 14313777
14839092 16026060
12015065 14313800
12014718 14313842
14838863 19236377
12014951 13616983
12012924 14313888
39196520 14355956
3966674 16026314
12013593 20990443
2743386 24357718
12013394 14314069
14838040 13656775
14838039 14355964
12013012 14355965
2746850 14314096
12013025 9571973
12010008 13656790
12012999 19236403
39196521 14356019
12013470 22585211
12013607 22585212
12014453 13656815
12012630 14314227
12013129 14314229
12013757 19126797
12012857 21156976
12012339 22585214
12013441 16026564
12014801 22585215
33770035 19236408
39196522 22585216
12015136 22585217
2591558 16026572
12013171 14356028
39196523 16026575
12013699 14356030
12016272 13617053
14838624 13656825
2618754 13656827
12015100 13656849
12012967 19236418
3957157 20990458
12013308 22585240
12015389 19236425
12014987 14314345
12014459 13656876
12013654 20935018
3896432 9964820
12013640 13678704
3934750 11811363
3901328 14314362
3928872 19301069
12016698 16026807
12016496 13617075
12013848 14314370
3895316 19301070
12016432 23209758
14814961 19086971
3882755 13617086
12017189 22585260
12018203 24357739
12016769 21030532
12016293 19126806
14814984 9572033
12017623 21156978
12013487 16026971
12014834 16026992
76332 20933926
12014968 22585275
12013886 16027082
12013292 16027087
12013561 12520601
12013865 16027095
12016760 9964834
12013213 22585284
12013293 9964871
12014939 16027157
12013214 14356147
3934580 14356150
12015174 16027339
12015172 19561482
3938381 13617137
14563670 9964952
3896203 13617185
12016373 16027566
14838632 16027617
12013423 16027624
12014837 16027630
12017483 13617194
14838652 14356244
18037488 13617201
12017731 22585352
12016582 16027747
12017488 16027769
12017065 16027775
12015345 20933930
14838650 20990494
12016263 21156992
12014761 19236528
12017913 20935058
2628298 22585353
14571807 19236536
12015311 19236537
12016761 18396949
12016319 20619380
12016703 22585360
2662147 18396955
39196524 9572086
39196525 20619526
12017100 20619533
12017762 16028039
12016792 14356310
12017616 13617211
39196526 16028067
39196527 16028069
39196528 16028076
39196529 19301109
39196530 16028078
39196531 20990498
39196532 20619625
39196533 19236575
39196534 14356311
18251542 20619628
12012400 14356313
12015346 20619657
12012527 20619659
18045191 22702812
12013666 18396963
12013198 21156995
12013915 19236584
12015484 9572101
12016362 22702816
12012481 19301113
39196535 9572106
39196536 19087015
39196537 20990500
12014873 13657009
14838449 22585384
12017422 23209848
39196538 19236601
39196539 14356327
17199796 19236603
12016749 22585385
2705389 16028154
12018466 13657021
39196540 19236604
39196541 16028157
39196542 22585386
12012208 9572119
17222475 16028168
12017283 20619699
39196543 16028175
39196544 20619704
20071947 13657026
39196545 18396964
39196546 19236606
39196547 20619715
39196548 20619721
39196549 20619723
39196550 19236607
39196551 13617221
12017091 13617222
12016427 13617223
39196552 20619769
3909164 20619780
12016091 14356341
14838398 20619783
12017763 13678713
12016037 21803584
14838181 27685491
12016746 13657032
12014875 20619792
39196553 9572126
12017414 20619795
12016479 14314409
3896435 22585387
14838686 9572127
14838199 16203939
18244679 14314416
12014452 14314424
39196554 9572132
39196555 14314427
39196556 14314438
39196557 14314450
79136 14314452
3901749 20619860
12017919 16203942
39196558 20990504
39196559 20990505
2740061 20619875
39196560 14314464
14573376 20935070
39196561 16203949
39196562 20619915
12013228 13113184
12012021 19236628
14815039 13113625
17199794 9572157
39196563 14314493
12013024 14314498
12018455 13114421
39196564 20619965
39196565 14314514
39196566 14314520
39196567 14314533
12013006 20619985
39196568 14314553
2676617 14314558
12013660 14314559
39196569 20620027
19991051 13116074
39196570 9965037
12017174 14314584
12017178 9965051
12013201 13116631
12016618 14356398
14838217 14356400
12014945 18396970
14838214 14356403
39196571 22585395
39196572 20620066
39196573 16028303
39196574 13657060
12018120 13117516
17199792 9572176
39196575 14314590
39196576 16028317
39196577 16028319
39196578 14314593
12012029 16028324
12012324 16028334
39196579 13657063
39196580 14314597
39196581 13657064
39196582 14314601
19991248 13118285
39196583 21803594
39196584 9572177
39196585 14314604
39196586 12213840
39196587 16028352
19990763 13118904
39196588 14356417
39196589 14314621
39196590 14356418
39196591 16028359
39196592 16028361
39196593 12213850
39196594 14314623
39196595 14314626
39196596 19301125
39196597 13657066
39196598 14356420
17221036 12213854
39196599 13617239
19991274 13119634
39196600 13617241
12012921 12213859
39196601 13657070
12012987 16028371
39196602 16028374
39196603 16028384
39196604 20620180
39196605 19087033
39196606 19561498
12012798 13617245
14838213 22585397
12013552 16028402
14838429 19236644
39191085 13657071
14598738 12213877
12014746 12213879
12012816 13121770
39196607 14356432
12013859 21803600
14606790 22585402
14838210 14356442
12015377 14356443
14838166 21157004
12012468 13617253
12013349 21803602
39196608 16028440
39196609 14356449
39196610 21803604
12012093 14314657
12012633 12213907
12012186 23200185
12015461 22585407
12014430 14356454
14838178 9965086
12017015 13124824
39196611 9965088
39196612 9965094
39196613 9965096
12679290 18396976
1093295 13125415
10456390 13125677
12014712 16028474
12015453 9572210
12016336 14314671
12015155 19236666
39196614 13617255
39196615 19126871
12012214 23200221
39196616 14356467
39196617 14356468
39196618 14356469
39196619 14314672
2668362 13126314
14838432 13617256
39196620 14356472
12012101 22585415
82759 13818200
12016437 19301132
12011703 13126722
12014940 14356479
39196621 14314675
12017342 16203981
12017164 18400716
12017263 24358181
12017362 14314677
12016153 14356482
12017626 14356483
12017409 14314679
12017647 14314680
12018211 18396977
3981185 16028484
12017176 12213952
1777366 13127317
17204354 22585421
12015082 14356487
12014572 14356488
12017238 16028504
12016104 14314683
12017596 14356489
12016813 22585423
12017159 19301133
83112 24358183
12017465 21803605
12016702 14356491
1647511 16028509
14839155 12213966
12017099 13657093
12017597 12213968
12016713 14356493
12015254 16028512
12017098 19236670
12016395 16028514
12016397 12213970
2591762 13128398
12015177 16028516
12015930 16028518
12016464 22702829
12015925 14314684
14838660 17147809
12015147 16028523
12016226 21803606
12016368 18396979
14838664 12213971
14838674 24776252
12015457 16028526
14838693 19236672
14565718 19236673
12013404 18396981
12016090 22585424
12016067 12213977
12015931 12213981
14838766 13617261
12014681 9572224
12016235 14314692
12016114 12213994
12013294 22585426
12015422 19236676
12014662 12213996
12016102 16028532
14838740 14314694
12016215 14356502
12016064 27269522
12016517 12213998
12015967 14314698
12016378 13657095
12017194 24367419
12016116 19126873
12014933 13657096
14558931 13130266
12016758 9965132
2663151 13130551
18251902 24776253
29556597 13130748
2732422 13131205
79317 13131432
39196622 22585428
12013609 20990514
12018215 13131984
39196623 16028552
39196624 14356522
39196625 16028564
14597467 13132813
39196626 13133100
14838209 9965188
12012566 9965200
39196627 19126884
39196628 16028600
1091002 13134279
39196629 13134282
17213207 19236693
12013864 16028619
14589452 13135663
39196630 19236699
39196631 21803637
39196632 14356549
39196633 9965234
12018378 20935090
39196634 13136849
15313610 13136880
19990855 13136914
12018787 13136950
15988426 13136952
39196635 14356555
39196636 16028645
39196637 13657131
12013556 13617275
10456236 13138279
10454572 13138297
12013678 16028678
12011980 9965278
19990851 13139798
19990910 13140037
27814241 14314749
19991040 13140601
39196638 19236713
12014406 16028820
14838462 16028828
36065240 14314754
12017183 22585457
12013321 16028839
39196639 16028841
12012030 16028855
12017914 9965298
39196640 9965303
39196641 16028867
12012184 14356589
12015064 13143231
39196642 14314768
39191084 14356592
39196643 9965307
16235127 13143849
12011908 16028947
12017458 19236726
14838177 24776261
15919190 13146033
19990810 13146425
18342857 13146521
14838556 14314795
12015470 17870881
12017440 23200273
12017496 14356628
3966130 27269538
12018432 19087053
12015057 14314817
19990998 13149457
19991104 13149459
16004264 13149461
19991076 13149463
12015091 23200320
12018376 23209916
12016084 19236754
15974872 13152967
12015754 13152969
12018625 13617305
14553825 19236765
20071959 13153053
12015941 20620327
12018479 13153159
12011702 13154077
12015335 22585509
12017692 9572348
39191141 13154334
12018171 14356656
12018437 22585510
12015264 22585511
12016125 9572352
12015168 18397006
3893610 14314839
10682941 34750948
12017184 19126916
12011622 13617308
12015162 22585514
12016662 14314850
12018375 16029005
12016429 19561510
12015365 13657225
2708903 13617326
12016556 13657229
12016463 19236808
29195086 13160154
37825029 13160156
17227155 13160158
16003841 13160160
15968570 13160162
12015975 21803739
12016372 24776271
18082632 13161480
12018130 19236816
14581370 13161602
12018063 9572439
14839114 18400728
14838414 22585542
12017639 13162498
12014455 19236820
12016040 9965436
19990862 13163775
19990977 13163998
19990841 13164222
76752 13164234
12017951 13657252
3962899 22585557
12015288 21803747
12016790 24358272
12017959 13617349
39196644 13166696
12016537 13166722
3928062 13167438
14838675 14314919
12017635 13657273
33497733 13168853
12012417 13169368
3958104 13818213
29155549 13170295
12017349 14356769
12016085 16029043
12015228 16029053
12017285 22585581
12013890 9572549
12018467 19236856
12016668 20990554
12015298 9572574
12018093 19301184
12017621 18397022
12014740 18397023
12017066 23209966
12018403 14356795
12017487 22585588
39196645 13173761
12017519 21803777
12014475 14356822
12017442 13657309
12015142 18397029
12017707 13657312
83274 14356831
12013430 22702894
12016058 19236898
12014946 24776294
12014979 14314960
12013296 20990561
12013432 22585605
12013099 13179443
12013740 14314963
12013667 19236909
3905660 19087081
12014485 16029109
12015390 16029112
12017185 9965610
12018212 13182944
12014667 13657337
12018072 26386450
12018447 14314996
12017154 26386451
12015019 24078737
77547 9572737
12016802 9572738
12017945 21803808
12013861 22585637
12013460 21803813
12014777 14315003
39196646 9572759
12016322 14356891
12017544 13188044
12015371 13188046
12015407 19087089
12015992 16029238
12013853 19236951
12013550 16029242
12012318 16029257
12016791 19087090
12013538 12520625
12013008 16029318
3959545 17898130
3956548 9572799
12013916 21803831
12013900 13657373
12016490 13657375
12011948 16029341
3899223 14315027
12016304 20990578
12014978 18146998
39196647 13193992
12013167 19087103
12015037 13195315
12016354 14315058
12011751 13195897
39196648 13617418
12012197 13196314
12012523 17898156
12015928 19561534
3903231 20620629
12014649 14315086
12016679 13657391
12013586 20620735
12014819 14356973
12013685 19126976
12012777 13199172
14838279 14356982
12014924 13657392
14838872 13199880
12017690 13199968
12014477 13200765
1783911 13200891
12013793 13201279
3934028 14357009
39196649 13201797
39196650 13201799
14839040 13201868
39196651 13201872
39196652 13201874
12018003 13201878
12018221 13201898
12018608 13201910
14814949 13201912
14814950 13201914
12017095 13201962
12014704 13201966
12017987 20620893
12017696 13201978
12018478 13201988
12015070 19236984
12014734 20620908
12017700 13203322
12017081 13204174
1807561 13204398
3976017 22746958
12015296 20621036
12014853 13204705
39196653 13204823
12015220 13205097
12017989 13205115
12017989 13205119
12017067 13205354
12013635 13205482
12018476 14357047
12013754 13205746
12015222 13206209
12016389 16029636
12018042 19087146
12018630 13206529
3933665 19126987
12018168 13206688
14838196 14357052
14839124 14357053
12014673 19237000
12018752 13207890
3986096 13207946
11799999 13208531
12014631 14625294
12014876 22585666
12013935 16029729
12017062 14315199
12015135 14315213
12012786 13211901
12014535 14357101
12013375 20621265
39196654 18397043
12015028 13657451
14838698 14357109
14838395 13213607
15906642 9573024
33458603 13213767
12016046 14357119
12014505 16029863
12012579 13678734
12013870 20990598
12013307 22585680
12015098 18397054
12015474 9573140
12017026 16029949
12017097 13220492
12016627 13220494
12014601 14357166
12015923 13220496
12016632 13221152
12015199 16204105
12016626 13222599
12013670 20621564
12018219 13223287
12015319 13223393
12017584 13223826
12016546 13224002
12012135 13224028
12015350 14357185
3910151 14315272
12016751 20621592
12016118 19301244
12016388 16030060
3976763 19087219
12017691 22585698
14839078 13224675
12018217 13225138
12015275 13225148
14838610 19087222
39196655 19301247
12016302 13226515
12015173 13226813
12011853 13227242
12015432 20621678
3982419 13657512
14838760 22481445
12013122 9573392
12015030 19237098
12016909 13231835
39196656 13231997
39196657 13232005
12016622 9573428
10454171 13232173
12015441 13232669
15942337 13234010
15903512 13234037
12017088 13234220
15920038 13234469
12016549 13234551
17223868 13234589
3903475 13234599
15903423 13234776
3903458 13234782
17199444 13234787
3903614 13234807
14845894 13234809
12016458 13235232
14838463 13235257
14838464 13235259
3903612 13235271
12016800 14315359
14838681 14357238
12018090 19301264
12017316 22481470
12017384 14357241
39196658 18147014
12017327 16030346
12016606 14357244
12013039 16030355
12018419 21803913
12018114 14315369
12015391 19237116
14838739 16030364
12017402 21803925
17199814 19237118
12017232 19237119
39192842 13237907
12013855 21803932
12016138 20621805
12015420 19237123
12017333 20621812
12016377 13238628
39196659 13238960
12013023 13238962
12012416 13239086
12017925 16030397
12017548 19237126
12017077 14357260
12017111 19237127
12013746 16030401
12011619 13240159
12016617 13240161
12016166 13240252
12016692 13240324
12014826 13240326
14838581 13240405
12014671 18147017
12016376 13240557
12017313 22585736
12015301 13241104
12017485 13241119
12016663 13241158
12013421 13241410
12018429 26386586
81993 23200683
12017364 13241808
12017655 9573551
12015116 27138819
14838426 13242290
12018128 13242326
20104587 13243756
12014762 16030542
18091100 13244617
12014472 14315416
12015074 14357295
14838743 12515925
12015257 16030616
12018068 14315426
12016237 9573618
3917778 16811479
12018239 16030630
12017328 16204156
12011965 13248150
12018619 13248152
14838340 13248190
12017275 13248243
12014838 13248271
12017678 13248694
12016224 19301275
12015323 13249446
29152201 13249494
12018651 14315438
12016470 19237177
12013825 19237178
12013644 16030706
12016025 19237179
12013610 13251718
12013060 14315449
12017324 19237181
12016436 13251860
20880534 13252119
19991102 13252181
12014922 13253430
12016721 13253503
12016690 13253505
39196660 13253664
39196661 13253666
12013830 27298622
12017694 13253920
19990996 13254062
12017510 20990646
12017069 13254270
19990949 13254320
12016577 27269737
12014693 13254918
39196662 13254924
12015947 14357341
12014608 21803994
12012792 9573694
12013485 19237205
12015022 21803996
12016413 13657615
12016115 21803997
12018118 14315466
12013195 19301281
14814904 21803998
12016262 21803999
12017857 19237208
14838353 13257285
12014618 14315481
12015246 22585801
12014582 20990655
14838778 14315488
12018632 14315489
12016244 19301286
12016124 19301287
14838779 22702956
12016515 27584461
12015287 22702957
12015921 13259067
12016716 13259069
12017179 19237223
14573863 13259550
12017292 13259999
22156768 13260051
12014581 13260422
15804447 13260507
14558999 13260644
12014473 18397086
39196663 20990668
18026544 14357366
39196664 13261566
12017245 19237231
1642316 13261948
14580920 21804017
12012594 13262167
12018482 13262778
14838495 13262812
39196665 13263137
12015240 13657652
12013769 16204187
12012829 21804033
12011919 13266829
36258651 13267075
12014988 14357385
19989819 13267722
19990110 13267730
39191022 13267760
19990236 13267774
19990459 13267794
39196666 13267800
39196667 13267802
19990189 13267806
19990533 13267827
39196668 13267835
12016636 13268028
12011666 13268179
39196669 13269035
12016505 13269208
14839093 13269434
12018124 13269712
39196670 13269779
12017508 13269811
12014532 13657715
12016170 13270024
12013910 13270032
12014863 21804054
12014751 14315575
12017656 14315586
12011683 13270920
12013565 21804062
3901220 13271289
19991144 13272238
3905982 10848720
14838496 13272419
3897050 13272551
10454172 13272558
10455571 13272560
10455281 13272632
10456212 13272646
10455070 13272670
12013221 19237277
12016522 9573839
12014841 10848745
39196671 13273092
14989595 13273094
12013539 10848751
12015186 27583281
12013138 10848756
12013542 10848760
12013723 10848762
12014518 16030943
12017344 13273926
12014736 10848779
2739574 13274014
10452946 13274024
12012856 10848782
15960825 13274546
12017312 9573855
12013304 10848806
12014825 13275134
12014580 10848830
12013486 10848847
12017502 13276434
12013302 14357401
12015087 14315626
10454455 13277613
3931385 13277621
3931409 13277635
10453049 13277663
10454636 13277681
10453144 13277701
10455499 13277705
10456241 13277707
10455416 13277709
3940144 13277723
29556610 13277733
10456353 13277749
12013637 13278174
14553295 13278290
12014413 19301306
12014487 10849002
12017611 13282816
12016339 22702975
12014602 13283406
12014429 13283532
12016122 13284198
12015382 13284546
81842 10849121
12017877 13286139
12018123 13288115
12018496 13288155
12018396 13288157
12017574 13288191
14838602 13288417
12018165 13288942
12017506 13288944
12015042 13291518
12016061 13291520
14838339 13291522
39196672 13293152
39196673 13293154
12014995 10849438
12014457 13293717
14838524 13293838
19991585 13293896
19991583 13293898
12011970 13294245
12017445 13297414
12013210 10849589
12015378 13298397
19991119 13298837
12015305 10849626
12013350 14357452
12017529 14315718
12017549 13302771
12015922 13302927
12011629 13304387
12015277 13307056
18257359 13307334
39196674 13308235
12014421 10849958
18065495 14315761
12013459 9573994
3964441 13310434
12014867 13311966
4253554 13312176
12015271 13312196
19990839 13312646
12018216 13312678
3929604 12520756
39196675 14315778
17224723 13314042
12012941 12520774
12012946 14315791
12013268 14315798
39196676 10850172
12015175 13321116
12014742 20990699
12014989 14357517
12018188 13327491
29238782 13657838
12013683 14357547
19991219 13331981
39196677 13332475
15832768 13332543
12017738 13332647
12017739 13332649
14838380 13332663
12013876 13332796
12016086 13335951
14838151 16031803
12014595 14316115
12012258 13338106
12013698 14316142
16520063 13338890
12014691 9966030
12013278 10665818
12018758 13343450
14839042 13343638
12015139 19127105
12016548 13349431
12016462 13349528
14838451 13349530
14838711 22585999
11919676 22586001
39196678 13351449
12018424 13351543
12018106 13351704
12017989 14316377
12013431 16032330
12015332 13657953
12013752 13657957
12016209 14316438
12015962 13363809
12013453 16032516
19990926 13372168
12013629 16032759
17220843 13374699
39196679 14316649
12012613 20623503
12015343 20990732
12015279 13658047
12014785 14316661
39196680 18397178
39196681 20623588
12013351 9966240
12013569 22586057
12013358 16032964
12015193 14358025
12016191 14358034
12015231 14316821
12013084 31464968
10455133 13395871
12013604 13658132
12018408 13401601
12018151 14317080
12013152 13403255
12018600 14358192
12017305 13405059
12018236 13405555
14839091 27269916
12015406 14317103
12013736 14358224
12016187 13406703
14565926 21804177
12013139 19237612
12013598 19127187
12017262 20057475
12015299 13414189
12012146 20624578
12017438 12214499
12013438 14317343
14838896 14317421
12018587 14317467
12013585 14317468
14839004 14317491
39196682 14317492
12011630 14317493
12015958 19301398
12011636 14317497
12016447 19237660
12017558 13658286
12016666 14317508
39196683 13433597
12012861 14317516
39196684 13658290
12013520 14317518
12011736 9574674
12011735 19127205
12016784 18397245
12017332 16034469
12017560 21157138
12016457 19087382
12015368 22703071
12017917 9574691
14838653 14358441
12017676 12214604
12011930 14317555
12015078 12214622
12015072 16034544
12015248 14317584
12015066 14317588
12016755 12214664
12017419 14317592
12017632 19237676
12015338 12214720
12014414 13658309
39196685 14358472
14838615 16034674
12015926 14358482
12015966 11811487
12018750 19127212
12015999 9966388
12012506 16034843
12014749 14317833
12014584 18400878
79184 22586151
12016083 12214941
12016508 13658393
12017627 16172920
12017329 13658394
12017340 22586152
12013185 16035062
12015191 14317874
39196686 14317963
12011655 13819993
12014958 13472516
29029717 16035384
12014936 19087487
12017210 19087491
2727771 19474005
39196687 13476276
12015383 12215258
12017923 20935305
12013875 13479167
12014937 13479507
12012089 16035546
1175894 14358749
10453591 13481676
39196688 22586165
39196689 16035599
39196690 14358774
12013893 13658543
12017478 16035754
12016057 9575024
39196691 9575026
12014441 20990761
12014970 14358803
12015523 14318279
12016781 19237796
10455965 13489410
10453185 13490222
10452794 13490242
10454778 13490244
22294274 13490258
22294062 13490260
10455126 13490266
11809458 14318355
81301 14318379
12013182 16035895
19991064 14318381
19991265 16035898
81073 20935314
82642 18397357
12013647 14318384
12016689 12215386
12017934 12215388
12017580 16035928
39191149 14318420
12017255 16036033
12014697 14318463
12013606 14318497
12018797 14358883
12018659 16036175
12011733 16036188
39196692 14358886
39196693 16036280
39196694 14358912
39196695 13678801
12011766 12215684
14838439 14358936
18104817 14358951
12015167 13514195
2737299 16036379
12013299 19087548
39196696 14318658
12012199 12215903
12012306 16173277
39196697 16036458
12012198 16036460
12012340 16036519
12011821 20626078
14574243 14318744
14838825 22481846
12012809 14318800
12012480 14318809
12012935 19087565
12017106 16036721
15828293 16036849
12013541 14318944
12017546 13531411
12012577 20626425
29034719 19087595
12012149 27584689
77421 18147057
14591044 14319114
3916063 19087625
12016143 19237954
12012818 20627684
2544449 16173427
17208177 19237985
39196698 14359326
12012414 20628277
39191103 18397583
14838929 14319440
17234271 21157170
12014467 14319543
18271595 13582130
12011881 18397640
12017061 14319616
18630548 20629047
12015393 14359490
39196699 12217239
13278969 20629401
14838683 13593963
82608 20629534
17201183 19087716
14838795 14319766
39196700 13596533
12012486 17412780
39196701 14359603
39196702 14319865
39196703 20630198
12016706 18397825
12013172 10885123
22168108 10885125
12013173 10885127
39196704 16037488
12012794 14320014
10454365 10885209
12011747 39196705
39196706 14359772
39196707 9575906
39196708 20630835
39196709 16037565
39196710 10885333
39196711 13658837
39196712 9966956
39196713 13658838
39196714 14359833
39196715 20631069
39196716 17412851
39196717 17412875
39196718 16037624
39196719 13820085
12013087 13606429
39196720 22703145
39196721 14320466
39196722 20632347
39196723 14320485
39196724 14320487
39196725 14320805
39196726 19238550
12012808 14321304
39196727 20634988
39196728 19238720
39196729 14321393
12013303 14321507
12016387 20635442
39196730 20635444
12014471 20635521
12013490 22597358
29193653 19088478
39196731 19238912
19991288 9576986
12013031 22599651
3976595 19238928
30923914 13659228
14838158 19238945
12017940 14361076
12016723 19239117
12010514 27584934
12018197 19088699
12012513 10885574
39196732 14361250
12012145 10885618
12013290 14361405
12013770 22604886
4918812 9577257
12014659 19239395
12017273 14361456
14838728 14521352
12014932 21804948
12014619 20636303
39196733 19089023
12013643 22608373
14838697 22608707
12012337 19239611
12014478 17147948
16017631 9577518
12013180 19474955
12015101 17148074
39196734 22610678
39196735 19089251
39196736 17148218
12013728 14521535
12015339 17148379
12013038 19239756
12011782 19089309
12014435 13659529
12013160 20991116
3923055 19089325
12014692 16040055
12017432 19239842
39196737 14362123
12012445 9968287
12016460 20991151
12016014 13659681
18342882 21560689
14838534 26326759
12011725 17149533
12012319 17149535
12012476 27585120
12011989 22618196
14603722 21805316
12011929 19089832
39196738 18147282
39196739 20939072
12015062 26388341
18064487 21805355
39196740 19090028
20600920 19090102
12015171 16041433
12015024 14362813
12012572 9969124
3904223 26327056
12017397 9579665
12016598 18398395
12016708 26327106
12017723 18398414
12017573 17413319
12016714 9969592
14838822 14363405
12015235 20639361
3936950 10885886
12013295 14322719
12014854 12218370
19623647 18398520
39196741 14323245
1647611 24086115
12017561 14323339
14815036 13660485
12011890 14363791
12014672 12219075
12013181 14323872
12014745 14324047
12017615 20640997
12018025 14324328
12016767 21805652
12014711 9970417
3907578 17151137
12013540 13820427
39196742 26389308
12014470 14522421
39196743 17151502
12015290 17151591
39196744 22703888
12014461 10886006
12014434 17151880
12012152 16045069
3773756 13660852
39196745 24362787
12016074 16045405
12016178 14364854
18251027 17152389
12015286 17152396
12015114 12221705
12017725 14327049
14838668 21560923
14839113 22704036
12017196 14327191
39196746 13660967
39196747 20642417
14838587 14365096
14838787 19091740
3910514 20642792
12017410 17152569
12013240 24362993
12013702 20643292
12012058 20643363
12016514 20643366
3937181 22663565
12013765 20643414
12012929 20643417
14814992 16046343
19991373 14365339
12015397 14328123
19991332 21806197
12014626 12222602
12014721 14328127
19990966 16046347
12018232 9971478
14838912 21806228
80368 19091878
1930298 14328579
3948986 17152678
12015025 14365509
12015182 14365535
12014796 20644121
12012007 13661271
12013298 12223243
12017622 14328839
12017712 9971805
12014605 14365710
39196748 22667396
12014871 20644544
14838734 14329074
12013426 14329188
3969294 21806702
12017365 20646019
18084239 18399290
12016279 9972401
19991059 9972447
19990923 21806828
19990921 21806829
19991302 9972455
19991278 9972457
12014954 12223866
12018230 14366137
12016552 19092136
19991062 14330374
19991055 20944660
12018734 20647799
12012576 19092176
12014747 17153657
12014879 14523280
12012916 14330871
12014724 12224801
39196749 22667781
12015253 20844360
12012411 20846077
39196750 20847107
14838920 13679103
12016615 14979120
12014679 14331344
12012498 22667875
12015957 21807011
3954825 31899183
12017540 27272320
12012311 21807261
15816461 14331805
22169024 21807310
12018414 14331881
22164530 9581305
12011846 31518971
12013844 12226391
19991155 13661942
19991157 20991812
12014481 13679128
19990896 21807551
19991197 19092566
19991353 14332281
19991195 22667992
19991151 9973642
39196751 21807552
19990857 9973650
19991148 12226427
19991097 9973654
19990772 14367059
12018404 9973668
12011748 16048964
12012927 9973783
12017915 14332447
12012410 19092624
12014480 19092647
39196752 20848164
12012964 9974068
12012116 14367189
12012542 9974088
12012499 9974114
39196753 9974118
14838909 20848322
12017246 14367281
12013053 19092739
12016356 13820624
12018472 13662213
12014737 21807791
12015033 14367441
19990894 20848941
19990981 22668099
39196754 19092819
12018610 14333298
83658 16049659
12014829 14333527
3951613 17414012
12012302 14333614
12013532 10886526
12017309 14333683
12013636 21808069
12017757 14333763
12014991 21808196
14563874 13662425
12017706 20991894
12016525 14367898
12017976 19242734
12017248 14334505
3967822 20849407
12015209 20648882
12016695 20648946
12017474 20849715
12013419 13662635
12014514 14335711
12016407 14335713
12015963 27143020
12018614 14335805
12015352 14335916
12015189 13662720
12014458 20649882
14582997 20650022
14593134 20650070
12018086 20650543
12018169 20650565
15662205 20650671
19990753 14368690
12016391 10886622
14839038 14336644
14839009 27687121
12016103 22668249
12017314 14336663
12017124 9581761
3962950 14336672
12017251 20850942
12018119 10886672
39191120 14368823
1778617 14336717
12012190 10886679
12016575 20851040
12016809 10886690
12011798 10886694
12016810 14336754
39196755 14336866
12017057 22668258
16211457 12228190
14838684 20851223
12014877 16051845
12017628 14337213
12018071 20851470
12012408 20851538
14814951 26390650
3974991 19243090
12015459 19243193
18069505 9978481
12013911 14338522
11806584 20853347
12015180 17414379
12018589 16052918
12018227 14338719
14589005 12229398
12014767 13663228
12015935 14338963
12017190 17898543
12011701 9979089
39196756 20652546
3971421 19243664
2707068 9979196
12017382 14339078
2688230 9979243
12016594 20948507
15852427 20854115
12018647 14339237
12014963 20948541
3927334 16053549
12013383 14370046
20544257 9582076
12016109 20654268
19704463 9979878
2682776 9979880
2676546 16053713
1691646 20654837
31083067 14370141
12016697 19563147
12014483 20854964
12012605 19230447
3955178 16053876
12018142 9980169
12013034 22498564
12013035 20855195
12013036 9980194
12013037 19230453
12013761 14339923
12013762 9980196
12015443 12229874
12017163 14340094
22168076 20655547
22290862 12516692
19991351 19244142
12017213 20655870
12016510 14370413
3959469 13663562
2709434 19244169
39196757 20656364
14839106 12230393
12015945 14370491
14839154 16054424
1062404 31555227
12017606 12230640
12017646 26391020
39196758 14340423
12015244 14340492
17224218 22501256
12017468 16054686
12015203 19244384
12016456 20657882
12017393 17155980
12016207 12230985
12014971 20657948
12014451 14370720
12015369 20856341
12016469 16054767
12015447 19563244
15995546 12231044
12018602 19244459
12017981 16054810
10454412 19563255
36065242 14340793
12018474 20658501
12017497 20658538
12013856 20856648
12016609 16055108
12015133 20659172
14838361 19244604
12016348 20659292
12017296 14341022
12016499 14341030
12017581 12231407
14838699 9582377
10455612 20857012
12013309 20857042
12016380 14341139
3975438 20857400
12013889 20660171
12011633 20857728
3986610 19244661
29152628 20660728
14838291 20661267
3960397 20858172
12017197 20858178
12013168 20858181
12017644 20858183
12018430 14371287
14989555 14371288
14839089 12232280
12017160 12232296
12017564 20661544
39196759 20858927
12018456 16055912
12018002 12232433
12017479 20859037
12015981 13663878
39196760 20860053
12013776 20861014
12016370 20861085
12018058 20862364
12016563 12233359
39196761 20862499
12018613 9582709
12039653 14342313
12017733 20992061
14838733 12233556
39196762 12233630
12016049 14342491
15932396 9582768
11809718 20863292
12017254 16057178
3914346 20663451
39196763 14342783
12012308 20864122
12018247 16057549
12018121 14342784
12016152 19230604
12016513 14372203
12013248 13820843
10454548 20864340
19468649 20864395
19990968 16057651
19990974 20864481
12012203 9982249
14838649 20865046
14839015 20865048
39196764 9582961
39196765 12234567
14838530 14372546
12012609 12234690
12018055 12234753
12017760 20866010
12016247 19245382
15909487 19245410
80337 9583038
80226 22515708
15939633 19245581
12013440 20808118
12012320 13664268
79254 20866380
83792 16058952
39196766 12235238
3931283 20866517
3933777 19245879
12015161 14372842
12011644 19246138
16019235 19246279
17204282 19246562
12016276 16059534
12015211 19246837
3978963 20951263
19615899 17877954
12013155 22519906
39196767 9583243
17224872 21031890
12018462 20867853
12011626 20867934
12018009 20867958
12011991 20868102
12016579 14373450
12017607 12236210
15891811 22668793
12015300 20058939
14815047 20868539
12018154 22668849
3901550 16060677
12016599 28776002
12016753 12236789
19990284 12236876
3889807 31582828
19991587 20952085
12017658 16061047
12017427 9583578
11800088 9583606
12017390 12237020
10456196 22669264
12014760 19232601
12012210 22669348
1098040 9583649
12014852 22484234
12018179 19232717
12015351 26391932
19991601 12237395
12018635 20992245
12018405 26329199
19991603 19232958
12014615 12237657
12018240 20953042
14815011 27274913
81400 17157161
17199761 19233579
12017180 16062703
12017682 20992337
15991586 27637364
15946241 27274971
12016951 31590252
39196768 12238201
39190888 28856239
12017711 16063075
12017355 19233858
12018634 9583922
12015179 12238314
12017195 19233954
12016786 20667270
12016182 22670678
12017268 20667284
10453158 20667337
12016704 20667356
12017086 20667359
12017084 16063322
14814997 20667450
12013668 26392260
18264684 26392267
12012188 22670925
12018438 31593901
12013190 20397826
13004043 17415846
12017750 28856363
12014655 20370238
12013027 22671098
12018605 22671156
12015973 17869204
14814945 31595819
12016400 16064239
12018395 16064241
3977138 16064699
14838731 31392567
12014927 17878341
3967880 22671950
19991153 17157524
14838509 22672056
12015234 20954512
12018401 22672128
12011705 16065720
12018129 22672304
12018696 20992705
12013672 27146359
12016592 22705647
12013162 31601823
12012087 22672639
36062208 17157739
19991591 22814343
19991593 22814344
2760323 12239818
18266950 26329939
12018464 16067468
12017209 16067686
14838390 22673166
12015971 20992878
12015417 22673357
12016346 22673459
3912699 26330042
39196769 31986363
3924317 22673633
19991053 16068508
19991049 17158332
12011851 31392717
12018616 17158399
14838042 17158588
19991107 16069410
39196770 16069412
39196771 9584197
14602257 17158816
19991047 17158820
19991276 22674259
19991085 22706026
19991083 27276483
19991081 22674262
80621 17158826
12018095 17158871
19990984 17158923
3910630 17158933
81946 27588145
12018057 21208098
12017247 11812241
15953162 17159025
12015314 31990582
12015469 27146682
39196772 22706108
39213157 14979244
39213158 14979441
12016077 14979627
10454268 27638610
12018493 20671105
12015485 31996728
19990162 26330416
12014794 20957053
12018363 21032229
78787 13664805
13526862 22675450
19991260 22675553
12016343 22675554
30515151 22524798
12017653 22675861
12017396 20957523
14838673 16075707
10453023 20957629
22151108 16075912
12016670 28857271
12015267 36786956
14608512 31392845
12012601 16077507
3902185 26330698
19991286 22676421
12016545 22676586
12018148 13679611
19991597 22706538
78765 20993436
12014422 22676932
12015176 29264713
12012305 22485274
22156223 32003477
12017437 16080240
13326325 26330899
3968053 22677377
12017614 22677405
14815010 16080585
29211513 28857412
12015040 16081104
29219702 16081211
3905528 22677632
12017237 18149413
10455230 27176236
12017420 20958954
39192885 20959057
39213171 17160728
12016787 16083131
12018390 20959107
12017107 22678186
12017064 17869311
22169283 17869320
17226009 16083888
19990806 17417229
12013022 16085076
3918776 10888869
19991066 20679762
19990877 16085643
30515229 20682624
12014464 20683541
12017988 20683665
39190908 20683831
12018607 20370331
14586672 26394150
19991613 27147917
12013634 26331236
19991609 27176864
22287924 22816601
10453875 22678702
19991363 20686673
19990766 20688518
36062585 20689799
12011683 10889097
12016369 20691126
19991068 20691898
19991329 20692371
33769404 22678895
19991173 16091026
12016219 16091174
19991510 16091314
39213174 16091316
19990979 22679018
19991300 16091603
12011799 16092061
19991291 12517699
19990808 20694561
19990812 20993904
12013753 20694603
3959755 16093997
81982 22680599
2676387 22707358
12011675 27278875
14927622 16095720
15961954 16095734
14445992 27640567
36062212 22707365
12015353 16095835
15660227 32013750
3888838 32013752
3888840 20808678
3899988 27640631
39213175 21032661
19990991 32013814
19991306 20994036
82063 16108257
18068894 22708083
14838169 17163720
15323405 20060340
12018296 20709132
39213177 16111035
39213178 20709140
39213179 20709142
39213180 20709252
39213181 20709256
39213182 20709262
39213183 23918221
39213184 13821663
39213185 20709276
39213186 20963723
39213187 22684961
39213188 27641850
39213189 20709279
39213190 20994598
29009607 27150994
12012312 22685114
2649782 16113607
39213191 32020291
39213193 27591829
39213194 20712654
39213195 20712814
39213196 20712938
39213197 27591851
39213198 20713317
39213199 9585199
39213200 17417868
16000941 20964514
12018307 16114746
39213201 16114879
12018288 17164124
17221064 16115452
39213202 16118429
39213203 9986236
39213204 27281992
39213205 27592928
39213206 22688692
18629916 27282492
39213207 27282499
39213208 27593057
39213209 27593067
39213210 14378221
12017855 20729353
3782982 27283847
39213211 32122454
17213269 39213212
39213213 32752945
12015601 32754552
19990987 35021209
12017321 14875215
12014942 14875322
12016446 22948479
