2468921 10532699
3540025 10532700
10370971 10590266
770997 9964290
37275553 10533050
12630091 10533084
10206103 9964628
22387851 10533373
128312 10533401
30263318 10533404
1090306 10533479
2627668 10533494
3976359 10533495
11995635 10533535
16509663 10533591
12651343 10533797
2032133 10534171
321583 9572682
11861854 10534439
2502708 9965766
39237174 9965768
453724 9965814
844420 9965869
39237175 9965883
11436260 10534742
5133099 9965905
1061301 9965907
39237176 9965911
18495210 9965925
12676059 10534753
2600200 10534754
16223197 10534756
16223969 10534757
16223980 10534759
16223979 10590434
12639724 10534760
16223990 10534761
16223988 10534762
16223989 10534763
11891757 10534764
1674826 10534769
39237177 10534770
2636925 10534771
834150 12214173
7487554 9573900
2643004 10534775
2639390 10534778
15335412 10534785
2645976 10534795
2611628 10534797
2605478 10534801
10591407 10534802
2605484 10534808
2630954 10534813
841448 10590446
2605482 10534820
39237178 10534822
30262593 10534824
17421473 10026035
3885173 10534833
2639409 10534834
831195 10534842
2653289 10534844
2717511 10534846
1019085 10534850
2605514 9965939
15338010 10590450
15338011 10590450
1017272 10534860
2644942 10026037
841168 10534871
3885126 9573968
6844191 10534873
2604913 10534875
2605394 10590452
39237179 10534881
2639348 10534882
859182 10534886
10174874 10026039
840958 10534889
2624857 10534905
843703 10534923
850612 10534939
2639360 10534943
831916 12420832
2639358 10534946
850224 10534948
2617626 10534952
16252206 10534958
16220724 10534961
10488775 10534963
39237180 10590462
16223155 10534964
16221170 10534965
12624771 10534966
39237181 10534967
16224003 10534968
16224006 10534969
16224004 10534970
4370058 10534972
39237182 10534974
1435143 10534976
16224015 10534977
12652095 10534978
488929 10534980
12650818 10534981
3104808 10534982
16220723 10534984
16220597 10534986
16220601 10534988
16224043 10534989
12625001 10534990
16224045 10534992
12650819 10534995
16224052 10534996
16224050 10534997
12664095 10534998
16224060 10534999
854262 10535017
12646259 10535019
16224077 10535022
16225615 10535024
16224080 10535026
849620 10535027
2631073 10535039
16224091 9574108
9502193 10590474
843118 10535065
837752 10535070
5141294 10535073
16224129 10535091
16224128 10535092
12666101 10535093
16224131 9574154
11848470 10535096
1064565 10535114
12683848 10535128
1072106 10535129
21847606 10535141
36852571 10535142
11376692 10535144
9530335 10535150
160107 10535189
2495986 10535198
7486551 10535252
1064576 10850234
842177 10535290
2604999 10535295
2605001 9966174
39237183 9966176
39237184 9966178
841681 10535340
1020306 12420840
851994 10535347
4065301 9574409
1064567 9966283
852447 9966302
11433007 10535373
30262949 10590506
39237185 10535461
11848901 10590507
3360876 9574522
22447761 10535466
2615185 10535471
11508314 10026057
181245 10535476
145930 10535486
2684445 10535488
39237186 10535494
39237187 10535502
16252171 10026120
16224096 10535503
22387115 10535504
17167846 10535511
247849 10535513
897169 9966318
22371808 9966327
39237188 10535517
864448 10535520
838106 10535522
39237189 10535524
22387813 10535527
546160 10535530
841637 10535531
711928 10535539
16223950 10535540
16225890 10535541
16223808 10535542
16223954 10535543
16223953 10535544
11367216 10535545
22420616 10535553
1343581 9966336
1090633 10535558
10418264 10590516
39237190 9966348
39237191 10535560
11358379 9574634
11921721 9966351
9562307 9966355
17029983 9966357
563538 9966369
21897228 10535569
39237192 10535571
11937755 10535572
39237193 10535575
11426818 10535586
11368892 10535588
39237194 10535609
379986 10535641
10422244 10535648
849579 10535662
39237195 10535692
11839327 10028176
2639281 10535723
39237196 10535727
834465 9966421
35901616 10535739
665929 10590540
39237197 10535750
841300 10535754
853397 10535755
1018466 10535758
2634049 10535759
3885104 9574908
852542 10535764
835880 10028178
10204825 10028179
2605338 10535778
2605336 10535786
2630128 10535805
14986264 10028181
138713 10535810
2624508 10535814
841547 9966428
36286804 9966432
21887703 9966446
12685125 9966448
11365649 9966450
39237198 9966458
137683 10535828
2605424 9966474
20509512 9966480
2631552 10535836
11921305 10535846
1090635 10535847
2604975 10535857
841330 10535860
12165353 10535863
39237199 10535865
841545 10535866
10203333 10535879
39237200 10535887
1957147 10535893
39237201 9575050
11376020 10535901
4064358 10535903
39237202 10535928
11396894 10535936
121353 10535940
18472241 10535945
39237203 10535949
22387725 10535952
11874313 12420914
12640808 10535969
22430039 10535974
22387536 10535982
39237204 10535987
10175039 10535993
478209 10536018
18459059 9966506
22387380 9966510
39237205 10536055
22420918 9966529
11893436 9966533
1513442 10536081
39237206 10536082
1939546 10028188
15898010 10028189
39237207 10536103
39237208 10536107
39237209 10536112
39237210 10536137
3377343 10536139
15253362 10536143
18456473 10536145
16401215 10536156
39237211 10536182
39237212 10536192
39237213 9966563
39237214 9966577
11371684 9966579
21916294 10028192
862206 9966587
15226751 10536217
22370005 10536233
22369665 10536243
39237215 10536253
39237216 10536267
247839 10536296
10418243 10536321
22447824 10536329
2692963 10590609
15006191 10536340
853073 10536354
3885066 9966670
39237217 10850253
18516118 10536355
10591359 10536356
2639271 9575453
12666772 10536363
247895 10536370
16399826 10536403
2711022 10536415
39237218 10536416
15764218 10536418
26008550 10536420
39237219 10536424
11847250 10536439
14428311 10536445
39237220 10536448
2639481 10536449
1399098 10536454
18498908 10536458
39237221 10536463
851725 10536465
1064597 10536468
11417597 10536473
11425216 10028202
16220593 10536499
11425214 10536500
11921410 10536568
22420687 10536587
11405601 9966794
10419606 9966810
10372235 9966858
39237222 10536634
1808650 10590652
36851458 9575828
30262205 9575921
165627 10536746
10203803 10536752
39237223 10536755
128685 10536761
1016186 10536762
11433101 10590669
11921841 10536771
435272 10590673
18942128 12420934
36862845 10536785
39237224 10536786
39237225 10536799
12629717 9576046
18494619 10536804
16401374 10536813
10421086 10536819
39237226 9967057
11362279 10536828
11358808 10536839
11400760 10850269
11423154 10536850
11384688 10536856
1900198 10536861
39237227 10536865
39237228 10536871
12642973 10536882
11839442 10536909
10420921 9967134
18495263 9967136
18494300 9967174
10201883 9967192
39237229 10536942
18456466 10536949
2287895 10030392
39237230 10536957
39237231 10536965
1889078 12183909
33748460 10536977
25948636 12183910
10218620 13617465
15307835 10537008
10428950 10537024
39237232 10537063
39237233 10537082
882402 9576449
12649704 10537219
10212476 10537230
22387534 10537235
22375987 10537240
15392848 10030497
18472287 10537254
10370735 9576549
22387104 10537270
11368547 10537271
18493658 10537290
18496058 10537294
3952161 13818305
12660877 10537313
39237234 12421312
39237235 10537316
16431190 10537319
2613483 10030600
39237236 10537333
29033944 10537338
39237237 10537346
39237238 10537355
39237239 10537361
2613481 10537363
30842326 10537367
39237240 9576668
16238884 10537377
19217199 10537379
22420684 9576677
2610646 10537390
39237241 10537391
17412050 10537393
841433 10537410
22420938 10537411
39237242 10537416
22480011 10537429
22420685 10537431
39237243 10537433
12516470 9576729
11921403 10537435
2652601 10537446
11427489 10537449
16400890 10537454
11921505 10537455
39237244 10537466
10423436 10537467
22449106 10537471
18472337 10537472
39237245 9576800
698849 10537486
22427292 10537497
14565230 10537510
22369624 10537511
39237246 13818314
2602417 9576830
831596 10537522
2637060 10537528
2611580 10537529
39237247 10850286
859864 10537535
269131 10537537
16400891 10537539
3745395 10537542
12520035 10537544
832325 10537546
11415539 10537550
39237248 10850288
11368836 10537552
2683416 10030857
39237249 10030858
11415120 10537564
1664024 10537568
20056731 10537570
16394373 10537573
39237250 10537575
12518644 10537581
22431826 10537583
17157196 10537585
3364765 10537600
2617092 10537605
2623010 10537608
11847162 9576909
39237251 10537625
11434959 10537626
39237252 10537628
22385946 10537632
1975491 9576922
12650438 9576926
22287625 9967579
20421093 10031072
39237253 10537648
39237254 10031073
11921404 10537653
39237255 10537658
10418438 10537660
18486731 10537666
39237256 9967595
2656534 10537670
39237257 10537677
22430054 10537678
93232 10537679
11923485 10537704
11434252 10537706
1283486 10537709
11354981 10537713
18498367 10537728
2602675 10031148
160101 10537737
11913444 10537740
3123156 10537755
39237258 10537773
11393615 10537775
843844 10537791
36860231 10537795
546982 10537797
12188856 9967649
39237259 9967655
30694544 9967657
2613245 9967661
39237260 9967663
22420877 9967679
10173041 9967683
22436375 10537823
3210513 10537828
14832189 13818321
39237261 10537842
11387409 10537848
11926251 10537856
1813126 10850300
18495849 10537859
15120973 10537868
22429334 9967691
39237262 10032517
39237263 10537887
39237264 10850303
39237265 10850305
16263602 9967713
1468992 10850307
22387600 9967715
39237266 10537908
17040198 10537918
17040258 10537919
11400362 10537923
39237267 13659288
11417231 10537926
832082 10537928
39237268 10537929
1516236 10537932
11383957 10537940
39237269 10537942
2610547 10537958
15286154 10537965
39237270 10537966
39237271 9967842
11873457 10537986
39237272 10032897
10214122 10537993
15898191 9967866
39237273 10537996
11919213 12421335
11921401 10537998
39237274 10538007
39237275 10538010
10423742 10538018
36697258 12421336
39237276 9967915
19217197 10538063
12676058 9967917
18472145 10032899
15316313 10032901
19217198 10032902
15496847 10538090
508682 10032914
12677971 10538093
18494431 10538095
11886175 10850312
2633749 10538098
1313050 10538100
11862008 13818382
39237277 10850323
18437633 10538112
18437632 10850326
18447260 10850328
11863030 10850330
39237278 10850334
39237279 10850335
11919367 9967927
39237280 9967943
12675037 9967949
12667766 9967951
3517040 9967953
18495850 10538138
515878 10538147
18496590 10538151
18480476 10538154
39237281 10538169
20976070 10850340
19217408 10850342
11846579 10538197
10418436 10538219
39237282 10538243
39237283 9577504
39237284 9577507
1091127 10538244
1078560 10538247
12148170 9577515
12147897 10538249
39237285 10538251
11839443 10538253
11925130 10538254
15770988 10538256
15093588 9577524
39237286 10538259
11905633 10538261
39237287 9577528
39237288 9577529
15900275 10538265
39237289 9967989
1091108 10538268
39237290 10538270
39237291 10538271
14574490 10538273
10687664 10538274
15973921 10538276
39237292 10538279
18044611 10538281
5037388 10538283
11914642 10538284
11839444 10850350
13776088 10538286
12147282 10538288
39237293 10538290
18044612 10538292
12147266 10538293
39237294 10538297
39237295 10538299
39237296 10538301
17056767 10538303
39237297 10850351
14574707 10538304
17029910 10538305
17057189 10538307
39237298 10538308
17028778 10538309
11836955 10538311
11890862 10850352
10462625 10538312
39237299 10538313
11852790 10032922
18153396 10538315
3661235 10538317
39237300 10538319
11378926 10538321
39237301 10538323
39237302 10538325
39237303 10538326
12148592 10850353
17029743 10538328
39237304 10850354
10169017 10538329
39237305 10538330
39237306 10538331
39237307 10538332
39237308 10538333
19119122 10538335
39237309 10032923
22387826 10538337
39237310 10538338
39237311 9968052
39237312 9968054
39237313 10538339
39237314 9968056
39237315 9968060
39237316 9968066
39237317 10538342
686097 9968068
39237318 9968070
12679450 10538343
10203781 10538344
22356569 9968072
1473940 9968074
10418184 10538346
39237319 12421343
18456427 9968076
15939864 9968078
39237320 9968080
39237321 10538348
39237322 10538350
39237323 9577646
18494432 10538351
18456428 10538352
18433438 9968082
39237324 13617518
39237325 10850355
39237326 10538357
39237327 9577655
39237328 10538364
11416883 9577664
39237329 10538375
12650959 10538381
14836679 9577690
22369275 10538394
909128 12421344
18472146 10850360
18498242 10538407
10418439 10538413
11919273 9577770
18451455 10538424
39237330 10538431
39237331 10538432
39237332 10850365
11839522 10538443
841522 9968132
11888902 10538447
11926181 10538452
39237333 10850368
18511657 10538454
11921869 13818437
18498850 10032927
39237334 10538486
1739214 10538490
12002753 9577942
372397 10538519
2607880 9968213
39237335 10538547
11431131 10538550
39237336 9968229
11431129 10538558
1956359 10538564
39237337 10538566
11405353 10850392
18437539 10538573
860159 14322145
11402573 10538600
39237338 13818461
843826 10538610
11399674 10850396
19217407 10538635
10218301 10850402
39237339 10850403
39237340 10538656
12650439 10538672
645605 10538677
194683 10538687
39237341 10538689
18495119 10538707
15229087 10850416
15230245 10538713
12516869 10538719
10418442 10538720
12518216 10538728
3776141 10538771
2609987 10538779
1064710 10538789
2668514 10538790
1064735 10538792
22387111 10538812
12007538 10538816
11923443 10538823
676487 10538826
10209493 10538833
841377 9968425
841045 10538889
1092778 9968468
12650814 10850432
11368745 10538912
10304450 9968494
2602727 10538927
30819053 9968502
572789 10538980
11839281 10538982
10439347 9968592
2000037 10539003
10170838 10850436
11921408 9968616
39237342 10539026
11394951 10539031
39237343 10539037
11419242 10539076
685744 10539080
539428 12421355
371425 10539082
18439655 10850440
39237344 10850443
165369 10539104
501770 10539124
187009 10539134
10418445 9578846
15307697 10850451
1366794 10539191
11403841 10539214
22044936 10539274
1133977 10032948
22392790 10539300
2606652 10850459
1605936 10850460
30262103 10539322
12647337 10539325
1802780 10539329
2715061 10850462
2618086 9579064
39237345 10539388
2598492 10539390
39237346 10539391
39237347 10539393
3956750 10539394
39237348 10539421
11419715 10539425
39237349 10539427
17268942 10539442
12517003 10850473
12624762 10539475
12629751 10539477
39237350 10539487
11415305 10539491
11415303 10539495
2717336 10539584
11415533 10539590
11427645 10539603
844192 10539612
2587440 10539615
838244 10539616
2647548 10539617
12683794 10539623
39237351 10032955
536258 10539635
10370737 10539636
22357333 10539639
10417242 10032956
10880934 10539642
18498767 10539643
840419 10539658
39237352 10539668
11428476 10539678
39237353 10539683
12625417 10850488
2638336 10539715
2601187 10539716
15579553 10539721
1372538 10539735
39237354 10539742
10293381 10539754
10419597 10539781
21860551 10539783
39237355 10850501
21496532 10539795
859728 10539801
11921804 10539803
11408900 10539815
11408837 10539817
39237356 10539864
39237357 10539881
30877407 10539893
851952 10539906
21877591 10539908
11422068 10539913
11401563 10539927
11364883 10539929
10203184 10539933
11416960 10539955
30626359 10539989
30571857 10539991
39237358 9969561
18456453 10850527
11921409 9969578
39237359 9969586
11423535 9969586
12681233 10540030
11389855 9579776
39237360 10540066
39237361 10540068
13813164 10540069
2630754 10540076
11416898 10850531
28786152 12183952
21914542 10540098
9487856 10540099
10419605 9969614
9462610 10540120
4326660 10032977
15016650 10540121
11393316 13660385
17105345 10540129
11631960 10540138
10201686 9969632
12669830 9969637
840828 10540154
2639746 10540156
832122 10540163
977178 9969676
30261751 10540194
39237362 12421384
39237363 10540211
10170157 10540233
39237364 10540237
22429918 10540238
39237365 9969698
11921400 9969724
11921780 9969726
18481919 9969731
39237366 10032984
39237367 10540261
10200249 10540263
11382634 10540269
3473822 10540270
39237368 10540271
18493657 10540277
39237369 9579981
12630467 10540285
18418080 10850538
39237370 10540306
16401400 12421392
751843 10540322
12650811 10032986
1016556 10540410
1059560 10540423
39237371 12421455
12007121 10850559
10428668 10540630
11895435 10540674
1667618 10850591
2624652 9970374
2602473 10540683
841807 10540687
7489145 10540694
1667618 10540696
852662 10540699
39237372 10540701
855845 10540703
10204745 10540705
10682461 10850592
2708506 9580333
2637038 13660643
840846 9580349
39237373 12421601
39237374 10540725
5132466 10540727
853885 10540728
2602506 10540736
11872473 10540745
2660640 10540749
12150885 10540751
3674617 10540757
11823235 10540762
845674 10540766
39237375 10540768
841298 10540771
39237376 10540777
2631056 10540786
39237377 10540787
841142 10540788
841148 12183975
2602567 10540790
39237378 10540792
2632771 10540793
2619985 10850606
39237379 9970541
1019943 9970555
2602587 10540815
39237380 10540816
3883778 10540817
835406 10540819
10208957 10540821
39237381 10540829
11378073 9970569
39237382 10540842
840148 10540849
6405690 10033000
852432 10540857
3882435 10540859
843735 12421639
5142114 10540862
39237383 10540868
847463 10540873
844323 10540874
859850 10540879
2633363 10850611
832555 10540880
2613359 10540881
859979 10540889
840635 10850612
39237384 10540894
1695766 10850613
860368 10033001
5135222 9970589
840733 10540918
22436631 9970611
2648103 10540923
2690945 10540924
222919 10540926
12632479 9970619
794725 10540931
39237385 10540937
10205850 10540946
840521 10540948
12651342 10540953
837428 10033003
2585532 10540958
26115856 10033004
21899933 9580472
21899604 10540967
862061 10540969
39237386 10540972
840629 9580477
13650247 10540977
840667 10850616
840637 10540987
841609 10540989
837985 10540991
843239 10540993
39237387 10033005
39237388 12421641
2608254 10540997
2656756 10541000
10591011 10541001
13798274 10541005
840677 10541007
2637315 10541013
840675 10033007
837117 10541015
30601302 10541017
39237389 10541019
5132564 10541029
6867909 10541032
39237390 10541035
2634011 9580504
12673301 10541044
841124 10541049
39237391 10541133
1871482 10541167
10239945 9970834
22377442 10541223
12630466 9970898
22442498 9970965
7881016 10541301
25942702 9970973
3749856 10541434
14797482 10541471
39237392 10850646
11861997 10541472
2615855 10850648
2604939 10850649
2617259 10850650
2602892 10850651
2602317 9580782
14797335 10850656
16238883 10541475
2618505 12421655
10423152 14365055
11848928 10541480
12650433 10850671
14834423 10850674
39237393 10850675
137893 12421657
39237394 10850681
6841965 12421660
2085440 10850684
842227 10850692
2637371 12421662
842026 10850697
39237395 10850702
36282219 10850707
39237396 10850709
10165372 12421666
2613722 12818278
39237397 10850717
2613726 10850718
851952 10850721
840820 10850726
1294249 10458151
845443 10850733
2609983 14406626
39237398 9971236
2631689 10850736
840710 9971246
39237399 9971250
13748462 14327616
5183545 14327634
13748463 10850748
39237400 13661056
2614989 10850752
2731335 10033038
2614995 9971300
6318464 9971304
2604018 9971310
2617609 9971313
2615016 12818302
39237401 10850759
841316 9971327
2609395 9971341
20567002 9971345
6866867 10850762
2627871 12818318
837986 9971355
39237402 9971357
2602948 9971359
2791335 10850766
1018805 12421680
835878 10850769
841429 10850770
714471 12818345
12191198 12818347
2616762 10850776
6867289 10850780
2632781 10850785
22423520 10850818
12630465 10850832
39237403 14328408
541063 10541562
13768396 10541613
22426402 9971695
11393023 10541664
166737 10541716
39237404 9971881
39237405 9971883
508740 9971885
11408533 10541841
3358813 10541846
21878687 10541878
18502310 10541946
21876396 10850883
2739399 14406640
11424956 9972495
14997087 10850901
11847254 10850909
1487543 12184003
1016629 10850922
39237406 12818509
39237407 12421769
130475 12422117
18495281 9581123
39237408 9972687
18498875 12422125
10174859 10033066
11926211 13661639
11862016 10851057
1063945 9972922
4472775 10851239
3925900 10034362
1807063 14406652
1807185 9973436
20056897 10034560
21908137 14332182
39237409 10851458
39237410 10851459
3957626 10034846
39237411 12422232
7493196 10851466
837784 10851467
841615 10542101
39237412 10851476
2610275 14332444
10204814 12422238
14421634 10851479
39237413 10851499
22420857 10035188
11381311 10851515
39237414 10851521
1724477 10851537
39237415 12422268
1849220 10851599
1090132 9974183
39237416 10851612
39237417 12227181
39237418 10851651
2686644 10851658
11890652 10851671
3972565 14333190
11369682 9974563
555488 9974602
39237419 12227655
832648 12422293
39237420 12422326
21910205 13662382
11923487 10851770
99196 14334014
39237421 9975248
11893749 10851786
11848899 9975288
3776239 9975296
2657065 10851789
11926242 13617586
10370959 10851806
39237422 14334381
39237423 10851811
1017692 10851817
2737752 12422403
152562 12422411
199059 12422412
160393 12422413
16506033 15407522
832002 13662522
2638675 12422419
3986589 12818771
11382056 12422422
2633529 10851820
6417048 15407538
1342768 10851823
11893747 13818511
14823839 12422426
30828712 9975404
11408187 10037675
406072 10851839
12677990 12422436
39237424 13662573
5188905 10851845
840708 14368128
841393 10851850
7488169 10037677
11366118 10851855
11893212 9581615
10205887 10851863
39237425 12818804
39237426 12422456
16393230 10851867
18495112 12422459
12651334 10037678
39237427 13662599
37273896 10851871
831726 12422477
2636474 12422478
841037 12818814
39237428 12422479
39237429 12422480
10171000 10851890
10418419 14406693
10211742 14368354
10419500 13617600
39237430 12422491
18494424 12818819
18478191 14368383
12650426 10851895
39237431 14523751
39237432 10851896
39237433 10037684
39237434 12422493
18493651 9975967
39237435 10851899
18493819 10851900
1666247 10851902
3653238 9976096
39237436 9976152
22420679 15407956
713776 10851921
39237437 14336259
3099347 12422610
12649053 10542272
39237438 10851951
2007095 13617618
10202521 12422647
10417208 14336828
22369586 15408429
11921384 12422655
39237439 14838626
15004893 12422679
39237440 10851979
39237441 12422680
39237442 12422681
39237443 15408522
39237444 12422682
39237445 12422683
9504538 14368984
17859143 12422686
39237446 14337176
39237447 10851984
1685776 15408562
39237448 12422715
22290891 10037701
11839296 14337478
39237449 12818892
834287 13662950
11919220 12422740
11387648 13617635
10428533 15408749
22387383 12422746
18493653 12422747
2027863 12422753
868472 12422760
39237450 12422762
16601957 12422765
22369976 9977593
11842340 12422771
10420944 14369216
11396157 14337769
39237451 14337773
1502574 15408837
11849072 13617643
2709589 14692024
11847253 14369320
11615633 9978013
39237452 13652149
18486732 14838639
39237453 12422849
14819586 12422850
39237454 15409029
39237455 14369377
1958988 12422856
10590148 12184074
860328 13663071
39237456 12422863
11847362 9581925
10206574 13663101
12165235 10037712
39237457 12422896
2435575 10542347
11891362 12422899
15188350 15409257
10370939 13617660
39237458 15409276
18437449 9978743
39237459 9978755
17270719 12818988
39237460 12818990
39237461 12184116
39237462 12818992
11923430 12818999
19221690 12819018
728877 9978914
18437453 12184119
11923504 14339350
7393134 14369947
39237463 12423028
18437456 12423032
39237464 12423034
39237465 12423040
39237466 14369976
39237467 14339501
15257626 10037727
10215385 12423088
695948 12819052
10216930 12423102
3107844 10542403
39237468 9582119
39237469 12423121
835876 12423133
12646086 12819060
1144538 15409925
17328795 14524050
853840 14370191
3243799 12423145
2603092 14406754
39237470 12423148
409723 12423151
456876 14524056
1541469 12423154
4533638 12423155
39237471 12423156
17270174 9980109
757143 15409986
39237472 12423167
10203879 13617694
10418416 15410008
1561326 10037734
18495846 9980202
18493755 12423181
10303087 12423182
18493650 12423185
1808310 12423187
18437473 12423191
2301939 14339996
22369727 12423200
39237473 15410068
39237474 9980322
4455132 13818557
39237475 13617696
39237476 10037738
18495208 10037739
15248136 9980376
11919267 13617700
10439251 14694063
239205 12423221
1064556 12423223
18495111 12423227
12650421 9980512
39237477 15410224
18459325 13818561
18429074 9582195
18462053 12423234
15249518 13617703
22420673 12423237
18481917 13818562
844378 12423239
2601803 14524092
12646088 12423244
39237478 15410252
39237479 12423246
39237480 12423250
39237481 14370458
11839403 9980582
850555 9980606
11853359 13663600
11919403 14694676
18494575 9980673
10559137 12521075
14831985 12423279
1470386 12423286
4008915 14340394
39237482 14340396
39237483 12423290
39237484 12423291
39237485 13617708
3883787 12423297
19217598 12423298
22387643 12521097
39237486 12521098
2608018 12423300
17123719 9980873
11893470 12423302
15449194 12521113
39237487 12423318
2634542 9582264
18495113 15410527
39237488 12423358
14583048 14695965
39237489 14370765
39237490 14370773
18456287 12819127
11355532 15410594
15947132 12423383
39237491 12423384
22387616 12423391
10420403 12423394
1363932 14370815
242790 12423397
3943003 9981067
12243860 12423406
18496582 12819151
3498576 13617712
18494186 10542482
29228615 9981089
18447801 12423440
39237492 12423449
18495964 9582348
18496584 10037760
10421412 15410770
39237493 12423466
240665 12423467
16400867 12423478
1368424 12423480
37871834 12423490
11926246 9582394
11995411 12423508
39237494 13617717
39237495 10037769
2605718 12423510
10561848 12819193
12649695 12819195
3696806 12819204
12646091 12423521
574647 12819212
2602072 12423526
2636684 9582415
11403694 12423538
39237496 9582426
2636620 15411000
1897074 14524161
22395190 12423557
2253896 12819251
23929578 14524174
852144 12423574
30260900 12423575
30260902 12423576
2613843 12423578
10168331 15411089
2635192 14341383
11926140 15411092
857289 12819267
13649528 13663821
841221 12423595
2603094 9582475
39237497 13818571
860508 12423605
36278454 13617723
2602006 12423617
12646092 12423623
852008 13617734
842113 9582510
2271219 15411295
18495109 12423689
18498239 12423811
22365780 12423826
39237498 13663955
39237499 13617787
18493833 9981606
509127 15411898
22370249 12423863
551975 12423881
2624820 12423882
16513014 12423886
21888787 10037804
11422924 12819338
18493752 12423981
2621855 9582860
11387495 13617850
10216782 14704231
10433877 12424021
36697247 13664144
22347031 12424028
10203389 10037812
11430608 12424036
18495443 12424039
10428134 12819368
39237500 12819381
16393659 10037813
840140 12819439
12629844 12819498
670670 12819507
2271190 12424125
1943215 12424132
12629834 12424135
759608 13617905
1713630 10542665
468210 9583050
625888 12424272
11735341 12819788
18495320 12819794
39237501 12424292
12664073 14524231
39237502 12424307
39237503 12424308
256782 14979169
39237504 12819816
11848946 12424319
4011974 14372857
39237505 12424325
18472133 12424326
15253946 13818602
11925242 12424332
22369759 12424333
304694 12424334
39237506 12424336
39237507 10037828
22420675 15413064
181379 12819821
84708 14524235
3772464 12424345
124797 12424348
22387529 12424351
1018585 9583144
22387835 12424354
11424770 9583147
10590570 10037830
11790315 9583152
14822424 12424361
18428941 9583158
11876103 12424362
15253937 14343452
853568 14704339
39237508 12184158
39237509 12424378
746054 15413186
851406 13664340
39237510 12424407
2609376 13664351
2616058 15413248
2646776 9583187
39237511 12424416
14412471 13617942
3110276 15413304
15269045 14704364
19217445 14343523
10418421 12819842
39237512 12424429
18480756 12819857
39237513 12424438
161355 12424445
1939179 14343569
2637121 12184168
841714 12819898
39237514 14343579
15933496 9583253
20420437 12819900
20420437 12819902
14988074 15413476
11921396 14343587
22387815 10037847
12375000 13664401
18495282 12424504
12651337 14979171
860360 15413609
2634308 12424528
1339511 12424535
18480453 14373425
18493753 12424543
39237515 12424550
2616189 15413673
18516830 10037848
500409 15413684
11422920 14343656
2639130 12819947
16392096 11812171
2357458 12424628
39237516 15861963
39237517 13664482
832882 12424654
10213653 16417145
832568 14373764
39237518 12424671
1059568 12424732
18493646 13818670
3989245 14373988
39237519 16417197
831100 14373992
10418357 16206207
11368607 12424854
10212835 13818708
2615092 9583742
13649334 12424862
16501980 13818715
11398023 14374007
39237520 12424881
108741 13818727
10372135 14979178
39237521 12424893
5134962 12424930
2732808 12424950
39237522 14374015
1130404 13818759
19217142 13818778
17123376 16062870
11369666 13818787
39199653 14374031
11376609 12425001
11389920 12425007
11369876 14343866
17123385 12425011
11384266 12820024
11372220 10037890
4461013 12820032
19217715 14374048
22387701 12425057
39237523 15861980
12635483 13664684
11393342 14343895
272645 13664686
39237524 13664690
529807 10037901
18502169 12425080
16392017 16206283
1751849 16417250
10203810 14343927
15427532 12425094
39237525 12425098
10271077 12425115
12639928 14343953
39237526 9584002
240123 12820058
22387566 14343954
18496035 12425136
11403080 12425140
488127 12521174
138599 12521176
31079644 11812202
836698 12425155
2646734 12425156
10439438 12521186
1072070 12521187
11387402 14343964
39237527 12425163
757151 12184278
39237528 12521192
11871767 12425166
39237529 9584076
39237530 12521199
242622 12425175
135894 9584084
12629843 12425194
18486035 12425197
39237531 12521206
11358007 14343968
22439060 12521226
13652823 12521247
39237532 12521249
10165902 12425233
11380925 12425239
39237533 12521255
39237534 12184287
39237535 12521257
621853 12521260
39237536 9584110
18076223 12521270
17175681 12425250
12624410 12425261
18498771 12820103
3777112 12425265
18433724 12425280
115713 12425288
10218839 12425301
39237537 12425309
15217592 12425313
39237538 10037922
394916 12425319
9485803 12425321
18458925 12425324
19217812 12425326
11921358 12425327
1018399 12425334
11923472 12425339
4936214 16065468
18468640 12425365
39237539 12820124
95908 14344016
39237540 12820129
39237541 12425376
837802 14374114
39237542 12425390
22420892 12425398
1494477 12425410
3230278 14344036
22430108 14705708
18486070 12425418
22370059 12425421
37275093 12425425
18494637 14344045
2731346 12425431
39237543 16066175
661630 14374131
2627906 12425457
18495735 14344078
11839307 14344079
22389731 12425477
39237544 12425479
39237545 12425482
39237546 14344090
2638882 14344093
1173766 12425498
860006 14344097
39237547 12425504
1019851 12425517
148101 12425519
1606857 12425521
10166417 12425522
173777 12425527
39237548 14344108
832576 16417314
2604462 12521309
2656518 12425543
840735 16067261
20577281 12425546
30272233 12425547
15005095 14374147
39237549 14344114
949186 14344116
14472762 16067301
9526255 14705807
7812550 12425549
7493615 14344117
1670139 12425553
6842760 14344124
3881958 12425557
11422749 14344126
11422745 12425560
2698027 10037929
18493750 12425567
2631642 9584165
840737 14344131
840741 16417330
840912 12425581
2603853 16417331
3908048 14344136
840914 14344139
2607999 14344141
840890 14344142
840916 12425591
852790 12425592
16528260 10037932
840918 16417337
840910 9584169
2603850 12425604
1019849 12425605
22420764 12425606
39237550 12425608
2616067 12425609
1907139 12425623
10426019 12425637
19217403 14344170
11892321 12425661
843587 12425670
1019904 11812223
12518471 12425674
834148 14374163
14292244 12425677
1019962 14344182
22445379 12425685
18495206 14344183
841635 14344193
12117548 14344197
2649707 12425703
12119054 12425704
840745 12425705
859409 13617988
11430928 13818816
17123520 12425709
39237551 14374174
39237552 12425716
493652 12425721
7493275 12425723
859151 12425724
39237553 14344225
10419475 12425734
10419474 12425739
39237554 14374186
18495202 14374188
25941400 12425758
22405813 12425760
2605271 12425762
859240 12820194
1108996 16417370
2646124 12425765
840944 14705906
10171483 12425768
39237555 14374197
859520 14979184
840920 16206423
2614511 14374198
841187 12425772
854412 13618000
17057482 12425778
39237556 12425779
2649558 12425780
10165334 12425782
18460103 12820201
11919436 12820217
39237557 10543052
12387694 13618032
10586110 10037954
12520097 14344371
1020060 13618045
1808583 12425999
729506 10852063
1336585 10852064
18428839 10852070
246329 10852075
849925 9584223
2603877 10852076
2603398 10852080
18493649 16417463
39237558 10852082
2744681 10852084
3895095 14524379
6843919 10852085
2605280 10852086
864311 14344392
2634274 16417465
832572 10852092
22436420 14374270
39237559 10852098
22387897 10543120
11368815 10852102
11389861 10852103
11392084 10852104
10444059 10852105
2600620 10852110
11839413 9983416
13648861 10852116
2063054 13618059
39237560 10852125
2633986 10852127
15102324 10852129
832886 10852133
849955 14344404
10431542 10852136
859425 14344407
16393282 10852142
18098465 10852147
1436369 14344413
10170627 10852160
11919423 15861995
39237561 14344419
12629845 14374286
39237562 16417473
2646930 10039235
10175063 14374295
857163 13618066
860243 16417483
15310303 10852202
11431002 16417484
508864 10852207
39237563 10852226
2638423 10852229
3884511 10852230
859524 10852236
11403326 10852239
36851819 10852260
10439449 10852261
11411304 14374303
19217490 10852276
593331 14374309
18480571 10852293
2649135 16417505
318226 13618080
1162480 16417524
2691321 14706071
39237564 16206558
1546184 14374354
18502170 9983475
2430356 9983477
419157 10852341
764642 16417554
39237565 14374361
1578734 16206613
18486073 12426018
11923441 10852412
18437468 14374403
39237566 13664819
39237567 14344642
1943558 10852501
11423069 13618140
18480469 10852511
39237568 10852516
3592840 10852517
11381145 10852541
11926283 9584301
12635067 10852556
11665358 10852568
39237569 10852570
11432793 14344696
11392556 10852585
11424568 9584306
2708551 14344708
11362013 10041651
29184024 16417718
834301 16417720
2609405 16417721
11383180 14374439
1802780 14706193
19217800 14344787
39237570 12820326
15758614 14344788
1337768 16417772
18486006 14344835
39237571 14344856
1453024 14706216
597748 14374478
1376958 12820343
11873455 16417824
12517898 16206705
11839300 14374508
1600954 16206719
718444 10852673
373105 10852693
39237572 9584362
633146 16417878
19217484 14344941
11378295 10852781
18437635 10852797
10209207 10852798
22387595 10852799
719889 10852803
22478580 10852815
39237573 10852822
37273658 9584390
16393391 14706288
39237574 10852845
11364974 14706297
11384043 10852846
3629454 10852849
22401283 10852856
39237575 10852862
612790 10852869
606586 9983879
10417231 16417907
18494611 10852885
1089252 10852890
1450913 10852902
18472239 13618216
1601347 9584399
39237576 10852917
2614492 10852935
22453680 10852941
39237577 10852944
10256532 14345009
154065 10852976
2645375 10852980
2613905 10852981
19217725 14345022
10171332 10853022
10200289 10853027
1483799 10853030
31287003 10853039
2693510 10853049
12682775 10853056
39237578 10853065
445056 13618219
1019853 10853079
21913438 10853090
11417038 10853091
2629169 13618222
11395881 10853094
22172419 9984107
2670602 14345062
11402890 10853098
11376343 10853099
11378398 14345065
17123226 13618224
15029412 13818824
1072288 9584429
2619028 16206778
225695 10853109
11926254 16417953
852692 14345081
256429 10853134
177741 13664876
222259 10853144
10882671 10853145
288357 10853164
375675 16206795
39237579 16417971
39237580 13618229
18495373 14374580
3888425 12426045
159496 14345102
16394049 15789277
10210352 14345104
11847307 14345113
15326615 14345118
2635988 10853189
39237581 10853197
11839289 10853207
3887357 14345127
2614558 16177465
2645723 10853222
871559 10853226
3888437 14345134
1825686 10853228
794559 10853230
841219 10853231
18498872 10853255
832738 14345156
39237582 14374598
19217681 10853262
22375564 10853268
14796720 10853274
11891182 10041702
11432703 10853277
39237583 10853282
22446167 10853286
18495026 10853290
39237584 10853291
10881708 10853294
22385953 10853314
11923435 10853318
10418446 10853326
22469080 10853329
19217483 10853336
11921802 10853349
11863031 9584476
39237585 14345184
39237586 10853359
288287 10853360
39237587 13664891
18479715 10853362
672377 10853367
206400 9584478
10439536 10853369
18478759 14345192
12634918 16177491
15102511 14345199
39237588 10853392
22387434 10853408
11422551 9584484
15739005 10041707
17123235 9584485
11422399 10853426
11411188 10853427
39237589 10853430
18463920 10853434
39237590 10853442
18495280 10853446
18493749 10853473
39237591 10853474
22430756 12184322
12659588 10853480
39237592 10853483
3780905 9984169
14832023 10853488
5169560 10853497
4860558 9984173
22385904 10853516
10205584 10853522
12520083 13618251
2259902 10853530
15228535 10853539
39199520 10853554
10171346 14374621
2632757 10853583
781588 10853589
832602 10853592
313991 10853594
10220237 10853596
10425192 10041712
118333 10853616
39237593 10853633
39237594 10853636
11389709 10853640
11365165 10853647
11422592 10041714
11371500 10853653
39237595 10853655
11380797 10853672
2207878 10853674
11890667 10853686
1545728 12184339
11397889 10853704
11397893 10853705
21555553 12184340
11378419 10853710
471335 10853725
18493817 10853726
11847146 10853761
11848925 10543483
39237596 16418091
2605492 10853825
2612766 10853832
842286 10853833
2633883 14345260
2612545 10853836
22387366 10853838
840519 14345265
256507 10853842
2632672 10853853
39237597 10853860
17123303 12521314
2631512 10853870
2603340 10853872
2739961 9584537
11376453 10853879
295681 9584540
837307 14345273
1955472 14345275
39237598 9584546
10421231 10853909
39237599 10853913
10171157 10853917
863712 10853919
11376449 10853921
11376447 10853923
22430898 10853925
22454220 9584550
11921801 10853948
508103 10853955
39237600 9584554
2615347 10853972
39237601 10853974
11847148 10853980
836907 10853983
1535277 10853998
11422649 9984188
10165970 10854021
39237602 10854022
39237603 9984195
2645902 10854035
1394694 10854041
39237604 10854046
2639585 10854061
39237605 10854072
11384385 14345325
36853152 16418128
39237606 10854109
2616097 12184367
864559 10854131
2628738 14345336
1019856 10854155
841239 10854174
2641345 10854177
30712102 14345349
3943275 10854182
864409 10854185
5139520 14345352
3969160 14374648
39237607 10854193
844196 10041751
844198 12184393
837031 10854200
3110603 10854219
1419329 9984246
39237608 10854244
1292111 14345387
11378510 9984262
11378506 10854245
168970 9984266
39237609 10854249
21914141 10854251
11921894 14524539
11389127 9584593
2689424 10041757
11357834 10854291
39237610 9984272
2626982 9984274
39237611 10854304
11424203 9584600
11424199 10854318
2616195 10854329
1660932 10854332
39237612 10854335
39237613 10854341
2614188 10854343
39237614 10854345
997146 9584615
18479951 14374680
2614194 10854488
2614930 10854499
18460327 10854502
11858041 14345436
1481954 10854517
10425247 10854529
10419048 10854538
291260 10854541
16401504 9584645
18485252 10854584
39237615 10041773
39237616 10854603
329054 10854607
39237617 14706915
1312970 10854657
11919418 13618315
11424773 14706927
12681358 10854689
2706723 14374698
17123395 10854692
11871954 10854700
190401 10854703
11391167 9584658
27803816 10854709
2600892 14706941
2629176 10854712
39237618 10854713
30990087 10854714
2635644 10854716
2600909 13664921
30256355 10854719
14796775 12426077
16525286 10854720
15619732 10854728
2628423 14524566
2698039 10854730
5131928 10854733
840816 10854736
2637126 10854739
861485 10854740
2629040 10854743
2629705 10854745
860340 10854746
39237619 10854747
2641710 10854748
3949801 9584668
2633443 10854754
2634278 10854755
2680973 10854756
2009413 10854817
1880606 10854855
39237620 10854897
458590 14345491
22476917 10854931
413345 10855018
203537 13618340
11919462 10855136
3654392 16178006
39237621 10855300
22400074 10855304
714087 10855313
15972245 13618359
598815 10855354
18463585 14374756
26258100 10855504
1543501 10855535
871227 13664957
39237622 10855566
714954 10855588
19216038 10855780
22404870 14345641
11847306 10855845
10439644 10855878
1412559 16418586
2609980 14707373
458071 14374803
12666938 14345802
1886923 10543887
487985 16418684
39237623 16418724
234787 16418839
11872403 14345887
11893466 13618644
409055 14374929
1280994 14707593
22431204 9585011
39237624 9585012
114607 14345961
11421541 9585014
1562728 15789581
39237625 14345965
39237626 12521345
11999549 14345971
11429980 14345972
22420903 13618709
174560 14374985
39237627 13618710
39237628 13618711
39237629 14707622
39237630 15789583
11844274 13618712
11898438 14345976
11893407 13618714
39237631 14980635
39237632 19093360
39237633 14524832
11891915 12521346
22369589 12521347
18485214 10041873
21796560 12521351
11919249 12521355
1994112 14345979
39237634 16419056
11891360 16178439
10206904 14524845
576708 12426133
15009541 13618730
668511 16419071
1089731 13618740
854352 13618744
2641202 14345989
2641204 14345993
1017761 14345996
39237635 14346000
12217843 14346002
12629771 12426135
39237636 16419081
10166514 9585037
39237637 13618757
18044256 13618758
315960 9585042
209310 14346008
39237638 9585044
729291 14375022
7862437 14375026
22428728 14375027
15992793 14375031
1873004 14375034
849869 14375037
11921752 14375042
39237639 18141993
1849163 14707663
2015968 13618769
22356567 9585053
12629728 9585054
12651555 13618770
39237640 14346019
3883531 14346023
22429961 15789610
11427100 14346025
12649755 9585057
39237641 10041879
12650740 9585063
22420846 16186843
22420847 14375061
39237642 18142017
39237643 14524885
39237644 14375070
39237645 16207357
2600312 14346029
15584360 10041882
36852583 14375077
22370671 10544046
39237646 16419135
39237647 14346034
849905 20994661
483756 14707686
2089894 14707688
22389225 9985333
815419 16419164
30255572 14707694
19217220 10544053
1090124 21036847
1064554 16419178
39237648 9585094
2672556 9585095
11786725 16419190
16521733 9585100
150485 16419194
832251 14375124
5139700 16207382
12649058 14346045
438563 14346047
106357 13818833
10433880 14346077
11371923 14346082
136382 9985356
12517447 14346089
9529838 14346097
11376195 13665062
1153941 9585120
11414310 19093366
39237649 10041896
15009576 12426172
11397484 16419236
11400314 12521367
11407663 15789646
11397619 16419240
10439338 16419247
12659756 14375164
11422273 14375182
11422269 14375183
226555 10041899
11921889 13665065
39237650 9985437
11357687 9985451
11357689 9985457
2600718 19093378
2600722 12184537
9464495 9585178
11891005 16419296
11394682 10856001
23929588 10544139
1629881 10856025
3923049 10856045
2654306 10856053
1946223 10856078
2663228 10856088
11400014 9585227
2617984 9585228
39237651 9585230
2600816 10856105
2702924 10856137
39237652 10856189
502073 10856190
22387362 10856209
2635258 12184578
666790 10856221
14988066 14346140
9486235 10856224
11839445 10856226
10271088 9985703
15124699 10856232
11399881 10856239
12650894 10856250
2661271 9585261
210092 10856256
39237653 10856263
329993 10856270
615985 16419425
39237654 10856295
30624192 10856303
845956 10856306
859180 16207458
39237655 10856312
2684127 9985754
1072018 9985762
22421846 10856330
497876 9985797
39237656 9985814
39237657 9585280
280964 10856339
39237658 10856343
22479566 10856355
16213159 9585288
11371760 10856360
39237659 10856375
39237660 10856393
1546482 9585298
920818 10856414
16010789 10856416
6838128 10856420
9529684 10856427
1829478 10544213
1668592 10856438
544972 10856440
506814 9585306
18494603 10856443
39237661 10856445
833497 10856448
18459319 10856451
10204124 10856453
39237662 10043466
22420944 10856474
11383196 10856495
17254150 9585318
11357444 10856539
11919429 10856547
1309722 10856578
2600722 10856580
2715231 10856585
10370941 10856617
31072606 9985834
10433225 10856627
11390083 9585338
2746271 10856641
11355331 20836726
11424038 10044106
39237663 9985852
11422110 9985856
1430358 10856655
985479 9985873
11390178 10856674
39237664 10856685
11410699 10856688
1291592 10856698
39237665 10856708
1872460 10856718
9529524 10856740
1352458 9585363
39237666 10856750
11380934 9985889
11400176 10856761
39237667 10856772
2600890 10856787
39237668 10856789
16216859 10856792
11391063 10856797
18446209 10044838
39237669 10856814
39237670 10856835
39237671 10856839
18494613 10856845
39237672 10856848
517441 10856850
10426011 10856854
1019958 10856858
2617868 10856859
10422691 10045052
39237673 14346200
18472301 9986150
521772 9986158
15117784 9986176
21900866 9585379
17122717 9986271
39237674 10856910
12213729 10856921
22387603 10856929
10206581 13619478
10439430 9986369
22420816 10045168
1939312 10856955
11432175 10856972
10213473 10856997
11432171 9585399
717243 9986535
39237675 9986551
39237676 9986603
136186 10857014
39237677 10857021
11355132 14346227
11923431 14346230
3383693 10857040
1885911 14346233
11397325 9585427
10439431 10857075
1557097 10857080
1019364 10857084
844739 10857085
39237678 10857090
10439581 10857113
22430011 10857114
39237679 9986920
12679302 9585457
3648883 9986949
6844199 10857174
841537 9987003
10423607 10857189
10407227 10857192
39237680 10857195
15195684 10857196
11923470 10857229
10205963 10857240
1295762 10857249
2031590 10857257
18493814 10857259
10212469 9987275
11372426 9987283
18428830 10857340
18493784 10857518
304652 14346284
11888872 10857521
18458807 10857522
416996 10857529
100649 10857533
1917386 10857538
2328026 10857545
135330 10857549
16399693 14377732
852802 14346293
2636197 9987422
2611869 10857560
39237681 10857566
39237682 10857568
39237683 9585549
22370315 10857571
18615118 10857572
36746417 10857574
39237684 10857579
39237685 10857582
18495203 10857585
11836938 10857592
39237686 10857593
2603054 10857601
23916510 10857604
860544 10857605
7494563 10857606
39237687 10857612
836038 16207555
15009488 16419632
2613739 16419634
844398 18401219
18494572 14377880
1153042 14377881
39237688 14377883
39237689 9585554
10879652 9987450
11368526 16419636
39237690 22689088
12664500 16207560
39237691 10045201
7483795 13619670
11914528 14377920
10251122 14346306
39197785 14377924
3881390 15862165
18056187 14346309
15310854 9585559
39237692 14346313
1664292 9585560
12635226 14346318
12650773 14346320
39237693 19093423
18494612 14346321
22430044 14346322
1016878 14346329
1064552 14346333
860454 14377936
2657236 14346335
837393 21080027
15030347 19093428
15009531 13619702
10684082 24085346
2600244 9987472
13787028 9585564
1018910 20836734
831792 20995116
2606558 22821695
12650763 18142683
2725145 18142689
6837979 22689454
39237694 21033295
2600244 21080032
17039125 19093432
39237695 9585568
39237696 20836735
22385849 15862166
39237697 9987512
832612 9987516
22387702 20830060
3352354 14378115
2544362 19093435
39237698 18401224
22385952 19093438
156953 16207578
2270976 14378141
12191226 9987524
1659927 14346344
11354919 9987536
39237699 14346345
39237700 14346350
39237701 14346359
2599478 20830061
39237702 13619722
39237703 16207584
852706 20830063
1659863 14378245
39237704 14378251
2599481 16207587
18485944 20966117
18498286 12518023
628114 10045212
809308 10045213
18494643 18142707
1967605 19093448
1510036 9987550
12665202 20934685
10588179 20830064
854300 16179022
1290856 16179027
15009516 16179038
15242343 20830065
227582 20830066
1489077 13619751
7493548 14378388
5133243 9987554
39237705 9987556
2651201 9987560
16794442 9987562
39237706 10045216
840003 9987564
10426668 14378442
2634628 14378459
841827 21080053
39237707 14378464
2646549 19093453
2603257 19093454
844325 13619758
10173062 14378479
12187129 19093456
12188277 9987566
3774440 9987568
15029253 9987570
11354912 9585584
2647847 14346364
18485945 14346377
1920973 14346379
17330088 14346385
832531 14346386
861724 9987585
3781846 9987587
1064378 24085351
17028692 14346393
30253150 14346396
2600099 10045218
39237708 14378593
22365669 20830073
30253160 14378604
2644470 14346402
855775 14346405
316174 14378629
36862346 15789820
36862346 14378631
39237709 14346413
135162 13619769
2599507 9987597
362127 16186858
39237710 9585592
31005456 9987603
30277914 9987605
39237711 9987611
2085449 14378677
5132899 9987617
15825946 14378682
1283573 9987623
1064523 14346417
1064523 14378696
2599868 16207605
2599602 20830078
2634963 14378706
30290549 13818836
13648012 19093463
2599874 19093464
15029370 15862173
2599872 14378758
2648487 14378759
39237712 20836744
30290581 16179067
2639038 20836745
2634975 14378770
12629724 14346420
39237713 18401233
323166 14346429
494186 14346430
11455103 16179092
10433881 14378838
1544371 9987654
431561 13619798
1605286 14346459
3308226 14346461
1659068 9585602
1818774 14346473
39237714 19093474
834293 13619805
11389975 14346484
31025156 14346485
2610489 14346486
477488 21080084
2644290 14378997
14796531 24085356
2660843 18142747
5177585 14379015
14708653 17418311
11364872 15789846
11364876 17418317
11923491 19093486
1491355 21080093
39237715 14525155
21890705 16179112
15009579 19093489
15006088 14379053
39237716 19093490
1091701 14346494
860318 14346496
323535 9987680
3774122 9987682
221377 9987684
843487 14346505
11397237 13619829
832725 14346513
7746484 10544502
858338 14346537
1303668 9987707
1106987 14379164
30254379 14346556
10165735 14346558
2702119 14379170
1816996 14346562
39237717 14346564
1016449 14346566
122471 14379192
1620516 9585617
39237718 16207642
14604294 14379218
860728 19468232
30254465 14379242
11407349 19093509
11368528 14379272
11476553 9987735
11368597 9987739
2629179 21080106
2634477 14346598
6862321 14346599
10204879 14346600
2624454 14379349
39233789 14346608
15764218 10045233
6835703 19093519
18495907 13619881
14795974 21080115
15758057 14525162
1654674 15789867
39237719 19093523
2599524 19093525
853713 18401239
39237720 15789869
230236 14379414
12635017 14379419
840631 15862182
219501 14379434
39237721 14379470
15949262 14379474
39237722 14379475
39237723 16179183
15029033 14525166
37107607 21080123
6316361 14346630
39237724 16179189
246393 18401245
30940031 9585637
39237725 14346637
2656458 14346641
16578505 14346644
21878503 14346645
861618 14346650
2599568 14346659
39237726 10045239
18437623 9987775
2599580 9987777
39237727 9987806
738841 14346681
12640533 19093540
11847134 15789877
11923724 9585648
10425141 10045245
11876596 13818841
18437445 14379816
22387718 19093544
297693 21080132
427056 9987810
427210 13619909
483722 16186863
98988 9987821
2634748 9987833
852816 16179226
10590514 16207674
1091671 14379887
11863239 14379893
21855607 20830095
230246 19093551
11853355 14379903
683753 10045251
16225877 14346699
22357722 17164360
21907348 14346701
5131828 14346702
845819 14346703
11389972 14379927
18493813 20830098
2618183 18401250
39237728 14379940
5131841 21080141
18494559 20995244
5136675 13619932
2618240 13619933
1071994 20830103
633866 16207682
682678 10045255
12650776 16207685
39237729 20836758
137159 16179271
10206694 15862191
847998 9585674
276354 16207696
10200457 14380021
837550 9987843
10686692 16186866
39237730 20830105
10882532 13619946
18437616 14346709
10591103 14346710
1278690 14346711
36856174 16207709
12621046 14346717
234473 13619950
10420372 14380083
2630634 14380084
30253563 14380099
157983 14346727
10217381 10045259
10426788 10045260
1660337 10045261
19699958 13619954
22387741 14346741
22385928 14346743
39237731 14346746
9531448 20830108
1018397 9987866
1554715 9987871
859399 14346767
18486485 9987887
2634836 17338946
30743801 14346770
2599380 9987891
10165233 14346772
9557587 10045263
10591187 20830109
2634128 20830110
39237732 14346777
2599759 9585692
2599761 14380239
5134479 17164366
842759 15789902
5139905 16179306
36697013 14346781
11399692 14380268
841385 14346785
5139226 10045265
840814 20830115
39237733 19093572
39212041 14346787
15309045 13619971
860334 13619977
832680 14380306
286503 13619978
3687867 20995264
39237734 14380325
16223382 10045267
11926214 19093581
4237680 20995272
11872344 21809137
12629770 13619998
22387015 9987977
10212121 14346813
39237735 14346827
39237736 17164372
10219993 13620007
11923467 20995278
188334 14346846
39237737 16186875
12624586 14346853
730332 9585709
11371621 10857626
16392472 9585710
14918011 9585718
837685 10857670
10251124 10857674
2660602 10857679
2634930 10857680
16524939 10857684
18495928 10857686
10212248 10857713
10424307 10857722
39237738 9988035
508986 10857725
11423915 9988057
12656471 9988065
39237739 10857745
10485251 10857765
2683533 10857768
3513229 10857772
39237740 10857777
2635108 9585739
2638506 10857790
30254698 10857791
2624476 10857792
14443046 10857795
840972 10857797
2649478 10857798
10591220 19476019
840896 10857812
10217701 10857814
840898 10857815
844029 10857816
22407848 10857818
162697 10857835
15030004 10857836
2600136 10857861
1661402 10857866
3885843 10857869
2600142 10045295
11365688 10857889
30254837 9585753
18482694 10857897
1089256 10857914
11847177 10857921
154818 10857922
422194 10857923
15477566 10857941
39237741 10857956
11921835 10857965
10439178 10857968
39237742 9988122
743325 10857971
864328 14380974
2635033 10857974
852440 10857977
840689 10857985
11898648 10857994
21492554 10858002
10210071 10858014
2635042 10858024
1152881 10858043
1072002 10858048
11399792 10858049
11873302 10544597
11880943 12188743
820939 10544670
12646057 14348682
1332514 14387178
1302749 14527908
11919290 14527911
18494451 14527914
363269 9586503
1982663 9989966
39237743 14527985
1342321 10048293
3462494 14388012
378235 13623314
10568969 14349128
16400955 14349136
410116 16180390
39237744 16422212
477290 14388802
15439847 14388803
10418544 14349285
39237745 14349288
10419814 14349297
249292 14528254
39237746 14528256
22387703 14349306
1092445 14528261
662466 13818870
39237747 16186989
16391199 14349313
39237748 14388841
202433 14528266
12645814 14528267
11919370 14528268
11921453 14528269
10420232 14388862
11893406 14349314
10370912 14528279
39237749 13623395
12649714 10048321
39237750 14528282
39237751 14528284
34036567 14349326
11891179 16180519
252331 14528288
461769 14528289
39237752 14528291
11847287 23173274
15986755 13623404
10203487 14349334
22369765 14528301
11823171 14528302
16391200 14388918
39237753 9586602
39237754 14528305
22387397 14528307
34056478 14349341
39237755 14349345
18494583 14528313
22420703 14528316
39237756 9586606
39237757 9586608
16275405 14528319
39237758 13623413
22376540 17164757
11926277 14528320
245427 14349361
11923704 14349366
15307478 14349378
11847170 13623418
39237759 14528337
1299655 9586616
12629870 14389049
39237760 13623420
1314367 14528342
39237761 14528344
39237762 14389070
1372097 9990561
1881360 9990567
39237763 10048325
10418546 9586619
39237764 14349389
10590323 13623425
19217233 14349405
39237765 14528352
10431485 14349406
39237766 10048326
11921786 10048327
22380016 14528354
18493674 13623428
39237767 14528355
22370999 9586622
39237768 13623429
15938649 10048328
39237769 14389119
10418547 14528360
18472159 14528364
11923476 14528366
16394674 14528369
18495221 14349420
16400961 14528375
1382762 14349423
39237770 14349424
18494464 14349432
22387159 14528377
3723157 14349447
185318 14528388
11921454 14349449
30625472 14349450
1888240 16187005
12632480 9990600
1478541 12518377
482880 14528404
11382061 14528409
11919454 14528412
11863027 14528413
1064607 14528414
12630442 14528417
10439309 14528418
18495983 9990608
18498902 9990614
22387160 13665184
10215388 14389364
6844764 9990643
192607 13623451
15938779 14528446
22370310 14528457
22473163 14528459
22447911 19481740
22370224 14349506
18472160 12518382
18494621 9990655
18472161 16422395
12520525 14528464
22429337 10048333
18494459 14349512
39237771 14389460
11891921 13623457
10418548 14389465
39237772 14389480
22462038 14389485
1090490 16180631
2607004 14528466
3887360 13623459
10423528 14528468
862512 14528469
862516 9990665
591824 9990669
11921458 9990675
5142617 9990681
18460404 14528473
39237773 14389522
22380382 14528476
15984820 14389532
139371 14349520
39237774 14528482
441660 12518390
2026633 14528485
28686805 14349526
39237775 9990688
12650488 14528491
39237776 9990692
10439457 14528494
39237777 14528495
509795 14349533
10210383 20999881
11891620 14389614
10217674 10048342
11921806 14349551
11923512 14528510
589328 13623477
508726 12426894
10310879 14528517
39237778 14389649
39237779 14349561
39237780 13623478
22387727 13623480
18493764 13623481
1596565 14349572
39237781 14349576
39237782 14349580
18456220 14349581
39237783 9990722
39237784 14349582
39237785 14349583
22369598 14528536
669477 14349591
180293 14349594
1661135 14528537
39237786 14349605
11834400 14349611
15926480 14528545
37274384 16180725
22472316 14349617
10207604 13623493
39237787 14528549
22389838 14349621
39237788 14528554
4012368 10048347
39237789 16208177
22389839 14349624
19217735 14349628
12635004 14389756
19217734 16180733
22387728 16180735
19217736 14528557
19217765 14349635
22367999 13623498
725469 14389770
39237790 14349641
19217413 14389775
2139284 14349643
18494119 13623500
22452979 13665190
39237791 16422486
1291787 13623501
12629760 13623502
18480479 14349650
11919292 14528565
39237792 14349652
12629761 14349653
39237793 14349654
22377811 14528568
39237794 14349658
509211 14349664
10418549 14528570
1928889 14528572
1291160 14528573
16400962 14389845
2206900 14528576
18494584 13623505
39237795 14349673
11876748 10545196
12634891 14528578
39237796 14528579
15310855 14528580
18472162 13623507
19217236 14349683
22462237 10545199
39237797 14528588
12634993 14528590
481580 14349694
3152109 10545202
39237798 16422528
12650835 20972413
2715061 14528610
10240100 14349735
39237799 9586717
39237800 14528625
22387607 14349737
10420576 14528628
11847172 14349742
18495135 14528631
39237801 14528632
39237802 14528633
10465937 13623519
39237803 14349753
22369583 10048352
39237804 16422558
11921461 16180793
10370898 10048353
39237805 14349777
2607116 13623526
2607143 14528647
10217871 14528648
19217889 14528650
10206251 21080882
10463247 13623527
39237806 14528665
22420824 14528668
39237807 14349785
2607233 14528674
39237808 9990752
2478845 14349792
2679951 10048360
7489638 14528677
39237809 13623537
18460160 9990761
12673961 14349819
39237810 14349822
11823590 14528686
15268863 14528688
17270750 14528692
10418550 14390166
19225691 9990774
112509 14349827
39237811 14349840
2660374 14349849
14574370 14349853
121158 14349854
1641786 13623543
557973 14528713
39237812 14528716
11921764 14528718
10418551 14390258
379898 14390274
591474 16208204
12642537 14528740
190417 14349869
19217414 13623562
10418552 14528745
15251882 14528746
11424056 10048369
39237813 13623564
10210507 14528756
12518728 14349884
11890864 14349885
5137473 14349887
188161 14349890
22387398 14390385
22431147 14528775
39237814 9586763
12629944 14528788
23941925 14528789
11921463 16180868
39237815 14528795
11919362 9990836
11921707 14528803
10418553 14390561
22387174 9990860
39237816 10048378
39237817 14528828
849923 13623592
15151151 14390666
18479395 14528842
11401901 16180972
39237818 14390690
12649716 14349950
438112 13623595
22400844 9990893
39237819 9990895
11921727 14349962
21886078 14349964
3311359 14528862
39237820 13623604
11377993 10048380
12661324 9990931
19217241 9586785
39237821 14390871
39237822 14390883
10418554 14390884
18486848 14390891
22387165 16422906
3850161 14349988
39237823 14349990
10419843 14349994
169314 14350006
12630574 14528907
12650492 14528908
39237824 14350014
380292 14528910
39237825 14350019
19217242 14350021
1582601 14350025
3406132 14350032
1072176 14350033
12650494 13623640
10370767 14350044
21905361 9990966
39237826 9990972
18465341 9990978
39237827 9990980
11408347 14528926
11429335 14525508
1090492 12243201
10429938 12243203
10407214 12243205
18495137 10048388
12660884 14528955
18495138 14391098
22415360 14391105
39237828 14528963
10420267 14350058
18498373 12243217
10418556 14528973
39237829 14528975
11847256 12243219
11847173 14391137
39237830 14350066
19217416 14528983
11390140 13623658
11418747 14528990
1871488 9990999
396012 9991005
11405267 14525519
39237831 14529018
39237832 13623662
18486454 17164856
18462824 14529022
22387788 14529024
10418559 14391299
209464 14529031
11404734 14529035
37295200 14529038
12667488 9991042
11367011 16422965
18456842 9991046
36850995 9991048
18427640 14529062
12191907 14529069
2622587 16208263
15919734 12243246
12649753 14525526
10317637 14391417
1064675 14529088
12166244 20755759
39237833 14391460
11377277 14529101
22382426 9991092
10418571 14529115
39237834 13623704
39196878 12243294
11424670 14350178
10590822 9586865
16507209 10048400
11359216 20756206
11383977 9991150
843959 9586883
39237835 9991194
2633828 9991196
11383981 9586889
11392897 14529183
11373049 14529184
11362109 14529205
11384323 9991213
177163 14529233
514568 13623763
1090649 14529259
11417721 13623774
1415175 10545446
11839611 12243462
11376830 13623786
3109828 14529301
10220074 14529322
12684102 14392395
11395209 10048428
39237836 10048429
3651787 13623798
39237837 9586961
572277 13623801
1092322 13623803
15773366 14529343
11384158 14529357
11391493 14350336
22468804 14529364
21905970 13623810
11404966 14529371
10215351 13623814
11402886 14351125
39237838 14351143
2685614 13624036
2706452 14351151
11369273 14351154
15946859 14351170
36852835 14351175
2427473 13624045
15968638 14394093
12519844 14351210
39237839 14351211
11357913 16181681
751400 14351246
469749 9587235
39237840 14351349
239797 14351373
1873099 13624072
39237841 14351421
1995395 13624087
1554936 14351442
39237842 10048545
39237843 14394351
810555 9587270
3119895 13624098
10570883 13665221
39237844 13624106
2700842 14394379
17219571 20759085
17214650 14351501
39237845 14351502
39237846 14530149
39237847 14530151
11422315 14351523
832046 19690486
39237848 14351533
11373750 14394444
16437993 14530175
2662943 14525780
1519093 9587292
39237849 14351559
11434962 14351561
1290664 14530183
2608085 14351617
1921270 14530200
1610135 13680806
1089713 14530207
9528515 10545825
1181548 14351641
11376387 14394547
21885163 14351650
11403206 13624146
11419882 14530222
11384482 9991802
39237850 14351659
28848110 9991806
11381936 12427395
21893839 9587300
21916123 12243589
11359531 12243591
558419 14351684
10569080 14351689
22370226 12243657
1064682 9991850
1064680 14530255
39237851 9991852
16391207 9991856
18472168 12243703
3953929 14530256
11431589 12243711
18494469 14530258
22473162 12243720
2582704 14351721
10302318 14530259
11365934 20759530
39237852 14351727
18437583 14351728
835796 10049230
840974 12243734
18496130 14530262
2641012 12243735
832650 12243737
39237853 12243739
22429926 14530263
843975 14394644
832578 14530266
5140944 9991870
852769 9587313
39237854 12243750
422052 12243752
1552670 13624177
18466450 14351741
22429346 14394658
22387177 13624179
980613 12243766
18498903 9991882
22383235 12243770
835436 12243776
11867886 14394671
39237855 14530277
39237856 12243782
675668 14530278
22430043 14530279
10168975 13624182
39237857 14530284
22387640 9991895
18495395 13624185
3230433 14530288
39237858 14530289
18434798 14530291
15127416 14530296
39237859 13624188
10423564 12243808
292443 9587318
18495864 9991911
1017504 16424053
15448331 12243814
18437584 14530305
15256397 14530307
39237860 13624191
39237861 14530315
39237862 12243824
39237863 14530324
10317634 12243831
10419250 17899147
12651323 14530333
462312 14394733
1289676 10049954
12653321 9991917
1664048 14530344
16400979 9991923
11848932 14351764
39237864 16181944
2659552 12243862
39237865 13624199
39237866 14351766
11891912 14351768
16401231 14351771
22387790 14351772
2662725 14530348
651505 12243875
10424781 12243879
10571330 14351780
2717759 12243883
10571334 14351783
2677845 14351785
39237867 9991940
1302210 14530352
10203197 14394760
22429927 14530359
12599158 14394769
18494470 12243904
11923409 12243907
15453158 9991946
10439316 14351792
22420705 14351794
36697116 12243911
1567247 14351804
3259442 14351806
39237868 14351807
39237869 14351809
417254 14351812
142375 13624208
18495143 9991971
11891937 9991973
10203795 12243929
10420589 14351827
39237870 14530362
2239394 14351835
22454987 14530363
11921728 14530366
11431349 14351839
39237871 14351840
18067062 13665233
12624860 14530368
12624861 14351841
12631630 12243940
12635266 14351842
18493679 14351844
18494121 14351850
12662055 14530370
11921797 9587342
18493680 9991981
15307479 9991985
647488 12243956
39237872 9991993
29574060 12243958
12635062 12243960
2649554 9992005
39237873 14351862
12650703 9992009
11921476 14351864
11919391 13624216
2587015 14351865
11385502 9992024
1090526 14351867
862596 14351868
10315628 13624218
39237874 13624220
2742404 10050675
11434592 12243969
17030010 14351874
39237875 14530383
173404 12243979
1616485 14351878
757880 14530389
39196886 13624226
22387402 14351891
39237876 12243995
1484777 13624228
10210388 13624229
1536075 14351894
3121207 14351898
39237877 14351900
11434006 14351903
840262 14530396
2607671 12244020
16571759 12244025
39237878 14351913
18494586 16182038
10420984 10051014
16392006 9992048
15514346 9992058
19217421 12244054
10172278 16182060
39237879 9992074
11848991 14530412
12600607 9587372
39237880 12244078
15494059 16424108
39237881 12244092
39237882 19093907
12520057 13624251
1400697 12244106
15230240 12244128
39237883 14530432
31039463 12244132
2639941 14530433
11395449 14394988
11378332 14530434
11388418 14530435
11393360 14530437
39237884 14530440
11405872 9587376
30267750 14530445
11379768 12244143
39237885 14530446
22399822 13624258
1314313 12244148
11867888 12244150
2671658 16424139
3119514 12244158
832594 19690494
607890 12244168
39237886 14530462
15996612 9587379
18495959 14351955
11919286 10545946
1501217 10545947
162115 20760285
280792 12244185
2044406 12244187
11862301 12244195
22387179 12244199
39237887 12244208
21914759 9587388
21905415 14530484
39237888 9587390
10418578 12244225
11371617 12244227
11421808 14351996
39237889 9587392
10370987 14351999
12676136 13624269
39237890 13624270
10418579 14395067
39237891 14530487
39237892 16424238
592999 14530491
10418580 16424244
39237893 12244262
1441890 12244268
39237894 14352009
11921478 14352015
18495342 9587399
539918 14530505
12661328 14530506
39237895 14530507
1721734 12244286
22414761 12244288
1064678 14530509
39237896 12244290
3961623 14352019
19217423 12244292
39237897 14352021
25949810 12244295
11456311 9587402
19217253 9587404
39237898 14395135
11366979 10051465
14819588 14530523
39237899 10051466
39237900 14530526
11368712 14530527
18456828 14530532
1088999 14530536
10420594 12244336
39237901 12244341
7141530 12244347
157069 14352052
1090326 14395168
18494291 12244357
12649719 14395175
255361 14530544
15141757 12244367
12661770 14530549
39237902 9992118
12640709 9992128
39237903 9992130
39237904 9992132
18480753 14352083
10170541 14530553
12663144 9587412
10170389 14352087
39237905 14530556
18493826 14352109
11370889 14395242
15082850 9587421
18428850 14352133
18480495 14352135
10572125 9587425
1090354 14352157
10420598 14530581
3627088 14352165
613754 9992170
11890899 14352170
39237906 12244506
39237907 12244510
39237908 9992174
18493682 14352174
18495865 9992184
39237909 14530587
22395194 13624305
39237910 14395320
11921482 14530601
16401232 12244596
3890650 14530631
858972 12244617
12628664 14530637
10439462 14530646
10418590 14530648
12669200 13624322
1692417 10546046
12666951 9992294
12643536 9992323
773823 9992363
1959222 14530662
22413286 13624333
12669803 9992381
16400985 9992388
39237911 14530668
39237912 9992396
10418581 9992398
10213850 9992400
12673121 14530677
2621934 14530678
837444 14530679
15308252 13624337
2633823 13624338
10418582 14530706
18496507 15790842
428125 14530710
39237913 16182259
10166357 9587463
39237914 14530721
2755996 14530723
12650503 16424483
39237915 16424486
15974930 14530733
11850244 14395558
12669856 16424487
2646834 14530755
12646114 14530757
1538010 14395596
39237916 16424511
11921479 13624350
39237917 21081350
16391209 16187087
39237918 9587473
39237919 12244754
11892420 16424525
832580 14352206
18495145 14530780
11921480 14352211
39237920 14352212
39237921 14395667
11926282 14395689
23953176 21157812
10418585 13624372
18496430 20997365
10167115 13624373
5136316 10051507
39237922 16182308
132966 16424542
22358248 10051509
3156369 10051510
31272390 14395715
832816 14530817
39237923 14395717
39237924 13624374
39237925 14530823
5133527 14395730
39237926 14530825
12634984 12244776
18493681 14352213
39237927 12244803
11921708 9992422
10439320 9587498
11891486 14395756
12665394 10051514
18495146 14530832
354896 14530839
1770156 13624383
18495147 12244840
948519 14530857
1091661 14530858
2641147 14530870
39237928 14530876
25948818 12244873
12639581 20761162
2025194 14530919
12665433 14395906
39237929 14530923
1820147 20761210
11919422 9992485
204023 14395931
10419871 13624414
12642538 14530946
10439653 14525845
1640907 10051540
39237930 16424606
18498914 14530954
1064684 20761304
360929 14396009
11403961 16187097
11363788 14530969
11363790 14396018
3987180 12244961
11424889 14530970
39237931 12244967
39237932 14530996
39237933 14530997
3630614 10546301
1964311 10546384
666635 10546386
277892 10546719
3304163 10546720
2026668 10546795
11906498 10546857
207683 10546870
2515645 10546871
1091100 10546930
2677747 10546937
16401426 10547108
10568743 10547228
21488362 10547762
1873238 10547795
7350497 10547947
2280076 10548085
12519360 10462092
22371035 10548374
2278616 10548594
39237934 10548617
405442 10548753
12516823 10548764
12516825 10548765
22420952 10858334
1285561 9996404
6374016 10548899
18485279 10549561
1556629 10549578
