3756903 10590231
624537 10532617
1566320 10458067
3821190 10532642
39303951 10532667
237554 10532679
39303952 10532691
1009799 10532702
1337149 9571145
15011455 10532710
15011331 10532711
360161 10532712
15011503 9571183
39303953 10532714
15011448 10532716
3854560 10532718
3854562 10532726
781168 10532752
237638 10532766
15011372 10532779
2524122 10532819
3844843 10532828
1562156 10532832
3859041 10532858
179834 10532913
3820318 10532933
39303954 10532939
3854581 9964396
1052853 10532956
3787777 9964398
3820638 9964400
3832563 10532997
15011518 10020114
3854591 10533030
39303955 10533037
39303956 10533057
39290599 10533064
15036737 10533076
1338618 10533089
22402676 10533101
3854599 10533113
176716 10533130
3854602 10533141
39303957 10533150
3836728 10533170
15011273 10533174
39303958 10533181
1641461 10533186
3827794 10533188
29496265 10020909
39303959 10533208
1349828 10533219
15011246 10533230
15011240 10533252
3796038 10533272
15339680 10533301
3815912 10533302
133338 10533321
3854641 10533359
322726 10533367
15011349 10021510
22358206 10533374
15011457 10533381
21198507 10533403
238494 10533423
1591178 9964648
30246185 9964656
3829331 10533520
39303960 9964686
22358635 9964688
1475831 10533584
1585897 10533595
36123338 9964748
15011491 10533615
3842448 10533625
39303961 9964777
3835419 10533655
39303962 10533668
1812759 10533687
39303963 10533699
3800339 9964879
618154 10458075
1338947 10533729
238638 10533749
2169782 10533778
1010031 10533790
39303964 10533800
29495885 10533812
3583427 10533826
15011613 10533836
1001339 9965023
278231 9965027
39303965 10533880
22348836 10458076
39303966 10533920
15011280 10533963
3794511 10533969
244859 10024044
430502 9965226
3816087 10534019
39303967 10534027
2165425 10534036
21196020 10534064
29496471 10534079
15011492 10534091
1057333 10534105
39303968 10534112
795091 10458078
15011559 10534133
3806565 10534160
39303969 10534185
3841400 10534198
15011573 10534202
29504857 10534216
3856387 10534241
15011449 10534267
2377471 10534281
15011366 10534297
3856679 10534315
3856679 10534326
15011477 10534336
1053820 10534346
1429899 10534347
3856811 10534370
29504863 10534395
29498424 10534409
3833225 10534427
3808299 10534436
3802668 10534448
3852199 10534449
39303970 10534465
2513541 10534471
3785289 10534487
1500163 10534501
2033605 10534512
3857959 10534520
23209632 10534526
39303971 10458079
15011367 10590416
211550 10534538
39303972 10534551
39303973 10534565
176442 10534578
774164 10534606
3854706 10026031
15011276 10534643
1053823 10534654
363113 10534655
133885 10534668
3809187 9965832
212545 9573792
3815927 10534721
234063 9573822
3794630 10534730
3861921 10534739
15011458 10534745
19092880 10534752
39303974 10534758
39303975 10534814
15011295 10534828
39303976 10534852
39303977 10534888
1749389 10534902
18938036 10534917
234889 10534931
3792259 10534971
15011450 10534987
234893 10535037
356465 10535050
39303978 10535076
718949 10535089
3815945 10535090
537931 10535104
15011263 10535118
1006769 10535146
1432066 10535172
29502137 10026047
3806081 10535196
3854317 10535204
39303979 10535218
22358195 10535219
489341 10535245
236922 10535255
1555893 10535265
15011601 10535294
22357944 10535307
18916373 10458083
1596116 10535332
3847166 10535342
409021 10535364
39303980 10535369
323306 10535378
803043 10535387
3735318 10535399
717870 10535438
307752 10535458
2311194 10535468
15011611 10535477
1004701 10535490
15011603 10535499
3841885 10535501
1344287 10026347
17171307 10535516
444824 10535536
28684860 10535547
1013852 10535555
254917 10535559
39303981 10535565
39303982 10535578
3849237 10535594
2474168 10535604
3804039 10535614
190018 10535635
39303983 10535657
2574826 10535666
1055309 10535677
39303984 10028175
1005352 10535698
17171302 10535730
584562 10535756
39303985 10535777
343660 10535789
3854583 10535790
39303986 10535802
17889114 10535815
4962157 10535820
490263 10535826
3829626 10535843
39303987 10535856
39303988 10535868
3854630 10535878
39303989 9575045
15011580 10535912
1981357 10535929
23945179 10535956
3805991 10535966
535376 10536023
3803273 10536024
39303990 10536085
39303991 10536126
39303992 10536140
1429304 10536154
39303993 10536155
39303994 10536195
302290 10536205
39303995 10536215
15011376 10536231
2137699 10536256
39303996 10536258
15011287 10536272
3855274 9966662
39303997 10536310
15011490 10536324
18916570 10536336
2213176 10536351
101373 10536360
4362571 10536391
3789745 10536392
2476813 10536421
39303998 9966705
355875 10536489
39303999 10536517
3856365 10536533
39304000 9966760
39304001 10536557
39304002 9966770
15011309 10536591
1508351 10536598
1845545 9966870
3803740 10536639
15011420 10458088
15477892 10536640
2532457 10536651
567107 9966882
219239 10536675
39304003 10536719
634242 10536736
693359 9966932
15011249 9966934
1006470 10536791
3846654 10536802
431115 10536814
3819513 10536825
219753 10536829
1573280 10536834
717221 10536847
212781 10536857
2255451 10536876
3798785 10536907
3849332 10536920
22412666 10458094
1001888 10536938
15346541 10536950
15011326 10536971
39304004 10536980
3826684 9576256
3851614 10537021
39304005 10537052
3835961 9967275
39304006 10537100
1348815 9967313
3816403 10537144
1555864 10537176
15011530 10537189
3856103 10537202
806965 10537220
606392 10537250
39304007 10537266
1474655 10537281
3820731 10537312
15011381 10537320
15011382 10537366
22358013 10537376
220179 10537388
249789 10537404
15011463 10537418
1807661 10537468
22402674 10537482
15011313 10537524
1514718 10537538
15011467 10537551
621419 10030936
3785892 10537606
39304008 10537659
39304009 10537672
206846 10537702
1591198 10537759
3846750 10537792
15011269 10537814
200484 9967685
15011270 10537834
749610 9967703
3833933 10537886
3816697 9967713
29517201 9967723
3820738 9967741
3820740 10537930
17168343 10537943
15011310 10538003
3854720 9967911
22431636 10538044
2208392 10538045
39304010 10538068
3837002 10538078
39304011 10538092
778586 10538099
15011311 10538105
395352 10538109
3844269 10538111
4859839 10538121
2574851 10538128
18938034 10538132
681164 10538192
1697412 10538222
3830554 10538234
3816968 10538262
39304012 10538277
39304013 10538295
3800222 10538341
3845162 9577638
385549 10538354
762521 10538427
3854726 9968125
3854731 10538465
700464 10538478
3841569 10538479
2295812 10032930
39304014 10538562
3805678 10538578
808555 10538603
39304015 10538615
3854734 10538625
771027 10538638
39304016 10538649
1053963 10538709
826639 10538728
1595998 10538742
1614836 10538782
1616258 10538795
22393565 10538803
39304017 10538832
39304018 10538848
39304019 10538870
3820165 10538893
3827727 10538899
39304020 10538923
39304021 10538930
401807 10538941
19093220 10538953
39304022 10590686
15011460 10538981
39304023 10539020
3834830 10539021
809516 10539030
239045 10539083
161816 10539092
3097435 10539099
22358683 10539108
2510464 10539121
24772081 10539133
15011489 10539166
15011494 10539183
489263 10539199
254733 10539212
39304024 10539299
3790636 10539346
39304025 10539356
735209 10539397
10417673 10032950
725995 10032951
3794665 10539451
766836 10032952
39304026 10539494
807474 10539520
652287 10539548
15011600 10539581
15011356 10539626
10879151 10539651
3570177 10539666
2264533 10539681
3857250 10539692
1006602 9969208
330707 10539741
10881690 10539811
3810384 10539834
3854749 9969328
3855957 10539894
1344292 9969349
15011550 10539958
3800406 10539966
1052564 10539978
23209817 10032969
29505201 10540028
2473655 10032971
39304027 10540063
3854759 10540075
3838244 10540082
2468021 10540093
39304028 10032976
3856785 10540109
15011388 10540116
2090152 10540128
29505219 10540148
3819089 10540153
3810110 10540157
15011434 9969682
3856919 10540192
22358610 10540234
22358637 10540239
3816872 10540246
22357827 10540253
15011507 10540262
3856977 10540303
2576597 10540334
22388641 10540344
1811845 10540366
3837947 10540385
15011462 10540396
3788209 10540406
39304029 10540415
39304030 10540421
15011228 10540425
15011391 10540445
39304031 10540457
29526384 10032988
391875 10540485
3842856 10540493
3817132 10540505
21198079 10540509
24769269 10540518
39304032 10540542
10167890 9970069
15011417 10540587
279492 10540594
15011392 10540598
3816128 9970191
3818971 10540623
775977 9970222
39304033 10540644
39304034 9970272
3796739 9970338
1629975 9970423
3860092 10540713
15011342 10540722
1813579 10540746
39304035 10540755
2054116 10540764
19091670 10540774
3788598 10540797
39304036 10540802
15011394 10540813
3857633 10540827
636307 10540839
741367 10540840
3097437 10540863
1486987 10540877
3859362 10540917
39304037 10540928
171914 10540934
4947488 10540943
4364285 10540944
3857749 10540985
3842511 10541034
3857990 10541059
39304038 10541066
3824405 10541072
39304039 10541083
39304040 10541105
385225 10541117
410760 10541150
15011397 10541151
281656 10541159
556106 10541203
15011275 10541216
17169838 10541238
535728 10541251
3859067 10541269
3819502 10541277
3808179 10541283
21199317 10541298
39304041 10541304
720879 10541314
39304042 9580670
15011373 10541349
152287 10541360
15011557 10541370
15011278 10458149
2369986 10541464
3818752 10541465
669916 10541468
3858401 10541473
2483309 10541475
711696 10541476
39304043 10541483
39304044 10541484
39304045 10541487
4364404 10541492
22358207 10541494
23959067 10541495
39304046 10541498
808972 10541499
2201862 10541500
3191597 10541501
29505408 10541502
15011451 10541506
39304047 10541507
39304048 10541508
1010569 10033039
39304049 10541511
15011365 10541512
39304050 9580886
3831708 10541519
39304051 10541520
131364 9971557
15011482 10541524
39304052 9971559
15011528 10541535
3875480 10541563
1608661 9971565
2213806 10541596
15011412 10541622
39304053 10541630
39304054 10541632
810595 10541649
259054 10541660
3854792 10541682
39304055 10541709
2226092 10458157
22359041 10541749
17167274 10541762
438565 10541768
3797940 10541795
3751254 10541806
239441 10541817
287906 9971993
3817472 10458158
1015347 10541843
2574861 10541855
39304056 10541867
2201929 10541892
136625 10541905
674072 10541917
22358125 10541932
39304057 10541944
466949 10541954
3820028 10541968
15011478 10541979
15011374 10541988
39304058 10541995
1549060 10541996
39304059 10542000
440095 10033058
1053878 10542001
3794191 10542002
2531106 12183993
1312121 10542003
3854795 10542005
15011229 10542006
1051948 10542007
2576147 10542008
39304060 10542009
39304061 10458163
39304062 10542010
2576008 9972613
39304063 10542015
39304064 10542016
12656186 9972627
15011403 10542017
1381705 9972655
1054234 10542018
15011589 10542022
39304065 9972699
356897 10542023
39304066 10458168
3788303 10542027
7741256 10542030
39304067 10542031
36129645 10542032
3840088 10542033
39304068 10542038
215764 10542042
1529277 10542043
816742 10458169
15011272 10542045
39304069 10542046
1807026 10542047
3854805 10542051
104669 10542052
15011256 10542053
39304070 10542055
343676 10542056
39304071 10542059
359185 10542060
3854814 10542061
3833459 10542064
15011248 10542065
3828332 10542067
39304072 10542068
1479639 10542069
3859079 10542071
39304073 10542072
215796 10542073
1009156 10542075
11993972 10542079
3854835 10542083
39304074 10542084
39304075 9581303
4140657 10542087
1192541 10542088
39304076 10542092
711144 10542093
1534543 10542094
10479469 10542095
2229652 10542096
3820622 9581322
39304077 10542098
39304078 10542099
39304079 10542100
39304080 10542102
29505860 10542103
29505862 10542105
15011294 10542112
23209792 10542114
129577 10542115
3835277 10542116
700512 10542117
39304081 10542119
3807431 10542120
39304082 10542121
15494058 10542123
39304083 10542124
640355 10542130
15011466 10542132
3671616 10542133
29506023 9581409
1922202 10542134
22466494 9581413
3854881 10542138
39304084 9974465
2576127 10542142
39304085 10542146
1013564 10542147
18919636 9974681
29506146 10542150
21198115 10542151
1339086 9974806
720877 10542157
29506134 9974950
1711186 10542159
240185 10542160
15011241 9975058
39304086 10036709
3854891 10542162
15011564 10542163
15011577 10458182
2343039 10542166
39304087 10542167
176720 10542168
39304088 10542170
3835667 10542175
39304089 10542176
2229622 10542177
240203 10542178
39304090 10542180
3854908 9975298
15011281 10037388
3856569 10542186
205167 10542187
4912033 10542196
39304091 10542201
22402684 10542204
15011285 10542205
3854915 10542206
29506332 10542208
756134 10542209
15011594 10542212
820367 10542213
3854920 10542214
15011456 10542215
39304092 10542216
39304093 10542217
39304094 10542218
3818951 10542219
15011574 10542221
2574891 10542222
3820152 10037682
3839829 10542224
15011529 10542230
2574900 10542232
15011540 10542235
12669750 10542239
3741959 10458190
3799970 10542245
3828526 10542248
3838149 10542249
4865493 10542250
3793979 10542251
21197064 10542255
2577114 10542256
216378 10542260
216380 10037692
497467 10542261
267060 10542262
39304095 10542264
39304096 10542268
240793 10542269
1015720 10542270
39304097 10542271
276963 10037696
1351912 10542272
3843709 10542273
15011410 10542274
3808055 10542275
3823181 10542277
3837971 10542281
1659704 10542282
746974 10542283
22358001 10542286
483070 10542287
149327 10542288
39304098 10542289
3800487 9977294
386536 10542291
3827066 10542292
39304099 10542294
241197 10542297
3817631 9977421
3802833 9977471
3816319 9977488
15011375 10542301
39304100 10542302
39304101 10542303
3818967 10542304
1434913 10542305
18613274 10542306
715352 10542307
39304102 10542308
15011266 10037705
503099 10542312
39304103 10542315
39304104 10542318
39304105 10542320
39304106 10542321
3820331 10542323
18916385 10542325
39304107 10542326
3789496 10542327
15011596 10542329
29507615 10542332
39304108 10542333
15011496 10542334
39304109 10542337
2574956 10542340
2342604 10542343
1540619 10542345
3832835 10542347
2306615 10542352
22391600 10542353
15514668 10542354
3800435 10542355
1327050 10542356
15011337 10542359
579064 10542360
1435283 10542361
39304110 10542363
15011254 10542365
1697408 10542366
39304111 10542367
15011288 10542368
813786 10542371
424314 9979197
1550964 10458200
3786570 10542373
15011243 10542374
1002563 10037720
3784217 10542376
3788374 10542380
3830654 10542382
230839 10542383
3850584 10542384
700044 10037725
39304112 10542390
309963 10542391
18917389 10542393
39304113 10542396
3827927 10542397
586235 10542398
39304114 9582094
15011554 9582114
1789969 10542410
39304115 10542411
39304116 10542412
39304117 10542413
207849 10542415
3806197 10542416
441090 10542417
3877853 10542418
1054255 10542420
1757453 10542421
217598 10542422
2348900 10542423
1480293 10542427
3847056 10542428
456888 10542429
2233039 10542430
3816850 10542432
817077 10542433
208296 10542434
1009974 10542435
1012710 9582190
3810323 10542436
811089 10542437
2233710 10542438
3846774 9582205
15011279 10542439
3787449 10542440
3783293 10542442
816740 10542443
651898 9980753
3826900 9980757
39304118 10542454
1768694 10542455
16915120 10542456
787990 10542457
241077 10542463
39304119 10542465
2574997 10542466
225499 10542469
15011297 10542470
39304120 10542471
29508855 10542472
39304121 10542473
3817547 10542474
36148283 10542477
279720 10542479
39304122 10542480
3855196 10542481
39304123 10542482
39304124 10542487
39304125 10542492
39304126 10542494
39304127 10542495
754796 10542497
15011565 10542498
39304128 10542500
39304129 10542501
492051 9981119
353315 10542505
3788452 10542506
2575015 9582435
530576 10542508
3823696 10542510
15011284 10542513
1059240 10542514
3855253 10542515
29509527 10542517
15011595 10542520
15011610 10542521
39304130 9981205
39304131 10542522
15011247 10542523
17171725 10542524
18938055 10542525
39304132 10542526
3855266 10542528
39304133 10542530
3855268 10542531
3855270 10542532
39304134 10542534
39304135 10542535
11998879 10542536
2575025 10542539
39304136 10542540
137079 10542541
3794290 10542542
3810942 10542543
802416 10542544
2206098 10542545
3800873 10542547
3855286 10542548
3840235 10542550
4482894 10542551
3855292 10542552
217931 10542556
3805976 10542558
15011581 10542559
242798 10542563
29523474 10542564
36149973 10542565
15011479 10459346
4250921 10542567
39304137 10037794
3829420 12184137
15011322 10542571
712864 10542575
3796251 10542576
39304138 10542577
22358641 10542580
15011538 10542581
29509811 10542582
15011377 10542584
3841744 10542586
39304139 9981633
183947 10542592
273074 10542595
3809644 10542596
452657 10542597
39304140 10542598
15011351 10542600
39304141 10037805
243505 10542601
39304142 10542602
327363 10542603
694489 10542604
314359 10542608
3793782 10542609
21199794 9981888
1825680 10852002
526948 10542616
22412421 10542619
29497758 10542624
39304143 10542625
39304144 10542626
3784458 10542627
277180 10542631
3825222 10542633
15011586 10542634
29510127 10542635
3856934 10459637
39304145 10542637
2473466 10542640
607652 10542641
15007018 10542642
39304146 10037817
29510290 10542650
3855379 10542652
3855386 10542653
752243 10542660
609890 10542663
3838181 10542666
3855393 10542672
39304147 10542675
2238303 10542676
15011378 10542679
15011298 10542681
3784418 9583089
39304148 10542684
3855400 10542685
15011541 10542686
3855402 10542687
451192 10542690
1056786 10542691
3801269 9982816
15011435 10542694
29510484 9583148
2157232 9583156
100945 10542698
22467907 10542699
1194470 10542701
3855411 9583171
15011352 10542702
3832662 10542707
15011536 10542709
39304149 10542712
1610606 10542713
369713 9583208
27569305 10542715
22402682 10542716
723152 10542718
39304150 10542719
3843440 10542720
3792918 10542721
39304151 10542722
3855437 10542723
734039 9583258
3855439 10542725
3827042 10542726
3792455 10542727
3857071 9983211
39304152 10542729
39304153 10542731
15011592 10542732
39304154 10542733
39304155 10542734
4117870 10542735
39304156 10542736
39304157 10542739
22415191 10542740
14887199 10542741
595312 10542742
3856405 10542743
39304158 10542744
39304159 10542747
3810786 10542749
2002514 10542752
19093265 10542754
464954 10542756
451108 10542757
1052407 10542758
2492511 10542759
39304160 10542760
546518 10542765
15011534 10542767
15011612 10542770
15011588 10542771
2101974 9583453
15011379 10542776
39304161 10542778
322419 10542781
2238073 9983243
19093267 10542782
451413 10542784
3860309 10037869
3855462 10542785
3855473 10542789
39304162 10542790
3754765 10542792
3794501 10542795
3789442 10542797
3830026 10542798
2290644 10542800
1965898 10542801
323200 10542802
329813 10542804
3855494 9583646
3855500 10542805
1723547 10542806
1514796 10542807
3855506 10542808
15011257 10542810
1720228 10542811
173713 10542812
22440324 10542814
15011578 10542818
29511825 10542821
3855515 10542823
39304163 10542824
2140416 10542825
3830496 10542826
39304164 10542828
3833269 10542829
39304165 10542830
147041 10542832
19704757 10852005
3855521 10542833
2575099 10542834
39304166 10542835
279294 10542839
3816352 10542840
39304167 10542841
486806 10542843
39304168 10542844
39304169 10542845
15011571 10542846
3795065 10542848
36131216 10542849
219689 10542851
15011487 10542855
524219 10542858
15011429 10542865
15011485 10542866
2240083 10542867
3829725 10542869
3855606 10542870
87120 10542871
637765 10542872
3816354 10542878
29512744 10542884
245945 10542885
1623978 10542888
39304170 10542889
2575119 10542891
2282372 10542892
1013598 10542893
3855669 10542895
3855671 10542898
3809739 10542899
3824142 9583969
18922104 10542902
1437716 10542904
245761 10542907
451901 10542909
39304171 10542910
295671 10542912
39304172 10542914
3815723 10542915
39304173 10037908
39304174 10542917
1437781 9983318
230064 10037912
618393 10542921
3855693 10542922
39304175 10542924
39304176 10542926
2574449 10542929
3855696 10542930
15011312 10542933
1365267 10542935
15011442 9983324
39304177 9983326
3825717 10542939
490092 10542940
29513082 10542942
39304178 10542943
39304179 10542944
814713 10542947
15011513 10542948
3822086 10542950
2183129 10542952
39304180 10542953
15011238 10542954
2574665 9983328
29513129 10542955
769653 10542956
39304181 10542958
22402687 10542960
39304182 10542961
39304183 10542964
39304184 10542966
15011427 10542969
2575145 10542970
1001561 10542971
246413 10542973
734211 10542975
3855774 9983332
22402679 10542978
204456 10542981
641095 10542982
3824636 9983338
29513592 9983340
216674 10542987
39304185 10542988
1004195 10542990
3795906 10542991
2218939 9584157
39304186 10542993
39304187 10542994
3831206 10542995
763650 10542998
2238069 10543001
18916829 10543003
15011346 10543004
22402651 10543005
3855854 10543008
3816361 10543009
3855856 10543010
29513797 10543011
39304188 10543012
3831252 10543014
19093288 10037934
39304189 10543016
4362926 10037935
3855864 10543018
15322450 10543019
39304190 10543021
22371778 10543022
3819516 10543023
431727 10543024
582132 10543026
15011579 10543029
1988250 10543030
2575158 10543034
22357952 10543037
629389 10037942
275394 10543043
220597 10543044
3869639 9584181
447638 10543049
3800605 10543050
426385 10543052
1359081 10543054
1970602 10543055
1438466 10543056
1006631 10543057
3819938 10543058
124829 10543062
39304191 10543067
39304192 10543072
1008282 10543073
39304193 10543074
3855933 10543075
3819871 10543077
15011525 10543079
470720 10543080
3855941 10543081
3855943 10543082
2575180 10543083
3855959 10037958
4916571 10543086
3855961 10543090
220717 10543092
3855963 10543094
29514520 10543096
3839761 10543097
39304194 10543098
1766215 9584210
3855968 9983392
39304195 10543099
3855974 10543100
39304196 10543101
239009 10543103
3828908 10460806
3840844 10543107
310652 10543111
22426829 10543112
15011583 10543115
22393526 9983414
4096784 10543121
15011566 10543123
18916841 10543124
15011516 10543126
721084 10543127
3794277 10543130
1144985 10543131
622844 10543134
2380736 10543135
3792088 10543137
1008330 10543138
546390 10543139
10211662 10543141
39304197 10543143
22426810 10590845
1435993 10543144
15011563 10543146
29498267 10460840
282571 10543147
2370095 10543149
3823316 10543150
762366 10543151
3856002 10543155
377733 10543157
39304198 10543161
3853782 10543163
218805 10543164
15011303 10543165
39304199 10460890
15011353 10543166
3821083 10543171
3856037 10543173
1439434 10543174
15011555 10543176
3841112 10543177
3856041 10543178
3831124 10543179
248646 10543180
3784348 10543182
1052416 10543183
99544 10543184
3819279 10543185
29515073 10543186
230743 10543187
29515096 10543189
10883075 10543190
39304200 10543194
2576420 10543195
1305335 9584276
3821168 10543199
22391599 10543200
1439436 10543201
3856093 10543204
39304201 10041190
3829624 10543207
118009 10543208
15011305 10543209
15011452 10543210
786727 10543211
15011526 10543212
22402678 10543215
3559305 10543216
1566196 10543218
39304202 10543219
319957 10543220
3856127 10543222
39304203 10543224
14989523 10543225
15011609 9584297
15011341 10543229
3856133 10543230
750711 10543231
792764 10543233
23209830 10543234
130866 10543236
39304204 10543237
2576353 10543238
220785 10543240
3816406 10543241
3820734 10543242
15011383 10543244
2229626 10543245
15011437 10543246
2211419 10543249
39304205 10543250
29516035 10543251
1818681 10543254
15011484 10543255
21204702 10543258
2211424 10543261
8486789 10543262
22357997 10543263
221039 10543268
36130343 10543270
3615694 10543271
221161 9584324
2051972 10543273
3829539 10543275
743357 10543282
3808097 10543283
3816409 10543286
185636 10543288
1583695 9584332
22358978 10543295
682514 10543296
15011304 10543299
39304206 10543300
4472821 10543302
15011419 9584342
571782 9584344
15011459 10543306
3802819 10543308
2575288 10543309
2575290 10543310
459785 10543311
1374497 10543312
1664704 10543314
36138402 10543315
39304207 10543316
230955 10460932
785455 10543318
3839976 10543319
22393575 10543320
3820736 10543321
29517024 10543322
15011495 10543326
3842289 10543327
3838946 10543328
29517059 10543329
15011546 10543331
18917467 10543332
1480015 10460942
39304208 10543337
613381 10543338
1000592 10543339
3845849 10543340
29517102 9584391
39304209 10543342
29517104 10543343
15011558 10543345
2575297 10543346
39304210 10543347
3816423 9584392
220371 10543349
22358640 9983897
359245 10543355
1365620 10543357
3835797 10543358
15011230 10543359
3871710 10543360
228180 10543370
15011328 10543371
756144 10543372
39304211 10543373
15011314 10543374
15011443 10460951
3846725 10543377
29517549 10543379
23209787 10543380
1360519 9984087
8500262 9984097
442075 9984109
4351211 9584427
1003386 9984113
10201408 10543381
3878083 9984115
3820177 10543382
10882004 9584438
421770 10543385
19005999 10543387
643883 10543390
3844214 10543392
39304212 10853188
39304213 10543397
3798241 10543401
39304214 10543403
18917478 10543404
15011414 10543405
3841130 10543410
15011431 10543411
1341320 10543413
39304215 10543415
15011468 10041701
3786191 10543416
635228 10543417
15011354 10543418
3837826 10543419
3816427 10543420
39304216 10543421
1000669 10543422
22474605 9984143
39304217 10543425
23209797 10543427
999395 10543428
4461921 10543431
1009267 9984145
1373523 9984149
537086 10543433
2578267 10543434
3786704 10543437
39304218 10543438
29517917 10543444
3843381 10543445
562927 10543447
39304219 10543448
4476611 10543449
39304220 10543450
36158611 10543452
15011430 10543457
39304221 10543458
564551 10041711
39304222 10543459
17165762 10543460
252399 10543463
635232 10543464
39304223 10543466
4361202 10543467
39304224 10543468
17172009 10543472
252501 10543474
2575343 10543475
558808 10590908
3804772 10543478
3834944 10543479
16271904 10543480
39304225 10853745
1855039 10543482
39304226 10543483
22391602 10543484
571232 10543485
23209788 10543486
21199390 10543488
15011428 10543491
29518180 10543493
21204843 10543496
21198465 10543497
22358187 10543498
39304227 10543501
21203334 10543504
29518267 10543505
96800 10543507
266125 10543508
10477262 10543509
342149 10543510
15356436 10543511
39304228 10543513
3858039 10461032
3786905 10543514
39304229 10543515
39304230 10543516
2500571 10543520
3880173 10543521
406420 10041733
22358208 10543524
15011464 10041737
29518376 10543530
15011535 10543531
4362055 10543534
252866 10543535
39304231 10543537
221623 10543538
3824993 10543540
1002911 10543541
39304232 10543542
39304233 10543543
39304234 10543544
22426830 10543545
624896 10041750
15011418 10543548
515417 10543549
3871765 10543552
2575358 10543555
15011315 10543556
15011316 10543559
3858073 10543560
210730 10543561
3743417 10543563
1338925 10543564
3840848 10543566
39304235 10543567
3835833 10543569
148853 10543571
39304236 10543575
269341 10543576
39304237 10543577
29518817 10543578
4363580 10543581
3879721 10543584
29518926 10543585
2575367 10543586
253378 10543588
23209798 10543590
15011506 10543591
730172 10543592
29519017 10543593
3816854 10543594
29519030 10543595
3490307 10543596
3816612 10543597
674258 10543600
3861518 10543607
39304238 10543609
39304239 10543613
15011453 10543616
198228 10543617
210940 10543620
39304240 10543621
24768539 10543625
554678 10543627
3097453 10543628
809204 10543629
468678 10543630
15011539 10543631
1295792 10543632
254354 10543633
15011472 10543637
3790093 10543639
22393534 10543640
169534 10543642
2575394 10543646
3816623 10543650
1787187 10543652
2158699 10041782
15011385 10543653
15011522 10543657
669325 10543659
3860495 10543660
3822577 10543662
359837 10543663
254731 10041785
492960 10543669
157149 10543670
2574689 10543671
39304241 10543672
2453230 10543676
15011575 10543679
805972 10543680
39304242 10543681
39304243 10543682
1133896 10543683
2317094 10543685
2225538 10543687
3795801 10543689
3856630 10543691
3858238 9584708
2262577 10543695
2225538 10543696
3835980 10543696
3789967 10543698
3815888 10543706
1442282 10543707
3668450 10543708
1442666 10543709
2262492 10041796
1962024 10543711
3804143 10543714
4199449 10543718
2415143 10543720
3789630 10041800
2240097 10543722
2299720 10543728
1473013 10543729
3856626 10543731
3806827 10543732
3784888 10543733
2266852 10543734
1014938 10543735
3861511 10543736
1441820 9584747
1442623 10543737
1442308 10543738
3800969 10543740
1845247 10543741
39304244 10543751
3791795 10543753
1962026 10543764
3703040 10543765
3859906 10543769
2208105 10543770
15011433 10543772
2240119 10543776
4448071 10543777
2529567 10543779
621355 10543784
2305502 10543787
3789143 10543788
2239803 10543789
1442304 10543790
15011348 10543793
461377 10543797
2325164 10543798
15011245 10543800
1429888 10543809
1622909 10543810
2446853 10543811
1442300 10543814
14885209 10543816
2335869 10543817
3802625 10543826
2376094 10543827
2306784 10543828
227584 9984613
3815931 10461090
1742113 9584837
39304245 10543838
39304246 10543839
255365 10543840
23210530 10543841
39304247 10543842
23209790 10543843
3856529 10543846
3808874 10543847
467227 10543848
39304248 10543850
255615 10543851
2574416 10543854
18916964 10543856
739363 10543858
22357972 10543859
22376612 10543860
179840 10543862
15011605 10543865
3816626 10543866
3856557 10543867
3838671 10543872
1537266 10543873
15011509 10543878
471467 10543882
39304249 10543885
2058330 10543886
1295902 10543888
3844464 10543891
428840 10543894
1361771 10543895
494454 10543900
39304250 10543902
21198542 10543904
2575411 10543905
19018560 10543907
156439 10543911
3844573 10543917
22466507 10543919
174502 10543920
3856616 10543922
153699 10543926
15011480 10543928
22467906 10543929
807572 10543930
1000147 10543931
1011239 10543933
3805431 10543935
1402895 10543936
611253 10543937
15011405 10543938
22426831 10543939
2088598 10543945
635238 10543946
39304251 10461107
29520734 10543949
15011436 10543953
15011426 10543956
3816484 10543958
3788983 10543961
39304252 10543962
2004558 10041861
1118514 10543966
39304253 10543967
629039 10543968
3791892 10543970
3857106 10543971
3832330 10543972
257694 10543975
14990159 10543978
2577193 10543979
681675 10543980
732698 10543981
3857126 10543983
1055311 10543984
661182 10543986
39304254 10543987
648551 10543989
21198560 10543990
2576947 10543992
669894 10543993
1368736 10543994
160327 10543996
257822 10543997
7845675 10543999
3798277 10544000
39304255 10544001
15011355 10544002
781129 10544004
39304256 10544005
558393 10544006
3791047 10544007
15011413 10544011
338211 10544013
39304257 10041872
239905 10544021
39304258 9985322
258778 9985324
3817272 10544027
3491840 10544028
3857167 9985326
3857169 10544029
331534 9585049
689366 10544031
15011387 10544032
39304259 10041877
3793754 10544035
22402686 10544036
637593 10544037
3857187 10544038
1001510 9985328
132824 9985330
3857189 10544042
39304260 10544044
39304261 9585072
18916953 10544047
568114 10544049
39304262 10461125
568114 10544051
3857195 9985333
774288 10544053
583130 10544054
259064 10544055
19093354 9985337
39304263 10544057
15011368 10544058
24357911 10544060
1119350 10544061
336116 10544063
3816653 10544065
303199 10544066
29521762 10544068
10880042 9585114
700308 10544072
1340856 10544074
17170852 10544075
39304264 10544079
36154870 10544080
3816695 9985386
39304265 10544082
15011499 10544084
39304266 10544085
3857247 10544089
2575461 10544090
3810161 10544091
430402 10544092
1052409 9985424
1846004 10544093
29521933 10544094
806496 10544097
3815477 10544098
15011497 10544099
22398188 10544100
3828791 10544101
39304267 10461150
15011255 10544103
2116210 10544108
380216 10544111
673778 10544121
710902 10544130
3828620 10544132
22358006 10041907
2576149 10544134
3845442 10544135
3857463 9585207
39304268 10544136
39304269 10544137
494450 10544138
182985 10544139
15011512 10544140
1608959 10544147
437976 10544149
569346 10544153
2108439 10544155
39304270 9985639
1052631 10461156
619726 10544157
355545 10544159
3642629 10544160
336036 10544162
1059413 10544166
3817456 10544167
725352 10544168
1051946 10544169
3857515 10544170
3857526 10544171
15011406 10544177
294786 10544178
23959066 10544179
1708686 10544180
39304271 10544183
22357951 10544186
2209051 10544189
425831 10544190
22402685 10544192
39304272 10544193
39304273 10544196
1012383 10544197
15011423 10544199
39304274 10544203
22402664 10544206
22357934 10544207
3856696 10544208
39304275 10544209
212269 10544211
761308 10544212
15011260 10544215
2576910 10544216
419484 10544218
1004572 10544221
2307982 10544223
39304276 10544224
220093 10544225
29523245 10544227
15011292 10544228
1165118 10544230
3817838 10544231
3795629 10544233
3856729 10544235
3856733 10544236
15011323 10544239
39304277 9585335
15011572 10544240
39304278 10544243
39304279 10544244
29523482 10544245
163588 10544246
15011234 10544247
3818127 10544249
39304280 10544251
3831533 10544252
313694 10544254
3837886 10544255
3802297 9585351
15011438 10544256
4314141 10544258
571848 10544259
625436 10544260
212473 10544262
39304281 9985887
262681 9985899
39304282 10544263
39304283 10544264
361149 10544265
1337215 10544266
366986 10461168
572655 10544267
323569 9585370
492944 10544269
15011521 10544270
382851 10544271
3831739 10544272
3815939 10544276
347285 10544277
3856867 10544279
3856871 10544282
263210 10544285
15011543 10544286
29524105 10544287
17166607 10544289
224328 10461173
3856892 10544290
39304284 10544291
23209806 10544292
759947 10544295
759949 10544296
3856915 10544297
356561 10544298
39304285 10544299
140338 10544301
39304286 10544304
29524412 10544305
39304287 10544306
3803345 10544307
3856942 10544308
756879 10544310
1366910 10045170
39304288 10544311
646669 10544312
3816802 10544314
39304289 10544317
29524519 10544319
15011358 10544320
39304290 10461176
39304291 10544321
15011336 9585455
17173558 10544322
346151 10544323
39304292 10544324
22391584 10544325
18917533 10544326
4945269 9585467
3856962 10544327
264305 10544328
18917022 9585472
3856968 10544332
29524775 9585480
39304293 10544335
776177 10544337
39304294 10544338
22358192 10544339
2029876 10544341
15011389 10544342
17171116 10544343
39304295 10544346
15011333 10544347
3834529 10544348
15011547 10544349
1004050 10544355
39304296 10544356
1054993 10544357
811957 10045187
763880 10544358
3810310 10461186
337040 10544359
264903 10544360
264913 10544363
3720507 10544364
39304297 10544367
21207370 10544368
376151 9987362
15011359 10544371
18945717 10544372
1007221 10544374
3809573 10591012
39304298 10544375
1445143 10544379
3787151 10544380
7731320 10045195
39304299 10544383
1318411 10857520
167285 10544384
1332409 10544385
313646 10544386
15011582 10544388
233136 10544392
22426764 10544395
3819726 10544400
15011560 10544401
22358639 10544408
15011446 10544409
39304300 10045204
15011469 9585559
283058 10544410
3858642 10544415
15011390 10544416
7741205 10544417
39304301 10544418
3858662 9585565
1839741 10544421
2520437 10544422
775858 10461215
39304302 10544424
3858670 10544426
22403054 10544430
747022 10544433
498094 10544436
28857582 10544438
15011486 10544440
3762234 10544441
39304303 10544443
10881069 10045215
1390546 10544444
29525844 10544446
3858689 10544448
22452686 10544451
22393567 10544453
29525869 10544454
2577112 10544455
1363798 10544456
15011587 10544457
4034373 10544458
39304304 10544460
3858694 12521385
3858696 10544463
39304305 10544466
10882328 10544474
3816835 10544476
15011532 10544477
39304306 10544478
2577110 10045223
39304307 10544480
15011338 10544483
2575592 10544485
39304308 10544488
39304309 10544489
1697410 10544490
1764580 10544492
15011237 10544494
3784333 10544496
39304310 10544498
39304311 10544499
22402663 10544500
15011347 10544502
3876845 10544503
39304312 10544506
826695 10544509
2575606 12521386
212967 10544511
3858745 10544513
3817956 10544514
3839089 10544515
39304313 10544516
3858748 10544518
3858750 10544519
39304314 10544522
1430717 10544523
15011505 10544524
15011360 10544526
461075 10544529
796978 10544530
233632 10544531
22359042 10544533
15011514 10544534
18186885 10544537
15011302 10544543
39304315 10544544
577500 10591019
3817448 10544545
409711 10544546
29526662 10544547
1562970 10544549
3801369 10544552
3786202 10544554
39304316 10544555
3863600 10544557
3860022 10544563
1810669 10544564
3860026 10544565
29526790 10544566
379053 10544568
1055562 10544570
39304317 10544572
3820747 10544573
1513916 10544574
4521596 9585672
3835486 10544576
22426825 10544577
2157937 10544578
15011407 9987861
15011239 9987863
29527030 10544582
230118 10544584
15011545 10544585
670044 10857614
4238748 9585688
15011576 10857615
15011242 10891269
1521978 10857617
39304318 9585698
2574720 10544587
29527161 10857618
15011439 10591025
29527205 10857620
287638 10591026
1475465 12521387
151271 10857621
3837976 10591027
3837712 9585703
254662 10544588
22357963 12242694
3799527 10591029
3853987 10857623
728907 10857624
3853989 10591031
169879 10857625
15011597 12188739
22474041 10857629
3819961 10544589
998841 10857633
15011602 10857637
3857339 10591033
29527507 12188741
10881337 10591036
29527586 10857706
3857358 10591039
3840030 10591040
39304319 10857729
22391479 10857731
3592130 10857744
15011470 10857762
156677 10544591
39304320 10591041
39304321 10857790
39304322 10591045
15011250 10045290
18917569 12184606
539118 10857823
29527652 10857850
272595 10857877
3818958 12242704
272952 10857928
18472487 10544593
39304323 10591052
39304324 9988090
39304325 9988100
1656240 12188742
3792045 10857976
3817974 9988135
713318 10858010
39304326 12521390
3840922 10591056
168572 10858044
15011445 10591057
3788060 9585788
3816219 10591058
3847906 10591060
15011562 10591062
29528276 9585793
3839167 10591064
3821083 10858130
759374 10591066
39304327 12184611
15011598 9988176
3857447 10891307
4192498 10891339
185600 10591070
10880041 10858141
39304328 10591071
707500 10591072
213685 9988239
15011474 10544597
3835357 9988241
1364291 10858195
18917578 9988315
39304329 9988343
628734 9988400
22426826 10858200
22403809 9988456
3860053 12242722
39304330 9988458
820709 10858203
15011361 12242725
36140928 10544599
3839621 10591077
4964846 10591078
39304331 10591079
39304332 10591081
39304333 10591082
3860064 12521392
158059 10591084
191294 10591085
2578269 10591086
39304334 10591088
4897136 10858205
3816777 10591089
184023 10858206
1353203 10858209
3810147 10591090
39304335 12521393
39304336 10591092
7852806 10591093
39304337 10591094
3836741 12521394
1165930 10591098
29528966 10858212
39304338 10858213
18917583 10858215
29529041 12188743
39304339 10858216
3808548 10591100
1634038 10591104
3818488 10544603
136915 12188744
3857605 10858217
23209814 10591106
3807316 10858219
15011607 10045333
3818486 10544604
466557 10858221
1763928 10858222
39304340 10591107
15011481 9988606
15011393 9988608
453388 10858227
3806369 9988610
3754832 10544605
29529420 9988626
3857657 10858231
1276975 10045346
3573583 10858232
39304341 9988695
3826519 9988712
195881 10591117
1280926 10544607
3857704 9988718
39304342 9988720
3857708 10591122
1922700 10591124
998392 10591125
4351966 10591126
3857711 10591127
139719 10544608
113677 10858234
201891 10591130
2441320 10591131
3837341 12184619
735682 10858236
39304343 10045355
3817325 10858237
15011330 10858238
18938049 10544609
3816779 10858239
39304344 9586015
3794823 9586016
22371774 10591133
214143 9586020
206970 10858240
39304345 10858241
39304346 12188747
580209 12188748
22358201 14347388
39304347 10858243
3824460 12188749
39304348 12188750
39304349 12188751
15011395 12820582
277614 9586042
3857771 10858245
260866 10591137
3862020 10858246
29530379 10591138
3839661 10544612
1009449 10858247
17169884 12184623
1008566 9988787
3820024 10544613
39304350 12184625
2254241 10858252
23209815 10045377
420789 10858253
18917054 12184627
15011548 10858254
3857829 13818849
39304351 12184628
585309 13818850
1126436 10858257
39304352 10858258
2575743 10858259
29530862 10858260
3840553 10591143
15011440 10858261
146252 10544615
15011537 10461246
3850573 12188753
1857454 10858262
1936718 10892032
446443 10858264
15011504 10892072
14989400 10892084
492251 10591145
3825301 10591146
464094 10591147
15011227 10544616
29531071 10591151
22402642 10591152
468358 10591153
3810942 10591154
15011296 10591157
278411 10591160
3793596 10858265
21198865 10858268
22357809 10461248
3844345 10858269
15011551 10858270
39304353 10858271
2576151 10858272
228867 10858273
612145 12188755
469667 12184632
2159463 10858275
39304354 10858277
279514 12184633
689957 10858278
169398 10858279
22475322 10045395
1055180 12521395
804758 10461250
3822852 12521396
1007099 9586142
336487 10858283
732634 10858284
39304355 12242790
598391 10591162
2367268 12184638
1348873 10858286
3857985 10591164
686045 12820621
3849417 10858289
15011396 10858290
15011362 12188758
17173594 10858293
29531702 12184641
3795733 10544620
281444 12188759
273490 12188760
1296442 10858294
3819936 12184642
3816784 10858295
3810067 12184643
3817541 10858297
3832342 10858298
2082948 10591172
3846160 10591174
611955 10858301
309843 10461257
15011318 10858302
281698 10544625
39304356 10544628
15011286 10544630
3817486 10045410
39304357 10544631
764217 10544636
39304358 10544637
22406706 10544638
3831633 10544640
3790292 10544641
29531961 10544642
39304359 10544643
3859785 10544644
2341033 10544645
409377 10544649
761990 10544650
1006504 10544651
15011253 10544653
39304360 10544654
15011531 10544656
659346 10544657
429249 10544658
15011508 10544659
2224872 10544662
3828133 10544664
709797 10544667
3809061 10544668
1052386 10544670
581847 10544675
3858049 10544677
18916411 10544678
4792529 10544679
3858051 10544680
166999 9586252
39304361 10544684
1448887 10544685
39304362 10544686
3820056 10544687
15011300 10544689
22358658 10544691
15011232 10544697
156855 10544698
212447 10544699
39304363 10544704
3818386 10544707
456896 10544708
23210257 10544709
2576873 9586272
172998 10544710
3817992 10544711
39304364 10544712
39304365 10544714
23209818 10544715
3858084 10544717
3860209 10544719
29499641 10544720
39304366 9989382
1786510 10544723
39304367 10544726
15011271 9989390
18971911 10544731
2440533 9989424
3830877 10544735
39304368 10544737
39304369 10544738
15536925 10544739
22402675 10544742
283074 10544743
15011533 10045448
1339088 10544744
1633647 10544746
3822418 9989468
39304370 9989470
2521540 10544748
2575821 10544749
3858143 10045450
592599 9989505
15011606 10544750
15011398 10544751
22357798 10544752
15011411 10544753
2250341 10544754
635226 10045452
29532844 9989515
22467908 10544758
1350001 9989517
677261 10544760
302312 10544761
29499728 10461317
39304371 10544762
39304372 10045458
1013185 9989555
3824464 10544763
39304373 9989557
1553128 10045463
479655 10544768
421508 10544770
1785621 10544771
3858364 10544773
285781 10544774
24357787 10544776
15011299 10544777
39304374 9989607
3858382 10544778
1053969 10544779
203504 10544781
2122682 10461364
755596 10544782
3845639 10544783
39304375 10544785
39304376 10544786
459024 10544787
828751 10544788
359543 10544789
567542 10045470
283560 10544790
15011568 10544791
3846164 10461373
15011290 10544792
2575848 10544793
17173595 10544794
336487 10544795
1668152 10544796
3858489 10544797
16214088 10544798
22384351 10544801
39304377 10544805
29533685 10544806
39304378 10544807
3809102 10544808
15011527 10544809
3854024 10544810
3754753 10544813
1992715 10461396
3858514 10544815
3790911 10544818
2345430 10544821
1002769 10544822
141684 10544823
1588643 10544824
3817960 10544825
39304379 10544826
39304380 10544827
3858171 10544828
240975 10544830
39304381 10544832
615213 10544836
1299450 10544837
39304382 10544838
39304383 10544843
2576583 10544845
298854 10544846
22360793 10544848
3804567 10544850
3859424 10544853
3858198 10544854
15011264 10046396
3554943 10544857
1055189 10544858
39304384 10544860
2575874 10544861
39304385 10544864
15011400 10544866
3820207 10544867
3858230 10544868
39304386 10544871
29534247 10544872
39304387 10544874
15011604 10544877
22358168 10544878
3858235 10544880
39304388 10544881
23209822 10544882
39304389 10544883
2476554 10544884
1449908 10544885
29534294 10544887
130832 10544890
598118 10544892
3790386 10544894
3832641 10544896
22389462 10544897
2576217 10544898
1590473 10544900
15011401 10544901
368598 10544902
39304390 10544904
3800991 10544905
15011515 10544906
29534462 10544909
39304391 10544910
165153 10544913
15011544 10544922
635158 10544923
21202277 10544924
3834650 10544925
3858277 10544928
22358011 10048255
3858286 10544931
29534719 10544932
29534771 10544934
3858299 10544935
233941 10544936
285713 10544937
15011402 10544940
39304392 10544941
3807308 10544942
3817738 10544943
39304393 10544945
233945 10461406
602913 10544947
3858317 10544948
39304394 10544950
3808578 10544951
15011421 10544953
286083 10544954
15011252 10544955
29535024 10544956
315820 10544957
39304395 10544959
23209823 10544960
39304396 10544962
1935703 10544967
210254 10544968
548607 10544969
15011483 10544970
354622 10544971
603231 10048279
29535312 10544972
721899 10544978
15011306 9586499
3820771 10544979
39304397 10544981
3784234 10544983
2575904 10544986
3802564 10544990
39304398 10544991
3857435 10544992
39304399 10544993
1428335 10591208
2306090 10544996
635898 9989984
4363346 9989988
3832573 10544997
3807163 9989990
15011283 10544998
3815824 10544999
3869517 9989994
15011454 9989996
1007555 10545000
2578547 9990012
22358012 9990016
29496356 10545001
732626 10048294
39304400 10545002
447868 10545003
3822548 10545004
1013521 10545005
39304401 10545010
39304402 10545011
39304403 10545013
800779 10545014
3856921 10545016
3856924 10545017
3856936 10545018
39304404 10545020
734893 10545021
3857737 10545024
816955 10545025
36138679 10545026
39304405 9990143
3857803 10048299
22358667 10545028
39304406 10545029
1535573 10545030
2340103 10545031
2474289 10545034
998454 10545035
22466411 10545037
39304407 10545040
2288088 10545044
3784547 10545045
39304408 10545046
15011473 10461434
3800911 10048309
15011274 10545048
742861 10545049
1001918 10545050
212897 10545052
1004159 10545055
1349830 10545057
39304409 10545058
1362922 10545060
17170711 10545063
39304410 10545065
15011371 10545066
3854315 10545067
3826349 9990456
1051942 10545073
999353 10545074
214466 10545075
184251 10048316
1052052 9990513
1051953 10545076
4363362 9990523
1052054 10545077
466659 9990535
466659 10545080
2472487 10545081
696386 10545082
3790074 9990537
1053881 10545086
39304411 10545087
39304412 10545088
39304413 10545089
39304414 10545090
3790703 10545091
39304415 10545093
2476643 9586599
39304416 10545095
1843880 10545097
2257373 10545099
3809973 10545100
29504544 10545103
15011370 10545104
3854670 9990555
485107 9990557
15011339 9990559
17168674 10545109
39304417 10545110
39304418 10545111
15011345 10545112
1130322 10545113
598279 10545115
3819441 10545119
15011291 10545123
39304419 10545124
15011441 10545126
321367 10545127
29494601 10545128
762718 10545129
2576074 10545130
39304420 10545131
1145755 10545132
3793411 10545133
3792509 10545134
679768 9990606
1697962 10545136
163850 10545137
18917152 10545141
22358638 10545143
15011369 10545147
315542 9990639
3849414 10545148
36134187 10545149
1810625 10545151
644840 10545152
1007087 10545153
39304421 10545155
15011523 10545156
3790233 9990661
739299 10545159
806472 10545162
1004178 10545163
2199202 10545166
39304422 10545172
3834227 10545173
3789162 9586675
3811560 9990716
3834938 10545178
39304423 10545180
1711767 10545181
21206015 10545182
1803483 10545184
240857 10545185
3820127 10048346
3854960 10545186
3816321 10545188
2011622 10545190
2473579 10545191
3816554 10545193
1000686 10545194
1054237 9586700
15011584 10545200
3819450 10545201
39304424 10545204
18917501 10545205
22357994 10545208
29524414 10545209
39304425 10545211
1058591 10545213
15011493 10545214
3820749 10545215
22402333 10461501
29532607 10545217
29532609 10545218
267931 10545220
39304426 10545221
3806282 10545222
39304427 10048355
3832763 10545224
828923 10545227
15011251 10545228
3856794 10545230
3821174 10048363
15011319 10545233
1051596 10545234
1749175 10545235
1006369 10545236
3791002 10545237
39304428 10545240
681955 10545243
286455 10545244
3831809 10545246
39304429 10545248
39304430 10545249
15011320 10545251
3855340 10545254
19092405 10545258
243779 10545259
15011258 10545261
3787435 10545262
39304431 10545264
3846400 10545265
3797697 10545267
1348063 10048372
3832805 10545268
29499926 10545269
3838843 10545270
3838430 10545271
3836218 10545275
466229 10545278
3804198 10545282
3787128 10545283
3838309 10545284
345016 10545285
23941419 10545286
39304432 10545287
22355109 10545288
3856340 10545289
15011569 10545290
666996 10461554
1001853 10545291
258774 10545292
3844504 10545293
1002594 10545297
3860049 10545299
2074156 10048381
39304433 10545300
3799826 10545303
3820742 10545304
15011517 10545305
17167301 10545307
15011363 10545308
2074992 10545309
7741150 10461556
1449172 10545312
283198 10545313
722944 10545318
39304434 10545319
3820752 10545320
3757096 10545321
39304435 10545322
3817982 10545323
679770 10545325
123530 10545326
39304436 10545327
3858070 10858304
3858458 10545329
156851 10545331
39304437 10545337
15011475 10545339
3858440 10545340
23209825 10545342
39304438 10545343
15011570 10545344
39304439 10545347
173659 10545349
409703 10545350
39304440 10545351
15011235 10545352
3836117 10545354
3805987 10545355
39304441 10545356
36144256 10545357
1006506 9991050
39304442 10545360
234123 10048392
685283 10545362
39304443 9586830
18917178 10545363
15011476 10048394
39304444 9991064
2574873 9991072
3820308 10545367
3793535 10545368
2233083 10545369
3793491 9586839
15011233 10545372
223141 10545376
3796143 10545377
3829888 10545378
150917 9586853
15011500 10545379
15011350 10545382
3809145 10545383
36137554 10545385
826841 10545387
804684 10545388
2479502 10545390
15011282 10545392
15011231 10545393
3818965 10048401
3793804 10545395
1938256 10545396
15011277 10545397
15011409 10545401
1006177 10545403
18932705 10545405
1003241 9586894
17168765 10545409
241235 9586897
162545 10545412
162545 9586906
3817508 10545413
39304445 10545414
3792011 10545418
39304446 10545419
15011262 10545420
3839342 9586915
3789338 10545421
3855284 10545425
17168228 10545426
3855336 10545433
29500176 10545436
381246 10545437
15011585 10545440
15011422 10545441
39304447 10545442
180193 10545443
12763147 10545444
2523063 10545445
2505010 10545450
3855496 10858305
39304448 10545452
3792081 10545453
1378809 10545454
1337643 10545457
39304449 10545458
3855523 10545460
742728 10545461
39304450 10545463
3855575 10545465
2531157 9586960
3840410 10545466
22415237 10545468
449961 10545470
3855599 10545471
756595 10545473
1054225 10545474
3818100 10545475
3785085 10545476
999195 9586970
3787339 10545478
3855652 10545479
163172 10545482
3855681 10545483
2306784 10545485
39304451 10545487
1001620 10545488
39304452 10545496
522824 10545497
39304453 9586988
179838 10545500
39304454 10545501
3832668 10545503
3828955 10545504
39304455 10545506
15011343 10545508
15011380 10545510
29513682 10545511
39304456 10048464
2346955 10545512
24769346 10545515
3855862 10545516
567620 10545518
220535 10545519
15011465 10545521
3795506 10545522
8410496 10545523
39304457 10545524
3754835 10545526
39304458 10461587
1357288 10545528
205388 10545529
15011416 10545530
1003809 9991321
3799912 10545531
3855898 10545532
15011432 9991331
4142019 10545537
15011511 9991356
39304459 9991364
2474097 10545540
249807 10545543
808577 9991406
3784326 10545544
2484543 10545545
3806773 10545547
3845633 10545548
3785505 10545549
566530 9991413
432724 9991415
1057616 10545554
3816430 10545557
1567818 10545559
39304460 10545561
1808602 10545562
1166954 10545564
18917222 10545566
1052414 10545570
18854342 10545571
359087 10545572
2170699 10545573
359082 10545574
39304461 10545577
1938250 10545578
801079 10545581
15011384 10545582
3816620 10545585
22402671 10048472
3856525 10545586
3826920 10545590
152976 9991502
1808025 9991506
3795202 10545591
39304462 10545594
29522503 10545595
39304463 10545596
22426770 10545597
15011327 10545598
39304464 10545601
39304465 10545602
380898 10545603
3118893 10545604
15011386 10545605
3795047 10545606
39304466 10545608
315188 10545609
3787267 10545610
2361845 10545612
2580245 10048477
39304467 10545619
2215650 10545620
15011524 10545621
3859908 10545624
732636 10545625
807020 10545627
441734 10545631
3797621 10545632
227976 10545633
3815942 10461605
1053179 10545636
1003383 10545637
2172631 10545638
171876 10545640
22452866 10545642
10881692 10545644
290732 10545645
15011357 10048485
15011325 10545647
3797726 10545648
15011317 10545653
3817379 10545655
152285 10545657
2253655 10545659
39304468 10545660
573263 9991695
3788366 10545662
3856881 9991697
10882257 10545664
3872023 9991701
3786852 9991703
573516 10545668
624733 10545669
39304469 10545670
39304470 10545672
2575630 10545674
282892 10545675
39304471 10545676
39304472 9991767
39304473 10545677
1004987 10545678
39304474 10048505
39304475 10545679
562929 10545680
39304476 10545683
3801579 10545684
491887 10545685
1006095 10545686
133701 10545687
488392 10545690
3805777 10545694
15011542 10545696
39304477 10545698
15011301 10545699
3843980 10545700
463601 10545701
14989462 10545702
600264 10545705
474054 10545706
3857636 10545708
3810399 10545709
39304478 10545710
214173 10545712
268628 10545713
15011259 10545714
3849226 10545716
3834732 9587202
1846085 10545719
199033 10545720
17168268 10545722
90858 10545724
578233 10545725
15011335 10545726
1056827 10545727
999700 10545728
15011344 10545729
2467108 9991798
1011611 10545730
150373 9991800
3813200 10858306
2467484 10545731
1352369 10545732
562351 10545733
3858109 10048530
773454 10545734
504532 10545735
686933 10545738
641293 10545739
15011268 10545741
15011614 10545744
15011399 10545745
433761 10545746
24771988 10545747
2469609 10545749
165055 10545750
39304479 10545751
3804419 10545752
185154 10545753
1009336 10545755
706072 10545756
15011520 10545762
3858562 10545763
3858564 10545765
39304480 10545766
3858572 10545767
2575949 10545768
3842176 9587253
29536503 10545769
3858581 10545770
3815605 10545773
396881 9587262
761362 10545778
3816823 10545779
218237 10545780
3861909 9587263
29536693 10545783
15011561 10545785
3844455 10545786
39304481 9587272
3858635 10545789
39304482 10545790
3858638 10545791
2072900 10545792
720165 10545793
15011340 9587278
39304483 10545794
3831898 10545795
2326547 10545796
15011424 10545802
15370456 10545804
3817537 10545805
3859984 10545807
179317 10545810
3816825 9587296
336485 10545811
15011556 10545813
15011289 10545816
19039242 10545817
39304484 10545818
12183861 10545819
39304485 10545821
39304486 10545823
144673 10545824
549369 10545825
3815594 10545826
29537305 10545827
1458005 10545828
294181 10545829
22358000 10545830
1344948 10858307
217120 9991808
15011488 10545832
23210315 10545834
321369 9587302
144405 10545835
746208 10545837
39304487 10545838
39304488 9991840
22408917 10591273
3795812 10545841
637945 10545842
2089734 10545845
234689 10545850
3799440 10545852
416404 10545855
18187061 10545856
39304489 10545857
2343897 10545858
15011593 10545859
15011471 10545860
791908 10545861
39304490 10545862
16998808 9991893
3834913 9991897
39304491 10545863
12613141 10545865
1135085 10545866
290746 10545867
22371779 10545868
2239652 10545872
15011293 10545873
3837687 10545874
10486909 10545877
273956 10545878
22358662 10545881
39304492 10545882
3802655 10545883
1007412 10545885
290768 10545887
738080 10545889
151315 9991957
15011519 10545891
3839231 10545892
15011404 10545893
15011567 10545894
15011599 10545895
39304493 10545896
290872 10545898
2524350 10545900
1014523 9992001
611497 10545902
2526213 10545905
1383689 10545906
15011553 10545908
3832819 10545909
3815639 10545910
1347567 10545911
2209651 9992042
10883154 10545912
1858251 10545913
14990156 10545914
3804591 10545916
3791059 10545917
559738 10545918
101907 10545919
22426812 10545920
15011244 10545921
3858876 10545922
3845825 9992062
39304494 10545924
39304495 10545927
29495398 10545933
141102 9992076
218201 9992082
2209653 10461645
3806348 10545965
218199 9992097
3784031 9992140
286671 10546000
786806 10546001
660384 10546012
3817978 10546018
39304496 10546021
2238064 10546029
3847604 10546035
336976 10546037
39304497 10461701
778192 10546063
15011321 10546080
10882031 10546088
1431271 9992439
747500 10546113
169134 9992473
15011425 10546131
307346 10546140
1396288 10546145
2574749 10546159
39304498 10461729
39304499 10461732
39304500 10546217
39304501 10546229
608584 10546252
39304502 9992716
1357357 9992718
39304503 9992824
241033 9992884
213538 9992892
179832 9992932
166181 10546357
22402552 10546367
39304504 10461800
15011444 10546392
15011307 10546414
398217 10546436
39304505 10461808
15011552 10546488
198362 10546548
15011549 10546559
39304506 10546571
1009344 9587823
39304507 10546596
15011267 10546629
681166 10546641
23209794 10546655
3815948 10546678
15011510 9993547
363335 10546711
679974 10546718
1390931 10546728
7837192 10546738
3862141 10546749
24429552 10546758
236026 10546791
39304508 10546813
489677 10546820
1348260 10546850
21197966 10546860
3821984 10546868
308230 10546900
39304509 10546912
3815952 10461847
3862167 10546924
39304510 10546935
2371521 10546987
2115603 10546998
1509314 10461871
3862178 10547030
39304511 10461876
2252106 10547082
1729290 10547103
15011364 10547127
3841492 10461877
2574780 10547138
3827303 10547148
3815954 10547158
23209796 10547183
15011265 10547197
3862196 10547211
3807935 10547236
3800020 10547245
3820188 10547246
3842153 10547258
3788716 10547281
39304512 10547302
3862201 10547313
22402688 10547324
15011501 10547354
490991 10547376
3846024 10054472
469317 10547461
1344648 10054477
29502101 10547536
2576581 10547547
3854311 10547559
15011415 10547569
39304513 10547570
39304514 10547582
3854313 10547604
15011461 10547615
15011261 10547637
17173140 10547661
3816067 10547707
244321 10591437
3569922 10547737
1622079 10547758
3854337 10461925
1344660 10547788
2307317 10461926
3854625 10547885
39304515 10461966
3790491 10547923
696800 10462006
1603914 10462022
3845574 10054500
1586390 10547984
39304516 10462024
3611597 10548003
1405614 9588794
39304517 10548024
2094091 10548051
29502568 10462027
39304518 10462037
3854645 10548081
29502570 10462042
3843020 10548092
3835124 10548103
39304519 10548134
15011590 9588949
237308 10462072
485809 10057038
29502852 10548226
2216345 10548268
22393574 10548279
2319296 10548293
2300241 10548302
3859020 10548311
39304520 10548322
3854419 10548335
15011332 10462092
456267 9995817
15011334 10548391
3854425 9995880
3854431 10548445
3854433 10548464
2323528 10548467
249166 10548485
133228 10548494
173198 10548505
1335621 10462113
15011502 10548592
2574806 10057058
2574544 10548620
3819783 10548621
18919075 10548642
3854455 10057060
15011447 10548654
1526666 10548659
3854457 10548668
1303531 10548688
3820163 10548713
3826285 10548717
2574809 10548726
490573 10548754
547356 10548763
39304521 10548773
22426832 10548784
3757098 10548785
237726 10548787
1052449 10548790
2354455 10591563
3854468 10548825
237784 10462150
475582 10548852
3830214 10057067
39304522 10548873
3850633 10462151
236554 10462154
1432610 10548878
3850631 10548883
15011236 10548890
2574811 10548899
3854474 10548909
3783887 10104720
137087 10462158
452815 10462162
3821370 10462164
39304523 10548997
2481417 10462189
693665 10549032
2096032 10549041
15011408 10549051
1812563 10549058
1481290 10549069
782049 10549080
2213946 10549088
22402633 10462199
1013775 10549108
39304524 10549115
39304525 10549125
405490 10549136
15011608 10549144
39304526 10549151
2574815 10549166
156701 10549187
18938822 10549197
3809376 10462216
39304527 9590229
1590559 10462223
15011591 10549232
39304528 10462234
388220 10462238
16902177 10462243
3854495 10549260
15011329 10462284
15011308 10549315
577502 10549325
4363966 10549335
240147 10462309
18490751 10549367
18916482 10549415
15011324 9997618
3855032 10549432
252633 10549437
3792101 9590557
1570877 9997728
15011498 9590594
39304529 10549503
772534 10549513
3854523 10112439
3854525 10549548
36135722 10549554
691718 10549580
39304530 10549592
592929 10549602
237502 10549603
3832515 10549623
172599 10549632
3793182 10549637
20392547 10549640
3854536 10549657
