12039104 24793809
15816936 24793811
12021314 21262003
14611208 21262112
12041785 23969544
12028056 23969545
12021442 24793817
12040722 23969556
12025512 23969558
12036700 24793831
3966284 21254667
12026306 21254668
15816889 24793833
12029454 23969564
12028288 23969565
12026325 21254671
12025153 24793836
12037063 21254674
12027878 21254675
12028180 24793841
12028589 24793842
12030868 23969581
12030713 24793847
12025767 23969582
12020465 23969583
15816938 21254678
15816878 24793851
12025874 24793854
15816831 24793855
12041612 23969608
12033512 24793872
12020763 35069486
12028335 24793890
21164722 21254691
12025422 23969618
12028252 21264013
12025617 23969620
12030918 24793902
12026135 24793912
12027069 24793913
12037560 35613792
12030841 35613793
12027973 24793920
12026430 23969638
15816937 21254693
12028638 21254701
12024085 23969661
12025373 24793974
12026686 23969663
12030787 21254708
12021437 24793979
15816812 23969664
12030796 23969665
12026035 24793982
3951467 30497752
12030504 23969667
12026431 23969669
15816868 23969670
12020361 24793987
12020648 23969676
21163018 23969681
18242439 39399844
12026326 23969683
12026401 23969688
12028394 21254712
15816853 21254713
12028582 24794002
12025492 21254716
15816940 24794004
15816946 24794006
12035932 21254719
15938295 23969701
12037055 35613794
12030851 24794028
12027129 33290193
12027634 23969706
12028775 23969707
12026394 23969715
12038928 24794041
12030847 24794047
15816898 23969722
15816935 23969723
15816795 21254724
12030644 24794064
12030881 21254729
12030843 23969727
12033365 23969729
15816932 21254730
15804674 21254732
15816856 23969732
12025415 21271992
15816917 24794075
12027472 24794077
15832031 23969734
12027466 24794079
12026037 21272395
12029313 21254738
15816897 30497842
12025667 21254739
12030916 21254740
12026166 21501121
12032979 24794091
12026133 23969748
12027301 23969750
15816852 21273118
12027693 35069540
12030340 24794110
15816882 23969757
15816830 23969759
15816929 21254746
12030906 24794123
12028435 30497859
15816880 35069549
12026485 23969768
12021933 24794133
12019423 35069551
12026881 23969780
12026960 23969781
12027198 21254755
12029378 23969794
15816872 23969797
12030960 24794162
12027697 35069579
36010515 24794166
15816896 24794169
12036849 24794170
15852144 24794174
12036681 24794183
12028397 23969826
12024089 25937893
15938735 24794184
12027321 23969828
12028169 24794186
15816955 21254761
12029346 18522723
3943119 25937894
13267701 23969829
12029636 24794190
12038979 24794192
12027527 21254763
12020201 24794195
12031039 23969830
12021198 24794196
12021954 24794197
12028151 23969831
12028105 23969832
15816801 23969836
12028203 24794205
12031032 24794206
13337681 24794208
12029274 24794213
12021989 23969841
12030487 24794221
12027942 21254768
12025641 24794224
12031050 21254770
12020420 35069788
12025424 24794225
12021041 35069789
12029347 24794226
15816948 24794230
12026433 21254773
12039363 24794238
15985615 23969846
15937767 23969847
12028327 23969848
12027896 24794242
12025392 24794246
12025171 24794247
12039027 24794249
12025765 24794251
12027289 24794252
15932920 21254776
12020685 24794253
12037005 24794255
12037053 21254779
12027207 30497999
12025926 23969850
15816925 23969851
12026463 24794264
21163033 23969853
12029253 23969856
12027672 24794267
12027983 23969857
12026500 24794268
15816847 21254780
12021023 24794272
12031080 24794273
39399845 24794276
12020666 23969859
12027860 23969860
15899529 23969862
12028855 24794278
12031690 21254784
12026034 24794280
12031072 24794281
15889666 24794283
12020977 24794284
12020803 23969863
12028067 23969865
3948541 23969866
12026688 24794310
12025138 23969868
12027880 23969870
12027626 24794313
12026984 23969872
15816792 23969873
12020707 23969874
15943439 23969875
12039077 24794318
15816968 30498066
15816891 25937897
12020489 24794329
15816947 24794332
12041050 23969878
15985975 24794336
12019120 24794337
18242684 23969879
12021045 23969881
12020523 23969882
12020776 23969889
15832836 21254789
12027767 24794346
12036518 24794348
12026970 23969891
15804675 21254791
12029420 24794353
12031151 24794354
15816803 24794355
12020772 30498101
12037526 23969894
12025376 36028910
12039292 30498103
12033454 24794362
12028334 23969896
12032959 24794394
12026395 25937898
12042211 24794397
13529027 24794398
21164143 24794400
15898990 23969898
12038929 24794401
12036991 24794402
12026432 24794403
12027768 21254792
12037133 24794404
12031167 24794405
12031064 24794406
12027209 24794408
12035944 24794410
15816904 24794414
12021958 23969901
12021827 24794416
12026312 23969903
12026595 24794418
15816870 24794419
12025179 24794420
12025996 24794421
15927123 21254795
12026912 23969906
12026356 24794424
12029059 30498178
15816959 24794426
12030509 21254801
15804849 30498183
12025757 23969908
12041513 24794430
12028419 24794432
12029625 21254803
21164745 21254804
12020198 24794434
12027965 24794435
12031015 21279087
12039734 24794438
12026933 23969911
13190934 30498198
12040225 24794440
12027886 21254805
12026707 23969913
21164191 21254806
12037613 24794444
12025665 24794446
12027633 24794450
12031288 23969914
12021029 24794454
12027469 23969915
12025927 24794455
12029343 23969916
15852141 24794456
15908255 30498214
21162893 24794457
15816829 24794460
12025780 39399846
12023128 24794463
13295319 24794465
12035914 21254808
15816797 39399847
12026422 23969917
15821708 24794468
12031211 21254809
12025654 21254810
12037085 24794471
15832030 24794472
12039098 24794474
12027764 21254811
12026593 24794478
15821705 23969921
21164445 24794479
12028813 24794483
12026331 23969924
12020430 30498239
12039174 21254816
12041981 24794500
12022005 23969929
15816927 24794502
15805876 30498256
15816934 21254817
15816885 21254820
16016237 24794528
15821713 39057782
12031188 23969934
12020318 23969935
12019123 24794529
12031094 23969938
15816919 24794530
12025530 24794531
15816916 23969939
15816819 24794532
12021002 23969940
15816791 24794534
21163081 24794535
12031013 23969942
12032835 23969943
12026074 23969944
12027295 24794537
15908409 23969945
12037609 23969947
12027220 24794541
12031095 24794543
12027490 24794544
15832846 21254822
15893325 30498326
15816922 36571239
12020981 24794547
12040771 23969949
15816888 23969950
12031220 21254824
12025155 24794549
15828268 24794550
21164789 21254826
12028587 23969951
15816820 24794553
15816866 24794556
15821715 39399848
12040878 24794558
3951008 23969954
12038868 24794560
12025862 24794562
12031162 24794564
12030327 24794566
12039282 24794567
12033116 24794568
12027194 21254828
12042094 23969959
12025969 24794573
12020969 24794574
15832842 23969961
15816827 24794575
12021480 24794576
12025405 24794579
12020481 23969964
12026040 23969965
12020961 24794581
12020336 30498391
15804677 23969966
12025201 39399849
15816950 24794584
12027804 24794586
12020168 24794588
12031302 21254830
12026589 24794591
15816883 24794594
12025900 24794596
12020804 24794597
12026313 24794601
12028605 24794603
12029252 24794604
15908544 36028924
12026314 24794621
12025274 24794623
15816923 23969978
12907581 24794629
12027682 24794632
12020829 24794633
12026323 30498427
12033238 24794637
13597364 24794641
12020244 24794643
15908441 23969980
12031208 24794662
15908361 24794665
12021135 23969983
12027514 24794669
12021072 23969984
12027806 24794670
12029354 39399850
15816910 24794671
12021444 24794674
12026926 24794675
15816971 23969986
15821714 24794678
12026712 24794680
12020718 24794686
15840721 23969992
12031318 24794714
12025456 23969993
15816881 24794717
12026610 24794719
12031327 24794721
15816826 21254837
12030333 23969996
12041998 21254842
12029279 21254843
15930540 21254844
12020315 24794725
15816924 23969999
12021022 23970001
15816913 23970002
12022202 24794728
15809914 23970003
3909339 23970004
36010585 24794729
12019812 23970006
15816861 24794732
12025921 24794734
21164977 24794736
12029282 21284403
15816814 21284414
12033446 24794743
12028176 30498477
12020866 21254849
12026445 24794748
15816850 21254853
12021030 24794764
15816823 24794766
12041980 24794769
12031626 21254855
15943087 23970019
15816840 39399851
12040835 39399852
15816952 23970022
36010502 24794776
12027175 21254856
12026954 21284645
15816879 24794780
15816841 21254858
12038880 21254860
12025235 21254862
12031568 24794787
12027665 23970025
12020141 23970026
12021831 24794797
12029218 23970027
21164755 24794805
13098635 24794806
12027329 24794808
15816954 23970030
39399853 23970032
12025289 39399854
12027224 24794810
18241707 24794811
12021422 23970035
15930408 24794815
15816915 24794821
12031612 24794826
12027288 23970044
12027996 39399855
12027766 21254871
15804851 25937949
15938123 30498495
12039470 23970049
12026487 23970051
15804683 23970052
15969102 21254872
13011857 23970053
12026761 23970054
12027951 24794837
15930043 21254876
12040981 21254877
15987338 23970056
12031503 24794838
12031467 24794841
12039767 24794842
18252684 30498498
12041633 24794844
12029464 24794846
12029276 24794855
12020945 23970060
21165626 23970063
15898993 24794862
15816874 24794888
12021817 24794892
12020675 24794895
15816920 23970074
3951552 21254889
15852149 24794903
12028603 23970075
12038422 35644106
12025275 24794906
12036596 24794907
12025505 21254891
12026476 23970076
12028045 23970077
12019226 24794909
12025668 24794910
12031573 24794911
12026985 24794913
12028660 24794915
13490177 21254892
12026307 24794919
12027907 24794920
15832847 21254893
15816813 23970078
12021806 24794922
18243902 23970079
12026917 24794924
14582367 24794927
13303712 24794929
12021090 23970082
12020345 24794930
12020841 24794932
15816906 24794935
12026638 24794937
15816871 21254894
15832835 21254895
12028780 24794950
12021124 23970091
12027695 23970092
12025959 24794951
12026863 23970096
12025271 23970097
12040227 21288630
12021118 23970098
12028450 24794960
15816972 24794962
12031590 23970099
12025752 23970100
12026332 24794965
15816966 23970103
12031597 30498521
12020994 23970104
12027533 21254898
15816942 24794975
12041403 21254899
12020172 21254904
15816816 24201892
12021057 24794979
12021327 24794980
12022204 21254905
12025521 21254906
12028759 21254908
12038966 21254909
15816903 30498524
12021093 23970105
15816890 23970107
12036798 21254912
18248276 21254916
12026415 24794996
12020705 23970114
36010492 21254918
12024084 24795002
12026084 30498532
12031529 30498533
12025468 23970118
12025407 23970120
12027100 23970121
12019058 21254923
15816907 23970122
12025291 23970123
36010493 35644717
15909346 24795014
12025876 23970124
12026858 23970125
12025888 24795015
12030511 23970126
15816918 21254925
12025436 24795017
15816969 24795019
12028165 23970128
12026545 21254926
12029355 23970129
15908407 35613810
12031606 23970132
36010513 24795026
12031560 30498544
12027235 23970133
15804682 21254928
12021005 24795032
12027211 25937966
12020483 21254929
17199683 21254930
12020784 24203043
12026853 21254931
21162559 21254932
15806497 23970136
12031483 23970138
12026646 24795035
15816810 24795040
15954172 24795041
12039153 23970143
12034860 24795047
12026117 24795048
15809912 21254935
15891976 23970144
12025994 21254936
12041772 30498551
12028388 21254938
12026457 24795054
15816894 23970148
15816869 21254939
12028333 24795060
12025957 24795062
15816884 23970149
12028116 24795064
12025394 24795068
18263798 23970151
12029336 30498555
12027214 30498556
12025290 24795096
12021031 23970157
12025623 30498559
12035938 24795097
36010503 35613811
12021019 24795103
12026562 39399856
12020802 30498560
12021429 24795105
12026874 23970158
12027856 24795125
15816895 21254949
12020425 23970175
12041586 21254951
12026779 24795133
12027056 24795135
15816848 21254958
15816843 23970180
15816863 23970181
15816956 23970182
12028668 23970183
12039101 24795159
12028238 23970186
12036725 24795170
12021313 24795171
15816858 30498580
12033660 30498583
15816865 36573931
12026936 23970191
12041450 24795182
15816800 30498588
12031761 30498589
12028017 21254960
12031762 30498594
12036931 24795196
12034862 39399857
12025671 24795200
12026733 24795201
12039381 24795203
12033449 21254968
15939460 24795208
12025966 25938010
16013840 39399858
15816930 30498699
12037499 24795215
15816902 30498701
15816835 30498703
12027509 21254975
12021076 24795223
12024582 24795229
12026414 39399859
12027109 24795237
12031717 24795238
12040684 39399860
12022901 24795247
15816862 24795253
15832843 23970205
15816864 30498744
12036581 39399861
12027213 21254980
12023305 24795278
12020471 23970215
12040237 39399862
21163264 23970217
12025490 24795281
15816926 30498762
12031674 24795284
12029064 21254981
15816825 36574393
15816877 24795286
15816833 33290617
15816967 36028957
12020211 39399863
12026807 30498767
3955819 24795292
12031798 21254983
15816837 39399864
12027875 30498774
15816945 39399865
12025357 24795297
12026121 30498782
15816957 21254987
12028181 23970221
12020971 30498787
12027179 24795309
12026867 30498789
12020311 30498790
12028040 30498793
12020241 24795315
12021445 21254988
12041995 24795324
12020979 24795330
12033497 30498796
12035967 39399866
12026914 21254992
12025639 24795341
12026427 39399867
21166049 24795351
12026920 24795355
15816842 25938016
15816899 24795359
12026375 24795360
12025429 24795361
15816960 23970234
12026447 30498837
12028710 23970236
12026537 30498840
12025182 39399868
12027290 39399869
12031732 24795383
12026959 24795386
12029024 24795391
12029288 39399870
15816914 24795397
15816958 39399871
12027928 24795400
12020423 39399872
12026725 30498877
12026955 24795406
12037046 21255005
12026376 39399873
12020906 24795413
12032907 30498888
12026660 39399874
12033295 39399875
12027917 30498898
12020973 39399876
12033524 39399877
12035908 39399878
15954111 33290696
12026645 23970257
18236211 23970259
12026921 24795441
12029638 24795444
15852150 24795445
12041619 24795447
12029344 30498943
12038102 24795454
12029034 30498949
12028168 39399879
12022266 39399880
12028466 23970268
12025649 30498960
15852140 24795467
15804687 24795469
12025963 23970270
12019248 24795471
12038847 30498968
12028390 24795478
36010512 25938054
15816951 30498977
21164706 21255009
15959441 23970271
12027498 39399881
12026387 21300338
12028799 21300355
12027543 23970278
12027876 30499024
12031858 24795495
12026137 23970279
12038887 23970280
12020871 25938060
15816965 21255014
15816961 24795525
15816860 39399882
12034467 24795536
12036877 24795538
15816873 23970294
12027755 23970297
12031982 24795549
12029209 23970298
21164685 24795551
15932051 31668438
12036839 23970299
15804853 24795560
12026428 24795564
21164087 21255021
12025751 30499092
15954206 24795571
15991123 24795575
3906787 24795579
12021281 23970310
36010504 30499111
15817196 24795599
12038886 24795602
12025973 21255026
12027131 24795608
15908404 23970320
12036987 21255028
12040817 23970321
21164355 23970331
15832029 24795627
12036829 23970335
12028277 24795630
15816844 21255035
12028673 23970338
12027461 25938073
12027396 33290793
12019249 21255043
12027132 23970351
12026651 30499155
21164982 23970356
12028062 23970358
13245392 23970360
12037186 23970363
12041436 39399883
12026813 21255045
12021048 30499170
12021834 23970365
12033525 39399884
12025484 23970367
12026876 39399885
12020709 30499203
13296099 23970388
12030972 24795691
12028115 25938163
21164547 23970395
12032097 23970405
15944830 24795714
12020688 21255057
12021069 35648125
12021282 24795720
12025454 23970412
12021003 39399886
12026903 39399887
15852151 36577566
12026769 24795738
12020783 21255062
12036835 25938174
12026102 39399888
15816822 39399889
15816846 39399890
12026855 30499385
15816817 24795750
12027873 23970435
12028389 21255066
12027854 23970437
12026087 21255067
12026211 24795753
12038963 23970441
15991716 24795764
12021428 21255068
12027774 39399891
12027185 36028993
12022302 30499413
12025515 24795779
12032089 24795780
12026417 24795785
12027459 39399892
12027782 24795788
12021000 24795790
12029082 39399893
12025975 30499429
21166232 39399894
15816962 24795792
15804688 24795793
12039136 24795795
15918239 23970448
12036802 24795797
15816805 24795803
12026522 23970452
12041024 25938183
12020767 21255074
12027294 24795812
12025309 23970456
12029089 39399895
12022334 24795816
15816809 23970459
12037180 24795819
15816857 23970460
12020212 24795821
15816832 23970463
12025449 23970465
12027328 21255075
12026909 24795826
12029179 30499463
12026468 39399896
12032996 24795831
3946452 21255077
15816964 36028998
12037033 36028999
15816859 24795846
12026543 39399897
12028644 35648712
12029339 30499528
12027680 30499533
12020358 30499535
12027948 23970492
12022344 23970500
15816912 24795885
12026992 24795901
12022374 24795904
12027452 23970506
12032195 23970507
12028210 30499595
15816845 21255092
12039172 23970514
12027074 21255093
12020174 24795921
36010510 30499604
12026743 24795930
12028122 24795933
15944832 24795936
15816804 23970518
12027123 21255100
3894067 24795972
12026458 24795973
15816855 24795977
15816892 30499650
12025885 25938210
12028254 24796005
12028100 23970538
15908359 23970539
15816943 24796008
15816963 30499670
15816921 36579146
12019228 36029017
12041873 24796030
15816849 24796031
15816886 24796032
15816838 23970547
12030480 24796034
12036692 39399898
12020503 23970549
12042214 39399899
12026947 21255110
15816815 24796039
12027558 39399900
12025417 24796045
12037780 24796048
12020768 24796049
12021042 23970553
12025268 24796053
12037781 23970557
12028654 39399901
12039347 39399902
12025242 24796059
12025539 23970560
12028816 31668509
12026668 36029018
12030951 23970563
12020476 23970564
15924233 30499737
12028601 24796073
12028792 30499739
12027540 23970566
15816834 39399903
15816828 24796082
12029107 23970567
12026937 24796084
12039893 24796086
12027096 30499743
12027690 36029019
15993213 39399904
12038120 24796097
12039671 30499756
12027668 24796103
12028155 24796105
12026880 12458553
15816911 24796111
15816796 24796114
15816949 23970575
12031278 23970576
15993810 24796117
15816854 21255124
12024077 39399905
15809911 24796120
16020284 24796123
15816798 21255126
12026318 21255128
12021078 24796131
12020228 25938220
12026848 21255131
12027417 23970583
12027108 24796140
12021436 23970584
12021451 36579849
12029392 24796147
12027197 24796148
12030974 24796152
12041723 24796155
12032219 24796157
12025287 24796165
18238222 23970594
15816933 25938223
12026167 36029021
12026648 24796197
12026865 24796199
15832844 24796218
12020864 24796220
12029177 24796236
21164941 21255139
12028142 21255140
21166403 21255141
12028154 23970606
12026283 25938253
12032374 23970609
12032391 23970610
16013000 24796242
12032289 39399906
12027102 23970611
15930041 39399907
12026305 24796248
18238052 23970612
12025566 24796254
12026938 30499878
12029200 30499882
12025161 30499901
12030498 30499910
12029349 30499934
15994110 30499937
12028108 30499940
15809910 23970617
12025940 21255150
12025873 30499949
12028003 39399908
12020157 24796268
12026469 24796270
3890179 24796271
21162848 36579958
12028381 24796272
18247537 24796274
3906722 39399909
12028258 24796276
12025777 39399910
12027072 30499979
12035887 24796284
12028199 23970624
15909338 21255151
12024072 23970625
12027462 23970626
12024073 39399911
12026980 24796291
12027225 24796293
12039461 24796298
13352414 24796299
18250294 24796302
12026220 24796303
12028038 39399912
12026419 23970630
12025935 35650195
15935180 39399913
12025406 39399914
12025987 24796310
21164106 23970635
12039226 24796313
12037056 30500026
16018158 30500030
12020197 30500037
12036870 30500042
12039908 23970638
12028107 31668626
12041892 30500072
12028094 24796322
12026746 24796324
12026850 24796325
12027476 25938271
12027081 24796333
15821702 24796334
15981554 30500082
12032881 24796337
15930061 24796339
15892833 39399915
15816900 31668635
12026295 30500185
15804850 24796348
15898410 39399916
12025528 30500199
15816944 24796356
12025295 23970649
15816909 23970650
15816790 23970651
12029469 24796359
12027877 24796363
12021306 30500222
12025991 24796367
12038992 23970652
12026624 23970654
12032046 24796370
15816808 30500233
15816887 24796372
15816839 30500239
12026854 30500253
12026384 39399917
12035873 23970659
12038930 31668637
12027943 39399918
15948864 24796378
16008663 39399919
15816875 23970663
12027206 24796381
21163234 39399920
15816867 23970664
12025627 24796384
12026758 24796385
15816901 24796387
12020986 23970665
12026289 39399921
12027191 39399922
15908387 24796388
12028102 39399923
12026435 24796391
12027178 39399924
15816908 39399925
12036555 30500288
15832839 25938280
3895574 24796409
12028063 24796412
12026710 30500296
12035870 23970667
15817444 24796414
12027810 21255157
12040065 21255158
12022442 24796418
15931302 24796419
12036883 24796420
12035965 30500313
15930576 24796422
12021054 30500314
12026908 39399926
36010495 23970668
12039099 30500316
12026948 39399927
12030341 30500319
12026573 23970670
12036680 39399928
12021153 25938281
12028126 30500333
13351268 23970673
12025288 24796436
12027990 23970674
3906677 21255161
15930594 24796439
12032079 25938286
12028696 21319531
13323062 39399929
36010496 39399930
12039465 25938290
12030546 24796443
12027030 21255162
12027004 23970675
15804679 24796448
12036621 23970677
12034132 24796452
12029365 30500406
12026062 30500410
12026011 21319622
13385562 39399931
12029073 25938293
12026284 23970679
12036183 24796462
12026717 24796463
15816876 24796468
12026478 24796469
12030766 24796474
12041392 24796477
12041682 24796489
13076412 21255163
12025550 36029040
12028244 39399932
12026234 24796497
15821717 24796503
12025488 39399933
12027969 23970682
12031661 39399934
12021837 39399935
12025395 24796515
12024070 39399936
12028043 36579969
12028113 39399937
12038920 24796516
15851398 25938297
12021028 30500495
15842290 23970683
12028289 30500500
16014985 24796520
12032041 30500505
12027855 24796522
12026088 24796523
12027654 39399938
12026477 30500506
12026029 24796527
12041150 39399939
12027834 24796528
21163219 24796530
15947804 24796531
12024071 30500509
12026045 25938300
12023303 21320837
12041081 39399940
12031180 39399941
12032982 24796594
12026762 24796642
15932229 23970725
12034953 36029057
15821712 23970731
12027967 39399942
12027195 24796672
12021447 24796673
12029054 24796675
12021491 39399943
12026397 23970734
12025939 24796682
12027921 23970735
12041893 23970736
12038941 39399944
12027552 21255177
15816939 39399945
15942521 23970755
12025278 24796728
12040014 24796751
12028183 39399946
12022628 24796803
15840713 24796826
12027807 25938414
12020009 31668780
12028395 21255207
12020983 24796974
12033198 30501088
12027655 30501092
12025127 21255222
12039184 24796989
12026515 39399947
12025446 24797000
15943392 24797008
12039187 39399948
12026064 24797032
12020187 24797040
13215184 39399949
12027556 21255227
12025383 23970863
12020152 23970864
13556894 24797047
12026767 24797054
12025176 24797065
12025725 24797069
12039066 23970872
12026426 23970873
12020143 24797074
12027234 24797076
12025547 24797078
12021280 24797079
4914698 24797081
12027835 24797109
15816824 23970884
12030331 21255230
12027902 23970885
12027299 24797123
12029385 24797124
12033197 23970890
12025286 24797139
12033218 24797141
12026600 24797145
12027302 24797146
12026023 24797151
12022658 24797160
12033203 24797162
15816799 23970892
15914211 24797168
15999990 24797178
12028578 24797186
3951814 24797188
12027859 30501533
12026774 21255236
12028420 23970901
12028379 23970904
16000115 23970905
12029628 23970906
12026043 24797203
21163233 24797204
12025993 23970907
18248783 30501547
12026460 24797210
12027162 24797211
21164790 24797216
12027714 23970908
15908351 24797217
12020892 24797218
12033151 24797219
3958923 23970911
12027468 21255244
15816821 24797270
12029403 24797299
12026952 24797300
12026644 30501718
21163710 39399950
12021330 24797320
16882126 24797321
18237985 24797332
12020812 24797366
12026873 39399951
13336268 24797378
12028057 30501760
12886987 24797382
12026132 24797389
12039137 24797391
12027285 21255259
12027940 39399952
12026841 23970942
13307412 24797431
12027088 31668944
15828269 23970944
12027699 24797436
12020224 21255263
12041122 21255264
12021073 23970948
12025238 24797438
12027500 24797439
12033297 23970950
12033081 24797440
12026231 23970952
12019185 24797448
12026580 24797456
12036580 23970956
12020148 23970957
12025624 23970958
12040051 24797467
12022729 24797469
12031569 23970963
12022731 24797476
12020126 21341984
12040880 23970965
12020903 39399953
12020439 24797491
12019221 21527844
12035966 24797497
12038586 24797498
15931493 24797500
12028167 24797502
16000706 24797503
12028240 21255273
12027464 24797505
12039464 24797506
12020156 24797511
3967326 23970975
12025200 24797512
12026204 21255274
3965489 23970976
15828267 24797515
12027713 21255275
12027925 23970978
16000839 24797518
12039264 24797520
12034152 39399954
15816794 24044007
12021134 23970983
12026946 24797536
12033417 24797537
12027062 24797538
3961125 30501884
12026905 24797542
12026321 35613859
12026140 24044032
12021304 24797544
15816793 24797548
12025962 24797551
12020422 24797554
12026845 25938565
12020329 24797556
12020805 25938566
12027505 39399955
15899368 23970987
12028010 24797562
12025467 25938570
12026875 23970990
12026588 24797566
12029178 23970995
12029315 24797570
12025410 24797573
12039295 23970996
12042215 23970998
12020414 23971002
12021449 24797600
12020510 23971006
12036875 30501924
12027322 24797604
12028339 24797605
12021450 24797606
12025931 24797607
12020843 23971007
15852146 24797609
12026036 23971008
12020459 23971009
12026666 25938576
12027858 24797612
12027678 23971011
12027945 24797614
12020770 24797616
12026720 24797618
12021007 24797619
12021439 23971012
12033427 24797635
12038909 24797637
12027809 24797643
12026421 24797645
12025469 24797650
15816928 12596171
12020744 24797660
12033458 30501949
12039299 24797667
12025426 24797668
12026675 21255287
12028224 23971025
12027181 23971026
12026844 24797672
12023297 24797681
12026701 24797686
12033423 23971028
12033428 24797691
12027519 24797699
12026480 21255293
12027005 23971032
12025440 39399956
12041399 24797714
12025178 24797722
12025218 24797723
15816851 24797726
15816931 24797727
12036927 23971040
12026582 24797747
12019250 24797754
12029382 21255298
21164756 24797759
12031760 23971044
12020870 30501977
12020374 21255300
12026212 23971045
12020773 24797766
12040282 24797767
12026402 30501981
12021079 21255301
12027971 24797770
12037037 39399957
12026641 24797778
12040669 30501993
12022688 21255305
12036936 39399958
12030586 23971053
15817443 25938587
12025766 24797810
12026886 25938589
12025942 30501996
12030859 39399959
12027154 24797821
12020505 39399960
12041230 24797824
15832837 24797825
12020207 23971062
12029391 23971064
12025980 24797839
12021335 23971065
12020462 24797843
12020147 23971067
12025647 23971068
15856869 23971071
12027991 23971072
12040668 21255317
21163212 23971076
12019156 23971077
12028121 24797866
12039633 21255318
12028163 21255320
15804852 21255322
12031549 23971078
12027326 23971083
12020158 24797873
15832032 24797883
12026184 24797889
12027187 24797897
15821709 24797898
12025937 24797900
12033652 23971092
12029140 24797906
12040680 21255329
12041338 24797911
12028588 24797918
12038431 24797920
12025701 23971097
12025462 23971101
12027284 24797925
36010508 24797928
12031142 23971108
12029186 24797933
12028591 24797941
12025282 24797943
12027694 24797945
12026279 23971114
12021328 24797947
12021427 21255333
12029335 23971115
12020898 24797951
12030325 21255335
12020324 24797952
12021446 24797954
15805806 24797960
12021440 24797962
12027894 30502138
12024068 39399961
12026607 24797991
12028387 24797993
12029527 25938707
12027988 24798015
15821706 23971121
12039142 24798026
13420244 21255343
12026108 30502178
21161816 24798033
12029074 24798034
18238071 21255346
12026989 24798035
12028594 23971123
12036799 24798040
12025998 23971124
15840716 24044562
12020677 24798081
12030577 24798087
12036667 21255348
12034481 21357576
12030615 23971141
12030748 25938712
12029639 24798097
12033334 23971142
12026663 24798102
12026282 24798103
12020330 24798107
12020467 24798110
12026099 24798112
12029226 24798129
12027687 24798138
12027393 25938717
12036590 21255350
12026129 24798147
12038864 23971161
12026585 24798149
15817449 23971162
12027954 24798158
13530463 24798166
12027153 21255356
12026499 24798174
12026191 24798178
12020075 23971166
21163211 21255357
12020171 23971173
12027401 24044605
12027528 24798195
12020055 21255365
12020314 24798233
12036818 24798236
12027949 24798242
12027048 30502274
12022781 23971180
12023295 23971181
12027664 21255370
12020769 24798251
12029404 24798254
12038933 24798259
12035923 23971187
12025739 21359955
12036582 21359981
12033658 23971190
12027203 23971193
12027985 21255373
12021074 21255375
12037040 24798263
12025666 24798267
12020968 24798269
21166542 23971196
15898965 24798273
12039018 24798275
15943016 23971198
12028569 23971199
12026389 21255376
12022759 24798280
12023306 24798281
12029356 12596431
12030593 21534781
12028002 24798288
12022754 39399962
12027309 24798295
12027934 23971204
12041577 24798379
12027089 24798386
12039071 23971226
12026101 21255381
21164886 24798405
12026105 21255386
15852145 21255388
12027808 23971244
15909244 21363448
21163435 21363468
15961759 23971246
12026471 24798440
12025195 36580160
16003772 39399963
12020508 24798444
12036789 30502404
12021962 23971249
12027545 30502406
12019046 24798452
12026771 39399964
12019522 39399965
12030899 21255391
13582921 24798471
12019523 24798479
15908462 30502429
12026368 21363778
12020173 24798483
15954210 35069889
12027557 23971261
12029261 23971262
12021035 24798490
12027811 23971263
12026768 23971264
12027597 21364547
12026334 39399966
12033724 23971272
15938062 24798512
12026653 35069900
12019428 30502513
12028719 24798534
12026524 24798563
12025491 39399967
12033690 39399968
21165148 24798568
12026229 39399969
12025933 21255403
12020764 39399970
12026315 39399971
12040719 39399972
12027516 24798576
18236803 24798580
12027828 39399973
12026497 24798589
12025896 23971292
12027043 21255407
12041755 24798606
12026482 35069919
12026203 24798625
12022630 24798627
15970415 24798630
12036888 24798632
12020867 23971301
12028144 24798640
12020150 23971307
12041458 27332502
12026877 24798642
12021063 30502757
15909240 39399974
21165144 24798643
12036744 23971312
12033783 24798649
12022805 39399975
12028795 23971314
12027660 23971317
12028090 23971318
12027542 24798657
12027955 39399976
3969036 23971321
12041758 23971323
12030564 24798679
12027126 30502788
12022800 39399977
12026756 24798687
12020245 23971328
12026407 21367592
18247529 39399978
15804680 30502793
12026911 30502794
12025452 24798693
12025451 36580182
12026308 30502799
12039462 30502801
12021793 39399979
12025620 24798695
12035034 30502807
3948624 39399980
18240550 30502809
12029351 24798733
39399981 39399982
12028262 39399983
12033808 24798825
21161571 24798832
12032577 24798833
12027045 24798834
18244403 24798846
12026719 24798849
12026835 24798858
12030477 23971364
12030600 23971365
15817447 23971368
12026003 39399984
12025174 24798919
12033816 23971382
15899430 24798927
12028634 39399985
12025938 23971389
12028386 24798980
12020121 24798982
12027327 24798983
12032978 24798988
12026484 24798992
12038878 24799007
12036707 39399986
12034702 30502965
12025466 39399987
15804676 30502966
2734862 24799026
15950923 23971405
12025563 23971407
12036583 21255449
12026862 23971411
12025943 24799045
12041767 24799048
15930020 21255455
12031591 23971420
15852148 24799060
12020881 24799067
12033866 24799079
12036683 30503033
12033899 21255460
12028079 39399988
12027453 23971434
12028097 23971435
12021432 23971436
12020621 21255461
12021438 21540821
15899163 24799104
12026728 23971439
12025950 24799106
15929932 23971441
12026575 39399989
12030471 24799114
12033962 23971445
12029345 24799127
12025990 21255463
12020652 23971453
12027966 30503049
12022848 24799167
12033925 24799169
12026583 23971461
12027602 24799191
12033886 30503063
12020458 24799202
12026923 39399990
12028233 24799210
15816836 24799212
12025483 30503066
12020659 21255475
12027520 23971471
12029338 24799218
12029259 23971473
12020116 24799223
16017985 24799224
12030728 24799226
12041687 23971474
12021027 24799229
12021052 24799230
12020880 24799234
12040750 24799238
12033938 24799244
13595852 24799246
12039441 24799247
12027754 23971480
12027189 23971481
12020863 24799253
12020650 23971482
13190908 24799256
12029342 39399991
12027786 24799260
12021039 24799261
12036856 21255478
12025865 23971487
21163737 23971488
12021128 24799271
12038986 24799272
12023918 30503082
12021113 21255480
16005344 24799281
12033948 24799283
12033950 12459067
12026643 21255483
12028774 23971491
15852147 39399992
15816807 24799301
12025226 23971492
39399993 24799323
12027905 23971495
12042154 21255495
12021018 23971497
12025396 21255496
12031459 23971502
12036846 24799331
12036628 23971505
12028065 24799333
12026738 30503098
12026777 23971506
12022845 23971508
12026222 24799338
12025509 21542210
15828270 24799340
12020486 24799342
12027145 24799348
12027414 25939228
12026089 23971513
15840717 23971514
12025523 24799365
12020951 23971515
12025532 21376772
12020992 24799366
12020676 24799367
12028133 21255500
12041794 24799368
12027600 23971517
12033967 30503106
12029340 24799371
15832034 23971519
12026434 24799376
12025465 24799378
12030823 39399994
21163533 39399995
15933990 24799397
15943115 24799399
12028157 24799429
12020077 23971535
12033944 30503125
12027046 24799439
15852143 24799452
21166568 24799454
12039224 24799455
15816893 24799457
12025361 39399996
12028265 25939234
12020668 24799463
12030499 39399997
12026872 39399998
12029188 24799575
18239661 33292215
13589986 39399999
18237916 36029160
12020807 39400000
12020832 24799619
12030521 23971564
15809907 23971566
12038884 23971567
12027759 21255514
12026322 39400001
12027091 24799643
15911231 23971571
12025905 21255518
12024069 24799667
18267671 21379008
12026864 21255520
3938177 30503296
12030479 24799675
12022615 39400002
12033997 24799696
12020672 24799697
16006732 24799698
12025401 33292263
12019186 24799699
12036863 39400003
12026969 24799701
12030570 23971581
12036885 24799702
12022887 24799704
12038856 21255524
12027300 39400004
21163674 24799709
12028046 18150859
12025577 39400005
12033080 21380108
12039806 24799715
15832845 24799720
15817442 39400006
12036686 23971601
12027919 24799730
12030326 30503343
12028250 24799731
12021075 24799733
12025976 39400007
36010500 39400008
12029341 24799734
12020662 39400009
15852142 23971605
18241290 24799739
12034013 24799740
15817445 24799744
12026740 24799751
12034074 23971615
15832840 24799780
12026579 23971624
12021004 24799784
12025945 39400010
3976819 24799785
12040760 24799787
12027784 21255534
12027140 39400011
12027897 24799805
15948898 24799811
12020477 21255536
12037135 24799819
12020056 24799820
15851370 39400012
12025972 21255538
12028039 36585012
12025372 21255539
12029329 21255540
12022903 23971639
12026587 23971641
12027454 24799826
12026576 39400013
12028023 39400014
12022313 21255554
12020661 24799862
12036709 39400015
12026900 24799865
12026718 24799868
12027926 39400016
12041439 24799869
12030588 23971672
12022916 21255558
12035920 24799877
21163034 39400017
12031508 24799891
12020346 39400018
12020872 24799904
15843168 30503521
12034077 39400019
21163427 30503522
12025968 23971685
12021867 30503523
12037568 23971686
12025960 39400020
12021056 23971698
12025360 23971699
12038932 24799924
12029350 24799925
12029033 30503547
12026737 24799926
12027395 23971700
21166588 39400021
12041345 24799928
12027657 23971701
12028001 21255567
12020154 30503554
12020899 21255568
15911258 21255569
12028120 21255570
12036591 23971702
12025986 21255571
12034381 21255572
12040502 23971703
12026441 30503575
12035936 24799941
12036675 18522798
12025432 23971708
16007978 23971709
3948201 24799951
15816905 24799954
12027596 21255573
12021084 21255575
36010516 23971710
12020963 23971711
12036813 24799958
12040766 25939308
12036876 24799960
12029280 30503645
12030706 23971716
12020379 25939309
12026842 21255580
12020766 21255581
12034155 24799968
15804686 23971721
12025433 23971722
12036531 23971723
12035073 24799972
3948579 23971724
12021136 24799974
12025337 24799976
21165147 24799977
12027231 23971728
15816941 23971729
12039450 24799981
12022455 24799982
12028117 23971731
12025664 33292369
12029063 24799988
12025656 21255584
12026055 21389230
12030522 30503665
12032584 24799991
12020129 21255585
12031476 21255586
12026290 23971733
12032040 31669251
12027821 24799994
12027286 21255587
12037213 21255590
12027173 24799999
12026569 23971737
12039108 30503668
12040319 24800004
12026472 24800008
12034196 23971741
12034157 23971743
12025420 23971744
12026032 24800017
12027306 21390438
15840715 23971746
12025199 24800036
12027120 24800038
21164978 23971749
15908229 23971751
12027124 24800050
12026044 24800052
12026506 23971755
12027110 23971756
12042145 24800053
12020775 24800055
12020761 21255592
12027456 21255593
12026685 24800056
12020902 24800057
12021046 24800059
12034241 24800061
12021426 24800062
13308438 23971759
12026672 24800064
12039341 24800065
12025753 23971760
12037212 24800069
12040991 23971761
12034298 23971762
12027760 24800074
15908440 23971764
12025400 21255594
16008151 23971765
12028732 12597486
12029353 21255596
12026502 24800083
15809908 24800089
12020433 24800092
12023612 12459211
21163816 24800115
12027117 24800125
12039024 23971772
12039155 21255599
12026654 39400022
12022989 24800130
12026995 24800136
15943395 23971780
12025947 23971783
12025958 24800138
12026107 23971785
12021025 24800143
12020140 23971787
12026869 23971788
12041111 21255605
12028788 23971790
12037045 23971791
15816802 21255609
12028577 21255611
3898268 21255614
15821710 24800150
12027929 24800152
12025737 24800154
12027410 24800156
15923619 23971793
12027946 24800159
15949542 24800163
15948241 24800165
13398982 23971796
12021038 24800169
12020952 21255615
36010509 24800172
12026714 23971799
39400023 23971800
15899189 23971803
12025924 24800179
12028380 23971806
12028132 21255617
16001435 24800182
12027541 23971807
12030510 24800184
12020962 23971809
12027402 23971811
16008322 24800187
12027998 24800189
12039365 24800191
16007271 23971812
12026194 24800195
12026849 24800197
12028156 24800200
12027104 24800202
12030342 23971815
12026085 24800205
15828271 24800206
12026851 24800208
12022980 24800209
12026462 24800210
21162531 30503816
12024869 39400024
3948211 24800211
12034272 23971816
12027112 21255619
12026492 24800214
12036710 23971817
12041578 23971818
12027182 23971819
12037054 24800218
12040769 21255620
12039435 23971820
12029258 24800219
12026149 23971822
15338571 24800224
12026669 24800226
12028647 24800230
12026118 21255622
12025696 24800233
12027304 23971824
12034313 39400025
12025193 24800235
12039315 24800236
12027192 24800237
12040971 21255623
15809909 24800239
12019183 24800243
12026649 24800245
3948622 24800251
15816970 23971827
12020667 39400026
3948163 24800269
21166592 24800271
12027544 24800273
12034167 24800275
16008359 23971828
12026950 23971830
12025162 35674474
12027641 23971833
12026953 23971834
12020813 23971836
15938488 24800279
15898783 24800281
16011075 23971837
12036820 23971839
12027797 21255629
12037039 24800292
12027962 24800293
12026206 24800301
12034199 24207338
12026092 24800310
15856868 21255633
12025447 21255635
12028809 24800313
15908402 24800315
12020463 21255636
12041922 21255637
12030828 21255638
12039170 18522805
12028131 23971846
16012952 24800321
12025173 24800322
12029458 24800323
15971381 30503986
12019183 23971847
12021430 21255639
12027803 24800325
12027964 24800326
12027504 23971849
12029121 24800328
15924858 24800329
15840723 23971850
36010507 36029183
21164948 23971852
12020142 24800337
15816811 24800346
15821707 21255643
15804684 24800347
21164356 24800349
13187485 23971853
12031729 23971855
12026696 24800351
12020885 24800354
12020655 21255644
12038931 21255646
12039178 21255647
12020319 21255649
12030898 23971863
18245649 24800369
12038901 21255651
12025910 23971865
12025221 21255652
12023921 23971866
12039432 23971867
12027457 39400027
12020507 30504038
12026775 23971868
12036812 23971869
12027798 23971870
12027021 23971872
12026142 24800388
12028722 23971873
12027190 24800394
12028101 24800414
12027890 23971884
12040721 24800417
15933638 24800418
21164330 24800422
21164825 23971887
12020890 21255656
12025459 24800435
12025399 23971895
12027216 24800460
15896879 24800462
12026119 24800463
12027458 23971897
12021443 24800469
12040192 23971900
15805874 23971902
15804681 23971904
12041604 30504115
12026662 23971906
15804678 24800477
15809913 21255667
12028235 24800489
12020024 39400028
12026005 23971925
13605795 21551516
12027685 21255679
21163878 24800532
12025344 24800540
15840719 21255683
12026986 24800561
12021080 24800570
12027796 21255691
12025877 24800575
12025903 24800577
16018238 23971940
12036848 23971941
12025581 24800580
12027148 24800581
12032165 24800584
12020780 24800586
12020978 24800590
12020427 23971945
12026897 21255695
15840714 39400029
12029220 24800608
12027944 24800610
12026065 21255699
12020130 21255702
12021448 23971961
12021020 24800661
12039100 24800666
12027993 23971964
12028257 24800673
12020149 24800683
15821704 23971976
12021331 24800707
12028803 21255721
12021197 24800715
12034488 24800720
12025908 24800730
12021123 23971985
15935112 24800737
3969034 23971986
12039008 24800739
15940302 24800740
12025748 21255725
12025670 24800746
12034495 21255726
12034496 23971990
12021037 24800758
12034373 39400030
12029629 21255732
12020457 23971994
12021305 23971996
12027523 24800773
12029337 24800774
12026742 23971998
12040808 24800776
12021196 24800779
12026033 24800780
12028665 24800781
12028684 24800782
12027042 21255735
12037948 24800783
12021441 21255736
12028016 21255752
15934111 23972012
12025889 23972015
15908460 39400031
12027995 23972020
36010505 21255759
12027674 21255761
12027229 23972029
12034587 23972035
15895217 23972038
12025393 23972039
12041007 24800846
12029334 39400032
12021277 39400033
12020230 24800862
12040198 24800866
12028064 39400034
12020631 24800908
12027503 24800915
12026904 39400035
15898413 39400036
12020980 24800972
15821718 39400037
12026006 24800988
12020592 39400038
12026367 21255781
12026386 30507047
12027485 24801022
18252812 39400039
12028110 21255783
12027511 30507049
12028139 39400040
12027171 24801064
12027635 23972097
36010501 25939473
12027987 21255801
1843209 24801156
12040512 23972134
18236620 39400041
12028125 24801270
12026639 21255841
12040089 24801272
12028446 23972200
15832033 23972202
12029450 24801280
12029535 23972203
12026925 24801282
15930048 30507288
12027980 35678877
12023325 24801285
12028661 12597975
12027850 21255842
12027018 39400042
12024024 30507295
21164554 24801296
3897876 39400043
12039271 24801297
12026213 21416002
15832028 30507301
15969891 30507303
12026866 39400044
12025348 24801305
12021114 30507305
12029180 39400045
12021326 39400046
21164313 23972207
12027202 24801306
15974431 39400047
12038230 39400048
12029181 30507310
12027689 30507312
12027502 39400049
12027455 24801308
12026843 23972210
12020964 30507318
12034677 39400050
36010511 30507320
12027177 24801310
16010864 21255843
15907936 30507323
16012880 23972212
12034712 30507328
12026364 39400051
18244404 24801313
12036986 21255845
12027667 24801316
12025270 36585820
12028723 39400052
12036989 39400053
12027675 39400054
12025747 39400055
12025160 24801318
14563695 39400056
12025954 30507344
12020229 30507347
12027492 24801321
18250868 24801323
12041360 21255847
21161649 30507364
12026664 24801328
12020347 39400057
12038062 30507367
12027618 30507369
3966855 39400058
12025984 24801331
12029386 30507371
12028136 30507372
12027662 21255848
36010494 30507374
12022730 30507375
12027219 30507376
12040052 24801335
12025139 39400059
36010506 23972217
12020967 21255850
15917360 39400060
15832834 24801340
12024140 24801341
15942642 30507379
18237884 39400061
12034185 21255855
16882170 39400062
12028027 24801344
12028431 39400063
12023107 24801359
12027412 39400064
12029618 24801360
12026918 30507410
12031582 24801361
12036828 24801363
12027761 39400065
16019257 23972225
12026901 23972227
12026286 24801369
12025727 30507416
12027893 24801370
15908447 30507418
15816806 39400066
12036542 30507419
12026814 30507420
12027020 30507422
12027889 24801375
15943709 30507426
12031456 39400067
12026919 24801376
12035183 39400068
12026001 24801377
18236331 24801378
12025621 24801379
12027119 24801381
16011360 24801382
12027482 39400069
12021034 24801385
15821703 24801387
12027038 24801388
12026100 24801392
12039005 36585825
21164267 30507433
12021408 24801395
12028135 36585826
12026658 30507437
12026521 39400070
12026852 39400071
12028029 24801397
12020907 39400072
12020868 39400073
12025435 24801400
21165101 24801401
12033332 23972230
12029470 24801402
15936323 21255858
15908458 39400074
12020021 30507444
12026667 30507445
12025375 39400075
12025974 30507448
12041357 39400076
12038853 24801406
12028031 39400077
12020778 23972232
12027603 39400078
12027133 36585827
12036606 24801408
15899458 39400079
12026615 24801417
12029206 24801421
12027952 24801422
12036737 30507474
12028653 39400080
12027691 24801425
12028141 30507476
12020470 24801426
12029536 39400081
12026013 39400082
12020901 23972236
12040336 39400083
12028020 39400084
12039180 30507479
12026839 24801430
12039298 21255859
12036611 30507482
12021055 24801433
12031759 23972237
15816818 24801437
12037003 39400085
12026902 30507488
12027792 30507492
21164782 23972239
36010514 24801446
16010717 36585837
12026899 21417979
12026598 24801452
12025613 39400086
12026300 24801455
12025236 30507497
12026470 30507498
12027473 30507499
12036728 24801457
15832841 36585840
16010946 24801458
12027963 21417998
12028261 24801462
12020760 24801463
12028218 24801465
12025404 39400087
12031603 39400088
12041374 39400089
18236673 24801490
21164196 23972243
15899443 30507522
12025522 36585845
12028675 30507524
21164329 24801495
12030501 23972245
12020869 30507529
12037091 30507539
12025901 24801502
12025239 30507545
12027532 39400090
39400091 39400092
12026399 39400093
12029616 39400094
12026205 24801665
12025551 24801674
12021092 24801794
12020122 24801799
12020151 39400095
12028093 39400096
12026659 30507838
12018996 39400097
12028103 24802117
12028048 24802126
12028731 24802147
12028243 24802155
12035129 39400098
15805872 24802221
18237767 39400099
3921818 39400100
3948157 39400101
3948546 24802367
3948600 39400102
12025648 30507987
