15452013 10532617
2739284 10532635
10518394 10532637
12087055 10532642
12106418 10532653
12089479 10532684
15429448 10532684
12114214 10532686
12106714 10532690
2679270 9571145
12109584 10532710
12086132 9571183
12093946 10848649
12112930 10532721
12092923 10532722
12089659 10532723
12104363 10532724
12082041 10532727
12080235 10532728
12087270 10532731
12096170 10532732
12096821 10532733
12076334 10532734
12112611 10532735
12109381 10532736
12116274 10532739
12089167 10532741
12089004 10532742
12080841 10532749
12106457 10532761
10508267 10532781
12092614 10532797
12106574 10532803
12097594 10532804
2741391 10532809
13889275 10532810
12106795 10532830
12103892 10532838
4475764 10532839
8309446 9964263
12092517 10532846
12102372 9964308
12110949 10532884
3270853 10532885
12114394 10532887
12115655 10532888
12109676 10532890
6467472 10532892
12082085 10532894
12082243 10532895
14406783 9571440
12102397 10532938
12092038 9571442
12114223 10532939
12082051 9571445
3585108 10532978
2741385 10532979
12097726 10532980
15452656 10532981
12087105 10532987
12092833 10533005
12107417 10533007
12115924 10533011
12081962 10533013
12094979 10533014
12109180 9964406
12106412 10533052
12103817 9964498
3890432 9964533
3979370 10533197
12092458 10533199
10522966 10533226
12110946 10533227
12101027 10533228
12116541 10533229
15584812 10533230
12101546 10533234
6521582 10533237
11447119 10533238
10507778 10533239
12106426 10533241
12114153 10533248
12106465 10533265
12100346 9571700
15513207 10533281
12094417 10533282
12100391 10533285
12114269 10533286
3956237 10533287
12087113 10533288
12079054 10533289
12081675 10533325
12092600 9964579
12079019 9964581
12083065 10533369
12103210 10533370
15502171 9964612
12096858 9964614
12096083 9964622
12106609 9964624
12106435 9964626
12083048 9964628
12097184 9964632
12092747 10533399
12107070 10533411
10501709 10533421
12107273 10533449
12107075 10533450
12102819 10533451
3935033 10533453
3980166 10533455
12097441 10533457
12092694 9964646
6556303 10458070
8311842 9964648
12095758 10590333
3955338 10533489
12100695 10533504
8309560 10533505
12109463 9964664
12116314 10533527
12076316 10533528
12084430 10533529
12116612 10533539
12107546 10533543
27616124 10848687
12093347 10533544
12100904 10458071
3547220 10533590
12088414 10533591
12096077 10533592
12109320 10533600
12097354 10533601
12111295 10533629
8311881 10533631
12107325 10533637
12087196 14314197
12076329 10533638
3448962 10533645
12103620 10533649
3950251 10533650
12082773 10533664
12095577 10533665
14406845 10533666
12098060 10533667
15516889 10533669
12109296 10533670
12094972 10533678
12107135 10533679
12106643 10533680
12107606 10533681
12100580 10533684
12082543 10533718
12100000 13818186
12101616 9964887
1746136 9964889
12100564 9964891
12116727 9964893
12112305 9964895
12112265 9964897
12096135 9964899
2734683 10458075
12107055 9964901
12106626 9964911
12085091 9964916
12089164 10533746
8549128 10533747
12104533 10533750
12097264 10533760
12103504 10533761
12103827 10533770
2675988 10533771
12100674 10533772
2734296 10533797
12082362 10533798
12086219 10533799
12103999 10533801
12104180 10533803
12112613 10533804
12112118 10533806
12106820 10533808
12109855 9964980
12106417 9964990
12078906 9964998
3955715 10533818
12087099 10533828
3599911 10533830
10461994 10533832
12106810 10533833
12083165 10533834
12088142 10533835
12102933 10533881
12106517 10533883
12079045 10533886
12112673 10533888
12101724 10533892
12094089 10533894
12094863 10533895
12095629 10533897
14406951 10533902
12097083 10533904
12095747 10533906
12094786 10533907
15518684 10533908
12095987 10533909
12094280 10533910
12106410 10533911
12107017 10533912
6418247 10533913
12100589 10533944
12107063 10533946
12082974 10533948
12108946 10533949
12112195 9965112
12089716 9965114
1786328 9965116
12088657 10533982
12112499 10533983
3597034 10533984
12076217 10533985
12101967 13818201
8309950 10533988
2737556 9965214
12103903 9965216
12098188 9965228
12107064 10534034
2748546 10534035
10517006 10534037
12095749 10534038
12085110 10534039
12116490 10534041
2707809 10534062
12089592 9965319
12076585 9572309
12106579 10534065
12106799 10534118
12106473 10458078
12106529 10534121
12097304 10534122
15498234 10534124
12085694 10534126
12114137 10024047
12085324 10534128
12079966 10534130
15452038 10534135
10526604 10534168
6633311 10534169
12109456 10534173
12100987 10534175
12089469 10534192
3959169 9965530
12106416 10534205
12109350 9965532
12102909 10534208
12096441 10534210
12102725 10534244
12084259 9572674
12103727 9572679
12108986 9572682
12101506 10534247
11447018 10534248
12100977 10534249
12116951 10534251
12077635 10534252
12092622 10024051
12085000 10534257
12082208 10534315
12095012 10534326
8309790 10534362
12084383 10534363
12101360 10534364
12087031 10590390
12081963 10534366
12111050 10534368
12093707 10024053
12097567 10534379
12107579 10534380
12086522 10534383
2741389 10534402
12100349 10534431
15498120 10534432
39843063 10534433
12108839 10534435
12097175 10534437
12084571 10534438
3548608 10534469
12114323 10534470
27592969 10590401
12098546 10590402
12094084 10590403
12076851 10590404
12080964 10534486
12112797 10534512
12114319 10534587
12100314 10534588
3890310 10534589
12106182 10534590
12107143 10534591
12104662 10534594
12092183 10534595
12107293 10534596
12084584 10534599
12084456 10534600
12076471 10534601
15423170 10534602
12112846 10534604
12112794 10534605
12114350 10534607
12113926 10026030
12082405 9965826
12112608 9965828
12107107 10534614
12110886 10534616
12107161 10534617
12112390 10534695
12105085 10534696
12113923 10534698
12109240 10534699
12081245 10534700
17023086 9965861
12096379 10534732
12101385 10534733
12088124 10534734
12083627 9965863
12093538 10534738
14406801 9965917
12096939 9965921
12079676 9965923
12103779 9965925
12084028 10534764
12103857 10534765
12116488 9573893
12093423 10534813
12093358 10590446
2745917 10534816
12097021 10534818
12106394 10534819
12105967 10534820
12076661 10534821
12087949 10534822
12094738 10534824
12112044 10026035
12089263 10534827
12093299 10534829
12084077 10534832
14406832 10534835
12112743 10534837
2748341 10534839
12101515 10534848
12107819 9965933
2743580 10534888
8310239 10534913
12106081 10534914
12103481 10534916
12083798 10534919
2675969 10026041
12116226 10534922
10501710 10534923
12108175 10026042
12085863 10534946
12082282 10534948
12096224 9574016
12102949 12420834
12103821 10535096
15503654 10535097
12095997 10535100
12081880 10535102
4472055 10535103
12081453 10535106
12088208 10535107
12082753 10535108
3601217 10535110
12092805 9574168
12096132 10535112
12079969 10535113
4220541 10535114
12095727 10535116
12095730 10535117
12108868 9966062
11447034 9966064
12116648 9966066
12103128 9966068
12112776 10535202
6574863 10535203
12082592 10590479
15504066 10535206
12110871 10535207
12095668 10535209
12559932 10535210
3722793 10535228
12109371 10590481
3921268 10535229
12085170 10535230
12095605 10535232
12114312 10535234
12112253 10535269
3961175 10535270
12101932 10535272
12095669 10535273
8309731 10535274
12095106 10535280
3597297 9574409
10501708 10535368
12100068 9966287
12115897 10535370
12116439 9966291
12097987 9966295
12112791 9966297
12096331 9574422
12112606 9966300
12109208 9966302
12096219 9966304
12087391 9966308
12096444 10535371
12092064 10535399
12111528 9966321
12082777 9966323
12100893 9966325
12092474 9966327
12106892 9966329
2744979 10535517
12084016 10535518
12109352 10535519
12076460 10535521
11447009 10535522
26349745 10535523
12093127 10535524
10687609 10535525
12097966 10535527
12102974 10535529
12101573 10535530
12109152 10535531
12092184 9574595
18957273 10535532
12099904 10535533
12099667 10590512
12099667 10535534
12109169 10535546
12112321 10535549
12101266 9966342
12103094 10535557
3604748 10535577
12087194 10535622
12094106 10535623
12082304 10535624
8309829 10535626
12083149 10535629
12088759 10535677
12113511 9966416
12082599 10535727
12092743 9966418
12083303 9574869
12096327 9966421
12101226 9574871
12084776 10535728
12106757 9966424
12092161 9966426
12082387 10535729
3578351 10535732
12101185 10535734
10530391 10535735
12112615 10535790
12116599 10028180
12093263 10535797
12109443 10535798
12102835 10535799
3053652 10535800
12101003 10535801
3940805 10535803
12107154 10535804
12076658 10535805
12107802 10535807
3602076 10535842
12107104 10535845
12094869 10535846
12095725 10535847
12090646 10535848
12102516 10535849
12076311 10535852
12107065 10535853
12106967 10535857
12076578 10535858
12109446 10535860
12084640 10535861
12116494 10850247
12112486 10535863
12109344 10535889
3592502 10535912
12101220 10535958
12103746 10535960
12099184 9575097
12088957 10535962
12099966 10590571
16825107 10535963
6422129 10535964
4932334 10535965
3967832 10535967
12089652 12420914
12097488 10535968
12095664 10535971
2696044 10536023
12085943 10536126
12106419 10536140
17345526 10536157
3601363 10536158
12096694 10536160
12093597 10536161
12107047 10536163
12103462 10536165
12107021 10536167
3552330 10536169
12096688 10536174
12114859 10536176
12098939 10536178
12112191 10536180
12082803 10536181
12106324 10536182
12106420 10536184
12104653 10536186
12085515 10536190
12088912 10590592
12117087 10536192
12107274 9966539
12100001 9966541
12092618 9966543
12088395 10590603
12088923 10536274
12109330 10536275
12100739 10536277
12086723 10536278
12078730 10536279
12116633 10536280
10509315 10536282
12094796 10536283
12085039 10536284
12082823 10536286
15504315 10536290
15429030 10536291
12093217 10028195
12088382 10536296
12106991 10536297
12084522 10536299
6728046 10028196
3906930 10536458
12095692 10536460
8309238 10536461
8309542 10536463
12107213 10536465
2744326 10536466
12103744 10536467
12087956 10536468
8311844 10536469
12112088 13818270
12093815 10536470
12100105 10536471
12079225 10536472
12089352 10536475
12100351 10536476
12116335 10536552
12106258 10536553
12103296 10536556
10508263 9575781
12083307 10536653
12108941 10536655
12080028 10536658
12110309 10536659
12095353 10536661
12112777 10536663
12095941 10536664
12106598 10536666
12095571 10536667
12103488 10029012
12096984 10536671
12095235 10536672
12107054 10536674
12108734 9575803
12101496 10536677
12066012 10536679
12083327 10536681
12089478 10536697
12114093 10536698
21167961 13818282
12103973 15399289
17798373 10536700
12112346 9966921
12109422 9966923
12106591 9966925
12081247 9575921
14406769 9966928
10497889 9575931
2740596 9966937
12106780 10536755
12082310 10536756
12095186 10536757
12076341 10536758
12109581 10536759
12107007 10536760
12089039 9966993
12078749 10536847
12083252 10536903
2752329 10536905
12113442 10536906
12107599 10536909
12087049 10536911
12115765 10536912
12101637 10536914
12095857 9967128
12077233 9967130
12092654 9967132
12097160 9967134
18288861 9967136
12098809 9967140
12101632 9967142
12107148 9967144
12094856 9967146
2751689 9967148
12101710 9967152
12101836 9967154
12090685 9967182
12096456 9967184
12108577 9967186
12108815 10030394
12116962 10536979
12076717 13818295
12092802 10536994
12089850 9967244
12096550 10536996
12109086 10536998
2707815 10537021
12084482 10537037
12083633 12420946
12101530 13658956
12078705 12420947
12089202 10537063
3909495 10030396
12096257 10537065
12112132 10537067
12091999 10537068
12108782 10537069
12109955 10537110
2752225 12420994
12100127 10537112
12112723 10537114
12097307 10537116
12101147 10537118
12107076 10537144
12083321 10537157
12096037 10537158
12094033 10537159
12095784 10537162
12109347 10537165
12101640 10537166
12085903 10537167
12089485 10537223
12095748 10537225
12106606 10537313
12079065 10850274
12079770 10537314
1753778 13818306
3591069 10030528
12078847 10537366
12112864 10537400
12088321 9576704
3936021 10537406
12085393 10537408
12104685 10537410
12086712 10537411
12088201 10537560
12082175 10537619
12102957 10537621
12116536 9576915
12102136 13818317
12084381 9576918
12088207 10537625
12105849 10537626
12107275 10537630
12095584 10537633
15291380 10537635
3912609 9576922
12103202 9576923
12081120 10537639
12095654 9967581
12097973 10031075
12116700 10537730
12104675 9967631
12101429 10537754
2748331 10537755
12112387 10537757
2694634 10537761
6421139 10537763
14406791 10537764
10509597 10537766
3966052 10537768
12109605 10537769
12098955 10537771
12101605 10537775
12088919 10537778
8310022 10537779
12082375 10537781
12079147 9967651
12090424 10537883
12080305 9967705
8309265 10032517
12102757 9967709
12109514 10537885
3591743 10032630
3596975 10850302
12082186 10537887
3981687 9967757
12096438 9967761
12095937 12817702
12110335 10537946
12095671 9967775
12080686 10537947
12100405 12421334
12110762 10537948
12098436 10537958
3925855 10537973
12095238 9577209
14406770 10538078
2639126 10538099
12102762 10850329
31899609 10850330
12107508 10850331
12097031 10850332
8309232 10850333
12107195 13818385
12101308 10850335
12109176 10850336
12081952 10538117
12106138 10538118
12109924 9967923
12113889 9967925
8309875 10538123
12091874 10850337
2751802 10850338
15518712 9967929
12084020 9967931
12090456 10538128
12087519 10538174
12104242 10538175
12107391 10850340
12078936 10538180
12114003 10538262
12106051 10538273
12080521 10538274
12108478 10538276
12090611 10538279
12100193 10538281
12085145 10538283
12107099 10538284
12095959 10850350
12106635 10538286
2746592 10538288
12085519 10538303
12096592 10538330
12103790 10538355
3984676 9577759
12101923 9577762
12093040 10538411
12109253 10538413
12110364 9577770
12098247 10538417
12115401 10538418
12100762 9968106
12088715 10538421
12104954 10538422
12099314 10538424
14406907 10538426
12080432 10538428
12083277 10538430
12087628 10538437
12085017 10850366
12114136 10850368
12092929 10538455
12106322 10850369
3959312 10538481
12093245 10538484
12111465 10850370
12084001 9577942
14406583 10850383
12102132 10538519
12092679 10538543
12084138 10538545
12084568 10538547
12095134 9968227
12078845 10538550
12103695 10538560
12094052 10538582
12112485 10538584
12100775 10032934
12112829 10850409
3970155 10850410
12104746 10538670
14320001 10538671
3906183 10538673
12091663 9968332
12101186 10538679
12117050 10538710
4139629 10850419
12089678 10538720
12093739 10538759
12112139 10538761
12111532 10538779
3971103 10538784
12095029 9968400
12114495 10538800
12114495 9968406
12110940 10538831
12096382 10538877
2683685 10538879
12099007 10538880
12103601 10538882
15504260 10538883
12083205 10538885
12110793 10538887
12109519 10538889
12096165 10538890
12095768 10538891
12094865 9968500
12093148 9968504
10508406 10538981
8310239 9968588
12103922 9968590
12102667 9968592
12086386 10538998
12113069 10539000
12098259 10850435
12105093 10539003
12097297 10539005
12085232 9968609
12108798 9968624
12100603 10539022
10508253 10850437
12101547 10539024
12094755 10539025
10527844 10539026
3611033 10539028
12109489 10032944
39843064 10539134
12103551 10539135
12095719 10539136
3915079 10539137
12082483 10539138
8310298 10539139
14406786 10539141
12100868 10539229
3101362 9968756
12094802 9968758
12106832 9578910
12088937 10032947
12077589 10032948
12105253 10539284
12091523 10539379
3969985 10539381
12096494 10539386
12103211 10539388
12089124 10539390
3920180 10539391
12082910 10539392
12096680 10539393
21168034 10539394
12065930 10539395
12096687 10850468
12109188 10539398
12106368 10539400
12076536 9579091
12107697 10850469
12102083 10539412
12085505 10539521
12103649 10850479
12102964 10539528
12093680 10539530
10498658 10539533
12106700 10539536
12114242 10539537
2707831 10850480
12103304 10539539
12076994 10539541
3900267 10539543
12109582 10539545
12111753 10850481
3605002 10539547
12107023 10539550
12083330 10539552
12083137 10539554
12100860 10539568
12080040 10539570
12103659 10539613
12076589 10539707
12112618 10539709
12107256 10850497
830678 10539711
6569868 10539713
12080202 10032960
8309387 10539715
3912228 10539718
27594592 10539720
3920736 10539721
2746495 10539722
12106360 10539724
12076752 10539726
12114264 10539728
12101492 10539730
12115784 10539731
8310189 10539742
12107214 10850505
12090603 9969266
12104765 10539798
12104449 9969277
12090524 10539800
12111391 10850506
12093190 10850507
12107058 9969285
12100500 9969287
12082395 12421374
10525312 9969423
3600968 10539959
12116184 9969425
12088206 9969427
12085637 9969429
12104665 9969431
12087168 9969433
12080078 10539983
12083112 10850522
12076456 10850523
12092545 10032968
12080883 10540027
12076659 10540063
12108799 9969637
12097303 10540150
12106787 9969641
15502171 9579868
12113699 9969644
17423924 10540154
12094749 9969654
12100670 9969656
12097334 9579874
12099236 9969659
12112371 9969661
12106539 9969663
12092219 9969665
12100442 10540156
12087095 10540157
12099485 9969667
12106855 14838505
12085851 9969672
12101926 9969674
12106291 10850534
12102027 10540190
12110572 12421383
12103486 10540279
12108879 10540290
12114316 10540291
10518122 10540292
12101876 10540293
12103847 10540294
12116330 12421389
12084959 10540295
12109282 10540297
12102261 10540298
12115530 10540299
12102821 10540300
12106478 10540323
12098459 10540337
12078791 10540366
12093368 10540426
12102838 10540427
12100158 10540428
12107014 10540429
12101531 10540430
12083082 10540431
12089284 10540432
3099543 10540433
3907359 10540434
8310477 10540435
12112590 12183961
12099465 15403059
8310427 10540520
12107156 10540523
12109173 10540524
12101521 9969964
2703533 10540525
12095732 10850549
12082532 14363973
6778339 10850551
12102814 10540530
12106723 10540531
12082499 10540535
12105917 10850552
12107572 10540537
14406821 10850553
12096018 10540538
12087105 9970061
12112264 10540570
12103367 10540571
12116674 10540572
2675988 10540573
12113223 12421456
12110795 10540574
12082390 9580211
12091716 10540576
12096215 10850555
8310393 10850563
12112404 9970247
12109158 10850580
12095367 10540658
14406853 10540659
12099855 10540661
27591604 10850581
12112472 10850582
10517282 12183966
12085353 9970260
12094769 9970274
12100835 9970276
3919235 9970278
12109583 9970280
12101536 9970282
15503293 10850583
12078939 9970286
12111060 9970288
3918425 9970290
3158776 10540664
12089381 9970300
12106094 9970308
12095014 10540666
12079097 9970318
12102946 9970320
12092875 10850584
12076282 10540669
12076867 10540673
12097302 10850590
12109388 10540722
12079061 10540723
3929457 10540726
12084013 10540727
12088541 10540728
12099198 10850593
12096721 10540731
12098936 14364241
12085496 12183973
12107094 10540916
12112544 9970605
12096238 9970607
12102854 10540918
12084187 10540919
12106867 10540920
6351598 9970611
12115345 10540923
12108694 10540926
12097256 9970613
12095714 9970619
12107167 10540930
12112582 9970641
12109230 10540933
12112796 9970647
12106688 10540936
12111984 9970651
12106051 9970653
3957117 10540937
12093291 9970655
12095597 10540941
12103177 10540946
12108820 10540947
12082485 10540948
15639186 10540949
12097263 10540986
12082289 10540991
12101593 10540993
12101783 10033005
12094108 10540995
12087779 10033006
12082486 10541004
12082486 10541005
12082904 10541098
12106830 10850620
12088496 10541099
12097517 10541101
12106479 10541104
12097326 10541108
12092097 10541110
12103065 10541111
12109112 10541113
12103936 10541115
2747964 10541118
12111797 10541119
12095787 10541120
12089695 10850623
12080783 9580542
12080005 10850624
12096205 9580543
15588783 9970800
12090509 10541122
12089503 9970802
12083393 10541150
12105282 9970830
12112038 10541160
12095663 10541161
12085066 10541163
12100949 10541164
1754694 10541182
12093776 10541220
12104222 10541249
15503690 9970932
3597839 10541293
12095581 9970936
12100398 9970940
10518971 9970950
12078813 10541294
12080353 10541295
8311850 10541296
12114983 9970960
12083963 9580653
12109254 9970963
3956388 10541314
12107131 10541327
12082270 10541328
12113717 10541331
6654414 10541401
12112758 10541403
12112367 10541406
12080263 10541407
15452747 9580720
12103956 10850661
12097186 10850662
12101692 12421655
12113800 10850665
12104381 10541477
8311911 12421656
3923915 13660979
12104383 10850666
12083766 10850667
12093543 12421657
12093131 12421659
12114291 10850711
12097138 10850728
3612751 10033031
12104448 10541491
12092830 10033035
12110482 10850735
12088197 10541492
12082754 10850794
12093439 10850797
12112415 11811869
12082491 10850798
12101516 14328076
12077214 10850799
12109527 10850800
1201997 10850801
12093424 10850802
12098215 12818395
12088708 12818397
12093880 10850804
12099886 10850805
12113137 10850806
12094218 12421687
12103042 10850807
3925514 12421688
3900902 10541514
3948079 10850815
12097257 10850822
12089331 12421710
3963614 14365458
12112537 12421712
12112643 10541526
12090666 10541527
12086349 10541537
12092462 10541664
12085329 10541665
12100636 10541666
6537110 10541669
12103885 10541671
3968550 10541673
15503171 10541674
12098757 10541720
12098758 10541721
12110948 10541722
12110947 10541725
12108244 10541726
12104788 10541742
12102825 10541743
12097364 10541873
15452657 10541874
12080470 10541878
12099208 10541881
12093188 10541883
36041293 10541884
12116687 10541885
12096005 10541886
12117070 10541888
12106993 10541889
14406768 10541891
19072090 10541935
3929227 10541936
12099522 10541970
12082488 10850888
12106432 10850889
19079737 12421731
12079120 12818490
12107173 14366025
12109706 13661506
10512802 12421732
12112858 12421734
15503316 10850893
12096534 9972493
3926698 14406640
12100747 10850895
12086342 12421736
10507583 12421737
12081847 10850897
12076436 10850902
12104724 12421743
8310940 12184002
12108839 10542012
3934868 10850958
12097556 9972671
12079173 9972673
10510874 10850970
2749159 9972677
12089296 9972679
6356217 9972681
12090573 15405663
12106046 9972685
12086592 9972687
12112792 9972691
12109165 10850971
12096322 10850972
12106705 14691239
12076485 10850973
13747935 12184009
12088942 10850977
4180376 12422124
8310063 10033073
3929215 10851070
3927674 10851076
12110473 9581192
15724606 9972910
12090574 9972912
12082308 9972914
12088450 9972916
12103305 10851192
12094139 10851193
12076835 10851194
12096071 10851198
12087658 10851200
12090888 10851204
12116180 10851205
8310634 10851207
8310533 14331387
12095676 10033433
12095580 10851276
12095738 12225432
8310722 10851277
15521165 10851280
12092576 10851283
12084967 13661705
12098170 9972960
12109465 10033668
12106243 12422185
12099781 10851322
12083249 14406648
12096546 12225608
12106149 12225610
12113936 10851323
12102677 12422187
8310123 12225623
12085458 10851328
12105293 10851330
12095772 10542073
12112382 10851343
12085326 10851348
12102958 10851352
8311975 10851361
12101435 10851369
12110334 10542080
12114380 10851383
12097187 12422207
3903767 10542083
12080425 9973297
3932004 9973336
1753424 9973341
12108899 9973355
12096540 12422209
12109361 10034362
4142344 10542086
12101256 10851412
3108642 10851413
12114358 9973538
12090742 10034608
3950612 10542095
12110671 9973789
12091115 10851484
12103253 10851485
12096326 12422248
12103648 10851487
1838495 12226590
6335270 12422252
2697554 10542109
12116334 10035157
8310834 10851497
12114082 12422256
3959356 10851498
12081222 10851500
3070491 10542111
8309212 10851511
12092996 12422258
12108616 12226702
12106431 14406657
12093047 10851547
12108568 12422265
12084257 10851578
12107440 10851584
3948079 10035513
12078440 9974151
6552711 9974155
12085224 10851589
12095817 10851591
12109393 10851592
12088459 12422272
27603400 10542131
8311817 10851604
12083883 10851613
15513171 10851615
12088389 9581409
12103912 10851623
12112698 10851624
12104590 10851631
12085857 10851632
12094488 10851633
3936823 10851634
12090953 10851656
12106560 10851657
12079664 10851660
12089800 10851661
12113912 12422276
12090630 10851673
12101461 10542140
12076608 10851676
12096802 10851679
12083411 12422282
12100376 14406667
12112620 10851684
12083087 12227477
12116264 10851686
12102264 9974555
12107044 12422289
12104137 10851697
12106541 10851698
10520536 14406672
12101371 10851699
12076435 10851703
12106733 12227655
12112710 10851706
12112650 14523620
12102965 14367530
12116630 12422298
3920996 14523642
3970001 12422306
8310092 10851725
12113679 10851730
1826232 15407109
14322866 10851738
1888828 10851739
12083474 10851741
12084609 14333572
12096990 13662351
15638746 14523648
12082517 10851752
12085348 9975056
6381129 10851753
12076370 12422316
15583995 12422317
12089162 14838607
12092988 14367627
12099375 12422318
12116068 12422319
12078932 10542162
12082395 10542164
12081478 12422343
8310510 10851759
12081722 12422345
12109259 14333811
12101982 10851762
17798373 12422350
12080364 10851763
12100065 10851764
12108229 12422351
12106463 12422354
12082386 10851769
12109259 12422359
12092227 10851772
12096197 10851773
3631102 9975192
12106605 10851774
12106893 12422369
3926443 12422370
12094097 14367800
3965844 10542177
3611696 12422372
12104786 10542178
12104200 10851776
12085437 10851780
12102153 12422384
12081812 9975250
12082625 10851786
3920330 9975266
12109206 9975270
11447016 15407402
12089495 10542185
12096343 14334232
3598904 14367909
12109338 12422389
12106652 10851795
12089070 9975300
12105994 10851798
12082210 10851799
12113379 12422391
12113379 12818748
12092992 10851808
12091252 10851812
20598388 10851813
12101148 10542193
12092228 12422410
3931859 14368020
12113117 12422412
12080964 12422417
12081261 13662522
12083493 12422421
12109222 10851819
12076569 12422422
12114280 15407538
12092102 12422423
12096885 10851825
10509213 9975398
12085441 10542200
12109353 9975433
12106397 10851834
12088358 10851837
12101043 12422430
12113849 10037676
12103061 14334825
12092581 12422443
12559932 10542208
12091078 9975600
12107158 9975638
12106424 10851858
12083328 12422447
3936518 12818798
12076500 12818800
12076400 12422451
13747935 10851862
12106404 10851863
12116619 10542213
12097347 10037678
12107243 14523742
12094528 10851871
12097818 12422467
12106713 12422468
12103841 14691773
12107847 9975765
15502448 12818814
12080205 12422483
12107048 10851890
12095635 14335391
2667717 10037682
12109501 14368354
12079247 9581648
12104458 15407823
15547977 12422491
11441976 12422494
12106765 10851900
26350445 12422495
12091575 12422497
12115329 12422498
14406925 12422500
12109839 9581659
12110933 12422501
12103448 12422526
12106762 12818823
12092390 10851926
12092843 10851927
6603232 10851928
12095770 10037687
2648717 10542247
12102423 15408221
12081849 10851942
12086252 15408226
12098087 12422586
12093283 15408229
10524755 10542264
18279426 12422602
8311038 13617615
12104991 14406705
12115346 12422610
17785814 14336608
12089681 15408291
12082188 14368804
15503495 14691934
27623821 14368808
2675349 15408307
3617158 12422619
12090940 12422621
14406955 10851947
12101320 10037695
12103675 14523830
12092574 10851949
12106616 15408346
12095735 12422631
12099865 14336716
8309934 9976843
12093253 9976849
12082374 15408362
12086021 9976866
12089325 12422638
12110890 9976934
12087599 9976947
3908989 10851961
4008892 15408450
12114485 12422663
12083787 12422666
12111483 12422667
12092490 12422668
12078002 12422669
12104392 14368938
12084561 12422670
12115864 12422671
6594128 13818533
26351343 14368948
12101041 13818534
12088401 10851968
12112347 13617625
12084733 14337057
12081119 10851973
12078952 14838626
12088554 10851974
2682620 10542286
12111298 10851975
12095633 10542287
12103691 12422681
12091941 10851980
12109189 12422686
12109492 10851982
34345027 12422696
12100840 10851988
12106421 9977335
15503170 13662886
15450198 9977337
15503344 10851990
12082388 10037697
12097030 13818535
12106663 15408604
3929191 12422704
12109551 10542293
12106057 10851995
12083557 12422707
12114388 10851996
12107785 10851997
12106403 12422709
12100494 10851998
2675874 12422711
12098135 10542296
12080208 10542297
12105771 12422721
12106653 14523899
12090516 12422725
12100936 12422728
12097349 12422732
2701675 9977471
12094861 13818539
3979033 14369124
12108716 9977501
6631073 9977503
12104479 9977505
12114286 12422738
12088784 14369146
3926660 13617635
12098326 12422743
12112738 12422744
3915861 15408757
12108092 14337669
12107199 10542305
12114510 12422753
12076854 14369182
3923900 12422754
12112428 12422755
12104605 12422771
15503692 14369216
12103976 10542309
12082429 12422782
12105245 12422784
12076527 12422787
12107662 15408837
12104389 15408842
12106109 9977700
12085013 12818909
12109418 12422803
12082204 12422805
8311013 12422807
12076420 12422808
12112860 12422809
3963393 12422815
12095517 10542320
14406876 14369317
15502172 14369320
12095592 12422820
12105395 12184060
12107160 12184061
12096163 12422828
12092674 12422830
12095611 12422831
12088784 9978013
12086833 9978114
12096396 12422839
11438388 12184068
15429459 12184072
12089407 12422852
12102826 13663071
12095606 13617648
10523733 14692130
3906911 10542338
12096569 13663101
12102817 12422876
3906911 9581934
3929280 14692169
12109533 10542343
12080798 12184105
12079067 10542346
12114894 12422894
12085092 13663165
12077068 12422904
12112795 10037715
12087334 12422926
12080935 12422927
12095186 12422930
12095186 9978912
12076493 10542365
12111983 10542366
12083276 12184118
3953417 12422947
12092073 14369710
12091242 15409414
12083181 12422950
12101653 12422951
19050935 12422953
12093771 15409426
12093037 13663259
12106976 15409432
12101462 9979172
12107098 12422955
12106224 9979178
12093138 14692557
12076772 15409441
12116592 15409444
12112656 12422957
39843065 12422958
12117064 9582006
12089890 14369743
12088903 12184122
12117007 13818547
12092982 12422959
12080003 10542371
12078821 12184123
12116397 12422961
3620774 12184124
12082995 13617670
12114268 15409464
12083959 12422963
12115947 12184128
12114392 13663274
12116495 15409473
12091191 9979207
12093414 9979209
12108774 15409496
12096395 12422969
12096273 9979325
15503961 12422971
12114155 9582023
8310860 13818549
12085418 12422993
12082897 12423007
12095729 11812096
12099534 12423008
12112763 12423009
12082853 12423010
12103898 10542382
12089339 14406742
12101354 12423022
12095527 12423023
3620810 12423026
12083285 12423027
12116720 15409673
18286545 13663374
12094678 12423039
12094663 9979611
12109284 12423040
12106265 14369976
2648717 15409703
12109153 13663406
12104149 12423061
12095701 15409734
12108797 10542396
12100989 14370052
12090600 12423076
14406805 10037727
12080045 12423077
12107716 10542404
12085338 10542407
12107341 12423132
12082225 12819060
12099207 12819062
12106125 13663486
12079992 10542411
12085222 14524054
12080871 9980107
12107115 9980111
12112703 14370227
12108938 15409986
12082622 12423162
12088734 12423163
12081378 15409992
12078940 12423164
3623682 10037734
12112142 12423176
12099026 10542418
12104742 13663505
34185632 12423184
12090458 12423185
12109220 12423186
1872402 15410029
10506769 12423188
12094418 15410035
12092565 10542427
3894844 13818558
3943683 9582166
12098352 15410114
12095153 10037738
12100582 12423208
3618778 14370327
12092293 10037739
12114116 10037740
12087671 12423209
3940385 12423210
12114385 14370346
12117259 14370347
12103155 11812114
12114611 14370375
12112063 14694037
12096834 12423214
2678699 10542434
15497990 15410181
12095440 12423217
12102345 12423219
3884644 15410192
12088921 13663554
12081576 12423224
3934555 9582190
3968525 10542436
6667286 9980510
3968695 12819096
12103663 9980514
12080633 12423230
12093804 15410224
12087584 13617703
3935571 14524092
15502125 12423244
12092198 12423246
12089826 12423247
12077529 12521068
12097079 12423248
12101883 12423249
12098104 12423261
34357932 10542444
12076506 9582218
12081378 12521070
12112061 10542446
12084629 12521074
12107704 12423274
8310902 12423284
12101595 12423286
12103824 9980753
12113748 12423290
3914291 12423291
12078738 12521089
12109598 9582238
12076734 12521090
12103833 12423298
12095731 12521100
12094621 9980923
12107111 12423303
12112942 12521108
3474497 10542456
12106370 10542457
3912609 12423325
12112287 12423330
12115231 12423331
12080522 12423334
12091962 12521132
12096314 12423336
12106615 12521134
12104408 12423347
3937483 12423362
12104958 10542467
12111566 15410577
12085288 14370773
12112749 12423375
12098155 12423379
12093141 15410594
26350664 12423380
12109810 12423381
12093209 13818566
12099494 15410634
12108948 9981059
12094091 9981065
12093483 12819137
12114209 12819138
12106737 12819142
12102675 10542479
12080428 12423416
2695021 12423420
6546782 12423428
12092585 9582331
12081911 12423434
12097365 12423435
12107758 12423436
3936351 13663716
12097337 12423439
12087131 12423440
12114249 12423442
12106594 12423443
12111935 12423444
12108564 12423456
2653759 12423457
12086093 15410757
12095656 10037760
12116797 13617714
12079817 12423474
12106659 15410818
12085379 13617715
12082376 12423485
12087516 14371014
27594225 12423491
12086741 10037765
8310946 12423498
12107875 9582394
15452117 12819186
12108053 9582395
12112471 12819196
12096499 12819197
12097024 12423514
3938338 12423524
12104578 15410925
12106749 12423525
12078628 12819233
12109015 12423539
12087154 9582426
14406875 12819243
12082365 9582430
12076240 14341245
12097434 14524161
12103243 12423561
12108851 14524175
12096912 9582452
26350036 15411050
15502166 12819257
12114542 15411057
12095586 12819259
12093574 12819261
12109411 12423568
12102981 12819263
12098486 12423581
12106825 12423594
12103736 12423600
12104747 12819276
15458228 9582510
12103602 12423631
12096652 12423632
12116629 14371329
12100878 12819278
12098140 12819280
31899217 13617736
12112793 13663860
12112285 12819282
12117277 13818573
12103300 14371332
17346538 15411266
12103446 12423645
12096058 13663866
3950873 12423646
12083777 12423648
12102180 12423649
15502458 12423650
12085109 12423651
12112940 12423658
12077475 9981301
12097077 12423665
8310692 14699724
12107571 10542536
12107149 9582550
12086150 12423684
12096074 14371425
12088747 12423693
3932392 12423699
3944953 12423719
1943913 14341813
12083103 12423726
12101026 12423727
12085201 10542548
12100210 10037783
12078591 12423728
12083085 12423730
12086041 12423731
12107226 12423732
12096624 12423734
12082442 12423735
12094688 14371513
12107170 12423736
12101689 12423744
12093639 9981441
12088728 9981443
12089399 12423748
12090933 9981445
12079768 10542554
12094210 12423756
12081126 13818576
12109590 9582612
12107564 12423763
12106224 9981449
10529852 10542559
12076345 12423772
12079257 14342010
12081877 9582634
3938119 14979164
12108425 12423777
12081129 14371628
12095517 12423782
12076748 12423791
12101393 9981503
1881943 9981505
15452530 12423793
12096718 12423805
12112716 12423806
12096481 12423807
12079797 12423808
12112651 12423809
12114478 12423811
12080217 12423812
8312272 10542570
12104045 14342157
12084518 15411693
12103082 12423830
12076473 14371778
4450333 10542576
12082430 13617789
12098418 15411753
12098655 15411760
12091129 14342250
8312001 10037797
12084960 14342271
12100757 13617795
12093764 13818582
12114152 15411815
3958858 13818583
12092191 12423850
12080687 13617808
12081881 12423852
12112539 12423853
12095449 15411851
12076901 9582736
12101686 15411884
12076915 15411886
12080078 14371888
12089735 12423862
12105704 14371916
3597929 15411933
12095547 15411943
12107675 15411959
12116636 14703051
12107601 13617823
12114296 10542593
12091923 12423894
12094751 13818592
12109179 10542599
12090805 12423907
3985409 12423930
12085089 10542607
20388279 12423960
12104610 9582831
12088907 9981831
12099908 9981835
14406869 13818593
12111777 15412162
3936871 12819340
12112627 13664114
12107076 15412211
12108569 14372163
27614417 12423991
12081213 12423998
2688520 10852003
12080449 12424004
12106828 9582880
12110539 10037809
12106936 15412274
12098104 12424026
12107389 10037811
8311935 13664144
12101643 13818596
12083652 9582895
12076638 12424034
12095595 12424039
3943645 12819364
12089054 12424040
12114943 12819374
12087116 12819376
12087116 12424042
12107997 12424043
12097717 12819383
12093142 12424048
12089543 15412354
12093125 10542627
10515481 12819425
12094290 13664172
2710423 10542628
12109185 10542631
12076236 13818597
12077576 14342979
12082209 14704255
12108688 12424079
3945739 12424082
12085323 10542634
12093211 12819460
12077144 12819467
12112559 9582937
12101375 14372380
12114314 10542637
12100694 12424099
12115782 12424100
10507500 12819517
12103460 12819519
12114208 12424113
12101639 9582960
4518613 12819528
3907392 10542641
12087094 10542642
12096310 12819537
10508406 12819541
12116682 12819565
12116520 12819566
12107787 12819574
12082936 15412612
12099376 12424139
12085249 9582998
12092944 12424151
12114236 10542649
12103226 10037819
3945830 12819601
12114878 12424157
12088141 12424173
12096012 12424174
12084088 12424188
15502402 12819641
12085090 12424190
3906026 10542659
12085096 9583027
12082392 12819657
12102752 10542661
12114086 10542670
12101566 12819709
12107625 10542672
12106437 12424240
3935863 9583063
12106436 12424242
3630255 12424243
3619296 12424244
15498084 12819717
12112605 12424252
12081371 12521148
12092619 12819732
12083250 12819743
12085413 12424259
12106853 12819746
12114099 12424264
12092372 12819759
12076486 10037824
12095864 12819781
12112904 12424287
12090809 12819810
12100129 12424296
12083206 12424297
12098147 12184153
12095713 12424304
12101223 12424312
12097283 12424316
39843066 12424318
12106034 9583107
12101927 12424321
12099814 15413031
15503741 15413033
12088612 13818602
12106612 13818603
12104138 9583117
12086745 12424334
12106945 15413066
12113728 12424348
8309841 14372911
12087262 14343437
12082616 12424354
12094623 14343439
12095579 9583149
12087959 12424361
12076968 12424362
12085896 14343445
1263854 12424363
12076571 12424371
12081226 12424374
12085366 10542699
12093140 15413163
8311168 12424385
12110669 13664341
12097143 12424415
12079233 9583189
12112746 15413274
12115510 13617941
8493754 10542708
3974242 12521150
8309415 14704357
12076293 12424417
12096153 14704359
12094991 13664359
12076313 12424421
8311104 12819840
12103957 12819842
12082302 12819848
12092601 12424431
3101781 12424435
12089055 12819872
12103297 12424438
12097309 12819882
15520269 9583213
12116413 12819885
12088547 14343553
27290311 14343554
12105568 12424443
12093159 12424444
12108749 10037840
3973589 13818611
12092270 9583225
12092443 14373212
12087693 12424446
10509716 13818612
12084692 9583238
12094480 9583246
12085814 12424452
12092220 12424457
12114124 12424463
12114502 12424464
12106148 10037846
8312090 12424465
12093284 9583261
12082331 14704384
12100489 12424466
12108955 10542725
12105632 12424467
2669260 10542726
12095651 12424472
12108618 12819917
12103165 13664391
3182207 10542727
12097173 12424476
12093166 10542728
12109580 12424483
12107155 14704390
12099041 12424492
12084903 14343618
12100734 9583295
8311042 13818615
12106531 12424505
12104849 12424506
12101115 12424510
12097087 12424527
12095680 12424537
12088619 9583329
12094256 12424541
12082389 12424542
12112914 12424544
12096911 12424545
12106837 12424547
12088565 12424549
8310982 12424554
12089405 12424555
12106390 12424578
12099729 9583370
12089806 14704412
3988963 13617970
12112601 10542751
12105171 12819945
12111064 9583382
19044073 12424589
12095640 12424597
12102828 15413813
12079216 15413818
12092604 12184178
15503595 14373580
12103712 11812172
12097481 12424607
12084122 12424608
12106433 12184179
12081177 16417124
12093539 12424613
12080408 14373643
12095740 13664468
12115376 10037854
12109497 10542762
12100958 12424623
12114907 10037855
12097292 12424626
12076466 13664475
12116528 10542765
12087880 14343722
12092603 16417133
12080446 12424633
12083136 12184190
12113690 12424642
17504601 12424643
12078747 10542770
12104766 14373728
12104404 9583450
6677250 16417143
3983440 14373731
14406594 12424662
10506749 14373763
12101425 14343727
12076921 12424669
12108993 14343736
12084736 12424679
3976191 14343740
15675756 14343755
12084981 12424684
15452700 9583532
12082438 12424713
12096700 12424722
8310968 12424724
3644038 12424725
3987144 13818627
12086355 12424745
12101331 9583590
12079086 15861969
12109817 13818632
12104943 13617971
12116823 13664536
12102365 13664538
12096043 12424753
3944005 12424756
12101800 13664540
12101717 13818637
12108800 12424759
12101638 12424762
8311264 12424771
12115962 12184206
12106952 13818644
12093950 12424781
3642144 9983265
12095766 10542803
3974065 14704495
12100234 14343784
12080733 13818651
12106900 13818653
12102030 12424785
12100160 12184215
12106362 16206174
12083768 12424792
12099207 16417177
3904597 16206182
12093364 10542808
12111561 12184217
12096469 13818664
15452496 13818665
12107085 13818666
12105252 10542811
12103564 12424812
6643384 9583684
12076919 12424822
12095005 14343801
12103054 13818681
12113805 12424832
12091411 14343805
12090759 14343807
12091985 12424836
12085919 12424838
15520971 12424839
12105228 16417195
12079514 14704537
12108635 12424855
12095678 13664580
12096430 14374001
12076517 13818715
12095761 9983281
8311838 16206209
12100569 9983283
12083906 13818720
12112918 10542834
12114493 10542835
12095710 13818723
12106977 13664597
12096402 14979178
12116423 13818729
12104694 12424892
12105230 12424896
12107599 12424897
10507527 12184236
12080065 10542840
12092499 10542841
12096222 13818734
12082537 9983285
12107318 12424918
15579230 16417211
12093213 12424920
12114524 12424921
4321572 10542846
12092123 12424930
21167953 12820011
8310774 12820013
12076583 13818736
12089423 12424934
12107723 12424935
12096355 12424937
12102289 13818737
12083611 10542850
12106401 12424949
12097101 12424950
15503194 13818744
12102717 12424952
12086616 13818745
12114639 13818748
12095765 14374013
12116220 12424966
12095965 9983294
12108287 13818758
3974811 14374021
12088951 12424986
12109151 13818787
12103792 9583888
12112273 13818789
16794471 12184260
12092606 12425000
12076580 14374031
12080092 12184261
12100640 12425004
3631830 13818796
3102484 14343866
3102484 12425008
12093429 14343869
12082519 10037891
12081466 12425016
12096110 10542874
12093780 12425019
12103073 16063226
12086992 10542882
12082460 14374042
31898729 16206257
12099245 13818801
12089874 12425045
8312114 13818804
13878685 13818805
8312068 13818809
12097149 13818810
12089517 13818811
12103407 12425053
12113906 9583930
12086216 13818814
10509304 14374051
12083801 14343891
12088397 12425062
12112617 12425063
12082975 9583944
12111960 12425064
12082566 12425066
12106589 12425067
12076115 12425070
12082445 12425074
8309436 10037899
12080268 14374056
12089603 14524326
12085413 16206273
12096160 12425081
12103963 14343917
12110883 14343918
12095608 11812195
12081874 12425087
12112626 14979181
12104774 10542903
12103908 12425095
14406872 12425096
12096533 12425097
12092605 14343931
34321487 12425099
12092310 12425128
12084678 10542909
12082599 16417257
12098267 12521166
12085620 12521171
12080456 12425145
12085687 12521173
12108156 12184276
12084887 12521174
12082416 12521175
12111000 12425150
12076452 12521177
12093420 12425154
12082379 12425155
22120003 9584052
12083363 12425156
12103788 12521188
12100403 12521195
12083505 12521198
12113973 9584081
12082451 12425179
12109862 12184281
1941702 12425201
12103536 12425203
12092594 12425205
26349700 12425206
12081215 12521218
12106815 12184283
12105913 9584096
3110810 12425212
12110149 12521229
12110245 9584098
12084238 10037918
12104743 12425213
12111081 12425214
12085852 9584101
12100738 12521237
8312104 12521239
12105909 12521252
12082493 12425237
15451936 12425239
12095868 12521254
15664716 12521257
12076657 12521260
6465885 12425243
12082444 12521267
8312007 12521277
10520954 12521278
12103678 9584112
3645013 12425250
12096403 12425257
16840125 12521283
12088949 12521286
12101402 12425272
12106446 12425281
6577109 12184290
12085283 13664732
3986577 12425293
12104212 12521293
12113301 12425309
12096318 12425328
3987837 12425333
12080045 12521295
12086593 12425345
10506560 12521299
12112179 13664734
2689493 9983328
12082397 10542957
12082548 9584137
12083597 12425377
12117335 14705690
12095626 12425378
26349775 12425379
12107502 9584138
12110068 13664738
12107200 12425380
12097445 16065677
12091114 14979182
12106248 12425381
12106461 12425383
12100443 12425390
12099243 14374118
12095825 16065843
12094965 10542967
12100754 15789025
12112431 16065980
12089601 12425420
8312086 12425423
12083152 11812213
15452382 12425425
12104703 14344045
12109535 12425426
12086687 14344049
8312221 14705759
12078744 14705762
15503164 12425437
12103806 16066126
12101282 12425445
12109177 9584147
12094593 14524354
12090617 12425467
12113319 14344082
12113319 16176982
12088406 14344085
12106864 9584152
3602443 9584153
12104796 14344095
12104537 14344096
12089346 12425502
12081110 10037925
12090661 12425508
11442405 9584157
12087441 10542992
12083889 12425539
12078284 16067261
12104144 12425544
2751706 10542999
12076288 16417316
12076868 16417317
12096566 12425547
12081895 12425548
12076962 14344114
15581275 14705807
3950812 10543000
12093130 12425554
12076114 10543001
12112014 14344128
3977098 12425575
12106989 14344136
15452404 12425584
12084370 14374152
12101518 16417334
12082546 16206377
12100075 12425595
12082521 12425596
12080519 13664750
8312037 14344149
12109882 12425598
12102007 14374155
12112411 12425599
12095743 16417337
12097751 16067688
12104141 12425605
3931843 10543012
12092386 14344157
12104161 9983348
12106538 14344160
12082515 12425628
12108514 12425636
12095329 16417351
12106329 12425643
12109339 10037935
12082522 14344169
12082740 12425645
12086352 12425653
12090659 12425664
12109439 10543018
14406606 14344176
2706563 10543019
12093134 12425678
12111274 12425682
12097006 14344190
12102840 14344192
12085662 13617986
12097875 16417362
12083476 14374171
19112285 10037938
12106520 14374172
12082450 13818816
3652573 12425709
12112825 14374174
12107416 12425711
12104859 14705874
12114676 16417364
12097934 14344201
12092607 12425718
17017773 14344205
12110019 13617991
12116440 10543034
12095970 12425727
3986983 14344227
12107308 12425747
3987391 13617997
10505072 9584180
12087715 13664753
12100965 9983354
12094227 10037943
12100401 12425759
12092437 12425765
3641501 12425768
12077971 14374196
12089688 12425772
3988343 13618000
12107305 12820199
12106533 12425779
12104277 12425780
8310822 12425781
12101732 12820203
12112804 13618005
12109460 12425787
12076631 9584186
12110999 12425788
12114302 12425795
10497840 12425799
12096457 14344248
12110098 10543052
12092048 12425810
12112991 14344258
12104762 14344259
12104762 14344262
12080444 14344264
12077169 10543056
12102833 16417377
12077135 12820226
12089267 13618009
12088986 14344270
12109474 14344277
12100089 13618010
12114305 10037949
12100800 12425845
12102904 14344316
27601194 12425855
12116404 12425857
12093322 13618015
12116332 10037950
12100854 13618022
12090664 14344342
12077104 12425877
12099312 12425878
12112939 12425879
12107699 10543075
12103029 14374222
12106555 13618028
12100570 16417393
12108562 12425889
12106994 13664756
12089571 12425891
12109275 12425896
12089597 16206456
34350126 12425899
12092253 16206462
12088976 12425911
12101343 14344364
12090693 16417400
12090741 10037954
12093584 12425912
14408719 9983372
12094232 13664758
8311828 12425914
12083916 15861983
12085701 16417405
12099356 12425923
3908519 10037958
27621435 12425925
12094281 10543086
12079099 10543088
12092729 12425933
12109182 16417411
975314 10543090
12103747 14344372
12084301 12425952
12096874 16417426
12109469 12425953
12102482 15861986
12104931 15414220
12092017 16417430
12094590 10887338
12102876 9584211
12107144 12425966
12081180 16417437
12106930 10852009
12116248 10852011
12116445 12425975
12079159 9983392
12096138 12425976
4373847 10543099
12114106 12425981
12083792 9584218
12103655 10852016
12081223 10852017
12107787 10852018
12088530 14374256
12103352 10543105
12109407 10852025
10506535 10852028
12114819 10852029
12083899 10852030
12098611 10852031
12078550 14374261
12079450 13618051
2712901 10543110
12083336 10852048
12094343 10852050
2713134 10543113
27587421 16417454
12102125 9584223
12094694 10852088
12084044 10852119
12096004 10852120
12101521 13618059
12092700 10852125
12116933 10852128
12104301 10852133
21167824 10852157
12103852 10852158
12096007 10852160
1975263 10038938
12088462 10038943
12096757 10852161
12076592 10543128
12092718 16417472
12105908 13618061
12097498 14706007
12109658 10852165
12107778 15861996
12112213 10852166
12103979 10852167
3583476 10039035
12109091 16186781
12096090 14374286
12097778 14374287
12096866 16417473
3972627 16417474
12113393 10852178
12112346 10852179
12102831 10852181
12090434 13618065
12114418 9983428
12112131 10852192
12088596 16417483
2708775 10543136
12109798 13618067
12080540 10852202
12100422 10852205
966048 10543139
12094804 10543140
12085368 10852219
12091104 10852245
15676008 10852246
12077139 14344436
12076461 10852247
3972644 10852248
12096693 10852250
12090669 10852259
12089767 10543146
12110144 14374306
27270340 9983456
12103514 14344457
12084161 14344458
12088446 11812255
3972699 14374307
12104476 16417497
12110383 13818819
12109445 10543151
12107336 15862011
12080324 14374315
12077114 14706041
10515480 10852290
12094131 14706043
12103508 13664784
12113000 10852299
12102879 10852300
12097741 14374325
12076947 10039888
12113927 13618073
12080788 10852313
12104723 10852321
12098545 10852324
12101807 10852325
12095797 9584236
12085452 14344489
12106392 14374334
12104601 16417521
12104469 15789124
12098032 14344505
2739864 10543167
12090739 14706071
15503974 15862020
12086276 10543169
12084872 9983459
12107809 9983461
15502054 9983463
12095936 14706075
12080658 9983465
12116229 14344512
12101574 14344514
12107630 16417532
12080637 9584255
12097475 14344515
1974641 12426009
12103505 16206556
12083793 14344517
12092445 10040303
12082602 9584257
8311945 14344540
12104012 10543176
12081431 14980599
12107423 14374352
8312191 16206569
12102676 14374354
12095971 13618097
8311482 13664795
12096020 16417549
12106524 16177218
12105442 9983479
27591436 14374357
12091211 16417554
31898909 10852345
12104884 10543188
12112834 14374371
12080595 13664813
12092323 13618115
12107430 14374389
12102902 16417616
12106873 16417617
12096108 13618117
12106459 16417618
12100975 14706117
12092157 14706119
2677220 10543203
12101807 14706121
12077079 14344590
12099280 16206613
12089004 16417619
2688317 10543204
2691961 10543207
12084278 10852390
3973903 12521312
12103893 14344612
12079224 10852415
12082588 10852427
12116449 10543216
12076772 10852460
12108475 10852461
12079747 9584300
15452696 10852525
12112183 14344673
12102851 10852540
12102903 10852541
8312066 10852542
12114853 10852544
12100761 10852545
12100970 12426023
12115313 10852546
12106477 10852547
13761452 10852548
12079984 9584302
12110030 14344736
12086212 13664824
12100466 13618153
12101978 10543254
12097620 16206664
3974639 13618159
17017774 16417719
12106987 16417721
12101984 14374437
12102173 14706192
31899407 14706193
12096712 13618164
12102396 14344768
12096204 13664840
12096204 16417739
12104669 14374448
12114701 13618165
22125058 10543267
12101587 14344783
12115710 13664843
12114857 14706200
15518590 13664844
12102896 16177333
12114807 14344785
12082883 14344787
15504324 9584322
12076233 10543268
1265117 9584323
12110160 14374450
26350463 13618168
12114575 13618169
8312232 16417769
12114360 10543273
12083784 13618175
12089426 13664855
12090624 14344833
12116478 10543279
12099364 14344848
16837577 14344849
12101334 14374460
12106558 14706212
12090384 9584331
12088106 16417789
12110030 15862079
3908419 14374480
12082916 14374481
12076691 12820343
12116339 10543299
12078859 16417828
12114729 14706229
12102662 16417838
12077302 16417842
15502052 16417844
12117256 14374507
12104400 14374508
12080164 14706238
12106942 13618189
12103801 14344884
12097301 16417849
12090806 14344885
12102087 14524416
12098119 14344896
12108730 10852639
12096048 14344910
12077103 14706247
12107504 9983749
12096969 10852675
12082668 10852676
12077255 10852677
12095989 10852678
12104524 10852679
12092143 10852680
15429494 10041675
12107710 10852681
12091250 10852682
12113134 10852688
12094249 16206732
12082571 16206734
12077262 9584362
12096126 10852698
8312178 9584363
12076891 16417871
12092171 10852739
12109060 10852743
12113081 10852746
12112641 9584370
11444393 10852747
8312227 16177399
12077228 9584371
3974300 14374524
20389384 10852754
12095993 10852755
12084649 10852756
12090849 14344925
12093287 9584373
12099243 14344926
12083095 10852765
12096808 10852766
12085512 14344939
12109427 10852775
12085094 10852776
12100563 14980603
12087085 14344941
12080999 10852796
12077412 13618203
12106658 10852807
12077287 16417887
12107708 14344966
8311349 9584383
12089063 10852808
12083878 10852811
12112398 14344974
12107198 14344984
12100111 10852838
12102158 10852850
12106525 10852854
12076152 10852857
15458657 16417900
12090970 10852870
12087395 10852871
12096019 16417905
12099572 16417906
12094311 10852872
12113758 10852874
12079759 10543354
12082049 10543355
12098370 9584400
12094041 10852916
12109579 10852920
15452516 10852924
12082765 10852931
12081210 10852933
14406773 10852947
12077040 9584401
12082900 10852952
3644238 10852977
12095085 14345012
12085676 14345013
12080678 14345014
12078904 9584411
12106671 10852979
12095995 10852980
12115169 10852981
12101575 9584414
8311365 10852998
12103927 10543370
12106540 10853010
12095940 10853017
12103795 10853045
3620797 10543375
12095963 10853047
12101208 9984085
12112982 9984089
12081365 10853084
12099481 10853085
12081814 10853087
12077151 9984091
12087353 9984093
12096028 9984095
12081268 14345053
12080498 9984099
12082303 14345055
12114663 14374560
12104405 9984101
12095804 9984103
8311532 10853098
12104330 14345065
12112916 9984111
12091030 13818824
18946844 10041689
12090967 16417945
12080697 10853117
12102128 10853118
12112186 10853119
12110282 13818825
12077356 13664873
12107636 14345078
15503765 10853123
12102941 10853124
12079522 14374564
20389648 14374565
12082786 10853125
12103980 14706366
12096097 16417953
12085546 10853127
12095728 10853129
12103574 16186810
12110059 10853136
12087309 16417959
12082720 14345082
12092794 10853146
12113067 10853147
12077038 10853148
12114647 10853162
12116924 10853163
12106576 10853164
12100432 14345089
12110197 13618228
12105570 10853180
12103818 14706375
12114653 16417974
12106762 14345098
12104291 16417976
12093528 14374578
4180374 9984129
12102945 14374579
12082840 14374580
12103356 9984131
12081782 14374581
12089398 9984133
12096354 14345099
12100774 14374582
12106516 16177439
15459580 14374583
12109159 12426045
12106645 16417980
12089215 12426046
12096464 16206802
12115437 13664881
12096443 9584445
12091252 16417982
12110284 10543401
12090989 14345127
12096417 10853219
31898754 10853228
12100117 10853234
12095808 9584454
12092332 9584455
12116396 10853246
3946987 9584459
12110103 10853253
12100599 10853255
12088455 10853256
15680581 10853259
12106260 14374598
15513170 10853260
12112700 10853263
12100973 10853265
6367044 10853266
12107202 10853267
12078976 10853284
12103994 10853285
12090985 10853286
12108806 16418011
12096124 10853299
12092903 10543419
12093593 10853304
12094179 10853305
12099323 10853310
12104436 15789291
2668161 10460981
12105013 9584471
12114550 10853326
12113316 10853329
12083776 10853330
12100593 10853335
34162445 10853342
12080711 10853350
15504066 10853358
12105531 10853377
12080594 10853378
12093279 10853387
12097495 10853406
12086056 10543433
27592808 10041707
13791566 10853424
12099352 10853426
12107635 10853427
12106834 14374613
12103813 10853429
12099439 10853430
8311509 10853431
12077242 14345230
12101005 10853432
12080376 16206835
12082782 10853439
12102918 10853440
2716054 10543438
12106889 10853452
12116958 10853455
12098268 10853460
8312280 16177515
12107568 10543441
12096214 14345236
12105952 9984159
12110782 9984161
12108591 14345238
12077505 14374617
12090974 16177525
12091716 10853495
12085523 9984181
8312291 14706498
12101131 10853525
12090956 10853526
12101608 16418049
12084688 10853532
12110322 10853536
15515191 10853537
12095270 12184329
12110075 12184330
31898882 10853554
31899404 10853555
12102223 14524452
12078795 10543456
12096017 14374619
8312029 13664897
12103796 10543457
2747712 10041711
12089383 10853591
12103662 10853598
12092457 10853605
12112783 10543462
12102580 10853617
12099350 10853631
21082010 10853633
12097344 10543468
12108981 10853667
12582048 9584509
12077453 10853669
12083171 10853670
12100999 10853671
12092788 10853673
12086453 10853674
12104823 16418068
12097305 10543473
12089058 12426065
12093236 10853695
12096052 10853703
20389585 10853705
10679917 10853716
12101637 10853717
15452532 10853718
12101980 9584515
12104657 10853720
12104844 10853730
12077336 10853740
12090894 10853741
12097487 10853742
21167845 10853743
3455437 10461007
12087318 10853756
12084292 10853757
12114972 10853767
15674877 10041720
12085233 10853789
12093640 10853790
12093779 10853791
12112811 14706542
12096814 10853792
17021932 10853793
12099333 10853795
12082700 10853797
12080290 10543491
12076785 10853848
12106561 10041725
12094964 10853857
12092294 10853860
12105980 10853870
12102806 10853871
12076509 10853890
12098059 10853891
12099351 10853892
12092989 10853900
12080753 10853901
12104740 9584546
27601837 14345276
12083312 10853913
12106656 10853914
8311463 10853920
12090997 10853926
12110380 10853928
12087383 15862103
12099599 10853929
4234218 10543513
15502029 10853971
12092759 10853975
12088429 10853976
12106636 10853977
21081443 10853983
12076852 10853992
12103811 10854009
12107633 10854010
12114833 10854011
12099341 10854012
12095652 9984188
12083194 9584562
12109283 10854026
12100430 10041731
12085559 14345303
12093192 9984197
12077239 10854030
12107320 10854031
12096082 13618274
12079967 10854041
12088508 10854042
12103812 10854043
12084529 10854068
12094228 10854103
12110463 12184361
12103814 12184363
12083117 10854117
12101336 14374635
12100796 10854119
12076113 10854123
12088444 10854130
12089591 10543538
12100141 10854137
12089591 10543539
12080972 12184370
12094036 10854150
12080610 10041747
13791555 10854163
12106466 9584580
12099331 12184383
12077277 10854165
12087432 12184384
12108025 14706639
10499270 12184385
1263299 15789371
15725160 12184387
12106535 14345344
14406622 10854176
12090979 12426069
12086472 10854178
12114371 10854182
12092795 10854183
12096036 10854184
12100426 10854186
12106247 10854191
12096067 10854194
12077780 10854205
12114376 14345376
12110232 9984246
12101599 10854239
12079320 13618292
12106631 9984270
12097508 9584594
12109226 10854266
12077317 10854282
12102910 10854297
12096950 10854301
12081457 10854304
12113237 10854307
12081813 10854312
12109237 10854313
12100752 14374663
12084648 10854314
12084779 16418172
12083902 10854315
12096121 10854316
12082886 9584600
12113202 10854318
12101007 10854319
4234220 10543576
15712322 10854350
12083891 10854351
12087582 9584604
12087471 9584605
12083763 12184404
12114105 14706720
12099390 12184405
12080222 10854360
12087019 10543583
17017891 10854382
12113108 9584612
12077282 9584613
12116236 10854392
12077400 10854395
21167853 10854400
12082873 10854410
12100992 16418188
12092119 10854420
12082887 9984284
12099069 10854421
27589400 14374675
12109468 10543590
20390761 10854433
12103996 10854436
12090777 10854438
12085133 10854441
12087460 10854485
8312289 10854559
12113922 14374686
12090926 10854560
12065135 9584645
12077591 10854561
12083290 10854562
12114325 10854569
12099401 16177797
27618836 12184432
34158535 13618310
12083952 10543617
12102184 10041773
12080679 14345444
12087364 10854599
12077340 10854613
12114740 12184436
12078822 10543629
12089590 14345463
12083092 14374697
12112257 10854689
12108659 10854699
12082951 16418236
12077538 10854716
12099413 9584661
12102228 10854717
12083078 10854718
15643301 14706945
11854263 10854719
12106619 12426077
12080894 13618316
12082950 10854720
12083195 14980610
12106690 16418239
1994992 10854728
12099287 14374701
12105056 10854747
12091056 10854790
12102741 10854791
12103537 10854793
12080812 10854803
12110356 10854809
12096148 16418252
12087488 10854810
12081191 10543651
12107543 10854811
12113101 9584671
12077032 10854813
12101255 9584673
12093772 10854844
12106588 10854862
12106904 10854863
12092931 10854864
12088476 14706975
15454665 10854885
12092485 10543663
12110432 9584690
12080803 14706979
12107762 16418274
12104999 9584693
12066795 10854910
12585973 10854913
4003179 9584694
15498002 10854914
12102135 10854915
12094351 10854920
12089085 14345498
31899452 10854926
12096179 10854927
12106617 10854929
12095136 10854937
12085599 12184451
13950093 14374714
12093646 10854943
12077509 10854953
12101619 10854954
12104445 10854955
10514434 10854956
15515199 13618326
12076450 10854958
12105108 10854966
12103668 13818826
12089677 10854969
12106632 12184453
12077606 14374717
12102213 10854988
12095951 10854996
11865671 16418293
12090998 10855010
12106673 16418295
12081009 12184455
12087452 10855014
12076179 10855023
26349987 10041793
12098392 11812321
12114834 14374721
12096146 10855075
14406687 16207032
12114956 16207033
12076475 14345513
12093385 10855090
12108866 16177966
12110518 16177969
12089111 14374731
3965844 10855093
12089103 10855097
12091067 16177984
12103825 9584724
12096209 10855121
12098051 10855122
34186587 10855123
12096270 10855130
12108929 10855142
12077462 10855146
12089645 12184472
12115140 10855156
12106726 10855160
12110158 10855162
12105008 10855163
12080779 10041797
12108057 10855166
12108008 14345525
4139624 10543717
12084782 13618348
12091175 10855195
12096284 14345530
12097511 15862111
4004001 10855218
12079403 10855223
12115149 10855224
12091090 13618351
27624207 10855255
12102258 10855256
12091055 10855268
12090991 10855274
12100108 10855281
12104014 14345545
12089543 10543736
12114835 10855282
12092223 14345546
15504305 14345547
14406655 10855304
12087401 10855314
34358934 10543740
12102293 10855328
12089205 10855335
15425174 10855337
12108030 10855339
20390347 16178061
15503483 10855346
8312305 16178067
12112774 10543746
12089666 13618365
12089988 9584756
12102949 10855371
12091091 10855372
12077671 10855393
12089044 10855406
12108074 10855407
12081171 10855408
12089090 10855428
12099407 10041814
12100779 10855437
12077422 10855438
12101215 10855447
3981289 9984548
12106623 9984554
12087416 10855462
12115136 14345569
12095984 10855484
12115188 14374755
12085664 10855506
12083389 10855509
12104490 13618373
12087282 16418409
12098483 14345576
12083174 10855518
12105027 16418410
12105336 10855521
12096629 14374760
12093653 10855523
12097565 10855525
15502297 10855539
12103537 14374765
12080826 13664957
3933628 10543779
12089593 10543782
12102962 10855566
12089680 16207094
12115166 10855572
12103848 10855573
12083742 10855577
12104300 10855599
12092652 16418433
12094043 13618384
6642313 10543792
12103829 10855609
12077294 10855617
12093325 9584804
12080612 10855631
12115163 10855635
12114678 13664966
15429492 10855649
12106676 14524626
8312301 10855669
12102275 10855670
12115177 10855678
8312311 10855681
12082629 13618403
12101541 10855683
12109241 14345620
12107638 10855685
12077724 10855692
12094304 9584819
12093618 16418472
12087447 14374778
8311885 10855710
3900734 10543820
12081105 10855719
2664054 10543821
12101610 10855721
12079494 14374779
12114727 13618408
12097537 13664974
12099377 10855723
12089095 10855724
12094404 10855733
12077425 14345626
12080681 14524632
12098301 10855735
12091126 10855738
12089679 10855739
12095144 10855743
12101284 10855745
12088030 10855750
4004384 9584825
2691800 10543829
12104029 10543830
12077516 10855765
12113063 9584832
12087524 14374784
12091034 10855775
2710609 9984613
8311538 10041831
12102395 10855781
12086527 9984621
12077414 10855793
12080721 10855794
12088512 10855796
12093879 14345635
8309562 10543837
12097526 12426099
12097472 10543838
22120206 14345660
12083261 14524636
15452521 10855821
12115590 9584840
12097310 10855826
12098046 10855829
15588781 14345681
12091124 14345683
12095273 10855837
22120812 12426100
12096261 16178247
12089131 14980616
12091092 10855844
15671648 10855846
12077741 16418528
6595600 13618414
12083641 14707336
12115166 10855849
12097500 10855854
12083178 10855855
12106751 10855856
12096983 10855862
12077564 10855863
12103378 10855865
12112669 14345695
12103317 14345697
12066844 14345698
12096294 14345702
12080245 13618418
12083168 16418556
12101533 14345708
6383835 14345710
12106639 9584851
12101625 14524650
12106391 12521326
12084847 14345711
12106808 13618419
12086873 10855878
12079379 14345717
12113122 14374790
12106915 14345723
12083347 16418575
12109373 14345725
12095261 14374791
12115190 14345727
12091197 14345731
12091174 13618430
12082246 10543864
12107022 16418598
12077300 14345761
15515198 9984845
12088943 16418604
12101068 16186825
12110070 13618446
12116972 14374793
12097817 16418630
12106103 13618447
12094219 16418631
12091042 13665006
12115143 14707373
3957024 10543882
12094591 13618458
12091093 9584872
12103389 16178300
19423883 14707384
39843067 14374799
12082977 14374801
12077455 14345802
12078091 16418670
12106468 16418672
12076449 10543888
12082257 13618468
12102729 13665016
12101612 13618486
12100622 10543902
12087547 14707432
12103674 14374838
12115161 16207193
12083351 14374843
12105040 16207197
26349645 13618495
12077773 14374845
12101581 16207203
12092602 10543909
12096199 13618508
12115341 13665024
12098509 13665028
12115146 14374861
12086467 16418757
12087464 14374862
12105101 16207205
12082000 14524709
12101562 16178334
12105138 14374866
12115049 14707476
12105805 16418775
12089998 14707478
12115018 14980625
12110699 13665032
12091217 10041850
12098513 16178343
12110453 16418780
12116982 13618525
12096161 16418781
12083188 14374868
12095753 10543921
12099564 13618535
12086525 13618537
12107931 9584916
12102315 9984933
12106041 14374873
12098091 13665039
12091172 14374874
12103795 16178361
12080863 16418815
15504329 14707496
12081062 14374880
12091015 16178366
12110654 9984941
34361036 12426112
12087699 13618550
12112022 14707500
12098353 16418825
12115139 14345829
12105266 9984943
20391181 13618553
12100451 14524746
12108077 16418836
12108874 14374886
12093674 13618556
12077478 12820426
12115229 16418852
12100447 9584940
12096711 16418867
12091128 14374894
12092543 10543949
12110235 16418907
12079801 14345867
12110026 14374898
15552102 16418920
12097423 14374900
12110537 16418927
8310716 15862138
12085898 9584958
8312323 15862139
12091036 14345884
12087554 16418958
3116120 13618617
12115079 16418967
20389856 14374909
12091087 14524778
12088566 13618625
12089029 12820479
27601296 12820481
12077806 13618629
12077286 14374915
12077714 13618630
12110153 14374916
12088470 12820485
12093687 12820487
27591828 13665048
12077511 12426119
12077977 18141827
12115926 10543972
39843068 18141850
12085852 14374924
8311852 18141854
10523988 18141856
12078748 10543975
12077580 14374931
12113235 18149849
12091044 19093351
13847347 14345910
14406677 14374932
12081001 20994506
12099395 14524800
12100996 14345928
12102535 16418996
12078965 13618669
12078965 14374948
15712211 14374950
12110468 16419000
12100612 15789572
12077984 18141906
12112194 18141910
12087341 10041868
12077794 14707593
12083384 9584990
12106888 18141912
12098516 14524806
12100614 16178402
8311989 9584992
12115042 15789579
14406721 14374956
12114055 20994525
12116781 21079799
12105369 13618687
12098375 18141940
12090247 18141943
27589656 13618688
12092441 16178412
12092243 14345954
12111031 20836712
12080953 14374970
12098807 14374980
12077608 9585010
12077684 16207286
12077479 9585011
12083366 14345955
12086480 13618702
12091342 14345961
12079163 10544005
8310385 14345964
12077697 14345970
12083201 13618705
39843069 13618706
12104317 14374983
12106665 13618707
12094401 13618709
12083921 14374985
12077073 14707626
12106578 16207289
12079419 14980636
12105102 20836714
12078004 16419043
12111976 14374994
12091198 14524837
3906766 10544016
12102451 12521348
12096306 9585025
12077454 21079802
12092945 16419052
12089141 9585028
12114971 16419056
12078027 16178436
12103820 14374998
12115244 16419060
12100537 10544019
15579123 14375000
12077790 21079803
12091125 14524850
12110067 16419064
12090116 14375002
15429493 14345981
12077758 14375003
12077078 12426133
12103012 13618730
12080824 19093363
12091213 16419069
12115273 9585033
12096241 14375012
15518614 16419072
12080670 13818830
12098156 13618743
12099340 13618744
12083255 14345999
12110425 14346001
12115511 9585037
12097830 12521360
12115535 16207313
12101222 14375024
15665423 18141984
12095247 12426138
12113123 20830036
12101080 18141993
12098080 14346011
19097572 14375049
12080781 14346022
12104237 16419103
12102669 14375052
12083778 16207325
12115194 18142008
12082453 9585059
12110574 16186842
17819103 14375061
12092952 16419109
12090497 9985330
12090665 16207341
12108152 16207343
12111039 16207345
15502867 16207347
12099275 16207351
12115467 16178454
12099463 14375068
12080792 16419120
12106929 21036843
12084328 16419122
12077664 16207356
12091169 18142041
8311573 16419129
12102145 9585070
12081236 15789612
12083432 14375078
20390009 14375084
12083358 14375085
12117015 14346033
12098806 15862146
12083517 20994661
12098455 14346037
12112642 14375093
12077251 14707688
12090847 9585079
12083461 9585080
12108103 14346041
12078133 10041890
15429470 16207369
15668743 9585090
12077732 15789621
12114715 14375112
12111062 14375113
12096754 14375116
4005768 13618835
3473340 10544059
12110687 14375132
12114959 16419216
12112495 9585116
12091385 10041894
8312336 14346103
12099927 14346105
12115275 14375142
12109264 14375143
20391183 14707719
6451276 18142163
13859069 9985363
12081005 9985365
12077657 9985374
12117028 13618993
12083067 19093371
1265998 12521367
12084386 12521367
12102208 12521372
14406717 13619001
12114295 10544084
12103030 9585140
12096278 16419244
12077792 16419247
12077326 20994735
12077647 12184517
12096358 15789653
8311620 14375166
12076243 14375171
12077738 14375174
12083521 14375176
12115220 14707740
12115289 20836721
12086658 9585149
12115470 14375181
12112271 14346111
12091024 14707752
15452551 13665065
12077803 16419261
14406725 16419262
14406756 19468186
8311583 19093373
12081060 12184520
18946006 12184522
12077981 14980650
12104299 10041902
18279011 12521374
12105874 9985467
12115286 12184531
15498049 9585171
12092946 12184537
12083523 10855892
12077565 10855897
12083218 12184546
12096632 14375203
12105975 13818834
12101872 10855905
12079322 12184551
12113257 14375210
12102935 10855909
12085170 9985489
12117113 9985510
12083161 16419306
12115642 16178584
12077980 14524958
12094583 10855933
8309570 10544121
12115282 10855950
31898739 10855951
15429469 10855955
12110700 10855965
12587875 10855969
39843070 10855974
12096352 9985551
12115635 9985569
12077781 9985579
12110628 9585205
8312334 10855988
12091173 9985591
12077982 10856003
12085641 14346129
12110995 10856006
12110908 10856007
12112927 10856008
12099099 10856009
12115466 10856029
12086799 10856030
12103961 9585214
12083907 10856036
12094586 10856037
21078829 10856054
12078065 10856064
12083499 10856068
12115014 10856069
12114297 10856084
12102519 10856089
12111079 9585227
3989624 9585231
21167880 10856099
4006039 9585234
12111183 10856116
12083177 10856117
12101687 9985652
12111186 9985654
2612896 10856142
8311622 10856147
12102571 9585245
15502433 10856153
12096349 10856155
12090018 10856177
12078065 10856185
12105389 10856188
12095918 10856192
21167514 10856198
12113174 10856206
12090063 10856208
12111311 14346138
12111054 10856214
12077747 10856238
12083999 9585263
12091236 10856267
12077691 9985726
12094261 10856268
15579253 9585266
12078071 10856275
10505958 10856289
15584105 10856304
12108324 12426296
12079517 10042798
12111041 10856309
12077721 10856310
12081711 9985742
12077722 10856313
12110461 9985756
20391315 9985758
12084271 9985768
12098581 10856318
12077720 10856323
12108367 9985786
4007490 9985814
12088151 10856337
12107565 10856338
12091934 10856339
12103369 10856343
12106486 10856344
12084276 10856359
17765024 10856360
12091139 10856374
12098883 16419445
12105680 10856380
12105144 10856387
12077807 10856401
12098938 10856405
15429075 10856406
12085020 10856407
12077652 13619246
12098582 10856439
12082378 10856441
12085113 9585306
16830881 10856449
12088593 9585308
12098805 9585310
4005418 10856458
12078301 10856463
12087319 10856467
31898888 10856471
12115643 10856480
12077862 10856485
12093531 10856488
4007291 10856489
12077783 10856496
12079433 10856497
12110561 10856499
12096800 10856502
34226667 10856505
12083967 10856532
12091977 10856534
12077729 13619317
12084085 10856569
20391402 10856582
12109086 10856587
12088277 10856589
6650092 10544240
12106562 9985832
12110734 16178718
12115971 10856641
12078081 9585340
12097331 10856646
12090034 10856647
13943801 10856650
12112033 10856651
12116490 10856654
12083487 10856665
12110576 10856668
14406628 16419539
14406984 14707917
3922046 10544254
15502432 10856701
12096894 10856709
12079077 10856726
21168089 16419544
17386523 10856740
12083922 14346190
12096055 9585362
12092017 10856750
12078977 14376531
12093144 9585366
17831300 9985904
12115549 10856767
12084053 10856771
12105106 10856772
12109040 10856779
12108187 10856782
12076381 9985944
12092446 10544268
12111096 10544269
12081400 10856816
22120506 14376636
12084084 14346200
12102530 10856889
12110480 9585379
13953517 9986291
3908354 10544293
13877599 9585388
12077513 10856979
20391908 14376920
3538072 10544371
3567829 10544375
12107067 10544383
3929445 10544385
2739706 10544386
12078956 10544392
3523058 10544395
12107877 10544424
12084913 10544428
12086135 10544432
12107791 10544436
12095413 10544453
12116337 10544458
12080044 10544481
12116215 10544525
12092973 10544551
3950873 10544552
12114272 9987861
12108872 9987863
3332013 10544587
2731969 10857621
12087689 10045284
12087520 12521389
2747421 10891755
12099240 10591119
12097939 9586015
12116481 10591148
12093963 12188758
12078881 10858293
12085429 12242794
2695256 10544730
2714770 10544739
12102448 10544748
12111018 10544783
10512722 10544825
12080131 10544838
12116752 10544894
3889948 10544910
12097924 10544918
12081190 10544933
12116693 10544935
12093894 10544943
14406789 10461423
12101285 10545054
15547187 10545101
12100516 10545108
12093964 10545109
12114294 10545110
12097046 9990639
12113154 10545180
12085302 10461473
10503458 10545191
2701687 10545226
3958858 10461503
12109448 10545270
12102684 10545279
12085178 10461554
12112128 10545297
3901378 10461556
12110466 10545328
12099028 10545329
12077605 10545342
3957404 10545418
12095098 10545419
12079142 10545492
8309568 10545520
12109154 10461587
3583478 10545529
10519283 9991406
12100233 10545578
12109420 10545595
12080039 10545608
12084247 10545614
3089282 10545624
12080061 10545632
13870617 10545641
12094598 10545659
27609942 10545663
12114465 10545685
12078906 10545701
12110363 10545702
12079224 10545721
12116507 10545817
12105083 10545825
12102075 10545894
6527548 10545897
10520767 10545953
19010504 10545954
12086492 10546014
3889948 10546026
12110957 10546046
12112963 10546070
12080870 10546074
12086492 10546115
10510879 10546168
12094423 10546238
12088591 10546311
12082325 10546354
12081069 10546371
3960900 9587712
12105025 10546438
12098490 10546439
12086841 10546479
3925566 10546576
12107496 10546663
12113956 10546664
3906766 10546677
12113967 9993545
12110405 10546702
12086108 10546704
12101486 9993547
12079092 10546900
12114084 10546917
12104780 10546918
12092218 9588003
12092078 10546933
3924309 10052894
3078024 10546954
12103794 10546962
12109529 10546965
12114289 10546987
12114370 10547030
2628152 10547041
12094943 10547210
12103721 10547211
10506767 10547215
12079009 10547216
3963861 10547221
12090604 10547246
12086466 10547261
12112254 10547266
12109184 10547273
12116360 10547302
12097328 10547356
12086936 10547364
2733470 10547365
4243714 10547366
12111122 10547367
2750340 10547370
12100867 10547395
10516501 10547451
12104673 10547472
12104022 10547495
12076157 10547500
12076287 10547516
2636820 10547524
12079126 10547543
12107532 10547555
12084952 10547595
16844374 10547604
12109138 10547607
3908689 10547637
12109541 10547662
12092587 10547674
12083361 10547685
12099999 10461921
12104531 10547692
12086907 10547708
16832534 10547737
12106026 10547747
12111969 10547751
12099045 10547755
2738350 10547756
12082876 10547764
12101728 10547786
12088798 10547792
12109164 10547796
12114336 10547799
12114301 10547800
12109559 10547802
12110751 10547831
12100814 10547855
12089675 10547873
12109503 10547878
12101986 10054498
12083560 10547928
12092617 10547970
2741709 10548000
12082399 10548020
2741387 10548021
12091306 10548034
12090944 10548035
12097727 10548039
12109349 10548041
12105837 10462027
12086570 10548071
12102506 10548094
12086016 10548144
12089825 10548173
3536079 10057038
12102977 10548260
12079009 10548286
12082469 10548340
12083437 10548341
12114353 10548343
12083901 10548364
8309568 10548372
12112927 10548378
12108534 10548393
12090456 10548432
3524642 10548435
12114205 9995979
12112480 10548451
12089187 10548452
12102576 10548453
12109822 10548454
12101459 9589205
12104001 10548458
3954423 10548459
12099205 9589210
12078874 10548460
3080905 10548462
12076168 10548464
12113951 9996029
3956724 10548476
3091300 10548478
12107620 10548486
12106126 10548489
12097360 10548491
2697554 10548492
2740210 10548502
12100873 9996238
12107481 10548524
12103924 10548528
12094120 10548538
12088305 10548541
12080193 10548544
3974371 10548546
12114075 10548547
12109313 10548550
2750325 10548555
12116661 10548556
12114042 10548564
12100091 10548568
12082984 10548571
12103665 10548576
12105901 10548580
1817325 10548589
12104108 9996278
12093293 9996290
12102767 9996299
12096264 10548668
12080021 10548690
12091978 10548695
1765496 10548702
3121890 10548703
12085011 9996366
8309552 10548733
3899274 10548738
12112182 10548745
12114072 9996414
12114328 10548785
10516493 9996416
12090445 9996418
12109470 9996426
2743707 9996436
12093888 10548796
12076592 10548799
12097129 10548807
12093191 12247741
12093399 10548827
12109426 10548828
12097306 10548836
12113750 10548837
12115132 10548840
12087167 10548842
12104128 10548845
27594065 10548847
12093433 10548853
12103874 10548854
2737679 10548870
12092422 9996473
12076324 9996475
3967939 9589721
12092613 9996482
12079121 10462154
12085170 9589745
12101353 10548902
12114267 10548903
12109323 10548907
1421063 10548912
3337239 10548913
12103789 10548946
12109120 9996660
12109160 10591598
12092411 10548968
12094988 10548981
12076804 10548988
12104459 10549024
2679015 10549032
12076683 10549053
12109217 10549067
12101759 10549072
12076871 10549073
10510878 9996872
12078823 10549115
12083973 10549153
12109504 9997002
3928616 10549187
3912183 10549196
3337239 10462216
12095741 10549199
12103603 10858347
12076297 10549200
3918900 10549201
12098164 10549202
3942015 10858348
12111751 10549209
12089330 9997065
27269270 10549226
12112179 10462238
12108062 9997138
13895346 10549323
12088198 10549324
12112670 9590471
12112603 10549404
12095909 10549407
12114298 10549421
12114320 10549425
12078945 9997614
12101527 10549426
12113838 10549432
19018428 10549438
12086637 10549439
12085751 9997730
12093953 10549466
12109689 10549484
12104576 10549485
12103496 10858356
12109585 10549486
12078768 10549488
3927857 10549504
12109232 10549514
12092598 10549518
12101848 10549533
12114212 10112437
12112924 10549534
12109366 9997852
12116691 10549551
3985137 10549556
12093238 10549568
12111938 10549580
12078880 10549617
12095812 10549618
12088788 10549619
3889266 10549620
12076805 10549624
12080285 9590732
12103225 9997898
12100887 10549640
12093854 10549653
12093128 9997959
12103816 9997961
12100280 9997963
12082295 10549654
12109041 9590825
12090615 10549661
