3398229 10590231
18151153 10532617
11897186 10532679
39861340 10532706
26071272 10532709
26048636 9571183
26010750 10532714
17366922 10532715
1809864 10532716
29017358 10848654
1962728 10532752
2544364 10532779
39861341 9571428
39861342 9964398
12149160 10533020
17213277 9964402
39861343 9964404
21273584 10533026
33368334 10533029
11903444 10533089
11903723 10533121
26009685 10533130
15840956 10533155
1948315 10020699
39861344 10533186
39861345 10020909
26048694 10020916
26010334 10533208
25988523 10533219
34557848 10533262
4909772 10533311
16437172 10533350
1953272 10021510
33448998 10533373
29190408 10533456
2583890 9571860
3273426 9964652
33386344 9964664
25988433 10533625
35748522 10533720
39861346 10533725
39861347 9964883
39861348 10533800
26010082 10533867
39861349 10534050
29194108 10534091
26045530 10534105
39861350 10534108
39279697 10534146
11917789 10534174
13615598 9965495
13046269 9965497
13419499 9965501
919985 10534202
39861351 10534216
11898626 10534241
26047979 10534346
39861352 10534427
39861353 10534447
39861354 9965845
39861355 10535076
39861356 10535116
25989161 9966114
2542684 10535332
5016260 10535353
3162096 10535499
21410024 10850241
3271749 10535547
39861357 10535561
2723307 10535625
39861358 10850242
12013598 10535664
39861359 10535686
1640062 12183892
18257467 9574871
36107072 10535735
11851338 10535832
39279698 10535843
39861360 10536045
12462320 10536057
39861361 10536073
14593075 10536126
39861362 9966545
39861363 10536205
1195437 9966619
25988658 10536446
29261491 9966814
26009257 10536598
39861364 10536639
29230805 10536744
39861365 10536814
3967423 9967045
4138599 10536857
14466707 10458095
29194070 10537388
29200001 10537440
17359093 10537681
4001483 10537711
33502246 10537834
11927523 10537843
26047889 10537886
14597651 10538078
29194101 10538099
39861366 10538105
26010044 10538295
39861367 10538341
26045330 10538615
25989102 10538685
26047965 10538768
29192552 10538803
39861368 10538832
39861369 10538833
39861370 10850427
13614621 10538922
26010138 10538941
39861371 9968518
26048257 10539143
14925772 10539203
39861372 10539213
16437868 10539397
14925922 10539573
14925893 10850483
14925887 10539575
14925914 10539577
14925889 10539578
14925877 10539580
14925875 10539582
14925920 10850484
14925936 10539584
14925865 10539586
14925902 10539588
14925956 10539590
14925960 10539591
14925906 10539593
14925891 10539595
14925934 13660018
11913736 10539596
14925904 10539597
14925908 10539599
14925918 10539601
14925924 10539602
14925873 10539603
14925912 10539604
14925946 10539606
14925928 10539612
39861373 10539613
14925881 10539615
14925958 10850485
14925879 10539616
14925950 10539617
14925954 10539619
14925948 10539621
14925944 10539622
14925952 10539623
14925942 10539624
14925869 10032955
11913759 10539626
14925871 10539627
14925938 10539629
14925940 10539630
14925910 10539631
14925899 10539632
14925897 10539633
14925895 10539635
14925867 10850486
14925883 10539636
14925930 10539637
14925926 10539639
14925885 10032956
14925932 10539642
39861374 10539643
26010441 10539651
26010519 9969245
26010525 10539796
4151185 9969320
39861375 10539921
14604707 10540116
26010872 10540137
26048652 10540153
26047782 10540354
26048609 10540377
39861376 10540431
39861377 10540492
26048665 10540500
21364026 10540572
4912890 10540587
39861378 10540752
39861379 10033000
34558781 9970605
39861380 10540942
29168026 10540984
39861381 15403840
26047303 10850619
11917807 10541159
26010938 10458148
39861382 10541400
39861383 10850803
39861384 10541523
36105916 10541675
34557819 17152777
39861385 10541722
39861386 9971879
39861387 10541813
39861388 10541824
4335799 20645048
39861389 10541996
35748530 14329792
3244710 10542008
2753270 20647770
14925916 13661545
15988575 12224301
39861390 10542024
2648844 12224652
2588968 9581150
13651954 19562524
18064646 19562528
29184472 17153876
15843026 9972844
39279705 10542036
15892270 22667762
11911159 22667763
1779404 14331013
39279696 10590747
39861391 10542044
33371419 10851154
39861392 10851261
25989024 10851272
14925692 14332285
14925694 10851456
39861393 9974255
1853025 10542143
983592 10542145
1950421 10542147
35748535 10542182
16004712 10542202
39861394 10542213
1832175 10542224
3221437 10542229
39279701 10542230
3175108 10542292
36039645 9977381
1689889 10542293
39861395 10542295
39861396 10542301
25988897 10542309
39861397 10542310
36039292 10542314
83150 10542330
3962759 10542348
39861398 10542350
18153251 10542358
2599226 10542360
39861399 10542361
39861400 10542362
39861401 10542363
39861402 10542366
1740841 10542367
1690019 10542368
1704720 10542369
39861403 10542371
14592207 9979197
2728353 10542372
39279700 10542373
5017290 10542374
15950542 10542375
39861404 10037720
3237465 10542376
39279694 10542377
36039825 10542378
39861405 10542379
39861406 10542380
39861407 10542395
26009628 10542446
11904066 10542451
3256671 10542459
39861408 10542480
26010975 9981123
39861409 10542520
39861410 13617736
16438075 10542528
39861411 10542539
36039838 10542550
39279695 10037794
39279702 10542586
35748531 10542603
14925452 14372056
14925446 12423949
14925450 12423950
14925448 12423951
33376461 14372324
1856375 10542644
15329515 14372978
13291370 12424382
15808736 13664351
13607760 12521150
13575195 12424423
13188296 12424426
13375695 9583202
15838232 12819844
13246188 12424437
13138084 12424438
15804985 14343553
15804986 12424443
13045872 14343560
13609152 14343565
13609069 12424452
13358358 12424453
15839584 12424454
1747963 14524253
13359102 15413439
13224853 15413443
13221062 12819898
13221703 12424458
13212231 14343587
13231498 12424468
13126193 12424492
13037183 12184171
13126275 14343618
21280928 12424495
13396444 12424501
13391502 15413556
13338866 12424535
12980622 13664413
13321408 14373420
13592286 14343651
13591261 14373455
13325948 14704407
15838172 15413731
15838173 10037850
15838174 12424570
13190868 14343671
15840590 13818618
13589793 12424582
14941972 12424585
15850355 12819947
13574211 12424593
13244243 12424602
13351514 9583402
13608986 12424604
13529999 12424605
13309203 14373613
13309341 12184179
13592264 12424612
13592262 12424616
13529253 14373635
13529210 16206083
13366266 9583422
15809742 12424625
13045978 12424639
15842429 12424649
13414655 12424655
13481328 12424664
13208411 9583469
13409985 13818623
13376165 14343728
13058656 12521155
15333508 12521156
13347744 12424670
13585831 12521157
13528627 12521161
12161694 9583480
15850351 10037864
13609792 14343732
15851355 12424673
13604356 14343737
13571900 14343739
13594961 14343741
13609073 14343747
15854182 14343748
15854172 14343750
13593777 14343752
13594102 12424686
13199262 12424688
13199434 12424690
13199152 12424691
13606952 12424692
13218303 16206132
15855112 12424694
13476004 9583526
13594807 10037870
12980878 12424702
13321972 12424703
15841235 12424715
15841236 12424716
15841296 12184202
15841237 16417162
15841238 14343766
15841239 9583546
15841240 12424717
15841241 10037872
15841242 12184203
15841243 12424718
15841244 12424719
15841245 14704476
15841246 14373943
15841247 12424720
15841248 12424721
15841234 12424722
15841249 9583549
15841250 12424723
15841251 12424724
15841252 12424725
15841253 12424726
15841254 12424727
15841255 11812178
15841256 13818625
15841257 13818626
15841258 11812179
15841259 13818627
15841260 12424728
15841261 12184204
15841262 16176689
13064086 13818628
15841263 12424729
15841264 12424730
15841265 13664528
15841266 12424731
15841267 14373950
15841268 12424734
15841269 12424735
13066771 12424736
15841270 14373951
15841271 13818629
15841272 12424737
13323466 13818630
15841273 14343772
15841274 9583577
15841275 12424738
15841276 12424739
15841277 12424740
15841278 13818631
15841279 12424741
15841280 12424742
13229245 10037873
15841281 12424743
15841282 15861968
15841283 16176694
15841284 13664532
15841285 12424744
15841286 12424745
15841288 12424746
15841289 9583590
15841290 15861969
13045337 13818632
15841291 13617971
15841292 13664536
15841293 13617972
15841294 13617973
15841295 12819979
15841297 12819981
15841298 12424747
15841299 13617974
13064334 16176700
15841300 13664538
15841301 12424748
29174545 10542802
15839541 9583660
13155759 13818667
14941868 12424806
13295959 16417184
13329457 12424815
13263334 14373972
13218706 12424822
15854146 16417190
15854147 12424832
13044785 13818686
15854149 16417191
15854148 14704528
13460517 9583706
15808854 13818687
15808855 13818688
15808856 12424834
15808857 16061667
15808858 14343803
15808859 14343804
15808860 16061672
15808862 14343805
15808863 9983271
13410302 13818694
13607937 16417192
13095448 13818695
13223049 12424845
13460515 13818698
13228603 14373986
13587800 9583737
13374214 16206206
13140270 12424855
13097565 16417200
15840562 13818711
25988424 10852005
15840812 12184233
13388324 12424873
13606406 12424909
13325001 12424911
14942209 9583807
14942011 16062385
14942201 13818740
14942015 12184246
14942023 13818741
14942019 13818742
14942027 12424942
14942205 12424943
14942183 13818743
14942084 9583810
14942207 12424944
14942013 12424945
14942179 9583814
14942185 12424948
14942211 12424949
14942021 12424950
14942025 13818744
14942017 14374011
14942086 13818746
14942213 13818747
12929228 14343847
13348328 9583830
13549788 10037881
14942147 9983292
14942149 13818758
14942145 12424970
14942151 12424971
9529453 14374016
14942153 13818760
14942155 13818761
14942157 14374017
14942159 9983298
14942161 12424973
14942114 16062939
14942217 13818795
14942187 12425007
14942177 12425008
14942070 12425009
14942137 12425010
14942191 16063017
14942133 14343868
14942193 12425011
14942197 13818798
14942039 12425018
14942055 9983304
14942035 9983306
14942049 12820028
14942126 9583903
14942037 16063104
14942043 12425020
14942045 12425021
14942047 12820034
14942057 12425022
14942053 12820037
14942051 12820039
12973433 14343877
12018698 14343880
13283747 14343881
13604870 12425025
13258414 12425027
15838104 16063226
13039298 16063230
13603781 16063237
15838071 12425031
12973213 12425032
13306220 14374041
15855089 16206250
13607655 16417226
14941325 14979179
13585003 12820046
13162618 14343890
13307294 9983310
13003167 12184269
14941120 14374057
15855741 10037901
13605511 12425077
15855742 12425078
25988546 10542898
15828149 16417244
13607633 12425104
14941485 11812198
15855721 14374062
13281345 12425128
13608081 12184275
13284945 12521170
15844117 12425141
13249260 12425153
13274434 12521177
15853425 12521180
11911275 9983318
14941604 9584088
15828135 12521213
4686845 10542924
15980181 12425225
13074093 12521258
13289011 12425278
12888825 12425289
25989018 10542945
15855481 12184293
26009531 10542948
15844064 14343995
13608149 12425329
15828151 14344007
15850604 12521302
13604864 12425361
13595021 12425382
12955574 12425400
13315622 14344029
13315620 14374119
11904036 10542969
15810112 14374121
13148628 12425415
15810111 12425417
15843788 14374127
15843787 15789039
25988721 10542986
39861412 12425508
26009936 10542996
18046802 10037934
39861413 10037935
1802906 10543026
11907480 10543027
39861414 10543048
26010283 10543054
39861415 12425813
39861416 14344264
13608018 12425847
13004350 14344316
13368497 12425856
13010672 12425859
39861417 10543068
2730106 10543071
26010121 10543081
2583894 16177122
39861418 10543097
1952700 10590838
1841361 9584225
11877034 10543119
29192022 10543124
3143270 10543134
14925727 14344446
4872859 10543155
11916744 10543158
4139470 10543159
26010679 10543160
17397366 10543166
3143532 10543167
29193786 10543168
26010805 10543170
25989000 10543180
39861419 10543181
1764771 10543185
24431556 10543186
11917171 10543196
13211705 16417623
11878059 10543207
15809917 9584282
3481700 10543231
1961964 10543249
14925411 10543292
35748526 10543319
35748523 10041676
35748533 10543320
35748529 10543321
15844150 10852720
35748527 10543323
13556017 16417869
35748532 10543326
13156761 12820351
13370879 16417878
5013157 14344950
13791791 10543339
14941452 10852822
14941439 10852823
14941454 10852824
14941458 16417892
15809818 10852825
13216664 10852826
15809824 9584389
13595047 14344979
13441822 10852834
13086980 16206754
15323705 10543342
13471374 10852858
13226147 9983853
15840827 10852862
12902870 10852868
12996156 10852871
15840828 10852875
14941570 13618211
14941580 14706315
15810074 10852936
26009402 10543360
14941297 10852946
14941093 9584401
13011946 9584406
13604184 14345009
13603651 14345010
13495482 10852985
15843700 10852987
15843704 10852993
15843699 14345022
12944099 10853047
13398301 14345039
14941576 16417938
14941512 10853069
14941906 10853070
14941514 9584422
14941547 10853071
14941516 10853072
14941510 10853073
14941411 10041688
15840504 9984085
13032238 9984101
13212688 9984107
15840602 10853097
12993690 9584425
13253092 14345065
13484562 9584426
18151372 9584427
15840615 16417941
13133814 10041689
13094983 9584429
14941572 16206785
26048262 10543383
15828139 13818825
36105276 14374564
13595162 16206792
14941935 14374571
14941937 14345087
14941702 10853160
14941931 10853161
14941943 10853162
14941929 10853163
14941945 10853164
14941927 10853165
14941941 14345089
13439320 10853168
15859810 12426047
13357185 14345105
26045206 10543401
13297367 10853199
15840957 10543404
15828150 9584452
14941102 10853293
14941494 10853307
15850415 10853308
13326987 10853310
15850416 10853311
15850417 15789291
15850418 10853313
13610192 9584464
15850419 10853315
13326610 9584465
13327095 10853316
15850420 10853317
15850421 16418017
15850422 10041703
15329522 10853319
15850423 10853320
15850424 9584468
15850425 10853321
15850426 9584469
15850427 9584470
15850428 10853322
15850429 10853323
15850430 10853325
15850431 14345171
15850432 9584471
15850433 10853327
15850434 10853331
15332645 10853340
13561908 10853341
13512984 10853374
14941809 10853384
14941215 10853392
15852343 10853431
13452460 14345235
14941859 10853476
14941892 10853480
14941698 12184324
14941319 10853510
14941334 10853511
13143604 10853535
36105945 10853545
15853541 10853549
21356961 10543456
13605469 13664897
13310227 10853577
13310107 10853578
14941554 10853581
15828144 14524469
13610188 10853628
79516 10543466
12957271 10853673
14941367 13618258
14942251 10853687
15828141 13618260
1689730 10543478
13380397 14524478
2724372 10543485
2722398 10543488
36039302 10461025
954475 10543507
15931153 14345377
39861420 10543562
39861421 10543590
1813622 9984292
21289692 10543591
26047749 10543596
26009776 10543635
26047884 10543657
39861422 10543687
39861423 10543689
39861424 9584708
39861425 10543705
3180154 10543711
11904307 10543716
3518019 10543737
14944495 9584748
3765130 10543738
39861426 10543756
36168671 10855483
26048269 10543781
39861427 10543852
26030888 10855877
39279707 10543864
14942303 14345765
13062222 14345793
2596300 10543902
11865043 10543903
2585657 10543920
39861428 10543967
2685133 10543985
15916876 10544004
18152068 9585037
13010672 13618765
26009291 10544096
29068697 10544122
39861429 10544130
39861430 9985637
33391455 10544158
39861431 10544202
18034553 10544206
15992806 10544238
39861432 10544326
36039836 10544327
4139298 10544339
2613339 9585533
1683736 10045204
39861433 10544425
39861434 10544439
19470220 10544455
29193846 10544469
2599079 10544493
1721962 9987763
33395933 10544531
16437783 10544550
33516990 12188741
25988762 10591035
3231514 10591047
5018549 10858195
36169270 9988460
34557879 10591085
16437874 10544601
33362682 10858213
39861435 13620338
1185707 9988591
39861436 10858231
33550575 10544610
26010732 10461246
39861437 10591154
12633548 12184632
13652095 10858275
12659828 10858276
12657057 10858277
12671361 12184633
13630679 10858279
1640678 10858281
13651899 12521395
8424238 9989384
15817949 10544754
39861438 10544762
18152227 10544813
1940747 10544870
39861439 10544894
39861440 10048255
39861441 10544938
39861442 10544949
11913916 10545017
14925456 9586555
11916791 10545104
26045356 10545167
15998105 10461503
1965496 14528782
14553321 16422819
21367362 14390572
1942389 14528812
26010972 10545303
29218010 10545311
39861443 10545321
39861444 10858304
39861445 10545345
39279699 9586837
39861446 10545397
18070644 14529171
39861447 10048403
39861448 9586895
21277791 14529201
2729597 14529216
39861449 14529223
34558783 10545522
2723902 14350457
15842467 9991366
39861450 14393131
34557989 14393627
3077238 13623975
1776662 10858307
2646730 14394901
39861451 12244022
39861452 12244024
39861453 12244025
39861454 19690490
39861455 14530398
39861456 14530399
39861457 12244027
39861458 12244029
39861459 13624233
39861460 14351905
39861461 10050969
39861462 12244031
39861463 14351907
39861464 14351909
39861465 12244032
39861466 9587357
39861467 12427421
39861468 14530400
39861469 14351912
39861470 14351913
39861471 14351915
39861472 12244034
2730472 14351917
39861473 16182038
39861474 12244036
39861475 10051014
39861476 14351920
39861477 14351921
39861478 12244039
39861479 9587360
39861480 14530401
39861481 9992046
39861482 12244043
39861483 12244045
39861484 9992048
39861485 9992050
39861486 9992052
2592369 9992076
2730929 10051458
36039329 14395175
14925454 9992156
2729186 12244646
39861487 10461701
29004785 9992412
26010885 9992416
33529644 10546088
3170480 10546217
39861488 14531311
15927674 14531312
2676749 16424968
11905162 9992742
39861489 10546277
2595294 16425201
868654 9992892
16004852 12245686
15850326 9993128
12151637 14531904
11918716 10546607
3143425 10546714
39279703 10546738
39861490 10546758
39861491 10051812
26048147 10051813
26045447 10546838
39861492 10546911
39861493 10546944
25988399 10546949
39861494 10546950
26047791 10546951
39861495 10546953
11912788 10546955
34558944 10546956
5040419 10546957
29196542 10546959
17024719 10546961
21334896 10547285
39861496 10547377
11876226 10547412
39861497 10547420
39861498 10547544
3273021 10547582
26010593 10054479
39861499 10461954
3028033 10547890
3243039 10547983
18151153 10548008
21322720 10548042
39861500 10548047
39861501 10548268
26047300 10548279
39861502 10548370
39861503 10548373
2542669 10548523
17222293 10548754
13784105 10548790
21410831 10057067
39861504 10549017
20569125 10549068
945178 9996854
15933319 10549088
990433 10549144
1960705 10549187
39861505 9997049
39279704 10462223
3363506 10549232
39279706 10462234
39861506 10462238
974170 10462284
3924152 10549305
14846419 10549309
2721207 10549315
1827916 10549346
39861507 10549378
36039293 9590456
39861508 9590738
26047515 10549640
