20071210 10016365
856666 13215374
30852255 13215376
31171108 13215378
30555114 13215380
30929608 13215382
30553003 13215388
39871066 13215394
39871067 13215396
39871068 13215398
39871069 13215400
39871070 13215404
39871071 13215406
39871072 13215408
39871073 13215410
39871074 13215412
39871075 13215414
39871076 13215416
39871077 13215418
39871078 13215420
39871079 13215422
30682804 13215430
39871080 13215432
30555111 13215434
32034162 13215440
32200047 13215444
32200049 13215448
32200045 13215450
30558207 13215456
39871081 13215458
39871082 13215460
39871083 13215462
39871084 13215464
39871085 13215466
39871086 13215468
30560693 13215470
39871087 13215476
39871088 13215478
39871089 13215480
39871090 13215482
39871091 13215484
39871092 13215486
39871093 13215488
39871094 13215490
39871095 13215492
30562474 13215494
39871096 13215496
39871097 13215498
39871098 13215500
39871099 13215502
39871100 13215504
39871101 13215506
39871102 13215508
39871103 13215510
39871104 13215512
30686151 13215514
39871105 9573057
30573003 13215517
39871106 13215521
39871107 13215523
30686882 13215525
39871108 13215527
30576232 13215531
39871109 13215533
39871110 13215535
39871111 13215537
39871112 13215539
39871113 13215541
39871114 13215543
39871115 13215545
32067460 13215547
39871116 13215551
39871117 13215553
30691456 13215557
39871118 13215559
30566766 13215561
39871119 13215565
39871120 13215569
39871121 13215571
39871122 13215573
39871123 13215575
39871124 13215577
39871125 13215579
39871126 13215581
39871127 13215583
39871128 13215585
39871129 13215589
39871130 13215593
39871131 13215595
39871132 13215597
30558873 13215599
39871133 13215601
39871134 13215603
39871135 13215605
28779564 13215609
39871136 13215615
39871137 13215617
39871138 13215619
39871139 13215621
39871140 13215623
39871141 13215625
39871142 13215635
39871143 13215637
30559917 13215641
39871144 13215645
39871145 13215647
39871146 9573058
39871147 13215650
39871148 13215652
39871149 13215654
39871150 13215656
30559945 13215662
30559943 13215667
32081434 13215669
32081438 13215671
32081439 13215675
30576799 13215677
39871151 13215679
32081437 9573060
39871152 13215684
30576279 13215686
30566618 13215692
39871153 13215694
39871154 13215698
30566987 13215700
39871155 9573061
39871156 13215703
39871157 13215705
39871158 9573062
39871159 13215708
39871160 13215710
39871161 13215712
30559947 13215714
39871162 13215716
39871163 13215718
39871164 13215720
39871165 13215722
39871166 13215724
39871167 13215726
39871168 13215728
39871169 13215730
39871170 13215732
39871171 13215734
39871172 13215736
39871173 13215738
39871174 13215740
32074458 13215742
30560679 13215744
32736085 9573063
39871175 13215747
39871176 13215749
39871177 13215751
39871178 13215753
30576281 13215755
39871179 13215757
32736087 13215761
32052298 13215763
39871180 13215767
39871181 13215769
32729992 13215771
39871182 13215773
32736089 13215777
32729486 9573065
39871183 13215780
32729448 13215784
39871184 13215786
39871185 9573066
39871186 13215789
32729449 13215791
32729451 13215793
32729452 13215799
39871187 13215801
39871188 13215803
39871189 13215805
39871190 13215807
30569951 13215811
32710439 13215813
39871191 13215815
39871192 13215817
39871193 13215819
30574161 9573068
39871194 13215822
39871195 13215824
39871196 13215826
30576873 13215828
20041779 9573069
39871197 13215831
39871198 13215833
27147349 13215835
16438728 13215837
20030666 13215849
32066612 13215851
32195230 13215855
30555564 13215857
32195239 13215859
32195232 13215861
32195233 13215863
32195235 13215865
32063689 9573070
32195238 13215868
32195236 13215870
32064634 13215872
30558890 13215874
39871199 9573071
39871200 13215877
30560071 13215879
39871201 13215883
39871202 13215885
39871203 13215889
39871204 13215891
39871205 13215893
39871206 13215895
31234570 13215897
39871207 13215899
39871208 13215901
32195259 13215903
32195249 13215907
32195241 13215909
32052014 13215911
31956544 13215915
32195263 13215919
32195246 13215923
32195243 13215925
32195247 13215927
32195251 13215929
32195253 13215931
32195255 13215933
32195257 13215935
32195261 13215937
30571127 13215939
32195265 13215941
32195267 13215943
32100157 13215945
32195270 13215947
32195272 13215949
32195274 13215951
32195275 13215955
32195268 13215959
30574836 13215961
32195276 13215963
32195278 13215965
32195282 13215967
32195283 13215969
32195285 13215971
32195287 9573072
20020302 13215974
32195280 13215976
30687937 13215978
39871209 13215980
30582446 13215982
39871210 13215984
39871211 13215988
30682954 13215990
32195213 13215992
32195218 13215994
32195215 13215996
32195216 13215998
32195219 13216000
32195221 13216002
32195222 13216004
32195224 13216006
32195227 13216008
32195229 13216010
32200008 13216012
32200004 13216014
32200007 13216016
32200006 13216018
39871212 13216020
30686903 13216022
39871213 13216024
30685848 13216026
32729944 13216030
39871214 13216034
30572062 13216038
30577551 13216040
39871215 13216042
39871216 13216044
39871217 13216048
39871218 13216050
39871219 13216052
39871220 13216054
39871221 13216056
39871222 13216058
39871223 13216060
39871224 13216062
39871225 13216064
39871226 13216066
39871227 13216068
39871228 13216070
39871229 13216072
39871230 13216074
32029050 13216076
39871231 13216078
39871232 9573073
39871233 13216089
39871234 13216091
39871235 13216093
39871236 13216095
39871237 13216097
32729946 13216099
39871238 13216101
39871239 13216103
39871240 13216105
39871241 13216107
39871242 13216109
32044334 13216111
39871243 13216113
39871244 13216115
39871245 13216117
32729948 13216119
39871246 13216121
39871247 13216123
39871248 13216125
39871249 13216127
32014000 13216129
39871250 13216131
30576870 13216133
39871251 13216135
32074463 13216137
39871252 13216139
39871253 13216141
39871254 13216143
39871255 13216145
39871256 13216147
39871257 13216149
39871258 13216151
30691370 13216153
32120602 13216155
30686611 13216161
39871259 13216163
39871260 13216167
39871261 13216169
39871262 13216171
39871263 13216173
39871264 13216177
39871265 13216179
39871266 13216181
30553600 13216183
39871267 13216185
39871268 13216187
39871269 13216189
30682785 13216191
32200067 13216193
30682807 13216195
32200063 13216197
30556753 13216199
39871270 13216201
39871271 13216203
39871272 13216205
39871273 13216207
39871274 13216209
39871275 13216211
39871276 13216213
39871277 13216215
39871278 13216217
30684964 13216219
39871279 13216221
30562215 13216223
39871280 13216225
39871281 13216227
39871282 13216229
39871283 13216231
30565259 13216233
39871284 13216235
39871285 13216237
39871286 13216239
39871287 13216241
30807814 13216245
39871288 13216247
39871289 13216251
39871290 13216253
39871291 13216257
39871292 13216259
39871293 13216263
39871294 13216265
39871295 13216267
30574104 13216269
32017900 13216271
39871296 13216273
39871297 13216275
32729952 13216277
32729954 9573074
32074355 13216286
39871298 13216290
39871299 13216292
39871300 13216294
39871301 13216296
30574250 13216298
39871302 13216300
39871303 13216302
39871304 13216304
39871305 13216306
39871306 13216308
39871307 13216310
39871308 13216312
39871309 13216314
39871310 13216316
39871311 13216320
39871312 13216322
39871313 13216324
30580053 13216326
39871314 13216328
39871315 13216332
39871316 13216334
39871317 13216336
39871318 13216340
32729962 13216342
32073019 13216348
30691336 13216350
39871319 13216352
39871320 13216354
30682810 13216356
32200062 13216357
39871321 13216359
30558491 13216361
32729950 13216363
39871322 13216367
39871323 13216369
39871324 13216371
39871325 13216373
30553536 13216375
39871326 13216377
39871327 13216381
30565049 13216383
39871328 13216387
39871329 13216389
39871330 13216391
32710440 13216393
39871331 13216395
39871332 13216397
30565696 13216399
39871333 13216401
16666614 13216405
39871334 13216407
32074069 13216409
30686084 13216413
39871335 13216415
30567872 13216417
39871336 13216421
30716552 13216423
32710442 13216431
39871337 13216433
32021248 13216435
39871338 13216439
30577080 9573076
39871339 13216442
32711101 13216444
32729964 13216446
39871340 13216450
30689185 13216452
30576665 13216454
39871341 13216456
39871342 13216458
32063420 13216460
20443875 13216464
39871343 13216466
30691344 13216468
39871344 13216470
32039475 13216472
30553036 13216474
30807950 13216476
39871345 13216478
39871346 13216480
39871347 13216482
39871348 13216484
39871349 13216486
39871350 13216488
39871351 13216490
39871352 13216492
39871353 13216494
30570847 13216496
39871354 13216498
39871355 9573077
39871356 13216501
30686849 13216503
39871357 13216505
30559366 13216507
39871358 13216509
39871359 13216511
39871360 13216513
39871361 9573078
39871362 13216516
32115907 9573079
32200109 13216521
32039445 13216523
39871363 13216525
31247622 13216527
39871364 13216529
39871365 13216531
39871366 13216533
39871367 13216535
30583242 13216537
39871368 13216541
39871369 13216545
39871370 13216547
39871371 13216549
30563972 13216551
39871372 13216553
39871373 13216555
39871374 13216557
39871375 13216559
30691450 13216561
39871376 13216563
30686923 13216565
39871377 13216567
39871378 13216569
39871379 13216571
39871380 13216573
39871381 13216575
39871382 13216577
39871383 13216579
39871384 13216581
39871385 13216583
30690510 13216586
39871386 13216588
30686964 13216592
32729981 13216594
30686799 13216596
32729976 13216598
30566175 13216600
32729966 13216602
39871387 13216604
39871388 13216606
39871389 13216608
39871390 13216610
32729967 13216612
39871391 9573080
39871392 13216615
39871393 13216617
39871394 13216619
39871395 13216621
39871396 13216623
39871397 13216625
32729969 13216627
32729972 13216629
39871398 13216631
32729973 13216633
32736091 13216639
39871399 13216641
39871400 13216643
39871401 9573081
39871402 13216646
39871403 13216648
39871404 13216650
39871405 13216652
30575618 13216654
39871406 9573082
39871407 34756791
39871408 13216657
39871409 13216659
39871410 13216661
39871411 13216663
39871412 13216665
39871413 13216667
39871414 13216669
39871415 13216671
30574796 13216673
39871416 13216674
39871417 9573083
39871418 13216677
39871419 13216679
39871420 39871421
20443180 13216681
32729978 13216683
30570513 9573084
32123279 13216690
32199569 13216692
32097385 13216694
39871422 13216698
39871423 13216700
39871424 13216704
39871425 13216706
32736093 13216708
32079331 13216710
32124922 13216712
32729975 13216714
39871426 13216716
32729974 13216718
30576246 13216722
39871427 13216726
39871428 13216730
32736095 13216734
39871429 13216736
32729985 13216740
32729987 13216742
39871430 13216744
39871431 13216746
39871432 13216754
32729983 13216756
39871433 13216758
39871434 13216760
32729989 13216764
39871435 13216766
20637748 13216768
39871436 13216772
30565112 13216774
39871437 13216784
39871438 13216786
39871439 13216788
39871440 13216790
39871441 13216792
39871442 13216794
39871443 9573085
39871444 13216797
39871445 13216799
39871446 13216801
39871447 13216803
39871448 13216805
39871449 13216807
32173075 13216809
39871450 13216811
32173073 13216813
39871451 13216828
39871452 9573087
39871453 13216831
39871454 13216833
30691442 13216835
39871455 13216837
30570799 13216845
39871456 13216847
39871457 13216849
30690895 13216851
32067187 13216853
30690924 13216863
39871458 13216865
32200077 13216867
32200075 13216869
32200074 9573089
20013723 13216876
20046250 13216880
32053191 13216882
30573940 13216884
39871459 13216888
39871460 13216890
30583274 13216892
39871461 13216894
39871462 13216896
39871463 13216898
30557323 13216902
39871464 13216904
39871465 9573090
39871466 13216907
39871467 13216909
39871468 13216911
39871469 13216913
32729178 13216917
39871470 13216922
39871471 13216924
39871472 9573092
39871473 13216927
39871474 13216929
39871475 13216931
39871476 9573093
39871477 13216934
39871478 13216936
39871479 13216938
39871480 13216940
39871481 9573094
39871482 13216945
39871483 9573095
30577231 13216950
39871484 13216952
39871485 13216956
39871486 13216958
39871487 13216960
39871488 13216962
39871489 9573096
39871490 13216965
39871491 13216967
39871492 13216977
39871493 13216979
39871494 13216981
39871495 13216983
32728923 13216985
39871496 13216987
39871497 13216989
39871498 13216991
39871499 13216995
39871500 13216997
39871501 13216999
39871502 13217003
39871503 13217005
39871504 13217007
39871505 13217009
32067135 13217011
32067134 13217013
39871506 13217015
30555621 13217017
20637747 13217019
20516171 13217025
20686338 13217027
20686340 13217045
7488870 13217053
39871507 13217077
20686342 13217079
20686344 13217081
20686346 13217083
39871508 13217085
20686347 9573098
39871509 13217094
39871510 13217096
39871511 13217098
30575025 13217102
19995094 13217104
32035539 13217112
39871512 13217114
30569294 13217120
32115860 13217122
39871513 13217130
31281479 13217135
39871514 13217137
39871515 13217139
39871516 9573100
39871517 13217144
39871518 13217146
39871519 13217148
30573047 13217160
39871520 13217162
39871521 13217168
30686925 13217170
39871522 13217172
30555953 13217175
39871523 13217177
39871524 13217179
30686786 13217185
39871525 13217187
30583307 13217189
39871526 13217191
39871527 13217193
39871528 13217195
39871529 13217197
39871530 13217199
39871531 13217201
39871532 13217203
39871533 13217205
39871534 13217207
32169267 13217211
30691445 13217213
32169275 13217216
30691398 13217218
39871535 13217220
30558482 13217224
39871536 13217226
39871537 13217228
39871538 13217230
30576710 13217232
39871539 13217234
39871540 13217235
39871541 13217237
30686886 13217239
39871542 13217241
30568169 13217245
39871543 13217247
39871544 9573104
30687904 13217250
39871545 13217252
30691412 13217254
39871546 13217256
30691393 13217260
39871547 13217262
31234562 13217264
39871548 13217266
30682787 13217270
32200065 13217272
30574369 13217276
39871549 13217278
32048468 13217280
39871550 13217282
39871551 13217284
39871552 13217286
39871553 13217288
30574061 13217290
39871554 13217292
39871555 13217294
30690806 13217296
39871556 13217298
39871557 13217300
39871558 13217306
39871559 13217308
32735684 13217310
39871560 13217312
39871561 13217314
39871562 13217316
39871563 13217318
39871564 13217320
39871565 13217322
39871566 13217324
39871567 13217326
39871568 13217328
39871569 13217330
30682733 13217336
39871570 13217338
39871571 13217342
30686927 9573106
39871572 13217345
30583228 13217347
39871573 13217349
39871574 13217351
39871575 13217353
39871576 13217355
30682895 13217357
32200054 13217359
30684886 13217361
39871577 13217363
31147935 13217367
39871578 13217369
39871579 13217371
30934135 13217373
20015660 13217377
20034270 13217383
31265431 13217385
39871580 13217389
20029552 13217391
30718820 13217393
39871581 13217395
39871582 13217397
39871583 13217399
31279406 13217405
20039769 13217413
30768219 13217419
30686509 13217429
39871584 13217433
39871585 13217435
20442763 13217437
31236391 13217439
39871586 13217441
30917842 13217443
31266257 13217445
39871587 13217451
39871588 13217453
39871589 13217455
31266260 13217457
39871590 13217459
31286395 13217461
39871591 13217463
39871592 13217465
39871593 13217467
39871594 13217469
39871595 13217471
39871596 13217473
39871597 13217475
39871598 13217477
30627254 13217479
39871599 13217481
39871600 13217483
39871601 13217485
39871602 13217487
30691287 13217489
30880317 13217491
30581560 9573107
39871603 9573108
30581563 13217495
39871604 13217497
39871605 13217499
39871606 13217501
30685738 13217503
39871607 13217505
39871608 13217509
30562170 13217511
39871609 13217513
30562172 13217515
39871610 13217517
30685746 9573109
39871611 13217522
30739266 13217524
30698297 13217526
39871612 9573110
30671524 13217531
30649781 13217535
30685855 13217537
39871613 13217539
30687939 13217541
39871614 13217543
30579755 13217545
39871615 13217547
39871616 13217549
39871617 13217551
30581183 13217553
39871618 13217555
39871619 13217557
39871620 13217559
39871621 13217561
30581371 13217563
39871622 9573111
39871623 13217566
39871624 13217568
39871625 13217570
39871626 13217572
39871627 13217574
31715241 13217576
39871628 13217580
39871629 13217582
39871630 13217584
39871631 34756792
39871632 13217586
39871633 13217588
39871634 13217590
39871635 13217592
39871636 13217594
39871637 13217596
39871638 13217598
39871639 13217600
30686521 13217602
39871640 13217604
30686370 13217608
30569672 13217610
39871641 13217614
33403735 13217616
31266977 13217618
39871642 13217620
39871643 13217622
39871644 13217624
39871645 13217626
39871646 13217628
39871647 13217630
39871648 13217632
30593384 13217634
30559994 13217640
30610474 13217642
39871649 13217644
30685313 13217646
31265429 13217648
30686817 13217650
30840310 13217652
39871650 13217658
30630340 13217662
32183648 13217664
39871651 13217666
39871652 13217672
39871653 13217674
39871654 13217676
39871655 13217678
30855045 13217680
32055156 13217682
32034125 13217694
30855047 13217700
30577240 13217704
39871656 13217708
39871657 13217710
39871658 13217712
32199322 13217720
39871659 13217726
39871660 13217728
30690887 13217730
39871661 13217732
30691433 13217734
39871662 13217736
30712311 13217738
16443424 13217740
30971846 13217742
30630071 13217744
31260760 13217746
32739510 13217748
32754260 13217750
39871663 13217752
39871664 13217760
39871665 13217762
30558173 13217764
30570660 9573113
39871666 13217767
39871667 13217769
28780631 13217771
28780632 9573114
16662491 13217774
39871668 13217778
30670001 13217780
39871669 13217782
39871670 13217784
39871671 13217786
32198845 13217788
32034140 13217790
39871672 13217794
30575332 13217796
39871673 9573115
39871674 13217799
39871675 13217801
39871676 13217821
30849716 13217823
39871677 13217825
39871678 13217827
39871679 13217829
39871680 13217831
39871681 13217833
39871682 9573116
32009621 13217836
39871683 13217838
30849714 13217840
39871684 13217842
39871685 13217844
39871686 13217846
39871687 9573117
39871688 13217849
39871689 13217851
39871690 13217853
16613032 13217859
39871691 13217874
31198077 13217876
39871692 13217878
39871693 13217880
39871694 13217882
39871695 13217884
39871696 13217886
39871697 13217888
30571661 13217890
39871698 13217892
16651285 13217894
39871699 13217896
39871700 13217898
31082481 13217900
16448413 9573120
39340338 13217903
39871701 13217905
30555478 13217907
16608665 13217909
16651174 13217913
30556720 13217917
39871702 13217919
39871703 13217921
39871704 13217923
27145443 13217925
39871705 13217931
16608772 13217933
39871706 13217935
39871707 13217937
39871708 13217939
39871709 13217941
39871710 13217943
39871711 13217947
39871712 13217949
39871713 13217951
39871714 13217953
39871715 13217955
39871716 13217957
39871717 13217959
16608773 13217961
39871718 13217963
39871719 13217965
39871720 13217967
39871721 13217969
39871722 13217971
39871723 13217973
39871724 13217975
39871725 13217977
39871726 13217979
39871727 13217981
39871728 13217983
20023543 9573122
39871729 13217992
39871730 9573123
39871731 13217997
39871732 13217999
39871733 13218001
39871734 13218003
39871735 13218005
16641413 13218009
16608774 13218011
39871736 13218015
39871737 13218017
39871738 13218019
39871739 13218021
39871740 13218025
39871741 13218029
39871742 13218031
39871743 13218033
39871744 13218035
39871745 13218037
39871746 13218039
39871747 13218041
39871748 13218043
39871749 13218045
39871750 13218047
39871751 13218049
39871752 13218051
39871753 13218053
39871754 13218057
39871755 13218059
30558255 13218061
39871756 13218063
39871757 13218067
39871758 13218069
30685247 13218078
39871759 13218080
30685618 9573124
39871760 13218083
30564998 13218085
39871761 13218087
30565000 13218095
39871762 13218106
39871763 13218110
20404678 13218131
39871764 13218135
39871765 13218137
16608982 9573127
16610086 13218142
30710412 13218150
39871766 13218152
39871767 13218156
39871768 13218158
39871769 13218160
39871770 13218162
39871771 13218170
32047724 13218172
39871772 13218183
39871773 13218185
39871774 13218187
39871775 13218189
39871776 13218191
39871777 13218193
39871778 13218197
39871779 13218199
39871780 13218201
39871781 13218209
39871782 13218211
39871783 13218214
39871784 13218216
39871785 13218218
39871786 13218222
39871787 13218226
39871788 13218228
39871789 13218230
39871790 13218232
39871791 13218234
39871792 13218236
39871793 13218242
39871794 13218244
39871795 13218246
39871796 13218248
39871797 13218250
39871798 13218252
39871799 13218254
39871800 13218256
39871801 13218258
39871802 13218260
30568878 13218264
30569453 13218266
39871803 13218268
39871804 13218270
30569984 13218272
39871805 13218274
39871806 13218276
39871807 13218280
39871808 13218286
39871809 13218288
39871810 9573131
39871811 9573132
39871812 13218292
39871813 13218294
39871814 13218298
39871815 13218304
20405113 13218308
39871816 13218310
39871817 13218312
39871818 13218320
39871819 13218322
30686552 13218324
39871820 13218326
30571476 13218328
39871821 13218330
39871822 13218332
39871823 13218334
39871824 13218336
39871825 13218338
39871826 13218340
39871827 13218342
39871828 13218344
39871829 13218348
30686961 13218350
39871830 13218352
30574763 13218354
39871831 13218356
32009492 13218364
39871832 13218368
39871833 13218370
39871834 13218372
30575075 13218374
39871835 13218378
39871836 13218382
39871837 13218388
20405384 13218390
39871838 13218392
39871839 13218394
39871840 13218396
32195629 13218398
31712752 13218402
39871841 13218404
39871842 13218408
39871843 13218410
32199299 13218412
31712748 13218416
39871844 13218420
39871845 13218422
39871846 13218424
39871847 13218428
39871848 13218430
39871849 13218432
39871850 13218434
39871851 13218436
39871852 13218438
39871853 13218440
39871854 13218442
39871855 13218446
39871856 13218448
39871857 13218450
39871858 13218452
39871859 13218454
39871860 13218456
39871861 13218458
39871862 13218460
39871863 13218462
39871864 13218464
39871865 13218466
39871866 13218468
39871867 13218470
39871868 13218472
39871869 13218474
30576277 13218476
39871870 13218478
39871871 13218480
39871872 13218482
39871873 13218484
39871874 13218486
39871875 13218488
39871876 13218490
39871877 13218492
39871878 13218494
39871879 13218500
30576958 13218502
39871880 13218504
39871881 13218510
39871882 13218512
30692856 13218514
39871883 13218516
30687273 13218518
39871884 13218520
30684998 13218522
32754272 13218524
30574739 13218526
39871885 13218528
39871886 13218532
39871887 13218534
30560221 13218536
16608835 13218538
16651228 13218544
16651229 13218546
16651230 13218550
16608836 31917602
16651227 13218552
30570928 13218554
39871888 13218556
39871889 13218558
39871890 13218560
39871891 13218566
39871892 13218574
39871893 13218578
39871894 13218586
39871895 13218588
39871896 13218590
30574159 13218592
39871897 13218594
39871898 13218607
30579902 13218611
39871899 13218613
39871900 13218615
39871901 13218617
39871902 13218619
32034131 13218621
39871903 13218625
39871904 13218633
39871905 13218635
30568880 13218641
39871906 13218643
39871907 13218645
39871908 13218647
30815720 13218649
39871909 13218651
39871910 13218653
39871911 13218655
39871912 13218657
30569632 13218659
39871913 13218661
39871914 13218663
30553048 13218665
39871915 13218667
39871916 13218669
39871917 13218671
30971594 13218673
39871918 13218675
39871919 13218677
39871920 13218679
39871921 13218689
30571959 13218691
39871922 13218697
30571961 13218699
30615054 13218701
30883958 13218705
39871923 13218707
39871924 13218709
39871925 13218711
39871926 13218713
39871927 13218715
30554350 13218717
39871928 13218721
39871929 13218723
39871930 13218727
39871931 13218729
30690891 13218731
30579478 13218733
30688157 13218737
39871932 13218739
39871933 13218753
30687890 13218755
39871934 13218757
39871935 13218759
39871936 13218761
39871937 13218763
39871938 13218765
39871939 13218767
39871940 13218769
39871941 13218771
39871942 13218788
30558520 13218790
39871943 13218794
39871944 13218796
32729074 13218798
39871945 13218800
30558522 13218802
32729204 13218818
39871946 13218820
39871947 13218822
30565215 13218824
32729213 13218826
39871948 13218828
39871949 13218830
30566436 13218832
39871950 13218834
39871951 13218836
30573362 13218838
39871952 13218840
39871953 13218842
39871954 13218846
39871955 13218848
39871956 13218850
39871957 13218852
30682844 13218854
39871958 13218856
30686828 13218858
39871959 13218860
30691448 13218862
39871960 13218864
30566438 13218866
39871961 13218868
32728971 13218872
39871962 13218874
39871963 13218876
39871964 13218880
30558558 13218882
39871965 13218884
39871966 13218886
39871967 13218888
39871968 13218890
39871969 13218892
39871970 13218894
39871971 13218896
30686877 13218898
39871972 13218900
39871973 13218904
30685040 13218906
32728992 13218910
30686890 13218916
39871974 13218918
30682842 13218920
39871975 13218922
30560404 9573135
30898504 13218925
39871976 13218934
39871977 13218938
39871978 13218940
32711099 13218946
27136428 13218947
39871979 13218953
39871980 13218959
39871981 13218973
39871982 13218975
39871983 13218977
32053908 13218981
39871984 13218985
39871985 13218987
32116497 13218991
31286429 13219005
31116212 13219007
32200044 13219015
39871986 13219017
32200041 13219019
32200043 13219021
32754264 13219023
32739514 13219025
32200039 13219027
32754265 13219029
32200038 13219031
30684620 13219033
39871987 13219035
30557290 13219037
32116136 13219039
32739516 13219041
32739517 13219043
32739519 13219045
32754274 13219047
30557467 13219051
32754267 13219053
32754268 13219055
30685220 13219059
16641914 13219060
30562006 13219064
39871988 13219066
39871989 13219076
39871990 13219078
30562415 13219080
39871991 13219082
39871992 13219084
39871993 13219086
30661872 13219088
31192696 13219092
39871994 13219100
39871995 13219102
30661870 13219106
39871996 13219112
39871997 13219114
39871998 13219116
39871999 13219118
39872000 13219120
39872001 13219122
30686081 13219128
32739524 13219130
30686466 13219132
32739522 13219134
30572084 13219136
39872002 13219138
39872003 13219144
39872004 13219153
39872005 13219155
39872006 13219157
39872007 13219159
39872008 13219161
39872009 13219167
39872010 13219169
39872011 13219171
39872012 13219173
39872013 13219175
39872014 13219177
39872015 13219179
39872016 13219181
39872017 13219183
39872018 13219187
39872019 13219189
39872020 13219191
39872021 13219193
39872022 13219197
39872023 13219199
39872024 13219201
39872025 13219203
39872026 13219205
39872027 13219207
39872028 13219209
39872029 13219211
39872030 13219213
39872031 13219215
39872032 13219217
39872033 13219219
39872034 13219221
39872035 13219223
39872036 34756793
39872037 13219225
39872038 13219227
39872039 13219231
39872040 13219233
39872041 13219235
39872042 13219237
39872043 13219239
39872044 13219241
39872045 13219243
39872046 13219245
39872047 13219247
39872048 13219248
39872049 13219250
39872050 13219252
20045718 13219254
39872051 13219256
39872052 13219258
30573169 13219260
39872053 13219262
39872054 13219264
30686884 13219266
32754262 13219268
30580376 13219270
39872055 13219272
39872056 13219274
30581119 13219276
39872057 13219278
39872058 13219280
39872059 13219282
39872060 13219284
39872061 13219286
39872062 13219288
39872063 13219290
30581624 13219294
39872064 13219296
39872065 13219298
32745271 13219300
30686875 13219302
39872066 13219304
30629995 13219308
39872067 13219310
30682482 13219312
16608546 13219316
30555024 13219320
16608652 13219324
16651170 13219326
16608653 13219328
16651171 13219332
16608654 13219334
30682802 13219336
16608612 13219340
30691407 13219346
16609384 13219348
30686365 13219350
39872068 13219352
39872069 13219354
20686360 13219356
20686362 13219362
28934180 13219364
20686364 13219366
28915317 13219368
28946731 13219370
28973218 13219378
28915552 13219382
28913350 13219386
20686366 13219400
20001213 13219402
28898946 13219414
39872070 13219418
28943499 13219420
19999314 13219422
28893521 13219424
19264162 13219426
30855727 13219428
31079300 13219430
39872071 13219434
16608564 13219436
39872072 13219442
16634090 13219444
16627257 13219446
39872073 13219450
16608563 13219454
16651139 13219458
20403606 13219460
39872074 13219462
39872075 13219464
39872076 13219466
39872077 9573137
32729930 13219471
39872078 13219485
39872079 13219487
39872080 13219489
39872081 13219491
16608601 13219493
39872082 13219497
16651156 13219499
16608600 13219507
30684990 13219517
16662421 13219519
30559551 13219521
16662429 13219537
30562483 13219539
16639475 13219543
39872083 13219553
16608915 13219555
39872084 13219563
30573018 13219571
16609098 13219575
16638681 13219579
30628649 13219581
39872085 13219583
30574457 13219587
16609138 13219589
16609139 13219591
16651303 13219593
30686953 13219595
39872086 13219599
30575053 13219601
39872087 13219607
39872088 13219617
39872089 13219619
30686892 13219625
16609126 13219627
30553153 13219635
39872090 13219639
39872091 13219641
31068930 13219645
39872092 13219647
32053893 13219649
39872093 13219651
32025989 13219653
39872094 13219655
32039892 13219657
30685583 13219667
39872095 13219669
30562187 13219673
39872096 13219675
32009806 13219677
30572252 13219679
39872097 13219683
39872098 13219685
39872099 13219687
39872100 13219691
39872101 13219693
39872102 13219695
30685144 13219697
39872103 13219701
31273137 13219705
32754270 13219707
39872104 13219709
39872105 13219711
39872106 13219715
39872107 13219717
32732441 13219721
39872108 13219723
39872109 13219725
30575057 13219727
39872110 13219729
39872111 13219737
39872112 13219739
31712760 13219747
39872113 13219749
39872114 13219755
39872115 13219757
39872116 13219759
39872117 13219761
39872118 13219763
39872119 13219765
20405537 13219767
39872120 13219769
39872121 13219771
39872122 13219773
39872123 13219775
30579865 13219777
39872124 9573138
39872125 13219780
39872126 13219782
39872127 13219784
30569237 13219786
39872128 13219788
39872129 13219794
39872130 13219796
39872131 13219798
30553040 13219802
32199295 13219804
32081971 13219806
20404131 13219808
39872132 13219810
16608865 13219812
30685274 13219814
39872133 13219816
30614679 13219818
39872134 13219820
39872135 13219826
39872136 13219828
30563860 13219830
39872137 13219832
31357177 13219834
39872138 13219840
39872139 13219842
39872140 13219848
39872141 13219850
32077970 13219852
39872142 13219854
39872143 13219856
39872144 13219858
39872145 13219860
30569725 13219864
39872146 13219866
39872147 13219868
39872148 13219870
39872149 13219872
30569727 13219874
30878966 13219878
39872150 13219882
39872151 13219884
39872152 13219886
39872153 13219890
39872154 13219892
39872155 13219894
32197826 13219896
30573080 13219902
39872156 13219908
39872157 13219910
39872158 13219912
39872159 13219916
39872160 13219918
39872161 13219920
39872162 13219922
39872163 13219924
39872164 13219926
39872165 13219928
39872166 13219930
39872167 13219932
39872168 13219934
39872169 13219936
39872170 13219938
39872171 13219940
39872172 13219944
39872173 13219946
32198427 13219948
39872174 13219950
30687457 13219952
39872175 13219954
30583200 13219964
39872176 13219966
39872177 13219968
30554791 13219974
19994530 13219976
32200058 13219978
30685114 13219980
16641426 13219982
30577460 13219984
39872178 13219988
39872179 13219990
39872180 13219992
39872181 13219994
39872182 13219996
30569089 13219998
16609029 13220000
16609028 13220002
30686302 13220006
16662471 13220008
30575897 13220010
16638726 13220012
16609197 13220015
16609198 13220017
16609196 9573142
30581990 13220020
16639509 13220028
39872183 13220036
16609376 13220038
16651371 13220040
16651372 13220042
16609377 13220044
39872184 13220046
30686911 13220048
16662487 13220050
30570662 13220052
16651279 13220054
16651280 13220056
30686918 13220058
16609135 13220060
30560595 13220062
39872185 13220066
16635425 13220068
16651231 13220076
39872186 13220078
30565121 13220080
32702409 13220082
39872187 13220084
30686548 13220086
32017814 13220090
30577624 13220104
39872188 13220106
39872189 13220108
39872190 13220110
32702411 13220116
39872191 13220124
30563549 13220126
32739526 13220128
32739530 13220130
39872192 13220132
30685011 13220135
32116132 13220137
30559293 13220143
32739532 13220145
39872193 13220147
32077961 13220149
39872194 13220151
30560660 9573144
39872195 13220154
39872196 13220182
39872197 13220204
39872198 13220206
30685309 13220208
39872199 13220210
20404908 13220214
32739531 13220218
39872200 13220222
39872201 13220224
30686728 13220226
32046235 13220228
30583206 13220230
39872202 13220234
39872203 13220236
30583232 13220238
39872204 13220242
16610103 13220244
30684692 13220248
32752333 13220250
30571087 34756794
39872205 13220254
39872206 13220256
30579310 13220258
39872207 13220260
39872208 13220262
39872209 13220264
30663581 13220268
39872210 13220270
16639472 13220274
31262020 13220286
31209692 13220288
30575274 13220290
39872211 13220292
39872212 13220296
39872213 13220298
19291952 13220300
39872214 13220302
39872215 13220304
30575049 13220306
39872216 13220308
39872217 13220310
39872218 13220314
39872219 13220318
39872220 13220320
39872221 13220324
39872222 13220326
30630058 13220328
39872223 13220333
39872224 13220337
39872225 13220339
39872226 13220341
39872227 13220343
39872228 13220347
39872229 13220351
39872230 13220355
30823975 13220357
39872231 13220365
39872232 13220367
39872233 13220369
39872234 13220371
30709249 13220373
39872235 13220381
39872236 13220383
39872237 13220389
39872238 13220393
39872239 13220395
30581366 13220399
39872240 13220401
39872241 13220405
39872242 13220409
39872243 13220411
39872244 13220413
39872245 13220415
39872246 9573148
30555653 13220418
32200011 13220420
39872247 13220428
30685259 13220430
39872248 13220432
20404208 13220434
39872249 9573149
31712753 13220437
39872250 13220439
39872251 13220441
39872252 13220443
31712743 13220445
31712754 13220447
39872253 13220449
39872254 13220451
39872255 13220453
39872256 13220455
39872257 13220457
31712744 13220459
39872258 13220461
31712755 13220463
31712756 13220465
39872259 13220467
31712757 13220469
39872260 13220471
31712758 13220472
39872261 13220474
31712745 13220480
39872262 13220482
31712746 13220484
31712759 13220486
31712747 13220488
32015170 13220490
39872263 13220492
39872264 13220494
39872265 13220496
30685343 13220498
39872266 13220500
30570205 13220502
39872267 13220504
39872268 13220506
30573708 13220508
39872269 13220510
39872270 13220514
39872271 13220516
30573852 13220518
39872272 13220520
39872273 13220522
39872274 13220524
30687826 13220526
32176015 13220528
30577618 13220534
39872275 13220536
39872276 13220538
39872277 13220542
39872278 13220544
39872279 13220546
39872280 13220548
30691435 13220550
39872281 13220552
30685598 13220554
39872282 13220556
30559625 13220558
39872283 13220560
39872284 13220585
39872285 13220586
39872286 9573151
20686358 13220589
39872287 13220593
39872288 13220603
39872289 13220605
39872290 13220607
39872291 13220609
39872292 13220611
39872293 13220613
39872294 13220615
39872295 13220617
39872296 13220619
39872297 13220621
39872298 13220623
39872299 13220625
30895750 13220627
39872300 13220633
39872301 13220635
39872302 13220637
39872303 13220639
39872304 13220641
39872305 13220643
39872306 13220645
39872307 13220649
32073721 13220651
39872308 13220655
39872309 13220657
39872310 13220663
39872311 13220665
39872312 13220667
39872313 13220669
39872314 13220671
39872315 13220673
39872316 13220675
39872317 9573154
39872318 13220678
39872319 13220680
39872320 13220682
31993152 13220684
39872321 13220686
39872322 13220688
31715238 13220690
39872323 13220692
39872324 13220694
39872325 13220696
39872326 13220700
31715239 13220704
39872327 13220706
39872328 13220708
39872329 13220710
39872330 13220712
39872331 13220714
39872332 13220716
39872333 13220718
39872334 13220720
39872335 13220724
39872336 13220726
39872337 13220728
39872338 13220730
39872339 9573155
39872340 13220735
39872341 13220737
39872342 13220739
39872343 13220741
39872344 13220743
30577415 13220745
39872345 13220755
39872346 13220757
39872347 13220759
39872348 13220761
39872349 13220763
39872350 13220765
39872351 13220767
39872352 13220769
39872353 13220771
39872354 13220773
39872355 13220775
39872356 13220777
39872357 13220780
39872358 13220784
39872359 13220786
39872360 13220788
39872361 13220790
32177915 13220792
39872362 13220794
39872363 13220796
39872364 13220798
39872365 13220800
39872366 13220804
39872367 13220806
39872368 13220808
16645182 13220812
39872369 13220814
39872370 13220816
39872371 13220818
32977999 13220820
39872372 13220822
39872373 13220826
39872374 13220828
39872375 13220830
39872376 13220832
39872377 13220834
39872378 9573156
39872379 13220837
39872380 13220839
39872381 9573157
39872382 13220844
39872383 13220846
39872384 13220848
39872385 13220852
39872386 13220854
39872387 13220856
39872388 13220858
39872389 13220860
39872390 13220864
39872391 13220866
39872392 13220870
39872393 13220872
39872394 13220874
39872395 13220876
39872396 13220878
39872397 13220880
39872398 13220882
39872399 13220884
39872400 13220886
39872401 13220888
39872402 13220890
39872403 13220892
39872404 13220894
39872405 13220896
39872406 13220898
39872407 13220900
39872408 13220902
39872409 13220904
39872410 13220906
39872411 13220908
39872412 13220910
39872413 13220912
39872414 13220914
39872415 13220916
39872416 13220918
39872417 13220920
39872418 13220922
39872419 13220924
39872420 13220926
39872421 13220928
39872422 13220932
39872423 13220934
39872424 13220936
39872425 13220938
39872426 13220940
39872427 13220942
39872428 13220944
39872429 13220946
39872430 13220948
39872431 13220952
39872432 13220954
39872433 13220956
39872434 13220958
39872435 13220960
39872436 13220962
39872437 13220966
39872438 13220968
39872439 13220970
39872440 13220972
30573932 13220978
39872441 13220980
39872442 13220984
30570049 13220986
39872443 13220988
39872444 13220990
39872445 13220992
39872446 13220994
39872447 9573159
39872448 13221001
30569686 13221003
39872449 9573161
39872450 13221008
39872451 13221010
39872452 13221012
39872453 13221020
30569688 13221022
21209278 13221024
39872454 13221028
39872455 13221030
30628705 13221032
39872456 13221034
39872457 9573163
39872458 13221039
39872459 13221041
30864046 13221043
39872460 13221047
30558708 13221049
39872461 13221051
39872462 13221053
39872463 13221055
39872464 13221057
39872465 9573164
30566084 13221059
39872466 13221061
39872467 13221063
39872468 13221065
39872469 13221067
39872470 13221069
39872471 13221071
39872472 13221073
39872473 13221075
39872474 13221077
39872475 13221079
39872476 13221081
39872477 13221083
39872478 13221085
27145441 13221090
31267796 13221092
32052202 13221094
30553736 13221096
32198806 13221098
39872479 13221100
32198804 13221102
32198807 13221106
20406939 13221108
31958609 13221110
31958552 13221114
31958553 13221116
31958554 13221118
31958555 13221122
31958556 13221124
31958557 13221126
31958558 13221128
31958560 13221130
31958561 13221134
31958562 13221136
31958563 13221138
31958564 13221140
31958565 13221142
31958566 13221144
31958567 13221146
31958568 13221148
31958569 13221150
31958570 13221152
31958571 13221154
31958572 13221156
31958573 13221158
31958574 13221160
31958575 13221162
31958576 13221164
31958577 9573165
31958578 13221167
31958579 13221169
31958580 13221171
31958581 13221173
31958582 13221181
31958583 13221183
31958584 13221185
31958586 13221189
31958587 13221191
39872480 13221193
31958589 13221195
31958590 13221197
31958591 13221199
31958592 13221201
31958593 13221203
31958594 13221205
31958595 13221207
31958596 13221209
31958597 13221211
31958598 13221213
31958600 13221215
31958602 13221217
31958604 13221219
31958605 13221221
31958606 13221223
31958607 13221225
31958608 13221227
31958610 13221231
31958601 13221233
31958611 13221235
31958612 13221237
31958613 13221239
31958614 13221241
31958615 13221245
31958616 13221249
31958617 13221253
31958618 13221255
31958619 13221257
31958620 13221259
31958622 34756795
31958623 13221261
31958624 13221263
31958625 13221265
31958626 13221267
31956547 13221269
20403863 13221330
32198811 13221332
32198818 13221334
32198824 13221336
39872481 13221338
39872482 13221340
39872483 13221342
39872484 13221344
39872485 13221346
39872486 13221348
39872487 13221350
30557442 13221352
32198843 13221354
32198841 13221356
30614557 13221358
32198838 13221360
39872488 13221364
32198828 13221366
39872489 13221368
32198830 13221370
32067594 13221372
39872490 13221374
39872491 13221376
39872492 13221378
32710443 13221380
32198832 13221382
32198836 13221384
39872493 13221389
39872494 13221391
39872495 13221395
32198834 13221397
39872496 13221401
39872497 13221403
39872498 13221405
39872499 13221407
30561164 13221409
39872500 13221411
39872501 13221413
39872502 13221415
32198851 13221417
32198826 13221419
32198853 13221421
39872503 13221423
39872504 13221425
39872505 13221427
30563619 13221429
32198822 13221431
32198847 13221433
32198849 13221435
30568421 13221437
30578062 13221439
39872506 13221443
39872507 13221445
39872508 13221446
39872509 13221448
39872510 13221450
39872511 13221452
39872512 13221454
39872513 13221458
39872514 13221460
39872515 13221462
39872516 13221464
39872517 13221466
39872518 13221468
39872519 13221470
39872520 13221472
39872521 13221474
39872522 13221476
39872523 13221478
39872524 13221480
39872525 13221482
39872526 13221488
39872527 13221492
39872528 13221494
39872529 13221496
39872530 13221498
39872531 13221500
39872532 13221502
39872533 13221504
39872534 13221506
39872535 13221508
39872536 13221510
39872537 13221512
39872538 13221514
39872539 13221516
30568423 13221518
39872540 13221520
39872541 13221522
39872542 13221524
39872543 13221526
39872544 13221528
39872545 13221530
30686206 34756796
32177908 13221532
27173831 13221534
20009316 9573167
39872546 13221541
20039579 13221543
27170452 13221547
19995842 13221551
32066174 13221553
30573037 13221555
39872547 13221559
32073122 13221561
32054402 13221563
39872548 13221567
39872549 13221573
39872550 13221575
39872551 13221577
30573731 13221579
39872552 13221581
39872553 13221583
30686888 13221585
19994485 13221587
30686905 13221589
32198820 13221591
30575037 13221611
39872554 13221613
39872555 13221615
31958559 13221617
39872556 13221619
32074276 13221621
39872557 13221623
39872558 13221625
32067326 13221627
39872559 13221631
39872560 13221633
39872561 13221635
39872562 13221637
39872563 13221639
39872564 13221641
30575041 13221643
39872565 13221645
39872566 13221647
39872567 13221649
39872568 13221651
39872569 13221655
32046199 13221657
32728866 13221663
39872570 13221665
32729026 13221669
39872571 13221671
39872572 13221673
39872573 13221675
39872574 13221677
39872575 13221681
39872576 9573168
39872577 13221684
39872578 13221686
30575045 13221688
32729031 13221690
39872579 13221692
39872580 13221694
27173834 13221696
32067164 13221698
32053581 13221700
20012140 13221702
39872581 9573169
39872582 13221705
32074306 13221707
39872583 13221709
39872584 13221711
39872585 13221713
39872586 13221715
32039263 13221717
39872587 13221723
39872588 13221725
32045923 13221727
32057339 13221729
20041778 13221731
32039278 13221735
39872589 13221737
32039279 13221739
32067165 13221746
39872590 13221748
39872591 13221750
39872592 13221752
39872593 13221754
39872594 13221756
32055411 13221758
30687941 13221760
39872595 13221762
39872596 13221764
39872597 13221766
27152000 13221768
39872598 13221770
39872599 13221774
39872600 13221776
39872601 13221778
39872602 13221782
39872603 13221784
20028666 13221786
39872604 13221790
39872605 13221794
30579482 13221796
39872606 13221798
39872607 13221800
39872608 13221802
39872609 13221804
39872610 13221806
30615512 13221808
32055972 13221810
39872611 13221814
39872612 13221816
39872613 13221818
39872614 13221820
30682991 13221822
32134162 13221826
30684940 13221836
39872615 13221838
30687876 13221842
16644300 13221844
27148326 13221846
20034204 13221850
20006854 13221858
32068864 13221860
20011992 13221862
39872616 13221864
16444661 13221866
32045434 13221876
39872617 13221878
27158443 13221880
39872618 13221886
20042526 13221888
39872619 13221890
39872620 13221896
20014598 9573170
30568824 9573171
39872621 13221904
39872622 13221906
32198809 13221908
32075591 13221912
39872623 13221914
39872624 13221916
30687896 13221918
39872625 13221920
32053342 13221922
32053334 13221924
32053336 13221926
32053337 13221928
32053335 9573172
32053341 13221931
32053338 13221933
32053340 13221935
32053339 13221937
32198859 13221939
32198855 13221941
32198857 13221943
39872626 13221945
39872627 13221947
39872628 13221949
32200103 13221951
39872629 13221953
32200097 13221955
32200095 13221957
39872630 13221961
30685228 13221963
39872631 13221965
30685441 13221967
39872632 13221969
30572807 13221971
39872633 13221973
39872634 13221977
39872635 13221981
39872636 13221983
39872637 13221985
39872638 13221987
39872639 13221989
39872640 13221991
39872641 13221993
39872642 13221995
39872643 13221997
39872644 13221999
39872645 13222001
39872646 13222003
39872647 13222005
39872648 13222009
39872649 13222011
39872650 13222013
39872651 13222015
39872652 13222017
39872653 13222019
32199307 13222021
39872654 9573173
39872655 13222024
39872656 13222026
39872657 9573174
39872658 13222029
39872659 9573175
30572809 13222034
39872660 13222036
32173430 13222038
39872661 13222042
30574435 13222044
39872662 13222046
39872663 13222048
39872664 13222050
30573171 13222052
19998971 13222054
31957840 13222056
39872665 13222068
32047387 13222070
30686815 13222072
39872666 13222074
31158332 13222076
31078998 13222080
39872667 13222082
39872668 13222084
39872669 13222086
30682485 13222090
39872670 13222092
31200039 13222094
39872671 13222096
39872672 13222100
39872673 13222102
30682755 13222104
39872674 13222106
31215796 13222108
39872675 13222110
39872676 13222118
39872677 13222126
39872678 13222128
39872679 13222132
39872680 13222134
39872681 13222136
39872682 13222138
39872683 13222140
39872684 13222142
39872685 13222146
39872686 13222148
39872687 13222150
39872688 13222152
39872689 13222156
39872690 13222158
39872691 13222162
39872692 13222164
39872693 13222166
39872694 13222168
39872695 13222170
39872696 13222172
39872697 13222174
39872698 13222176
39872699 13222180
39872700 9573177
39872701 13222184
39872702 13222186
39872703 13222188
39872704 13222192
39872705 13222194
39872706 13222196
39872707 9573179
39872708 13222201
39872709 13222202
39872710 9573181
30682920 13222205
39872711 13222207
30682940 13222209
32200036 13222211
30555649 13222213
32200016 13222215
32200014 13222217
31260210 13222219
39872712 13222221
39872713 13222223
39872714 13222225
39872715 13222227
39872716 13222229
32199573 13222231
39872717 13222237
39872718 13222239
39872719 13222241
39872720 13222243
39872721 13222245
39872722 13222247
39872723 13222249
39872724 13222253
39872725 13222257
39872726 13222259
39872727 13222261
39872728 13222263
39872729 13222265
39872730 13222267
39872731 13222269
39872732 13222271
39872733 13222273
39872734 13222275
39872735 13222277
39872736 13222279
32199571 13222281
39872737 13222285
39872738 13222289
39872739 13222291
39872740 13222293
39872741 13222297
39872742 13222299
32199572 13222301
30557717 13222311
39872743 13222315
39872744 13222317
39872745 13222319
39872746 13222321
39872747 9573182
39872748 13222324
39872749 13222326
39872750 13222328
39872751 9573183
31267738 13222331
39872752 13222333
39872753 13222339
39872754 13222341
39872755 13222343
30685150 13222345
39872756 13222347
31267801 13222351
39872757 13222353
39872758 13222355
39872759 13222357
39872760 9573184
39872761 13222365
39872762 13222369
39872763 13222371
30560606 13222373
39872764 13222375
32175150 13222377
39872765 13222381
39872766 13222383
39872767 13222385
39872768 13222387
30543328 13222391
39872769 13222393
39872770 13222395
39872771 13222397
39872772 13222399
30563363 13222401
39872773 13222405
39872774 13222407
39872775 13222409
39872776 13222413
39872777 13222415
39872778 13222421
39872779 13222423
30564883 13222427
39872780 13222429
30564885 13222431
39872781 13222433
39872782 13222435
30564903 13222439
39872783 13222441
39872784 13222443
30686096 13222445
39872785 13222447
30568166 13222449
39872786 13222451
39872787 13222469
39872788 13222501
39872789 13222503
30686210 13222511
39872790 13222513
30568904 13222515
39872791 13222519
39872792 13222525
39872793 13222533
39872794 13222535
39872795 13222537
39872796 13222539
39872797 13222545
39872798 13222547
39872799 13222557
39872800 13222559
39872801 13222561
39872802 13222563
39872803 13222565
39872804 13222567
39872805 13222571
39872806 13222573
39872807 13222575
39872808 13222577
39872809 13222579
39872810 13222581
39872811 13222583
39872812 13222585
39872813 13222587
39872814 13222591
39872815 13222593
30568969 13222595
39872816 13222601
39872817 13222603
39872818 13222605
39872819 13222607
39872820 13222609
30686304 9573187
16645143 9573188
30569545 13222613
39872821 13222617
32034164 13222619
39872822 13222627
39872823 13222629
39872824 13222633
39872825 13222635
39872826 13222637
39872827 13222639
39872828 13222641
39872829 13222643
39872830 13222645
39872831 13222647
39872832 13222649
39872833 13222651
39872834 13222653
39872835 13222655
39872836 13222657
39872837 13222659
39872838 13222661
39872839 13222663
39872840 13222669
30569547 13222671
39872841 13222679
39872842 13222683
39872843 13222685
32053025 9573189
30686389 13222690
39872844 13222692
30686403 13222694
39872845 9573191
30686434 13222697
16609040 13222699
30570567 13222703
39872846 13222705
39872847 9573192
39872848 13222708
39872849 13222710
39872850 13222712
39872851 13222714
39872852 13222716
31720280 13222718
31712751 13222725
32008203 13222727
39872853 13222731
39872854 13222735
39872855 9573194
39872856 13222738
20443099 13222740
39872857 13222744
39872858 13222752
39872859 13222756
39872860 13222762
39872861 13222764
39872862 13222766
30849103 13222768
39872863 13222771
39872864 13222775
39872865 13222777
39872866 13222779
39872867 13222782
39872868 13222784
39872869 13222788
39872870 13222790
39872871 13222792
39872872 13222794
39872873 13222796
39872874 13222798
39872875 9573197
39872876 13222801
39872877 13222803
39872878 13222805
39872879 13222807
39872880 13222811
39872881 13222815
39872882 13222819
39872883 13222825
39872884 13222829
39872885 13222831
39872886 13222835
39872887 13222837
39872888 13222843
39872889 13222845
39872890 13222847
39872891 13222851
39872892 13222853
39872893 13222855
39872894 13222857
39872895 13222859
39872896 13222861
39872897 13222876
39872898 13222878
39872899 13222882
39872900 13222884
39872901 13222886
39872902 13222888
39872903 13222890
39872904 13222892
32034167 13222894
39872905 13222904
39872906 13222910
39872907 39872908
39872909 13222912
39872910 13222918
30571889 13222920
39872911 13222924
39872912 13222926
39872913 13222928
39872914 13222930
39872915 13222932
39872916 13222934
39872917 13222936
39872918 13222940
30572130 13222944
39872919 13222946
39872920 13222948
39872921 13222950
30572234 13222952
30573287 13223030
39872922 13223032
39872923 13223036
39872924 13223040
39872925 13223042
39872926 13223044
39872927 13223046
39872928 13223048
39872929 13223050
39872930 13223052
39872931 13223054
39872932 13223060
32055155 13223064
39872933 13223066
39872934 13223068
39872935 13223070
39872936 13223078
39872937 13223080
39872938 13223082
39872939 13223088
39872940 13223090
39872941 9573203
39872942 13223093
30573314 13223097
39872943 13223102
39872944 13223104
39872945 13223106
39872946 13223108
39872947 13223110
30686830 13223114
39872948 13223116
20405288 13223118
39872949 13223122
39872950 13223124
39872951 13223126
39872952 13223134
39872953 13223136
39872954 13223138
39872955 13223140
30573518 13223142
39872956 13223144
39872957 13223146
39872958 13223148
39872959 13223150
39872960 13223152
39872961 13223154
39872962 13223156
30573828 13223158
39872963 13223162
39872964 13223166
39872965 13223168
39872966 9573205
39872967 13223171
30573975 13223173
32073557 13223175
39872968 13223177
30573995 13223179
39872969 13223181
39872970 13223183
39872971 13223185
39872972 13223189
30691897 13223191
39872973 13223195
39872974 13223197
39872975 13223199
30574053 13223203
39872976 13223207
39872977 13223209
30628710 13223211
39872978 13223215
39872979 13223217
39872980 13223219
39872981 13223223
39872982 13223225
39872983 13223227
39872984 13223229
39872985 13223231
39872986 13223233
39872987 13223235
39872988 13223237
39872989 13223239
39872990 13223241
30574217 13223243
39872991 13223245
39872992 13223247
39872993 13223249
39872994 13223251
39872995 13223253
39872996 13223255
39872997 13223257
39872998 13223261
30574241 13223263
39872999 13223265
39873000 13223287
39873001 13223289
30686929 13223297
39873002 13223299
30849041 13223301
39873003 13223305
30861338 13223307
30574930 13223309
30575699 9573206
39873004 13223318
39873005 13223320
30687709 13223322
39873006 13223324
30576715 13223326
39873007 13223330
30577620 13223338
39873008 13223342
39873009 13223344
39873010 13223346
39873011 13223348
39873012 13223350
39873013 13223352
16662514 13223354
39873014 9573208
16651341 13223357
30578504 13223359
39873015 13223361
39873016 13223363
39873017 13223365
39873018 13223367
39873019 13223369
39873020 13223371
39873021 13223373
39873022 13223375
39873023 13223377
39873024 13223379
39873025 13223387
39873026 13223389
39873027 13223393
16609291 13223397
39873028 13223399
39873029 13223403
39873030 13223407
39873031 13223411
39873032 13223413
16651343 13223415
30578976 13223417
39873033 13223419
39873034 13223421
39873035 13223423
39873036 13223425
39873037 13223427
39873038 13223431
39873039 13223433
39873040 13223439
39873041 13223441
39873042 13223443
39873043 13223445
39873044 13223447
39873045 13223449
39873046 13223451
39873047 13223453
39873048 13223455
39873049 13223457
39873050 13223459
39873051 13223461
39873052 13223463
39873053 13223465
39873054 13223467
39873055 9573209
39873056 13223470
39873057 13223472
39873058 13223474
39873059 13223476
30640100 13223478
39873060 13223480
16609296 13223486
39873061 13223490
39873062 13223492
39873063 13223494
39873064 13223496
39873065 13223498
39873066 13223506
39873067 13223508
39873068 13223510
39873069 13223512
16609297 13223514
39873070 13223516
39873071 13223518
39873072 13223520
39873073 13223522
39873074 13223524
39873075 13223528
39873076 13223534
39873077 13223538
39873078 13223540
39873079 13223542
39873080 13223544
16609298 13223546
39873081 13223548
39873082 13223550
39873083 13223552
32042395 13223554
39873084 13223558
39873085 13223560
39873086 13223570
39873087 13223572
16609300 13223574
39873088 13223578
31712750 13223580
39873089 13223582
39873090 13223584
39873091 13223586
39873092 13223588
39873093 13223590
39873094 13223592
16609301 13223594
30942622 13223596
39873095 13223602
39873096 13223604
39873097 13223606
39873098 13223608
39873099 13223610
39873100 13223612
16662519 13223614
16662520 13223616
16609299 13223618
16651346 13223620
16662521 13223622
16609302 13223624
39873101 13223626
39873102 13223628
39873103 13223630
39873104 13223632
31024233 13223634
39873105 13223638
39873106 13223640
39873107 13223644
39873108 13223646
39873109 13223650
39873110 13223652
39873111 13223656
39873112 13223658
39873113 13223660
39873114 13223662
39873115 13223664
39873116 13223666
39873117 13223668
39873118 13223670
39873119 13223672
39873120 13223680
39873121 13223682
39873122 13223684
39873123 13223686
39873124 13223688
39873125 13223690
39873126 13223692
39873127 13223694
39873128 13223696
39873129 13223698
39873130 13223702
39873131 13223704
39873132 13223706
39873133 13223708
39873134 13223710
30580486 13223712
39873135 13223714
39873136 13223716
39873137 13223718
39873138 13223720
30580588 13223722
39873139 13223724
31968697 13223726
30691357 13223728
39873140 13223730
30581582 9573212
39873141 13223737
39873142 9573213
39873143 13223740
39873144 9573214
39873145 13223743
30581586 13223745
39873146 13223749
39873147 13223751
39873148 13223755
39873149 13223757
31260272 13223759
39873150 13223761
16651198 13223763
16608766 13223767
16608767 13223769
16608768 13223771
16608769 13223773
16651199 13223775
16608771 13223777
16608770 13223779
16610081 13223787
39873151 13223789
39873152 13223793
30682976 13223799
16608669 13223801
30685019 13223807
16641422 13223809
30690899 13223811
16662524 13223813
30686913 13223815
39873153 13223817
30574208 13223819
39873154 13223823
39873155 9573215
39873156 13223826
39873157 13223828
39873158 13223834
39873159 13223836
30685544 13223838
39873160 13223840
30682529 13223842
39873161 13223844
30556925 13223846
39873162 13223848
39873163 13223850
39873164 13223852
39873165 13223856
39873166 13223858
30686088 13223860
39873167 13223862
20686349 13223864
39873168 13223870
20686351 13223872
20686353 13223874
20686357 13223876
39873169 13223878
30569151 13223882
39873170 13223886
39873171 13223888
39873172 13223890
39873173 13223892
30573884 13223894
39873174 13223896
39873175 13223898
30575290 13223900
39873176 13223902
39873177 13223904
39873178 13223906
39873179 13223908
39873180 13223910
39873181 13223912
30578413 13223914
39873182 13223916
39873183 13223920
39873184 13223922
39873185 13223926
30582980 13223928
39873186 13223930
39873187 13223932
30583470 13223934
39873188 13223936
32169664 13223938
39873189 13223940
30685614 13223942
32145516 13223944
30686190 13223946
39873190 9573216
30558657 13223949
32138099 13223953
39873191 13223955
39873192 13223959
39873193 13223963
39873194 13223965
39873195 13223970
39873196 13223972
39873197 13223974
39873198 13223976
39873199 13223978
39873200 13223980
39873201 13223982
39873202 13223984
39873203 13223986
39873204 13223992
39873205 13223994
39873206 13223996
39873207 13223998
39873208 13224000
39873209 13224006
39873210 13224008
39873211 13224010
30558659 13224012
39873212 13224014
32138105 13224016
39873213 13224018
39873214 13224020
39873215 13224022
39873216 13224024
39873217 13224026
39873218 13224028
39873219 13224030
39873220 13224032
39873221 13224034
39873222 13224036
39873223 13224038
39873224 13224040
39873225 13224042
39873226 13224044
39873227 13224046
39873228 13224048
39873229 13224050
39873230 13224052
32138107 13224056
39873231 13224058
39873232 13224060
39873233 13224062
39873234 9573218
39873235 13224065
39873236 13224067
39873237 13224069
39873238 13224071
39873239 13224073
39873240 13224075
39873241 13224077
39873242 13224079
39873243 13224083
39873244 13224085
39873245 13224087
32178491 13224089
39873246 13224091
39873247 13224093
39873248 13224095
39873249 13224103
39873250 13224105
39873251 13224107
39873252 13224109
39873253 13224111
32138110 13224113
39873254 13224115
39873255 13224117
39873256 13224119
39873257 13224121
39873258 13224123
39873259 13224127
39873260 13224129
39873261 13224131
39873262 13224133
32138112 9573219
32138109 13224136
39873263 13224138
39873264 13224140
39873265 13224142
39873266 13224144
39873267 13224146
39873268 13224148
39873269 9573220
39873270 13224151
39873271 13224153
39873272 13224155
39873273 13224157
39873274 13224159
39873275 13224161
39873276 13224163
39873277 13224165
39873278 13224167
39873279 13224169
39873280 13224171
39873281 13224173
39873282 13224175
39873283 13224177
39873284 13224179
39873285 13224181
39873286 13224185
39873287 13224189
39873288 13224191
39873289 13224193
39873290 13224195
39873291 13224197
39873292 9573221
39873293 13224200
39873294 13224202
39873295 13224204
39873296 13224206
39873297 13224208
39873298 13224210
39873299 13224212
39873300 13224214
39873301 13224216
39873302 13224218
39873303 13224220
39873304 13224222
39873305 13224224
32138101 13224226
39873306 13224228
32138103 13224230
39873307 13224234
30569492 13224236
32199310 13224240
39873308 13224242
32199308 13224244
39873309 13224248
32199312 13224252
39873310 13224254
32199314 13224258
39873311 13224260
32151142 13224262
39873312 13224264
32199316 13224266
39873313 13224268
39873314 13224270
32199319 9573222
32151140 13224273
30691461 13224275
39873315 13224277
20751023 13224279
32080904 13224281
39873316 13224283
30685726 13224285
32146495 13224289
30687914 13224293
39873317 13224295
28879213 13224297
28904523 13224299
28926305 13224301
28867077 13224303
28896335 13224308
28925675 13224310
28872034 13224312
39873318 13224316
16651132 13224320
28869921 13224322
28930483 13224324
39873319 13224330
39873320 13224332
39873321 13224334
39873322 13224336
39873323 13224338
39873324 13224340
39873325 13224342
16609118 13224344
16609119 13224348
39873326 13224350
16651296 13224352
39873327 13224354
39873328 13224356
28908653 13224358
28912448 13224360
28878986 13224364
28929013 13224366
30570786 13224370
39873329 13224374
39873330 13224376
39873331 13224380
30555637 9573225
32134177 13224387
39873332 13224389
32134173 13224391
32200027 13224397
32200025 13224399
32035541 13224401
32200021 13224414
32200018 13224416
32200033 13224422
32200031 13224424
32200030 13224426
32134171 13224428
32134175 13224432
32200029 13224436
39873333 13224438
32200023 13224440
32199297 13224442
32025926 13224446
30685124 13224448
39873334 13224450
39873335 13224452
30638041 13224454
30656174 13224460
31947318 13224464
31947319 13224468
31947324 13224474
31947322 13224482
31947321 13224484
31947320 13224486
31947323 13224488
30649277 13224490
27157275 13224492
19917692 13224497
39873336 13224499
27174697 13224501
27168475 13224503
27168972 13224505
39873337 13224507
27168970 13224509
39873338 13224511
39873339 13224513
32199323 13224514
39873340 13224516
39873341 13224518
39873342 13224520
39873343 13224522
39873344 13224524
39873345 13224526
39873346 13224528
27168484 13224530
27168486 13224532
39873347 13224534
32198802 13224536
39873348 13224538
39873349 13224683
39873350 13224851
39873351 13224854
39873352 13224856
39873353 13224858
39873354 13249564
39873355 13249566
39873356 13252149
39873357 13252196
39873358 13252198
39496053 13252366
19290185 13257442
39873359 13257446
32027606 13257721
28962974 13257723
39873360 13257725
39873361 13259814
39873362 13264186
39873363 13264188
39873364 13264190
19269729 13267277
39873365 13272576
39873366 13272580
39873367 13272582
39873368 13272590
39873369 13272592
39873370 13272594
39873371 13272600
39873372 13272668
39873373 13272670
39873374 13272672
39873375 13272674
39873376 13272682
39873377 13272684
39873378 13272689
39873379 13272691
39873380 13272886
39873381 13273315
39873382 13273317
39873383 13273319
39873384 13273433
39873385 13273447
39873386 13273457
39873387 13273459
39873388 13273461
39873389 13273465
39873390 13277609
39873391 13277679
39873392 13277681
39873393 13277683
39873394 13277685
39873395 13277687
39873396 13281833
39873397 13282143
39873398 13282145
39873399 13282147
39873400 13282149
39873401 13282151
39873402 13282153
32200113 13282155
39873403 13282159
32200119 13286311
39873404 13286390
39873405 13286392
39873406 13286597
