15334436 10532618
21484749 39963919
7794513 39963920
21483896 32200749
21485147 34573604
21484288 32201156
2906159 32201160
39963921 39963922
21484090 34573701
21485153 32201588
21484146 39963923
3001747 27237794
21483788 39963924
17865925 34574067
21484176 32201928
39963925 39963926
2824255 32202400
21484007 32202512
17729233 32202512
21483835 39963927
21484695 32203007
21484057 34574443
2783713 39963928
2792431 39963929
3014846 39963930
39963931 32203756
39963932 32203793
2791761 32204193
12060707 34574711
39963933 32204985
39963934 39963935
2801017 32205555
21484172 32205562
2803075 32205951
21484081 39963936
21483917 32206129
30249760 32206252
39963937 32206758
12052558 39963938
21484000 27237919
21483786 39963939
39963940 32207244
21485232 32207268
39963941 32207453
39963942 39963943
2971611 39963944
21485172 39963945
21483976 39963946
2807451 39963947
2762188 39963947
21483993 39963948
2780489 27238138
15328535 39963949
21483773 39963950
39963951 39963952
21484661 27238243
2802357 27238257
39963953 39963954
2968629 39963955
2913018 39963956
2771197 39963957
21484879 27238370
21484727 39963958
39963959 39963960
2938212 39963961
17542992 39963962
39963963 39963964
21484114 39963965
2781679 39963966
39963967 39963968
2803320 39963969
2938552 39963970
21483779 39963971
21483712 39963972
39963973 39963974
17542993 39963975
39963976 39963977
21484205 39963978
3001318 39963979
2868356 39963980
21484942 39963981
21484331 39963982
21483969 39963983
21484157 39963984
39963985 39963986
21484207 39963987
39963988 39963989
39963990 39963991
21484201 39963992
21484199 39963993
39963994 39963995
39963996 39963997
21484101 39963998
21483717 39963999
39964000 39964001
2872792 39964002
2833677 39964003
21483686 39964004
39964005 39964006
21485139 39964007
2803760 39964008
21484165 39964009
2893444 39964010
21484230 39964011
21483963 39964012
12458588 39964013
2834372 39964014
2838894 39964015
39964016 39964017
21484014 39964018
12058265 39964019
2915967 39964020
2915967 39964021
39964022 39964023
2915967 39964024
2915967 39964025
21484176 39964026
21484109 39964027
2803510 39964028
21484068 39964029
2939271 39964030
21484187 39964031
39964032 39964033
21484263 39964034
21483845 39964035
39964036 39964037
39964038 39964039
21483847 39964040
12050775 39964041
2802513 39964042
2861888 39964043
21484578 39964044
2808361 39964045
21484295 39964046
21484225 39964047
21483801 39964048
15326923 10532623
21483382 10532626
21483384 10532629
88742 39964049
2991908 10848621
21483389 10532642
21483391 10532646
2912756 10848622
39964050 9964067
20056682 10532694
2882294 10532698
21483398 10590240
2783948 10532702
2764749 10532710
2932602 10532712
21483409 12213467
2772777 10532714
21483414 9964123
3027584 10532719
2803557 10532726
12458937 10532779
11934843 10532797
2772998 10532828
39964051 10532839
39964053 10532843
21483420 9964308
2924881 10532852
21483423 10532858
2806603 10532863
2774252 10532871
2938460 9964350
3001351 10532913
21484253 10532919
39964054 10532934
15326632 10532935
12459054 9964396
39964056 10532950
2783937 10532966
21484284 10532973
2764580 9964398
2780620 9964400
2784270 10533047
2815671 10533057
2783607 10533064
3010763 10533081
2775077 10533101
15326631 10533130
21483451 10533170
2775678 10533174
2826138 10533175
39964058 10533177
21483749 10533181
2775979 10533186
2791695 10020916
2814220 10533202
2970752 10533252
20072241 10533262
21483459 10533263
20071716 10533311
21483464 10533321
39964060 10533331
17729232 10533332
39964061 10533350
21483467 10533354
2780621 10533367
2792347 10021510
15328848 10533371
2777977 10533374
39964063 10533381
21484222 10533395
37980672 10533403
2817567 10533413
21483475 10533423
995792 10533435
2803638 10533441
3003703 10533460
2943373 10533465
39964065 10533466
21483480 10533475
21483482 9964648
39964066 10533488
21484170 10533490
21484097 9964656
2933190 9964664
39964067 10533520
2921633 13616970
21483494 10533569
30248846 10533598
21483498 10533647
2779839 10533658
21483501 10533679
3050618 10533732
2793426 10533795
39964071 10533805
39964073 10533836
2778753 9965023
21483507 10533849
2793681 10533850
2968681 10533880
39964074 10533900
2764457 9965039
2782766 9965076
21483514 10533949
21483516 10533955
21483518 10533963
2992770 10533969
3049863 10533970
2902296 10533978
21483523 10533989
21483887 9965240
2762249 10534031
3009978 10534050
21483529 10534062
2811412 10534079
21483534 10534087
2803059 10534091
2782325 10534120
2954976 10534135
2771495 10534146
15328497 10534162
2802238 10590373
13796803 10534178
39964076 10534187
2792164 9965487
21483545 10534210
39964077 10534216
15334252 10534231
2802256 10534241
2764346 10534281
2802339 10534297
21483549 10534379
21483553 10534427
2930680 10534449
37980358 10534465
21483556 10534475
21483558 10534483
30248758 10534486
12458807 10534501
21483561 9965770
2825205 10534520
30248885 9965778
21483563 10534536
2833310 10534549
2775599 10534551
3000281 10534557
2820032 10534564
2811075 10534566
2801529 10534606
21483567 10026031
21483569 10534643
21483571 10534655
21484297 9965832
39964082 9965834
21484094 10534692
2794627 10534701
2795573 10534701
2784568 9573792
21483577 9573822
15329979 10534730
21483580 10534736
2792955 10534739
2773272 10534745
2938537 10534751
2798086 10534767
2772742 10534776
3038680 10534814
21484106 10026035
2993335 10534829
3000468 10534845
2803373 10534852
2959216 10534917
21483594 10534960
12051311 10534976
2897683 10534989
21483600 10535090
39964084 10535102
2960356 10535118
21483603 10535132
2795608 10535172
21483606 10026047
2808359 10535229
21483609 9966114
2782413 10026048
17722640 10535291
21483613 10535294
39964087 10535342
21483616 10535353
2814195 10535369
15328247 10026050
15334537 10535378
21483621 10535385
21484215 10535400
21483624 10535417
2801895 10535447
21483629 10535472
2828789 10535534
2913840 9966332
21483635 9966336
2936638 10535615
21483651 12420912
2995624 10535677
21483656 10535743
21483658 10535754
2791202 10535777
21484438 10535788
2799558 10535790
2776829 10535820
2783827 10535826
2782003 10535834
2783639 10535843
37980504 10535856
21452905 10535858
2773016 10535868
2788035 10535889
2915320 10535898
2784274 10535929
2999800 10535966
21483674 10535977
39964091 10535984
21483676 10536001
21483678 10536008
15326922 10536016
21484131 10536023
2806859 9966492
2827613 9966504
39964093 10536034
21483681 9966506
21483683 10536038
2941044 10536045
39964094 10536057
39964095 10536100
2931259 10536111
2781270 10536155
2803611 10536155
3020646 9966615
21483693 10536398
21483697 10536505
2805465 9966854
15624925 10536613
21484281 10536639
21483985 10536650
21483699 10536672
39964100 10536696
15329986 10536702
39964101 10536702
21483704 9575903
995568 10536744
19717941 10536756
2993335 9966993
21483710 10850260
2815047 10536802
39964104 9967059
2795770 10536829
2916408 10850271
39964105 10536860
2997924 10536861
13773604 10536862
2931131 10536864
39964106 10536876
15327577 9967172
21484076 9967174
21483688 9967188
21483737 10536938
2930437 10536971
21483741 10537003
2783729 10537040
39964109 10537047
39964110 10537048
39964111 10537049
39964112 10537051
39964113 10537053
39964114 10537056
2997910 10537061
2794190 10537062
2802917 12420947
15328876 10537068
21484313 10537077
21483747 10537100
2817071 10537202
3019410 10537281
21483919 10030528
39964115 10537351
3014309 10850275
21483766 10537366
21483777 10537440
21483781 10537468
21484167 13818314
15327153 10031075
2802860 10031147
15334472 10537730
21483764 10537739
2795517 10537763
21483486 10537831
2827591 10537846
2993723 10537893
21484180 10850309
21484018 12421329
2862155 10537908
997607 10032826
39964117 10537921
2803730 10537959
21483797 10537963
2777957 9577190
39964119 10538031
3032576 10538092
15333609 10538105
21483806 10538143
21483808 10538157
21484025 10538161
39964121 10538174
2821077 10538176
2791108 10538310
15334451 10538334
21483811 10538341
2787809 9577638
2992719 9577691
2775917 9577723
2808918 10850359
39964124 10538415
2803314 9968125
2764743 10538465
39964125 10538473
2811680 10538474
21483825 10538479
2767712 10538487
2766370 10538548
3035409 10538562
21483833 10538580
21483914 13818461
21483433 10538603
2803537 10538603
2804698 10538603
2930799 10538638
21483830 10538649
3000277 10850423
2873108 10538754
2833312 10538790
2822639 9968398
39964130 10538832
21484073 10538855
21484245 10538860
2915967 10850431
2915967 9968466
2915967 10538896
18578486 9968580
2992955 10539002
2762174 10539021
2798402 10539026
2802982 10539030
21483862 10539154
2822643 10539299
2802033 10539308
2762291 10539327
2804300 10539346
21483873 10539356
2791755 10539368
2778757 10539384
2783414 10539397
2991852 10032951
21483880 10539451
2803342 10539480
2817704 10539499
39964136 10539548
2809283 10539596
2799039 10539613
21483702 10539786
2936281 10850505
2789248 9969283
2802700 10539803
2762761 10539811
2812251 9969322
2913969 10539906
39964140 10539920
21483928 9969561
21483909 10540075
2809691 10540082
39964142 10540084
2807362 10540090
2807360 10540091
2927227 9579848
2930344 10540200
2763005 10540217
15327936 15402752
3009729 10540326
39964147 10540448
2828497 10540462
21484705 10540490
21483991 10850571
21483813 10850575
2837562 10850585
39964150 10540668
21484381 14364241
2803546 10850597
39964152 10540746
21484651 10540753
39964153 10540792
2816769 10540836
2916450 10540839
2780422 10540863
2780428 10540890
2778872 10540928
2787761 10540956
21483856 10541037
2850561 10541057
21483799 9970764
2780457 10541072
2811413 10541081
2811414 10541082
2811409 15403840
2811411 10541084
39964157 10541092
39964158 10541093
2802854 15403850
39964159 10541105
2764414 10541117
21484138 10541174
2820680 9970868
13733760 10541352
21483867 10541413
2818415 10541418
2771493 10541431
2785880 10541447
21484002 10541464
39964162 10541480
13774323 10850694
21484210 12421662
2764671 10541485
13686507 10850705
21483997 12421667
2797837 10541489
21484021 10541491
2834814 14406627
15328245 9971290
2772596 10541500
39964165 10850763
21484039 10541507
39964166 10541509
2858285 14328076
2791856 10541511
2829309 10850837
2764739 10541519
21483932 15404806
21484854 9580930
2794893 10541697
2948371 10541739
2799041 10541795
21483819 10541963
15333592 10541979
21485072 10541982
2822539 12183993
39964173 12421733
2780580 10542005
21483882 9581080
39964175 10850921
2765113 9972607
2765115 9972613
2939019 15405663
39964177 9581134
2800776 12818564
2765282 10542026
2930830 13661629
2930830 10851040
21483504 10851061
2815464 10590747
30251090 10851107
2926680 10851123
21483436 10542050
12053603 9972948
2813921 10851302
2796743 10033668
39964181 10851345
2939228 10851348
21484257 10542075
39964182 10851361
21483538 10851363
32509075 10851375
21483907 10851400
39964185 10851430
13762153 10851444
2931846 10542112
2802381 10542115
39964188 10851537
21484196 9974141
2805602 10542126
21484321 10851605
21483923 10851605
18578490 9581409
21483953 10851620
21484083 12422275
39964191 10851678
21484178 12422284
2802399 10851694
21483961 14333426
2833757 12422300
21483839 14406678
21483837 12422308
2789349 10542159
21484443 10542159
39964194 14838606
21484311 10542171
39964196 12422365
21484299 12422373
21483394 10542179
39964197 12422385
2810881 10037388
30250028 10851797
39964199 12422397
3008143 10542193
2774549 12422414
39964201 9975404
2833531 10851833
2838001 10851835
15328875 12422430
15334399 10037676
39964202 10542203
2813337 14368216
21484085 10851872
39964204 12422469
21483762 14406689
2790169 10542221
21484087 12422492
21484316 10542225
21484318 10542226
2780908 10542230
21484233 12422523
21484235 10851923
21484324 10542243
2933961 14368558
21484326 10542248
39964208 10542251
15335103 12422558
2817571 15408118
2833666 9976505
39964210 10542260
2780912 10542262
21484333 10542264
21483925 12422597
21484335 10542266
2822533 14336716
2767674 10037696
39964212 10542274
2791896 10542275
2767849 10542280
2862381 15408456
1202795 13617629
2818519 9977337
2862100 10851993
2913665 10542295
2843355 14337478
39964215 15408656
2818510 12422730
21483784 12422731
2803533 10542302
2767970 10542305
21483864 12422752
15334400 12422776
17725162 10542316
2797822 10542326
21484344 10542327
21484346 10542330
2822609 10542336
21484349 10542352
3004862 13617660
39964219 10542366
2831048 13663259
2850549 12422955
2781234 10542375
21484352 10542376
21484292 12423002
2795644 10542387
2936177 12423036
39964221 15409691
21484126 14406744
39964223 14838645
2768982 10542416
39964226 13818557
2791102 12423218
2798629 10542446
21484358 10542455
2769640 10542458
2864224 14340581
18579323 12423320
2841780 9582283
2848233 9582283
21484360 10542467
13757650 12423366
2769813 10542469
2769885 10542472
39964232 10542479
2803402 10542481
21483901 12423448
21484365 10542486
2788391 10542495
39964234 12423494
2770819 10542498
13685448 12423516
21484371 10542501
15327521 10542502
39964235 12819221
21484155 15411084
21483884 12423634
21484375 10542530
2806050 10542532
39964238 12423663
2808045 12423664
2781268 10542535
2806120 10542538
39964239 10542540
2791699 10542543
2791763 10542548
2789318 10542553
21483854 12423754
2924034 9582690
21484383 10542585
2776460 35625793
2880816 12423860
21483936 12423862
39964244 12423868
21484385 10542592
21484162 12423892
21484951 15412002
21484387 10542597
2863899 12423910
39964246 14372037
15334251 10542608
39964249 9582883
15328246 12424039
21484152 12819412
39964250 10542635
2835521 13664226
2772702 10542663
21484392 10542692
39964258 10542701
2785020 10542723
2797079 10542732
17509875 10542761
39964264 10542770
2773618 10542772
2806255 10542774
39964265 10542778
21483904 10542778
17509876 9983243
2807272 10542788
21484400 10542794
39964268 10542798
21484402 10542807
21484404 10542818
2804055 10542826
2807317 10542848
2774521 10542849
39964273 10542850
2781817 10542877
2781839 10542888
21484409 10542891
2793804 10542910
2931198 10542914
2802945 10037908
20051467 10542921
2798015 10542929
2835154 10542932
21484418 10542934
2781971 10542960
2776169 10542963
2776276 10542980
39964283 10542982
2776490 10543002
2811263 10543008
2776719 10543032
21484428 10543055
21484430 10543059
2777172 10543064
21484432 10543067
2809917 10543068
2803181 10543077
2781520 10543084
21484436 9983388
2797913 10543117
2803185 10543123
39964295 10543129
2778150 10543175
2803548 10543184
30251362 10543198
2763190 10543233
2837403 10543246
2950665 10543251
39964308 10543256
2938012 10543260
21484451 10543263
39964310 10543264
21484454 10543269
21484456 10041661
2771141 10543276
2915702 10543279
39964313 10543284
21484460 10543286
21484464 10543293
2791782 10543301
2919151 10543305
2803408 10543313
21484467 10543319
17865925 10543345
12204915 9584410
21484471 10543368
2928219 10543380
10213379 9984105
3008583 9984109
39964321 9584427
3000994 9984113
21484476 10543381
2802399 10543386
21484479 10543387
2802836 10543390
2929056 10543392
21484482 10543394
2955040 10853188
2931907 10543403
21484486 9984137
2806899 10543440
39964327 10543442
2818944 10543447
2770997 10543449
21484490 10543462
21484492 10543463
2765474 10543473
3014947 10543475
21484496 10543477
17462169 10543496
2793990 10543514
39964332 10041733
2793149 10543525
2962867 10041740
21484504 10543534
39964334 10543536
2966710 10543560
2803350 10543561
2929645 10543562
21484511 10543563
3050418 10543564
2837645 10543580
21484518 10543581
2777770 10543585
3014566 10543586
7794780 10543587
2777608 10543588
21484523 10543589
2784314 10543594
21484526 10543608
21484529 10543631
21484531 10041780
21484533 10543645
2990579 10543667
2794336 10543669
2918509 10543672
21484538 10543675
18578187 10543687
21484541 10543693
2802234 10543694
2762530 10543695
2917745 10543696
2930803 10543697
21484546 10543698
998157 10543700
21484355 10543703
2802753 10543704
2999054 10543719
39964342 10543720
39964343 10041800
12059524 10543730
13780721 10543731
39281090 10543731
2795505 10543732
2791685 10543742
2999674 10543752
2694623 10543755
21484553 10543764
21484555 10543765
2773777 10543769
12066451 10543771
21483989 10543776
2999249 10543782
2802913 10543789
2781922 10543790
2775916 10543791
2802319 10543798
2938312 10543800
2803332 10543801
39964346 10543802
2814819 10543803
2837647 10543809
21484564 10543811
2794980 10543814
2791639 10543817
21484500 10543818
21484567 10543819
2822109 10543822
2929627 10543823
39964347 10543824
2792047 10543825
21484571 10543827
21484573 10543828
21484575 10543832
13697392 10543833
2995792 10543836
3001756 10543838
2995528 10543843
2992557 10543846
21484583 10543848
21484587 10543851
21484589 10543854
2959492 10543858
21484042 10543862
2783641 10543863
21484593 10543865
21484595 10543866
2836492 10543870
2775183 10543871
21484599 10543880
21484601 10543914
39964355 10543920
15334471 10543923
15334469 10543926
21484605 10543927
2802044 10543929
2927225 10543933
2797944 10543939
21484611 10543941
2972908 10041857
2931227 10543942
21484614 10543943
2781098 10543951
21484617 10543958
21484619 10543962
15334300 10543967
21484622 10543977
21483860 10543990
3002024 10543999
21484626 9985320
2968265 10544026
3001991 9985324
21484630 10544029
21484632 9585049
21484634 10544034
3014571 10544035
2950570 10041878
2813651 10544036
21484639 10544038
21484641 9985328
21484643 9985330
2928904 10544042
21484646 10544054
15334386 10544061
21484841 10544148
39964366 10544148
21484653 10544149
39964367 10544150
39964368 10544152
21484655 10544153
21484657 10544193
2800338 10544215
39964371 10544220
21483551 10544222
2782268 10544225
39964373 10544249
21484663 10544317
21484665 10544320
21484667 10544321
21484669 9585455
21484671 10544344
3048139 10544358
21484675 10544435
21484677 10544438
21484682 10544470
21484684 10544503
18578355 10544524
21484687 10544529
21484689 10544530
21484697 10461231
2927942 10591035
21484133 10857753
21484699 10591041
2792963 10591054
39964381 12184610
21484701 12521391
21484141 10591102
21484707 10591123
2794373 10591126
2922937 10858245
3028267 10544612
21484713 10591139
21484716 13818850
21484718 10858260
39964383 10591147
3009826 10591152
21484721 10591157
39964384 10591158
21484723 10591159
21484725 10858273
2983168 10858276
13689582 10858277
3027522 10858279
39964385 12521396
2762289 10858283
21484733 10858289
2915967 10858295
2802399 10858296
21484071 12184643
12459362 12188762
3019331 10858301
13713375 10544627
39964386 10544630
15333615 10045410
2775880 10544631
21484741 10544647
2993321 10544649
2946934 10544653
15334308 10544654
2928511 10544657
2988068 10544661
2922989 10544683
12053416 10544687
2938529 10544701
21484751 10544737
21484754 9989535
30248783 10544769
21484756 10461347
2955060 10544778
21484759 10544805
2933961 10544824
2800152 10544826
39964387 39964388
39964390 10544870
21484763 10544879
21484765 10544885
15326924 10544904
2793033 10544916
3015038 10544919
2793721 10461400
17462170 10544935
2806913 10544936
3013658 10544951
2926960 10461420
2763168 9586486
21484693 10544980
2763360 10461423
2773380 10544991
2802056 9989988
2824448 9990012
18578341 9990016
2804364 10545001
2775908 9990036
15328393 10545008
2782266 10545037
2930439 10545065
21484784 10545067
2787649 9990456
2927179 10545084
2780676 9990547
2918506 10545108
2802046 9990569
21484787 10545128
21484789 9990606
21484426 10545135
21484791 10545145
21484793 10545157
2928359 9586675
3020915 10545217
15327183 10048355
15327182 10545223
3002226 10545235
21484799 10545243
39964403 10545257
2987426 10545259
2780505 10545269
17725345 10545276
39964406 10545276
2796737 10048379
2995828 10545293
39964408 10545300
2808598 10545307
2764665 10461556
2938205 10545318
2782015 10461557
996886 10461559
2764735 10461569
2764737 9586837
21484819 10545388
21484821 10545393
2930607 10545395
2764751 10545397
2911483 10545407
21484242 10545424
2764929 10545426
39964413 10545430
2824863 10545431
2781491 10545433
21484828 10545435
21483619 10545446
13796808 10858305
21484835 10545510
2764947 10545515
21484838 10545524
2917202 10545528
2932693 10545541
2834594 9587054
2988278 10545549
2842952 10545550
2794190 10545555
2992418 10545566
2802397 10545580
21484848 10545587
21484850 10545588
2817695 9991504
2938310 10545599
2776502 10545612
21484856 10545613
2938139 10545624
39964421 10545629
21484833 10545632
2833597 10048480
30249097 10461605
21484862 10545643
39964424 10545655
2802369 10545664
15333585 10545672
2776566 10545673
21484867 10545676
21484869 9991767
3010494 10545678
21484872 10545689
2777555 10545690
3015808 10545713
21484036 10545723
2804426 10545723
21484877 10545758
21484881 10545775
21485299 10545795
21484883 10545801
21484128 10545807
21484886 10545825
2779003 10545833
7796074 10545837
2805614 9991840
20611021 10545839
18578474 10545842
2995574 10545852
3010530 10545858
2783915 9991936
2834663 10545913
21484896 9992076
2804217 9992076
39964443 10461645
21484898 10545954
12065332 10545978
21484901 10546002
21485202 10546016
21484904 10546055
21484906 10546066
15335687 10546070
2825312 10546102
2799606 10546106
2767580 9992439
2780789 10546124
21484912 9992477
39964453 10546136
3017029 10546152
39964461 10546209
21484915 10546232
2930415 10546250
21484918 10546259
21484009 10546285
21484920 10546313
39964472 10546337
2803394 9992932
39964474 10546361
2991999 10546403
21484925 10546409
21484927 10546428
2951701 10546436
21484929 10546463
2813626 10546475
2937801 10546488
15334322 10546496
2803496 10546499
39964484 10546515
21484936 10546546
39964489 10546605
21484945 10546606
21484947 10546608
2929059 10546636
3003120 10546641
21484954 10546676
2764697 10546678
2932620 10546688
15327522 10546689
2802642 10546699
2785995 10546706
15334446 10546713
2799433 10546716
39964491 10546718
2938099 10546728
2778110 10546769
16597616 10546782
21484967 10461843
2825324 9587935
15334443 10546853
15333605 10546856
39964493 10546858
15334437 10051818
15333606 10546864
15333584 10546865
39964496 9588003
2784944 10546935
2789823 10052894
21484977 10546952
15334401 10546954
2938141 10546976
2938148 10546987
2814905 10547022
12050909 10547038
3021849 10547049
21484982 10547050
2811788 10461876
39964500 10054448
39964501 10547078
3005234 10547084
2969207 10547091
21484988 9993643
15334435 10547096
12059523 10547105
2992135 10547107
2781524 10547115
2932575 10461877
2924910 10547138
2938626 10547148
2793629 10547158
13736819 10547170
21485001 10547180
2938197 10547211
21485003 10547226
2802236 10547240
15334431 10547246
39964509 10547290
21485007 10547298
2811329 10547311
17725346 9588268
15334442 10547356
21484182 10547368
21484248 10547368
2932377 10547380
2956305 10547418
3004840 10547440
2781552 10547470
3027563 10547485
2803565 10547513
2938001 10547522
2846395 10547559
2803190 10547572
39964518 10547592
21485024 10547597
39964519 10547612
39964521 10547623
39964522 10547633
21484185 10547648
39964525 10547655
2773458 10547661
2786420 10547663
21484238 10547663
2799153 10547673
2781941 10461921
21485031 10591433
21485033 10547702
2774110 10547707
15333596 10547711
2791293 10547737
3001355 10054486
21484301 10547742
2802915 10547747
2781939 10547758
3026912 10547767
2801803 10547768
21485045 9588573
31158754 10054490
21485047 10547821
2919797 10054493
15333850 10547861
2792951 10461961
39964529 10547878
2936250 10547882
3028654 10547890
2803265 10054495
2784024 10054496
39964533 10547917
2941042 10547939
21485060 10547947
21485065 10547969
2783815 10054500
13732594 10547980
21485069 10547990
39964536 10858315
39964538 10548005
2953270 10548019
21485075 10548026
15333614 10548063
2783517 10548066
2802614 10548068
12458700 10548079
2770384 10548086
2777255 10548103
2822317 10548107
21485086 10548112
21485088 10548118
2780574 10548124
2883195 10548134
2983966 10548142
21485092 10548146
2835152 10548154
15334470 10548162
2781925 10548171
2775910 10462072
2763200 10548185
4544601 10548186
21485098 10548191
18578488 10548197
21485101 10548206
2782364 10057038
39964547 10548218
2782283 10548237
13729101 10548238
21485110 10548240
21485112 10548263
21485114 10548276
21485116 10548283
21485118 10548287
2771731 10548288
21485062 10548293
2954905 10548295
21485121 10548301
2780088 10548311
2802214 10548315
2763041 10548319
2784715 9995571
39964557 9995593
2915108 10548326
3005430 10548328
15334452 10548341
2824099 10462090
2800493 10548355
3002797 9995680
2781522 10462092
2802393 10548365
2802377 10548367
2787647 10548373
13721018 10548382
2931596 10548391
37980632 10548407
21485106 10548411
2794725 10548415
39964568 9589162
3015455 10548427
39964569 10548435
2781650 10548437
2834014 10548438
2834304 9995973
21485155 10548441
39964572 10548445
2784713 10548455
21485158 10548463
2794084 10548468
39964573 10548474
21485165 10548484
21485169 10548489
39964575 10858329
39964576 10548490
21485175 10548499
21485177 10548504
2799543 10548505
2955037 10548516
2802344 10548523
2780477 10462113
2939027 10548539
21485186 10548563
21485188 10548569
39964585 9996262
21485191 9996276
39964587 9996290
21485193 10548601
2874540 10548605
21485197 10548607
2992059 10548608
21485200 10548615
21485204 10548629
2764755 10548631
15334473 10548634
2988835 10548642
15334327 10057060
2792379 10548659
21485215 10548662
21485217 10548666
2803508 10548668
2988463 10548674
2992439 10548677
21485223 10548693
21485225 10548696
13681803 10548698
21485228 10548706
21483978 10548718
2802415 10548726
2833284 10548727
2765304 10548737
39964596 10548740
2803312 10548746
39964598 10548750
21485239 10548753
2802407 10057064
2938137 10548757
39964600 10548758
21485243 10591544
2996698 10548766
21485246 10548773
21485248 10548780
21485295 10548784
39964602 10548787
21483775 10548790
21483877 10548797
21485251 10548808
21485253 10548817
21485255 10591563
39964605 10548825
2790845 10462150
39964608 10548843
2897581 10548852
17722476 10548860
17722475 10548861
997812 10548862
13705411 10548865
2769296 10548874
39964609 39964610
39964611 39964612
2925632 9996490
39964614 9996497
21485268 10548876
21485271 10548878
13796800 10548883
2931275 10548887
2802583 10548895
3006037 10548897
2977041 10548909
21485284 10100971
2919836 10548950
7765149 10548954
2930524 10548960
2803613 10462164
2767540 10462164
39964616 10548988
2990705 10548997
3001396 10549004
15641516 9589952
21485305 12188786
2917833 10462189
2942141 10549046
21485309 10549053
15641517 10549058
21485312 10549073
21485316 9996886
21485318 10462199
21485320 10549119
12458934 10549123
21485323 10549125
3005811 10549153
21485328 10549185
21484219 10549205
21485330 10549205
2915220 9997049
3001384 10462223
21485334 10549217
21485336 10549227
15334430 10549228
39964618 10591632
15333849 10549230
2949181 10549232
12064925 10462234
21485342 10462238
21485344 10462243
39964619 10549262
21485346 10462274
21485348 10549284
2965044 9997276
21485351 10549306
2942260 10549307
21485354 10549310
16593209 10549346
13739292 10549356
21484004 10549358
21485359 10549369
2768307 9590437
21485363 9590456
21485361 10549393
21485365 10107859
39964620 10549415
2932703 10549423
13797046 10549434
39964621 9997672
21484061 10549447
21485368 9997728
39964622 10549464
21485371 10549484
21485373 10858356
2926120 10549486
21485376 10549494
997346 10462479
21485378 10549530
21485380 10549532
2938026 10112439
21485382 9997860
2949248 10549554
12066909 9590674
3001749 10549561
2971817 10549562
12067115 10549568
2781252 10549571
2930344 10549580
39964623 10549585
2783653 10549592
21485392 10549609
21485394 10549611
21485396 10549625
15327495 10549632
2991931 9997874
39964624 10462482
2771670 10549637
39964625 9997911
12067290 10549647
3011346 10549650
