40711479 40711480
40711481 40711482
16407605 40711483
10369514 40711484
40711485 40711486
16407799 40711487
3113493 40711488
40711489 20077290
14945183 40711490
3701792 40711491
16407802 40711492
10323180 40711493
10397800 40711494
988480 40711495
3656161 40711496
40711497 40711498
40711499 40711500
40711501 40711502
40711503 40711504
40711505 40711506
40711507 40711508
40711509 40711510
1974250 40711511
16407800 40711512
10397794 40711513
1154977 40711514
40711515 40711516
10369502 20077689
10369470 40711517
10369503 40711518
718504 40711519
40711520 40711521
10304108 40711522
10369479 40711523
10369524 40711524
40711525 40711526
40711527 40711528
10369393 40711529
40711530 20077691
10369508 40711531
40711532 40711533
169404 40711534
40711535 40711536
10397796 40711537
10369487 40711538
40711539 40711540
40711541 40711542
40711543 40711544
40711545 40711546
40711547 40711548
40711549 40711550
40711551 40711552
3649120 40711553
10240426 40711554
40711555 40711556
10303135 40711557
10464643 40711558
40711559 40711560
10369430 40711561
40711562 40711563
40711564 40711565
40711566 40711567
40711568 40711569
2566619 40711570
10369471 40711571
40711572 40711573
3493828 40711574
16407829 40711575
40711576 40711577
40711578 40711579
40711580 40711581
40711582 40711583
40711584 40711585
16407855 40711586
1737650 40711587
10369477 40711588
10369485 40711589
10369539 40711590
15113655 40711591
10369496 40711592
40711593 40711594
2548794 40711595
10369349 40711596
40711597 40711598
10415788 40711599
10397795 40711600
40711601 40711602
40711603 40711604
10369509 40711605
10369497 40711606
10369507 40711607
16407847 40711608
10369480 40711609
40711610 40711611
10369536 40711612
10369358 40711613
40711614 40711615
10369501 40711616
10369519 40711617
10169075 40711618
10281221 40711619
40711620 40711621
1557419 40711622
40711623 40711624
16407806 40711625
40711626 40711627
10301810 40711628
40711629 40711630
40711631 40711632
40711633 40711634
16407827 40711635
40711636 40711637
40711638 40711639
4939790 40711640
40711641 40711642
521184 40711643
40711644 40711645
40711646 40711647
40711648 40711649
40711650 40711651
40711652 40711653
541275 40711654
40711655 40711656
40711657 40711658
10281194 40711659
10415289 40711660
40711661 40711662
16351096 40711663
10415240 40711664
40711665 40711666
1942896 40711667
40711668 40711669
40711670 40711671
40711672 40711673
40711674 40711675
40711676 40711677
444476 40711678
40711679 40711680
14945163 40711681
40711682 20077710
505096 40711683
40711684 40711685
16407787 40711686
40711687 40711688
40711689 40711690
40711691 40711692
1580436 40711693
10303137 40711694
40711695 40711696
40711697 40711698
1962583 40711699
40711700 40711701
676921 40711702
40711703 40711704
14945185 40711705
2006466 40711706
40711707 40711708
10240425 40711709
10240415 40711710
36706341 40711711
20561681 40711712
40711713 40711714
40711715 40711716
10369446 40711717
40711718 40711719
40711720 40711721
40711722 40711723
10369518 40711724
12521112 40711725
40711726 40711727
10369541 40711728
10369472 40711729
10369532 40711730
40711731 40711732
40711733 40711734
10369540 20078105
10369478 40711735
10369531 40711736
10369432 20078107
10369491 40711737
40711738 40711739
10369512 40711740
16407879 40711741
360133 40711742
10369542 40711743
40711744 40711745
40711746 40711747
40711748 40711749
16407876 40711750
40711751 40711752
16407877 40711753
40711754 40711755
40711756 40711757
40711758 40711759
40711760 40711761
40711762 40711763
14667684 40711764
40711765 40711766
2549092 40711767
469665 40711768
16407887 40711769
10369488 40711770
10369544 40711771
10369493 40711772
40711773 40711774
40711775 40711776
16407906 40711777
40711778 40711779
16407785 40711780
40711781 40711782
16407892 40711783
40711784 40711785
40711786 40711787
40711788 40711789
10369458 40711790
10369526 40711791
10391127 40711792
10397799 40711793
10369543 40711794
10369456 40711795
1358748 40711796
40711797 40711798
40711799 40711800
426884 40711801
40711802 40711803
10369495 40711804
10303139 40711805
16407337 40711806
10444669 40711807
16250348 40711808
40711809 40711810
3071739 40711811
40711812 40711813
1623006 40711814
40711815 40711816
1540540 40711817
1499622 40711818
10391128 40711819
16407632 40711820
40711821 40711822
3499556 40711823
40711824 20078859
14827276 40711825
40711826 40711827
10369510 40711828
40711829 40711830
10369476 40711831
10397797 40711832
40711833 40711834
10391137 40711835
40711836 40711837
40711838 40711839
1372576 40711840
10303136 40711841
991824 40711842
10369520 40711843
10369465 40711844
40711845 40711846
16407241 40711847
1422290 40711848
10369441 40711849
15121181 40711850
36667738 40711851
40711852 40711853
10369516 40711854
40711855 40711856
40711857 40711858
40711859 40711860
10369547 40711861
10369481 40711862
10304105 40711863
40711864 40711865
10415231 40711866
10369424 40711867
10369527 40711868
10397801 40711869
10369447 40711870
16407635 40711871
10369469 40711872
21084217 40711873
10323183 40711874
525615 40711875
40711876 40711877
40711878 40711879
40711880 40711881
14375257 40711882
40711883 40711884
40711885 40711886
40711887 40711888
16407634 40711889
40711890 40711891
16407926 40711892
1422290 40711893
40711894 40711895
40711896 40711897
40711898 40711899
40711900 40711901
40711902 40711903
40711904 40711905
40711906 20078984
40711907 40711908
40711909 40711910
40711911 40711912
4468205 40711913
10369308 40711914
10415284 40711915
40711916 40711917
40711918 40711919
10240422 40711920
495172 40711921
40711922 40711923
16407275 20079103
40711924 20079104
40711925 40711926
40711927 40711928
40711929 40711930
10369442 40711931
10415775 40711932
651521 40711933
40711934 40711935
10415290 40711936
40711937 40711938
10415262 40711939
40711940 40711941
3527238 40711942
10415237 40711943
16407274 40711944
10369453 40711945
10369309 40711946
10303124 40711947
1110112 40711948
40711949 40711950
1391036 40711951
16407262 40711952
277216 40711953
10395630 40711954
40711955 40711956
40711957 40711958
10240411 40711959
10369473 40711960
10369452 40711961
14945172 40711962
10369515 40711963
3088080 40711964
10369467 40711965
3465392 40711966
40711967 40711968
10397793 40711969
10369455 40711970
10369522 40711971
10369459 40711972
10397788 40711973
40711974 40711975
10369420 40711976
40711977 40711978
10281169 40711979
40711980 40711981
10415783 40711982
40711983 40711984
10281199 40711985
16407261 40711986
10281167 20079108
40711987 20079109
40711988 40711989
40711990 40711991
10281170 40711992
40711993 40711994
10281168 40711995
10415784 40711996
40711997 40711998
2185601 40711999
16407267 40712000
40712001 40712002
40712003 40712004
16407583 40712005
16407254 40712006
40712007 40712008
10369537 40712009
40712010 40712011
40712012 40712013
460325 40712014
36706342 40712015
40712016 40712017
10369521 40712018
10369484 40712019
36671011 40712020
10369426 40712021
10323185 40712022
40712023 40712024
10369505 40712025
40712026 40712027
40712028 40712029
10415782 20079330
10369433 40712030
10415274 40712031
40712032 40712033
40712034 40712035
4843226 40712036
150967 40712037
10369437 40712038
10415232 40712039
40712040 40712041
40712042 40712043
1741403 40712044
10415234 40712045
40712046 40712047
10465212 40712048
10415280 40712049
40712050 40712051
40712052 40712053
16407291 40712054
10369311 40712055
16407298 40712056
10281219 40712057
10369483 40712058
36670262 40712059
10369533 40712060
16407660 40712061
10369425 40712062
10415233 40712063
36706361 40712064
16407288 40712065
40712066 40712067
10369451 40712068
10415254 40712069
10369360 40712070
10323176 40712071
10369528 40712072
695677 40712073
10369353 40712074
1112270 40712075
36706340 40712076
4004869 40712077
40712078 40712079
40712080 40712081
10415781 40712082
40712083 40712084
1945253 40712085
180465 40712086
16407282 40712087
10415283 40712088
10493930 40712089
40712090 40712091
40712092 40712093
751404 40712094
40712095 40712096
40712097 40712098
40712099 40712100
36728905 40712101
40712102 40712103
40712104 40712105
40712106 40712107
10303126 40712108
40712109 40712110
40712111 40712112
10369440 40712113
40712114 40712115
40712116 40712117
40712118 40712119
1141779 40712120
40712121 40712122
40712123 40712124
40712125 40712126
40712127 40712128
40712129 40712130
16407299 40712131
40712132 40712133
10369384 40712134
1376591 40712135
40712136 40712137
115925 40712138
10415268 40712139
10415267 40712140
10369517 40712141
40712142 40712143
10369461 40712144
10281189 40712145
40712146 40712147
10369438 40712148
40712149 40712150
10323160 40712151
40712152 40712153
40712154 40712155
40712156 40712157
16407638 40712158
10281198 40712159
40712160 40712161
3526017 40712162
40712163 40712164
10391123 40712165
40712166 40712167
40712168 40712169
40712170 40712171
16407639 40712172
40712173 40712174
40712175 40712176
16407767 40712177
10369475 40712178
10391133 40712179
40712180 40712181
40712182 40712183
683757 40712184
40712185 40712186
40712187 40712188
40712189 40712190
1112724 40712191
10415288 40712192
10281196 40712193
40712194 40712195
40712196 40712197
16407761 40712198
16407357 40712199
3422814 40712200
40712201 40712202
10303131 40712203
40712204 20079780
10369486 20079782
40712205 40712206
40712207 40712208
10369444 40712209
40712210 40712211
10369462 40712212
10369310 40712213
10369376 40712214
40712215 40712216
16407360 40712217
40712218 40712219
173008 40712220
40712221 40712222
40712223 40712224
40712225 40712226
40712227 40712228
40712229 40712230
10369312 40712231
40712232 40712233
352903 40712234
16407324 40712235
10281217 40712236
40712237 40712238
40712239 40712240
40712241 40712242
40712243 40712244
40712245 40712246
40712247 40712248
40712249 40712250
40712251 40712252
10415275 40712253
10369498 40712254
10369454 40712255
40712256 40712257
40712258 40712259
40712260 40712261
40712262 40712263
40712264 40712265
40712266 40712267
10303132 40712268
40712269 40712270
40712271 40712272
40712273 40712274
40712275 40712276
40712277 40712278
10323182 40712279
40712280 40712281
10369499 40712282
40712283 40712284
3441130 40712285
10369314 40712286
10369449 40712287
40712288 40712289
40712290 40712291
40712292 40712293
40712294 40712295
10323169 40712296
10369489 40712297
16407771 40712298
10369513 40712299
40712300 40712301
10369492 40712302
10369535 40712303
674152 40712304
10369443 40712305
40712306 40712307
10415778 40712308
10273107 40712309
524866 40712310
10391136 40712311
10397798 40712312
149531 40712313
1287513 40712314
10369375 40712315
10369463 40712316
10369529 40712317
10369500 40712318
459428 40712319
36706353 40712320
40712321 40712322
10369494 40712323
10281177 40712324
12521124 40712325
16407350 40712326
10415787 40712327
40712328 40712329
10363096 40712330
36706365 40712331
16407640 40712332
3523194 40712333
10281172 40712334
16407487 40712335
40712336 40712337
40712338 40712339
10415779 40712340
40712341 40712342
10415785 40712343
40712344 40712345
40712346 40712347
10303133 40712348
40712349 40712350
40712351 40712352
40712353 40712354
40712355 40712356
40712357 40712358
40712359 40712360
16407332 20821032
40712361 40712362
40712363 40712364
40712365 40712366
40712367 40712368
40712369 40712370
40712371 40712372
40712373 40712374
40712375 40712376
40712377 40712378
40712379 40712380
40712381 40712382
16407346 40712383
40712384 40712385
40712386 40712387
40712388 40712389
40712390 40712391
40712392 40712393
40712394 40712395
40712396 40712397
40712398 40712399
40712400 40712401
1850781 40712402
40712403 40712404
40712405 40712406
10369315 40712407
4822764 40712408
40712409 40712410
40712411 40712412
3492824 40712413
2551044 40712414
10281173 40712415
10281176 40712416
40712417 40712418
1113574 40712419
40712420 40712421
40712422 40712423
10415260 40712424
10359343 40712425
10415271 40712426
36706363 40712427
10323177 40712428
40712429 40712430
40712431 40712432
40712433 40712434
40712435 40712436
10281212 40712437
10369379 40712438
40712439 40712440
16407369 40712441
40712442 40712443
10304107 40712444
16407368 40712445
10369504 40712446
40712447 40712448
16407365 40712449
10323168 40712450
10369317 40712451
10415269 40712452
10415277 40712453
10415255 40712454
10369410 40712455
628128 40712456
40712457 40712458
10369534 40712459
10369316 40712460
40712461 40712462
10391135 40712463
36706362 40712464
10467874 40712465
40712466 17867925
10323161 17868013
40712467 17868113
10415291 17868115
12633368 17868117
40712468 17868121
3116472 17868123
40712469 17868125
3477672 17868127
40712470 17868131
40712471 17868133
40712472 17868135
40712473 17868155
40712474 17868280
40712475 40712476
10369390 40712477
10369361 40712478
36667924 40712479
40712480 40712481
40712482 40712483
16407788 40712484
40712485 40712486
40712487 40712488
231039 40712489
10369369 40712490
2552394 40712491
40712492 40712493
3080256 40712494
40712495 40712496
10281213 20080431
16407392 40712497
40712498 20080433
40712499 40712500
10415281 20080435
40712501 40712502
10369435 40712503
10369318 40712504
40712505 40712506
2513685 40712507
40712508 40712509
16407399 40712510
10415256 40712511
10440066 40712512
10369333 40712513
10369319 40712514
10369448 40712515
10369450 40712516
16407381 40712517
10369380 40712518
10369422 40712519
10369414 40712520
3489232 40712521
10369417 40712522
16407396 40712523
2550318 40712524
3489700 40712525
40712526 40712527
40712528 40712529
40712530 40712531
40712532 40712533
18425412 40712534
40712535 40712536
40712537 40712538
40712539 40712540
40712541 40712542
4295502 20080467
40712543 40712544
40712545 40712546
40712547 40712548
40712549 40712550
40712551 40712552
40712553 40712554
40712555 40712556
40712557 40712558
40712559 40712560
40712561 40712562
1747672 40712563
10415235 40712564
40712565 40712566
10391118 40712567
40712568 40712569
40712570 40712571
40712572 40712573
40712574 40712575
16407786 40712576
40712577 40712578
40712579 40712580
40712581 40712582
1634687 40712583
10369320 40712584
16407410 40712585
40712586 40712587
10369343 40712588
10281205 40712589
10369320 40712590
40712591 40712592
40712593 40712594
1121087 40712595
10323165 40712596
40712597 40712598
40712599 20080995
40712600 40712601
40712602 40712603
10369411 40712604
10369322 40712605
10369342 40712606
10369431 40712607
10369321 40712608
40712609 20080999
1146113 40712610
10369413 40712611
10369323 40712612
10415258 40712613
10397791 40712614
10246990 40712615
3169488 40712616
10240417 40712617
40712618 40712619
40712620 40712621
40712622 40712623
40712624 40712625
40712626 40712627
40712628 40712629
40712630 40712631
10415279 40712632
40712633 40712634
40712635 40712636
40712637 40712638
40712639 40712640
10415251 40712641
3068704 40712642
10281191 40712643
40712644 40712645
1120482 40712646
10415236 40712647
40712648 40712649
40712650 40712651
10369368 40712652
10369538 40712653
10415270 40712654
10369362 40712655
10391119 40712656
10369460 40712657
40712658 40712659
40712660 40712661
633402 40712662
40712663 40712664
829271 40712665
16407417 40712666
10369381 40712667
40712668 40712669
40712670 40712671
10369395 40712672
14945173 40712673
40712674 40712675
10369403 40712676
1122131 40712677
18428538 40712678
10369398 40712679
1933003 40712680
40712681 40712682
10369511 40712683
40712684 40712685
10369324 40712686
16407437 40712687
40712688 40712689
40712690 40712691
40712692 40712693
10369436 40712694
10369325 40712695
10323162 40712696
16407431 40712697
10369363 40712698
10369427 40712699
10369391 40712700
10369370 40712701
4009761 40712702
16407465 40712703
10369400 40712704
10323163 40712705
40712706 40712707
36706352 40712708
22466804 40712709
40712710 40712711
40712712 40712713
40712714 40712715
40712716 21668400
40712717 40712718
40712719 21672883
40712720 40712721
10281190 40712722
40712723 40712724
40712725 21676188
40712726 40712727
1122578 40712728
40712729 40712730
40712731 21683747
40712732 21685928
40712733 40712734
40712735 21687312
40712736 21690092
40712737 40712738
40712739 40712740
40712741 40712742
16407456 21695459
16407424 40712743
40712744 21695694
40712745 21695796
40712746 21696000
40712747 40712748
4538502 40712749
1372574 40712750
40712751 21696547
10281180 21696624
40712752 40712753
40712754 40712755
40712756 40712757
40712758 40712759
40712760 40712761
40712762 40712763
40712764 40712765
40712766 40712767
26328786 40712768
40712769 40712770
40712771 40712772
10369332 40712773
40712774 40712775
40712776 40712777
10369329 40712778
2269787 40712779
40712780 40712781
4114404 40712782
40712783 40712784
40712785 40712786
10369404 40712787
40712788 40712789
40712790 40712791
40712792 40712793
40712794 40712795
10369331 40712796
10369328 40712797
10369371 40712798
40712799 40712800
40712801 40712802
10369418 40712803
10166847 40712804
36706323 40712805
10466151 40712806
16254745 14981121
40712807 40712808
1783109 14981340
36706367 40712809
40712810 40712811
16279471 40712812
40712813 40712814
40712815 40712816
4490797 40712817
40712818 40712819
10323186 40712820
40712821 40712822
40712823 40712824
10323164 40712825
40712826 40712827
40712828 40712829
40712830 20081952
40712831 40712832
40712833 40712834
40712835 40712836
40712837 40712838
10240427 40712839
4962882 40712840
10369386 40712841
3122256 40712842
345823 40712843
687642 40712844
40712845 40712846
40712847 40712848
40712849 40712850
40712851 40712852
16407508 40712853
40712854 40712855
10281201 40712856
10369374 40712857
10369457 20081954
40712858 40712859
10415239 40712860
40712861 20081956
40712862 40712863
3098205 40712864
40712865 40712866
40712867 40712868
40712869 40712870
10369396 40712871
10415238 40712872
10415257 40712873
10281183 40712874
40712875 40712876
40712877 40712878
16407505 40712879
40712880 40712881
16407822 40712882
10415242 40712883
16407498 40712884
40712885 40712886
10369337 40712887
10369506 40712888
40712889 40712890
10281184 40712891
40712892 40712893
1633996 40712894
40712895 40712896
541171 40712897
40712898 40712899
40712900 40712901
40712902 40712903
36670353 40712904
16407526 40712905
10369357 40712906
40712907 40712908
16407521 40712909
40712910 40712911
40712912 40712913
10415791 40712914
7817882 40712915
40712916 40712917
10369464 40712918
10369407 40712919
10369405 40712920
16325526 40712921
40712922 40712923
10240421 40712924
10391132 40712925
10391131 19924909
10369546 19924910
40712926 19924912
10369372 19924915
16407646 19924917
10369399 19924918
10369416 19924921
10246991 19924924
10323172 19924926
36706328 19924928
10369408 19924929
10391120 19924930
40712927 19924931
10273109 19924932
40712928 19924933
16407528 19924936
10369350 19924937
10369356 19924938
16407520 19924939
40712929 40712930
10369382 40712931
10391124 40712932
40712933 40712934
16407507 40712935
10369392 40712936
10369338 40712937
40712938 40712939
16407496 40712940
10323173 40712941
10369354 40712942
22351614 40712943
10391117 40712944
40712945 40712946
10369352 40712947
14839314 40712948
40712949 40712950
40712951 40712952
40712953 40712954
40712955 40712956
40712957 40712958
2546761 40712959
40712960 40712961
40712962 40712963
40712964 40712965
40712966 40712967
10415777 20081960
40712968 40712969
40712970 20081976
40712971 40712972
40712973 40712974
16407536 40712975
40712976 40712977
40712978 40712979
36706359 40712980
10303134 40712981
40712982 40712983
40712984 40712985
10281192 40712986
16407540 40712987
40712988 40712989
40712990 40712991
40712992 40712993
40712994 40712995
40712996 40712997
676405 40712998
40712999 40713000
40713001 40713002
40713003 40713004
40713005 40713006
10369334 40713007
10323181 40713008
40713009 40713010
40713011 40713012
40713013 20081992
40713014 40713015
40713016 40713017
40713018 40713019
40713020 40713021
40713022 40713023
40713024 40713025
40713026 40713027
97132 40713028
10303127 40713029
10369335 40713030
40713031 40713032
40713033 40713034
770767 40713035
10281214 40713036
40713037 40713038
40713039 40713040
10323184 40713041
16407503 40713042
10415286 40713043
40713044 40713045
10281197 40713046
40713047 40713048
40713049 40713050
40713051 40713052
40713053 40713054
40713055 40713056
40713057 40713058
40713059 40713060
16407523 40713061
3699261 40713062
36706316 40713063
10391126 40713064
10391122 40713065
36706350 40713066
10359344 40713067
36706360 40713068
10415273 40713069
36706351 40713070
40713071 40713072
10369341 40713073
40713074 40713075
10240412 40713076
10415259 40713077
40713078 40713079
40713080 40713081
10369367 40713082
40713083 40713084
10369364 40713085
424236 40713086
16407551 40713087
40713088 40713089
16407556 40713090
40713091 40713092
10369387 40713093
40713094 40713095
532891 40713096
10369351 40713097
10369340 40713098
40713099 40713100
10415263 40713101
40713102 40713103
40713104 40713105
10415248 40713106
10415243 40713107
10369388 40713108
10369428 40713109
10369406 40713110
10369415 40713111
3100976 40713112
10323171 40713113
4487875 40713114
10369339 40713115
10369419 40713116
10415253 40713117
3433154 40713118
793649 40713119
1535334 40713120
16407548 40713121
3511093 40713122
16407557 40713123
40713124 40713125
40713126 40713127
40713128 40713129
40713130 40713131
40713132 40713133
40713134 40713135
40713136 40713137
40713138 40713139
40713140 40713141
16407558 40713142
40713143 40713144
40713145 40713146
40713147 40713148
40713149 40713150
2016517 40713151
40713152 40713153
40713154 40713155
40713156 40713157
40713158 40713159
40713160 40713161
40713162 40713163
40713164 40713165
40713166 40713167
1395657 40713168
40713169 40713170
40713171 40713172
40713173 40713174
40713175 40713176
40713177 40713178
40713179 40713180
40713181 40713182
40713183 40713184
36706329 40713185
10369412 40713186
10369330 40713187
40713188 40713189
10415265 40713190
40713191 40713192
10466500 40713193
10281186 40713194
40713195 40713196
40713197 40713198
40713199 40713200
3421028 40713201
10240413 20083125
10369366 40713202
40713203 40713204
40713205 40713206
10440064 40713207
40713208 40713209
40713210 40713211
10415264 40713212
10415247 40713213
40713214 40713215
10369389 40713216
40713217 40713218
1521001 40713219
10415245 40713220
10415244 40713221
40713222 40713223
40713224 40713225
36670280 40713226
40713227 40713228
40713229 40713230
10369383 40713231
40713232 40713233
36706349 40713234
10369344 40713235
10415780 40713236
10369377 40713237
10369346 40713238
335631 40713239
10369409 40713240
10391125 40713241
36706348 40713242
525379 40713243
40713244 40713245
40713246 40713247
10369401 40713248
10323170 40713249
10369378 40713250
10397792 40713251
10369468 40713252
40713253 40713254
10248884 40713255
40713256 40713257
40713258 40713259
3441288 40713260
10303129 40713261
40713262 40713263
10369345 40713264
40713265 40713266
40713267 40713268
16407572 40713269
40713270 40713271
40713272 40713273
40713274 40713275
823379 40713276
40713277 40713278
36668286 40713279
40713280 40713281
10281187 40713282
40713283 40713284
40713285 40713286
16407588 20083273
10369347 40713287
16407590 40713288
40713289 40713290
10303130 40713291
40713292 40713293
40713294 40713295
36706347 40713296
10415252 40713297
40713298 40713299
40713300 40713301
40713302 40713303
10369348 40713304
40713305 40713306
40713307 40713308
10369397 40713309
16407724 40713310
10369421 40713311
16407598 40713312
40713313 40713314
40713315 40713316
40713317 40713318
676407 40713319
40713320 40713321
40713322 40713323
40713324 40713325
40713326 40713327
2175571 40713328
