2669914 41610475
7912585 41610476
2680094 41610477
2649602 41610478
2680942 41610479
2676158 41610480
7616010 41610481
6824114 41610482
834386 41610483
2634563 41610484
6824568 41610485
7650988 41610486
7650336 41610487
6836786 41610488
3889015 41610489
2671016 41610490
2634578 41610491
2667625 41610492
860326 41610493
860063 41610494
31133548 41610495
2691064 41610496
6836856 41610497
5190707 41610498
2634595 41610499
15985917 41610500
6836982 41610501
6841811 41610502
7701843 41610503
6837033 41610504
860328 41610505
2666150 41610506
6837110 41610507
7958946 41610508
6853079 41610509
833517 41610510
8054941 41610511
7672874 41610512
3954137 41610513
2634744 41610514
833961 41610515
5131830 41610516
6837134 41610517
2660697 41610518
8085316 41610519
7671805 41610520
6837144 41610521
6820980 41610522
2665310 41610523
2665308 41610524
832469 41610525
2668139 41610526
7952249 41610527
2667867 41610528
2672461 41610529
2634813 41610530
2647995 41610531
2668500 41610532
7921102 41610533
7907879 41610534
859565 41610535
2646392 41610536
6840788 41610537
7620178 41610538
5131753 41610539
6822029 41610540
7920208 41610541
24005297 41610542
7964613 41610543
859569 41610544
7960371 41610545
7962088 41610546
8066683 41610547
7490277 41610548
7965294 41610549
7670326 41610550
7964623 41610551
7678707 41610552
41610553 41610554
6837289 41610555
2628131 41610556
6837323 41610557
6837332 41610558
6821068 41610559
41610560 41610561
2634912 41610562
7640736 41610563
41610564 41610565
2667121 41610566
840904 41610567
857088 41610568
2634949 41610569
6823281 41610570
6837599 41610571
6860340 41610572
8286280 41610573
6837720 41610574
6864883 41610575
6837749 41610576
2635006 41610577
6837762 41610578
843985 41610579
6859129 41610580
41610581 41610582
7617289 41610583
2635080 41610584
6837807 41610585
6839108 41610586
41610587 41610588
7681905 41610589
7692873 41610590
6837879 41610591
8050266 41610592
7617867 41610593
6853687 41610594
2600140 41610595
6835998 41610596
2635147 41610597
6837972 41610598
3920011 41610599
6822531 41610600
7666455 41610601
6824858 41610602
6835951 41610603
6824650 41610604
7689625 41610605
6826928 41610606
7671492 41610607
6825661 41610608
6836795 41610609
8029371 41610610
6822543 41610611
7614316 41610612
7649523 41610613
6820471 41610614
8093983 41610615
8073016 41610616
7650288 41610617
6826522 41610618
7700306 41610619
15005056 41610620
6838128 41610621
2634245 41610622
833617 41610623
2635292 41610624
7964181 41610625
2668269 41610626
2635294 41610627
8066872 41610628
7927452 41610629
833621 41610630
8063079 41610631
7950310 41610632
15890068 41610633
6838182 41610634
7941885 41610635
6821910 41610636
7658112 41610637
6838218 41610638
7666629 41610639
6820434 41610640
2693583 41610641
5141783 41610642
7677732 41610643
2635419 41610644
833413 41610645
7627614 41610646
2635424 41610647
6824366 41610648
8046539 41610649
2669472 41610650
2661448 41610651
6847645 41610652
7613477 41610653
859929 41610654
6822648 41610655
2690027 41610656
7612492 41610657
20612560 41610658
20612561 41610659
860065 41610660
7690880 41610661
2600823 41610662
7690995 41610663
2635616 41610664
840902 41610665
2649203 41610666
2630115 41610667
6838355 41610668
2635652 41610669
2635658 41610670
7640422 41610671
6838390 41610672
7952535 41610673
7949597 41610674
9057766 41610675
6821006 41610676
41610677 41610678
15009856 41610679
2635835 41610680
860348 41610681
2635842 41610682
41610683 41610684
2662370 41610685
7643514 41610686
41610687 41610688
3775455 41610689
2669566 41610690
8045750 41610691
6821884 41610692
6822577 41610693
6838631 41610694
2736606 41610695
7683493 41610696
8077123 41610697
7685329 41610698
2676966 41610699
6838637 41610700
6838635 41610701
859593 41610702
6838642 41610703
2698900 41610704
6838656 41610705
2662788 41610706
2648840 41610707
832423 41610708
2674053 41610709
41610710 41610711
6856555 41610712
41610713 41610714
7920632 41610715
7676913 41610716
6838740 41610717
6838742 41610718
6824744 41610719
41610720 41610721
8265471 41610722
2636098 41610723
8082378 41610724
2683369 41610725
7648903 41610726
6838785 41610727
7911058 41610728
7648869 41610729
7679120 41610730
6826287 41610731
6827126 41610732
6824318 41610733
7913556 41610734
7960713 41610735
857165 41610736
7911590 41610737
6821211 41610738
7658037 41610739
2605861 41610740
7488949 41610741
8101974 41610742
860095 41610743
8072236 41610744
7676934 41610745
859508 41610746
7927472 41610747
2636126 41610748
2707722 41610749
833483 41610750
6838869 41610751
2636135 41610752
6838911 41610753
2733332 41610754
8080032 41610755
6849932 41610756
8034563 41610757
6838938 41610758
6838940 41610759
6839660 41610760
12465767 41610761
6838966 41610762
854346 41610763
7643522 41610764
6838979 41610765
6839070 41610766
834014 41610767
6839106 41610768
7949821 41610769
2698211 41610770
2689922 41610771
7696572 41610772
6839189 41610773
6824740 41610774
6839201 41610775
833384 41610776
860352 41610777
14797002 41610778
7692587 41610779
7683557 41610780
8078998 41610781
7642292 41610782
840900 41610783
2601561 41610784
2633435 41610785
2733546 41610786
7673676 41610787
2636215 41610788
7645421 41610789
860883 41610790
41610791 41610792
7678064 41610793
7688205 41610794
7633973 41610795
846192 41610796
854266 41610797
7696003 41610798
7683462 41610799
2704265 41610800
5183344 41610801
6839464 41610802
2636229 41610803
41610804 41610805
2659632 41610806
7908316 41610807
2631432 41610808
2642801 41610809
30287157 41610810
2636236 41610811
2666618 41610812
6839522 41610813
6839526 41610814
6841209 41610815
7611813 41610816
6820949 41610817
3775613 41610818
2636251 41610819
2636275 41610820
7960352 41610821
7952222 41610822
6839710 41610823
7626115 41610824
6852816 41610825
6839732 41610826
7650302 41610827
6839757 41610828
855789 41610829
2632434 41610830
7628494 41610831
6839778 41610832
7658353 41610833
7610054 41610834
6839796 41610835
6839798 41610836
7642340 41610837
6839835 41610838
6835510 41610839
7943026 41610840
2636297 41610841
2601653 41610842
3882810 41610843
7691936 41610844
7695524 41610845
16000722 41610846
8104015 41610847
6840148 41610848
6840168 41610849
145582 41610850
6864989 41610851
7613535 41610852
7920401 41610853
15973777 41610854
16526630 41610855
5142150 41610856
2628462 41610857
2656460 41610858
36280238 41610859
2636358 41610860
2693900 41610861
860251 41610862
2735753 41610863
6840312 41610864
6840316 41610865
7665684 41610866
8046109 41610867
2671550 41610868
860752 41610869
7930668 41610870
2675120 41610871
2636375 41610872
7702482 41610873
7700223 41610874
6822239 41610875
6823070 41610876
6840360 41610877
2672593 41610878
6827076 41610879
6836031 41610880
8088751 41610881
6840426 41610882
6840438 41610883
6840443 41610884
8033485 41610885
6840445 41610886
7626417 41610887
8033134 41610888
30121490 41610889
2663873 41610890
31026058 41610891
6864947 41610892
7639509 41610893
2636519 41610894
8097842 41610895
6840710 41610896
6840716 41610897
1411880 41610898
6840723 41610899
2636571 41610900
31031213 41610901
6840805 41610902
6826053 41610903
7672423 41610904
7664563 41610905
7676972 41610906
7691238 41610907
7636621 41610908
7625667 41610909
6840829 41610910
8094157 41610911
6840834 41610912
6838379 41610913
2636583 41610914
7637562 41610915
7649229 41610916
6840873 41610917
2672769 41610918
8066091 41610919
2658814 41610920
7997276 41610921
6821693 41610922
6840971 41610923
6840905 41610924
6840909 41610925
6840911 41610926
6821982 41610927
7625424 41610928
7914128 41610929
6840947 41610930
7610606 41610931
6840958 41610932
6841113 41610933
2701598 41610934
7687144 41610935
6838798 41610936
7996821 41610937
2656565 41610938
863722 41610939
2671134 41610940
2680940 41610941
859931 41610942
6840956 41610943
7691382 41610944
41610945 41610946
6821615 41610947
6840992 41610948
6840994 41610949
7952665 41610950
7687829 41610951
7921349 41610952
7675126 41610953
7690243 41610954
7488957 41610955
7611727 41610956
6820733 41610957
8091694 41610958
6841011 41610959
7614586 41610960
6841045 41610961
8068727 41610962
7665184 41610963
7650243 41610964
6841069 41610965
6837522 41610966
6821846 41610967
6841102 41610968
6841109 41610969
6821782 41610970
6841124 41610971
6854388 41610972
6841144 41610973
7690319 41610974
7621049 41610975
2636826 41610976
7665393 41610977
7953844 41610978
7913104 41610979
6826990 41610980
7610486 41610981
7665414 41610982
6825791 41610983
6822686 41610984
7664492 41610985
6831422 41610986
7927544 41610987
6820909 41610988
7642917 41610989
2636933 41610990
2602411 41610991
7929374 41610992
2637006 41610993
849231 41610994
16527341 41610995
2660608 41610996
7646099 41610997
6841582 41610998
6841613 41610999
849608 41611000
6837574 41611001
2637135 41611002
2637172 41611003
1092778 41611004
2670114 41611005
6841783 41611006
2637304 41611007
2641961 41611008
7693127 41611009
3883870 41611010
6841862 41611011
6841870 41611012
834345 41611013
7648507 41611014
6826844 41611015
6841919 41611016
2637318 41611017
859706 41611018
7908194 41611019
2629020 41611020
41611021 41611022
7696180 41611023
6841938 41611024
6841950 41611025
7676601 41611026
6841959 41611027
8100902 41611028
6826692 41611029
6835465 41611030
7701277 41611031
6842129 41611032
6821042 41611033
6853057 41611034
6823485 41611035
7660536 41611036
6842205 41611037
7648493 41611038
6842207 41611039
6824590 41611040
7645668 41611041
7666261 41611042
2687674 41611043
2637558 41611044
3907526 41611045
3884102 41611046
8071788 41611047
7649121 41611048
8054580 41611049
6853052 41611050
6826584 41611051
6842373 41611052
2637728 41611053
7637494 41611054
2603269 41611055
6840980 41611056
6823994 41611057
6842382 41611058
5142607 41611059
7611599 41611060
41611061 41611062
5134014 41611063
6842413 41611064
6842415 41611065
6821874 41611066
6825819 41611067
6823518 41611068
6853748 41611069
7700575 41611070
2627894 41611071
7626423 41611072
833489 41611073
41611074 41611075
41611076 41611077
8051940 41611078
41611079 41611080
7693011 41611081
7954951 41611082
6822916 41611083
7676736 41611084
833931 41611085
2660266 41611086
7685231 41611087
3972047 41611088
6842621 41611089
2637961 41611090
2659428 41611091
6831208 41611092
7945446 41611093
8101557 41611094
8099883 41611095
7931243 41611096
8092139 41611097
6826700 41611098
8037980 41611099
6864941 41611100
7684822 41611101
2637979 41611102
7681304 41611103
7483374 41611104
2637993 41611105
2637998 41611106
2603634 41611107
6842667 41611108
860241 41611109
7491213 41611110
6820963 41611111
860653 41611112
6852704 41611113
6842784 41611114
7630234 41611115
7668998 41611116
41611117 41611118
2649588 41611119
832333 41611120
3935672 41611121
6820759 41611122
6842870 41611123
3884507 41611124
6820551 41611125
2624768 41611126
6842932 41611127
2663214 41611128
5169517 41611129
6842935 41611130
8080948 41611131
6851548 41611132
2638419 41611133
6842972 41611134
7690277 41611135
16528389 41611136
2661865 41611137
2652935 41611138
2656248 41611139
2638427 41611140
832479 41611141
6843014 41611142
832570 41611143
2638610 41611144
2638613 41611145
6843084 41611146
6843086 41611147
7930383 41611148
8084578 41611149
8031671 41611150
6825745 41611151
7684628 41611152
41611153 41611154
7675745 41611155
3889504 41611156
2638697 41611157
41611158 41611159
41611160 41611161
7623511 41611162
2638715 41611163
2638817 41611164
7993693 41611165
41611166 41611167
2631744 41611168
8017293 41611169
5133573 41611170
6843516 41611171
7688388 41611172
6843561 41611173
6843563 41611174
2638982 41611175
7691881 41611176
6821646 41611177
6843569 41611178
2681333 41611179
41611180 41611181
41611182 41611183
2668773 41611184
36065938 41611185
5133671 41611186
5133677 41611187
2639124 41611188
6843669 41611189
41611190 41611191
7674796 41611192
6843682 41611193
41611194 41611195
6824512 41611196
6843752 41611197
7641414 41611198
3884995 41611199
860961 41611200
7698478 41611201
10591255 41611202
6843779 41611203
849618 41611204
6840925 41611205
17423723 41611206
41611207 41611208
3962515 41611209
41611210 41611211
2639228 41611212
10591231 41611213
7670372 41611214
7936247 41611215
833839 41611216
41611217 41611218
2655045 41611219
8106187 41611220
6824918 41611221
7952643 41611222
2639294 41611223
41611224 41611225
39399540 41611226
7686918 41611227
833503 41611228
8049657 41611229
6822979 41611230
5134156 41611231
7687945 41611232
6844161 41611233
6844164 41611234
8049285 41611235
41611236 41611237
3885175 41611238
8067073 41611239
6844350 41611240
7484944 41611241
41611242 41611243
7611819 41611244
8066845 41611245
2663076 41611246
854262 41611247
41611248 41611249
6853077 41611250
7677688 41611251
6823423 41611252
8092859 41611253
6824588 41611254
6844414 41611255
6820775 41611256
7610608 41611257
7949404 41611258
5141909 41611259
2683619 41611260
6844441 41611261
7678662 41611262
6844449 41611263
7934528 41611264
7633518 41611265
2679466 41611266
5141911 41611267
6844459 41611268
7683847 41611269
6854922 41611270
2664043 41611271
6824856 41611272
7649012 41611273
6821622 41611274
16529467 41611275
8033856 41611276
41611277 41611278
6822441 41611279
2639650 41611280
7489021 41611281
849098 41611282
7960342 41611283
2639652 41611284
2673767 41611285
849085 41611286
7678133 41611287
849075 41611288
849073 41611289
8071288 41611290
6821486 41611291
41611292 41611293
833593 41611294
7641854 41611295
834168 41611296
6844588 41611297
6844593 41611298
41611299 41611300
41611301 41611302
7648422 41611303
833485 41611304
854256 41611305
31030883 41611306
2640061 41611307
6821737 41611308
833439 41611309
41611310 41611311
36062663 41611312
5135988 41611313
5135990 41611314
8077076 41611315
2668022 41611316
41611317 41611318
2640390 41611319
15036550 41611320
832477 41611321
7940281 41611322
6844687 41611323
833505 41611324
7916686 41611325
7677605 41611326
6844728 41611327
6824374 41611328
2606979 41611329
6825627 41611330
6820405 41611331
8081950 41611332
8098636 41611333
8085816 41611334
2640680 41611335
41611336 41611337
8093442 41611338
832390 41611339
6844940 41611340
6838732 41611341
7672764 41611342
2668248 41611343
845586 41611344
860941 41611345
7695624 41611346
7674034 41611347
6844992 41611348
3782465 41611349
2640835 41611350
860057 41611351
6824031 41611352
2640863 41611353
2675140 41611354
7945801 41611355
2640867 41611356
860388 41611357
8092406 41611358
7686075 41611359
2640869 41611360
6824664 41611361
6845109 41611362
7609625 41611363
6822708 41611364
6825034 41611365
6856544 41611366
6845121 41611367
7691963 41611368
2640961 41611369
2640963 41611370
2678586 41611371
6825106 41611372
6823562 41611373
8081487 41611374
7664972 41611375
7959773 41611376
7937091 41611377
860149 41611378
859878 41611379
7687003 41611380
2641036 41611381
6820782 41611382
7687880 41611383
2641049 41611384
2641057 41611385
7645707 41611386
7675517 41611387
7488558 41611388
2641077 41611389
832485 41611390
6845367 41611391
7612269 41611392
7690338 41611393
10591312 41611394
7695223 41611395
6845459 41611396
6820784 41611397
7659471 41611398
41611399 41611400
1277773 41611401
6845552 41611402
8196394 41611403
833963 41611404
6820786 41611405
15893281 41611406
2641224 41611407
2675190 41611408
7672341 41611409
7662655 41611410
6845685 41611411
6845689 41611412
6849018 41611413
6852593 41611414
2656161 41611415
8104119 41611416
8078295 41611417
2672003 41611418
2641294 41611419
41611420 41611421
834352 41611422
41611423 41611424
2641296 41611425
6845790 41611426
6863887 41611427
6845803 41611428
2608167 41611429
7688570 41611430
6845814 41611431
41611432 41611433
41611434 41611435
859498 41611436
7609838 41611437
2668510 41611438
6845836 41611439
3778386 41611440
6845839 41611441
7671322 41611442
2641300 41611443
6820811 41611444
7695501 41611445
6845852 41611446
6845683 41611447
6823798 41611448
7613633 41611449
6845864 41611450
8291697 41611451
6845796 41611452
7622871 41611453
6845874 41611454
7666323 41611455
6845891 41611456
6845940 41611457
860140 41611458
23983058 41611459
41611460 41611461
6824388 41611462
6823831 41611463
3907656 41611464
6845972 41611465
6823583 41611466
16530629 41611467
6824431 41611468
15890293 41611469
2608373 41611470
7953415 41611471
6853771 41611472
6846061 41611473
834005 41611474
6846170 41611475
6846173 41611476
6826958 41611477
7911056 41611478
6823619 41611479
6846338 41611480
2700512 41611481
6846368 41611482
6846375 41611483
834397 41611484
7668959 41611485
854993 41611486
41611487 41611488
7965533 41611489
7950059 41611490
6856546 41611491
860273 41611492
845598 41611493
859061 41611494
860128 41611495
859854 41611496
7642209 41611497
7648082 41611498
7927667 41611499
7643486 41611500
6854952 41611501
7922347 41611502
7954366 41611503
863726 41611504
7965358 41611505
6824574 41611506
2641740 41611507
7611634 41611508
845421 41611509
6856533 41611510
2641745 41611511
7670964 41611512
6846638 41611513
6856562 41611514
6823154 41611515
6846682 41611516
7665430 41611517
3778763 41611518
6846666 41611519
857185 41611520
6846711 41611521
28852508 41611522
6846727 41611523
2632265 41611524
2641827 41611525
6846749 41611526
2657255 41611527
7935552 41611528
6820842 41611529
2641833 41611530
2641839 41611531
6840530 41611532
7673340 41611533
8162781 41611534
7698360 41611535
6846914 41611536
8103196 41611537
7620022 41611538
6824015 41611539
24012412 41611540
6846817 41611541
2668212 41611542
6823128 41611543
6852700 41611544
8033868 41611545
16538408 41611546
5137128 41611547
833868 41611548
6847062 41611549
1017978 41611550
8013926 41611551
860860 41611552
7911291 41611553
6824787 41611554
6847130 41611555
3951789 41611556
8085314 41611557
7648589 41611558
859532 41611559
2679627 41611560
7678532 41611561
5137947 41611562
7688942 41611563
6847284 41611564
7644010 41611565
6847288 41611566
7620071 41611567
41611568 41611569
6847292 41611570
6847294 41611571
6847296 41611572
2642113 41611573
7913107 41611574
8250668 41611575
2699064 41611576
864013 41611577
8100324 41611578
6825319 41611579
2609775 41611580
857193 41611581
6847599 41611582
2642258 41611583
7665453 41611584
855781 41611585
6847626 41611586
6826137 41611587
8093050 41611588
834323 41611589
2642307 41611590
6847709 41611591
2670228 41611592
41611593 41611594
833842 41611595
31031941 41611596
2629412 41611597
6847756 41611598
7614745 41611599
5190635 41611600
6845675 41611601
6847879 41611602
2656258 41611603
5133541 41611604
41611605 41611606
6847898 41611607
2642415 41611608
832922 41611609
6856792 41611610
7672384 41611611
41611612 41611613
6847651 41611614
6847914 41611615
6821334 41611616
6847916 41611617
2690213 41611618
6847918 41611619
30287834 41611620
2642417 41611621
6847892 41611622
8081294 41611623
7911068 41611624
41611625 41611626
41611627 41611628
6847969 41611629
7672361 41611630
6820549 41611631
2642430 41611632
6847983 41611633
8104785 41611634
2631439 41611635
846154 41611636
30919355 41611637
845664 41611638
6820555 41611639
7672406 41611640
2692113 41611641
2642451 41611642
2670740 41611643
850071 41611644
6848063 41611645
6848066 41611646
6848083 41611647
6848091 41611648
7676539 41611649
2660041 41611650
6848104 41611651
6848129 41611652
6848131 41611653
1281118 41611654
41611655 41611656
7997112 41611657
6848144 41611658
20485083 41611659
6837209 41611660
2633015 41611661
7485012 41611662
833939 41611663
41611664 41611665
6836432 41611666
30276881 41611667
41611668 41611669
20198222 41611670
23976784 41611671
3903564 41611672
12472103 41611673
16532395 41611674
41611675 41611676
6848425 41611677
2642628 41611678
6854151 41611679
6848488 41611680
7670864 41611681
6848574 41611682
6848578 41611683
7691200 41611684
7936209 41611685
6821358 41611686
7666287 41611687
6848588 41611688
6848593 41611689
6848597 41611690
6848624 41611691
6848644 41611692
2642692 41611693
833477 41611694
6848653 41611695
7677588 41611696
7665469 41611697
7698602 41611698
2697706 41611699
7615019 41611700
2642701 41611701
849100 41611702
2642710 41611703
7661642 41611704
8072897 41611705
12472401 41611706
6842292 41611707
7673335 41611708
24052464 41611709
7960272 41611710
5137317 41611711
8182066 41611712
6848982 41611713
6848984 41611714
2629617 41611715
6848990 41611716
5142242 41611717
7635419 41611718
6826924 41611719
2642803 41611720
8094335 41611721
860119 41611722
41611723 41611724
6849013 41611725
7648505 41611726
6849020 41611727
2642806 41611728
832582 41611729
7642351 41611730
2689676 41611731
855577 41611732
41611733 41611734
7675975 41611735
2642810 41611736
7665522 41611737
7937726 41611738
7615455 41611739
8099885 41611740
2642817 41611741
31034833 41611742
7917168 41611743
6849061 41611744
6864910 41611745
6824288 41611746
6827114 41611747
6821379 41611748
7670389 41611749
2633700 41611750
6849130 41611751
6864896 41611752
41611753 41611754
41611755 41611756
7949880 41611757
6825621 41611758
6822015 41611759
7642712 41611760
16532995 41611761
834099 41611762
7912509 41611763
2643176 41611764
7676262 41611765
8072953 41611766
2645607 41611767
7621015 41611768
7974280 41611769
41611770 41611771
6849580 41611772
6852959 41611773
2643361 41611774
860877 41611775
8044715 41611776
2643374 41611777
2643376 41611778
41611779 41611780
2695019 41611781
41611782 41611783
2643424 41611784
2643426 41611785
6821527 41611786
832932 41611787
2643446 41611788
20094698 41611789
6820925 41611790
8094867 41611791
6849678 41611792
6849716 41611793
7936441 41611794
855955 41611795
10590263 41611796
41611797 41611798
41611799 41611800
832934 41611801
7488464 41611802
860029 41611803
857147 41611804
2671215 41611805
6826081 41611806
6849835 41611807
41611808 41611809
6849848 41611810
6863862 41611811
7617227 41611812
8098267 41611813
2612109 41611814
6825433 41611815
6857031 41611816
6857764 41611817
2668324 41611818
41611819 41611820
832491 41611821
843772 41611822
8093423 41611823
7908283 41611824
8068351 41611825
843666 41611826
7926957 41611827
2689689 41611828
10591256 41611829
832938 41611830
2612200 41611831
2617182 41611832
2643999 41611833
41611834 41611835
6850222 41611836
6850303 41611837
41611838 41611839
3984513 41611840
16533873 41611841
7641643 41611842
844005 41611843
7916445 41611844
6856166 41611845
860113 41611846
41611847 41611848
2612745 41611849
7692448 41611850
3774104 41611851
855693 41611852
860432 41611853
41611854 41611855
7688598 41611856
859494 41611857
7664986 41611858
2644603 41611859
2671591 41611860
834399 41611861
6821898 41611862
41611863 41611864
6850645 41611865
6822922 41611866
7997144 41611867
6850658 41611868
6850684 41611869
6823695 41611870
12473324 41611871
41611872 41611873
7655212 41611874
7485599 41611875
16574319 41611876
6850761 41611877
27295409 41611878
6850834 41611879
6820426 41611880
7921746 41611881
7665440 41611882
7666321 41611883
7665552 41611884
16587369 41611885
2698264 41611886
6850887 41611887
6826169 41611888
2613110 41611889
6850910 41611890
2633661 41611891
6824104 41611892
7649960 41611893
7678406 41611894
6850957 41611895
6850979 41611896
6823383 41611897
7696422 41611898
6823972 41611899
6823980 41611900
2644824 41611901
6851000 41611902
6823733 41611903
2663750 41611904
7628533 41611905
8042422 41611906
6851021 41611907
860402 41611908
6851031 41611909
7624743 41611910
2644847 41611911
7624515 41611912
7908378 41611913
861068 41611914
6821420 41611915
7702768 41611916
6851050 41611917
7920173 41611918
7964557 41611919
8049461 41611920
8049025 41611921
6820813 41611922
8047159 41611923
8104487 41611924
2687777 41611925
2613294 41611926
2665765 41611927
6845788 41611928
3881000 41611929
6823754 41611930
7959867 41611931
7702254 41611932
7636302 41611933
5136415 41611934
7958819 41611935
7690249 41611936
5139911 41611937
2644925 41611938
6851147 41611939
17018422 41611940
7614783 41611941
2675706 41611942
6851158 41611943
41611944 41611945
8055591 41611946
859664 41611947
8047049 41611948
7628959 41611949
2644933 41611950
3888072 41611951
859575 41611952
6822553 41611953
6851288 41611954
6851302 41611955
6845694 41611956
8077171 41611957
2644966 41611958
6822700 41611959
833409 41611960
834358 41611961
6856510 41611962
6822898 41611963
6820856 41611964
6851472 41611965
6851514 41611966
6851516 41611967
6851523 41611968
860199 41611969
6851557 41611970
6826273 41611971
2645098 41611972
6851565 41611973
8094234 41611974
7615697 41611975
7649099 41611976
2663089 41611977
7612182 41611978
6851572 41611979
7643601 41611980
6851611 41611981
2668787 41611982
7678112 41611983
2698810 41611984
7617306 41611985
6851629 41611986
6851627 41611987
7663201 41611988
7683658 41611989
7701760 41611990
2645114 41611991
8103216 41611992
7678116 41611993
6851676 41611994
7910117 41611995
7612482 41611996
7629260 41611997
7691492 41611998
14798967 41611999
8093373 41612000
2645128 41612001
30926091 41612002
6820573 41612003
6851827 41612004
41612005 41612006
8069857 41612007
8073367 41612008
6826884 41612009
7665194 41612010
8149148 41612011
6831254 41612012
39239949 41612013
7696774 41612014
7610265 41612015
832499 41612016
6851920 41612017
6851937 41612018
3782598 41612019
10591309 41612020
8040508 41612021
41612022 41612023
7697120 41612024
7689860 41612025
6852052 41612026
6835933 41612027
832501 41612028
2695569 41612029
860195 41612030
7496113 41612031
6852138 41612032
834103 41612033
7648630 41612034
852064 41612035
41612036 41612037
7657650 41612038
859868 41612039
7617379 41612040
2656502 41612041
7959980 41612042
846037 41612043
41612044 41612045
7692325 41612046
2698394 41612047
41612048 41612049
41612050 41612051
41612052 41612053
2614495 41612054
7951071 41612055
2645819 41612056
859530 41612057
859435 41612058
2645863 41612059
2645907 41612060
7952649 41612061
2697855 41612062
2661820 41612063
41612064 41612065
6820475 41612066
7492776 41612067
6856557 41612068
7648695 41612069
6852424 41612070
6845810 41612071
2646137 41612072
6822203 41612073
7491172 41612074
7670920 41612075
860221 41612076
6852478 41612077
6864032 41612078
6821842 41612079
2661922 41612080
2646280 41612081
832503 41612082
30842751 41612083
6822205 41612084
7959790 41612085
7974669 41612086
833613 41612087
6821536 41612088
7915075 41612089
2646285 41612090
7490101 41612091
2646287 41612092
6822612 41612093
3957637 41612094
2646383 41612095
845592 41612096
7649802 41612097
