3344575 10532626
776931 10848622
15696189 10532691
1302431 10590244
460202 10590248
273804 12183626
454152 10848637
915123 10848639
821955 10848640
370196 10848642
460252 12183634
245053 10848646
388260 10848649
257344 9964097
330573 13610434
390292 10590272
1122416 10532735
474262 10532740
3188720 10532748
1148145 10532794
240199 10532798
469223 10532800
4270843 10532808
341184 10532809
460417 10532810
729243 10532812
469259 9964261
460439 10532856
3530109 10532858
373732 10532863
1323108 10532892
218087 10532902
774824 10532928
6518869 10532933
268778 10532935
273802 10532937
4513689 10532948
159388 10532957
376715 10532970
458528 10532986
2382854 10848665
2393343 10532992
372196 10532998
460524 10533007
3649269 14354437
460554 9964435
301086 10533034
1147888 10533099
541761 10533101
311836 10533103
40064167 16023090
308858 10533134
603333 10533136
357458 10533155
450262 10533159
259142 10533165
1769815 9964511
1124169 9964521
364923 9964540
14825891 10533188
1771416 10533205
343216 10533209
1148313 10533218
245235 10533225
2408317 10533264
462280 10533273
462298 10533294
41712422 13656504
462304 10021208
2384279 10533312
259645 10533318
462464 10533326
471729 10533331
239657 13610521
258310 10533352
575192 10533359
369769 9964579
265581 10848676
3688073 10533394
289680 10533395
237100 9964640
1150544 10533406
346967 10533407
372925 10533421
1450776 10533461
2402613 10533475
275152 9964654
411521 10533490
420733 10533492
372204 10533509
14998461 9964656
322748 10533537
468638 10533542
4511162 10533545
385593 10533571
293314 10848688
349343 10533589
257084 10533597
1578748 10533605
15696109 14314120
357731 10533618
334453 10533621
1289427 10533628
14837841 21803581
463439 10533637
376961 10533639
15694701 14314233
226931 9964786
911236 10533662
463493 10533669
364462 10533672
253080 10533673
465274 10533676
402768 10533707
463505 10533716
903029 9964881
364927 9964891
374227 9964922
1125434 10533737
311846 10533742
1134220 10848691
917324 10533777
302324 10533794
413001 10533803
733302 9964980
333800 9964998
874361 9965002
463645 9965016
335539 10533840
396413 10533845
1551381 10533856
270215 10533864
463661 10533898
2397120 10533906
559588 10533934
2384919 10533948
1402978 10533968
6348811 10024043
463853 10533992
312150 10533993
313147 10534025
376287 10024045
2383834 9965309
330353 9965315
269217 9572309
4268809 10534073
214706 10534164
301114 9965491
410685 9965510
344932 10534210
1603235 10534269
1149677 10534336
923298 10534345
710525 10534359
668427 10534481
707464 10534511
322756 9965786
14826144 10534551
455592 10534678
1283851 10534724
309513 10534778
474348 10534832
916375 10534844
826667 10534850
369280 10590454
14829880 10534917
1408440 9574016
1112889 10535015
465246 10535019
544071 10535045
270161 10535138
1543519 10535142
459753 10535151
1338168 10026045
312688 12420836
1310184 10535259
914109 10535316
895280 10535363
4943916 10535409
3577828 10535415
458242 10535483
1471194 10535509
247393 10535525
3614830 10535559
1356017 10535621
781745 10535666
2388023 10535671
3698487 10535675
3506000 9966476
639250 10535834
259379 9966484
14815996 10535869
2245215 10535871
414005 10535909
869617 10535953
2391852 10535982
888466 10028186
222323 10536102
6497917 10536118
14832923 10536137
2482976 10536151
6342791 12420916
1147916 10536156
2407583 10536158
961554 10536165
1748809 10536278
2409773 10536294
775250 10590611
2409744 10850253
2408197 10536400
884527 10536471
6487652 10028202
2379205 9575587
1781845 12420919
769221 9966781
6497588 9966858
3601244 10536620
3531065 9575935
920422 9966969
4290894 10536757
3597392 10536758
1111275 9575989
919660 10536780
11900443 10536854
1129838 10536877
6437978 12420941
2410076 9576256
1158409 10537061
2470761 12183911
874631 10537121
6380582 10537131
709308 10537137
809990 10537187
2392955 10537252
1111909 10030501
6408351 10537326
873790 10537332
40063547 10537336
2408465 10537396
4306838 10537447
2405099 10537462
912892 10537466
3545586 10537486
1319795 10537524
1362087 10537570
14819321 10537572
1348598 9967540
2400385 10537667
1962643 10537678
2389451 10537681
773219 10537713
2410190 10537717
3638874 10850293
14837350 10537803
3106941 10850302
994547 10850306
6347888 10537910
2432645 10537941
2405339 9967870
15693412 9967872
1149322 9967911
6512728 10538057
668573 10538113
866660 9967927
2379787 10850338
371181 9967951
2407601 10538133
15693179 10538156
915095 10538165
301112 10538167
1148352 10850339
1735162 10538175
2389046 10538176
1810096 10538224
865808 10538232
873708 10538235
1151330 10538237
990253 10538311
2401549 10538389
6494010 10538400
873015 10850360
374331 9577759
1136715 9577762
14823006 10538425
279616 10538434
276626 9968134
6385619 10538490
2463649 10538511
908888 10538531
2408676 10538535
6467775 10538645
2722342 10538651
868387 9968332
755092 10850418
1154791 10538734
3070062 9968376
1965481 10850425
2474205 10538779
3546370 9968400
15427182 9968404
459988 10538815
2404322 9968462
2394234 9968472
463074 9968510
3555821 10538942
1783496 10032940
350979 9968574
919707 10539017
1107923 10539019
2396883 10539056
41712423 10539068
6418588 10539359
1833925 10539435
1721052 10539441
372194 10539472
6380344 10539474
2395874 10539480
173404 10539495
2016408 10539516
885294 10539523
175028 10539556
300846 10539577
214702 10539616
239729 10032955
329174 10539627
173406 10032956
254524 10539653
242768 10850489
281666 10539693
179335 10850492
157987 10539704
317668 10850497
458480 10539736
900738 10539760
912811 12421373
477088 10539913
803610 10539918
312122 10539948
6549569 10539967
27800149 10539982
904233 10539984
2719856 9969563
237730 9969580
911765 10540038
221967 10540069
6357376 10540092
903175 10850535
2407687 10540173
251382 10540178
2399319 10540205
2720188 9969688
4453920 10032983
459490 10540319
6467895 10540338
362457 10540349
6509104 10540404
19419997 10540410
2397857 10540422
14837383 10540437
2588956 10540446
1785527 10540466
4470741 10540467
803432 9969900
14823907 9580111
820271 10540491
1729994 10540514
2519185 9969960
6515541 10540549
41712424 10540550
1752776 10540568
3561689 10540570
6432163 9580221
335471 10540588
766736 9970160
916703 9970164
6341780 10540602
156879 10850567
198870 10032994
238842 10540630
14818887 10540664
316840 10540684
468636 10540705
2403500 9970471
221755 10850598
574749 10540764
14816673 10540773
167645 10850606
4510771 10540844
6552014 10540896
1545418 9970655
4376446 10540949
2004855 10541010
1851919 10033007
3753257 10541080
4497979 9970826
1841841 10541179
3531150 10541239
6339616 10541245
15694446 10541248
173402 10033018
6437576 9970969
2389648 10541307
2393360 10541315
395098 10541324
4471664 10541327
2402488 10541430
2409803 10541463
229231 10850724
1806680 10850746
910321 10850749
3618254 10850768
911423 10850775
12003973 10850777
6454117 10850793
2000782 10850808
4486219 14365458
228494 10541673
14823525 10541688
14834547 9971967
6345564 10541866
2482965 9972188
1110552 10541971
237108 10541978
272253 10850867
6384340 10850917
258312 10542011
166571 10850932
4497003 10033061
6345325 12818519
15693219 9972683
1951023 13661569
3565297 9972699
2408610 9972757
14831973 10851030
2399520 10851079
1366610 10542041
1734193 10851124
6323770 10851200
738182 10851243
1140874 12422189
2204099 9581249
1944932 12225753
14826114 13661741
2391146 9973123
3581203 10542087
31390232 10542121
2397188 10851605
453223 10542132
2409292 10542137
242974 9974569
252091 10851710
646294 10851720
6463072 13662341
3574758 10542158
1883282 10851746
2383143 9975058
14830348 10851814
6431537 9975437
287750 10851844
4485121 12422444
4485931 9975682
778156 14691767
2719112 12422483
922134 10851908
3519970 10851915
761556 12422539
14837277 10851940
4339437 12818866
871632 10851966
694188 14838631
2351398 10542290
327718 15408739
468664 10542307
14837342 10542308
920868 10542309
1718638 12422784
6342971 12422835
6426319 13617652
1845551 10542353
899812 9979205
6525606 9979593
354155 10542393
6500275 10542425
3554910 10542428
803889 10542437
6384268 15410603
1142049 12423443
354375 12423473
916341 10542507
465290 10542538
3257805 12423789
14837774 12184137
12619498 10037800
2399817 10542601
1973649 10542619
1148395 12424068
1564566 12819475
2401678 9582960
3103723 10542678
14824846 10542695
3621872 12424358
3574071 11812168
14816000 12424512
3591816 12424566
2400359 10542748
1108856 12424606
2404857 12424627
1335924 10542769
4286037 16417159
895375 12424788
2410441 10542817
474360 10542847
1139800 10542911
6400295 12521181
15696449 12521205
1806575 16065478
11897692 12820119
14823714 12425369
14837985 12425401
6407187 10542967
920328 10542981
2400544 10542983
1336202 14344103
1550917 10543005
14837358 14374171
14837926 10543032
894103 10037941
1142216 12425768
917798 10543051
918341 12425843
1785965 12425858
1288519 10543076
14819778 10852107
2719866 10852254
3574868 10543146
14827074 10543151
6329056 10543170
468686 10543177
2517902 10543193
14826673 14706109
3120555 15789148
6536969 14344631
19179926 16417644
917451 10852536
6390416 10852542
1937028 10852543
887918 10852563
916377 10543256
389850 10543260
15693421 10543262
2407777 10041661
19182511 9983673
1834159 14374464
458872 10543332
4534130 10852822
4528996 10852835
280958 10543348
449865 10543351
6439214 10543359
281568 10543377
450122 10543378
4334302 10543387
2404804 10853156
6542539 10853202
1415675 10543423
1148962 10543429
273854 9984149
899028 10543444
1934894 16418057
468684 10543460
1148990 10543461
3596285 10853615
20969754 10853709
450730 10590908
354389 10543478
921575 10543481
280988 10543486
1753653 10853898
450778 10543507
450782 10543508
370774 10543521
450810 10543524
450812 10543526
1840267 10543527
473898 10041735
374455 10543534
1318722 10543552
6328004 10854383
1149314 10543586
214550 10543587
261468 10543614
2392665 10543632
620842 10543633
384663 10543646
451429 10543662
459126 10543686
1148282 10543689
363029 10543693
1154471 10855236
919577 14374742
245853 10543745
1148377 10543746
317194 10543747
6475762 10855444
285845 10543766
895897 10543771
309157 10543778
6463164 10855547
384491 10543783
412771 10543803
310069 10543804
2397364 10543832
355265 10543869
257404 10543870
275090 10543871
366527 10543884
451801 10543885
315374 10543907
258238 10543931
239895 10543933
237734 10543936
256239 10543950
309519 10543951
1146739 10543980
908535 10543985
236294 10543997
826975 9985326
932342 10544044
289654 10544047
460891 10544049
460893 10544052
3075097 9985333
1522483 10544085
898946 10544094
465286 9985439
667233 10544109
460923 12188737
1148848 10544125
460933 10544126
14831567 10856058
369773 10544152
890473 9585250
362633 10544196
374453 10544204
10486087 14375991
1151181 10544205
409627 10544206
460995 10544209
464930 10544216
245099 10544221
2726283 10856636
15696008 10856902
284050 9585384
447564 10544292
1524171 10857040
309379 10544312
341148 9585455
461331 10045179
461197 10544379
34071585 10857574
313091 10544402
352255 10544416
1335655 10544417
6460281 18142690
461211 10544421
390030 10544424
6370844 10544435
1664488 10544441
2398390 10544468
270392 10544480
916106 10544484
15545300 14346495
15693033 14346502
6385952 14379080
312170 10544510
273862 10544533
328301 10544548
1569853 10544549
187646 10544550
1471951 10544566
14827658 13619970
333500 9585698
267411 14346845
281714 10591033
1138469 10045284
498220 10591045
456938 10045290
461505 10857840
139117 10591047
914794 10857920
362413 10591058
41712425 10858112
903688 10858141
400159 10591076
1443444 10858212
6490616 17164408
2540286 10591100
366691 10591105
908530 10858225
346857 9988591
461817 13611278
1123997 10891755
472561 10591114
14837577 10591123
211352 10591128
239583 10858237
474794 10591133
2521989 14382843
273872 10591139
264637 10591154
462038 10591161
462074 10858274
2401309 10858276
2399116 10858280
462088 10858288
269213 10858292
462094 10858295
15697290 14348040
387711 10544638
384505 10544639
311608 10544642
374263 10544645
211360 10544646
276232 10544648
2727001 10544656
456936 10544665
456976 9586252
908145 10544709
245107 10544713
253624 10544732
14832317 16421086
6353372 14348353
480606 9989519
2378008 9989545
451829 10544767
904206 10544774
318206 10544816
341220 10544818
1149431 10544822
806150 16421592
451867 10544844
14837220 13622768
2392647 10544867
6479258 10544868
765376 10544875
452102 10544884
422513 10544892
355615 10544908
349831 10544909
753982 10544911
6425409 17164681
292582 10544985
1405152 9989984
452151 10545008
369817 10545026
6373416 14528114
499953 10545049
472529 10545063
385659 10545082
391424 10545087
407118 10545089
452405 10545090
261697 10545096
1155514 10545102
826973 10545133
761902 10545141
452415 10545143
536152 10545149
245237 10545164
1155687 10545185
436993 10545186
3529690 10545189
920219 10545191
6367153 14389846
2407963 14349695
1149086 10545204
213389 10545207
1355078 10545221
887923 14528675
3624977 12518400
452763 10545234
2725626 10545261
271979 10545295
346939 10048381
238572 10545306
1998531 10048394
350659 9991064
192151 10545370
903860 9586853
294103 10545388
392920 10545390
1570222 10545394
907269 10545396
308888 10545398
226925 10048411
896881 10545430
764902 10545443
369635 10545446
2407286 10545452
2407099 10545455
474274 10545458
1147001 10545464
431207 10545468
376707 10545483
1147013 10545490
6554329 10545505
6544220 10545519
303515 10545525
4296768 10545536
900208 10545538
364442 10545545
424484 10545548
453265 10545559
453269 10545561
281748 10545564
326415 10545578
255457 10545592
761490 17164959
369357 10545602
436195 10545605
1146198 14529706
453750 10545615
912216 10545619
706459 10545631
1147479 10545638
269193 10545639
224981 10545653
351425 9991701
453782 9991769
284876 10545682
395274 10545700
462731 10545709
282485 10545724
322776 10545728
236114 10545753
309965 10545763
3561759 10545791
868690 10545806
6496080 14530175
371065 10545813
1768915 14394515
336531 10545825
453970 9991858
699590 10545852
2396672 10545854
261511 10545916
279620 10545918
2378890 10545943
905968 10545944
454488 10545952
441842 10545955
380006 10545981
1360796 10545983
159965 10545989
273434 10546006
1996808 10546012
635992 10546037
397911 10546039
330575 10546046
2378967 10546072
328856 10546077
255545 9587480
370418 10546111
281694 10546134
413571 10546136
1771283 10546139
2724184 10051544
431113 10546154
2148691 10546172
366531 10546173
356767 10546194
282555 10546197
275098 10546220
455000 10546224
276340 10546228
2393692 10546249
1336347 10546259
369841 10546260
455014 10546265
2390148 10546272
240183 10546275
466973 10546283
455034 10546296
455050 10546317
455056 10546324
261485 10546348
380174 10546353
455102 10546383
1148444 10546390
918768 10546391
273866 10546394
313217 10546395
1158516 10546404
350319 10546443
455586 10546459
464703 10546463
261829 10546468
400111 9993316
2391205 10546511
410709 10546520
350199 10546521
898721 10546561
371700 10546570
6544195 10546608
259711 10546621
261428 10546628
370903 10546633
1536303 10546667
413565 10546676
1147099 10546681
906148 10546692
6483923 10546709
320779 10546732
2401315 10546776
456774 10546781
456778 10546790
1113556 10546810
281696 10051803
456786 10546815
6511235 10546821
415578 10546841
264895 10546847
6483249 10546857
349145 10546862
268399 9993557
372927 10546873
408841 10546895
224969 10546923
6379949 10546926
256083 10546929
256089 10546950
310095 10546951
312672 10546955
2720176 10546970
275150 10546973
415468 10546975
353505 10546981
369937 10547010
456872 10547019
305342 10547033
257990 10547049
259280 10547099
2392126 10547102
456890 10547112
605464 10547122
456948 10547130
675135 10547139
896534 10547150
303792 10547169
254436 10547218
370214 10547244
2402633 10547248
224979 10547271
456982 10547276
391586 10547284
19183028 18624125
276935 10547297
577133 10547303
457082 10547316
457084 10547320
365613 10547323
370216 10547326
309431 10547331
228492 10547336
472146 10547369
6526440 10547370
458714 10547389
452483 10547406
330351 10547408
804927 10547416
914838 10547448
377012 10547458
379363 10547462
1149137 9993928
385099 10547510
371067 10547526
457186 10547531
1149226 10547537
457190 10547538
309517 10547541
489882 10547543
348987 10547565
444862 10547566
457311 10547568
275096 10547601
311604 10547618
2402834 10547624
333702 10547629
4510773 10547638
474196 10547641
369913 10547643
457352 10547654
457354 10547659
321861 10547662
457358 10547665
14827062 10547696
457384 10547711
457396 10054484
224995 10054485
364564 10547735
270380 10547739
3752750 10547742
895899 10547748
6469856 13627161
370583 10547783
245089 10547790
2391619 20768131
874494 10547816
457448 10547823
257082 10547826
1112519 10547833
224967 10547838
6534274 10547843
6327952 10547863
284460 10547873
6419253 10054494
2387071 10547900
210524 10547915
245119 10547919
402796 10547937
1424382 10547945
362455 10547948
457659 10547953
276220 10547966
234171 10547968
1766828 10547991
6552428 10547995
896613 10548009
450418 10548025
256085 13627695
906043 10548046
407128 10548101
333824 10548110
1604249 13627833
261432 10548147
364544 10548151
457849 10548158
338315 10548170
6334723 14403052
355593 10548179
913100 10548185
2380778 10548197
1349786 10548198
2397705 10548234
1147393 10548275
457963 10548291
2409762 10548300
392098 10548303
349833 10548310
465282 10548318
303509 9995597
457991 10548329
307764 10548336
2389457 10548337
913499 10548351
1114635 10548359
457995 10548361
257464 10548382
496328 10548425
679904 10548432
310027 10548446
458234 10548451
261833 10548472
389354 10548476
279618 10548479
372206 10548510
896615 9996232
2403082 10548524
257940 9996244
281566 10548531
1149847 10548567
870101 10548572
261491 10548587
247337 10548651
458384 9996337
327669 9996339
390028 10548657
458478 10548674
458484 10548696
270061 10548715
409113 9996394
458520 10548728
1150125 10548732
458526 10548743
265585 10548745
6385950 10548768
15427197 14353005
2400701 9996398
458642 9996426
113971 10548813
225039 10548827
364640 10548833
2725170 10548855
369461 14404514
611733 10548868
254462 9996502
411979 10591583
458778 12247774
349397 10548891
208292 13629407
458864 10097088
308886 10548946
1150576 9996593
2393491 10548948
3549467 10548954
355441 9996687
1150636 10548969
3989270 16186290
270185 10107634
468690 10548996
2381958 10549000
2399017 10549007
410970 10549008
459016 10549015
869494 10549025
962958 10549026
369823 10549030
467639 10549052
458696 10549085
6352896 9996882
251396 10107641
458718 10549105
309407 9996908
391518 10107649
1150451 10591616
6478363 10549112
701610 10549118
459122 10549137
15695890 17420194
379446 10549142
916195 10549150
224977 10549152
241976 10549198
387992 10549200
459210 10549201
1653874 10549206
888083 13629949
339406 9997061
4289444 10549224
6351721 10549229
239225 10549241
275144 10549248
2719210 10549252
2382129 10549259
767737 10549271
1150932 10549274
259997 10549276
1299220 10549290
346921 10549293
453706 10549299
1150957 10549331
414151 10549338
361941 10549342
309515 10549354
1921824 9997429
287648 10549384
459386 10549398
261835 10549401
385083 10549416
245143 9997608
732666 9997682
2005161 9997701
2385228 9997707
6420892 10549478
281720 10549498
14833880 17420611
6413045 10549523
6490178 10858358
459777 10549570
364939 10591681
2382360 10549578
1645871 10549594
896883 10549607
376291 10549618
868913 10549633
196116 9997902
681723 9997921
524227 9997939
