2668534 41745684
857690 41745685
8578633 41745686
2712839 41745687
9143589 41745688
8577770 41745689
8581207 41745690
833160 41745691
7488417 41745692
8985480 41745693
8985637 41745694
833156 41745695
8986121 41745696
8986179 41745697
8986247 41745698
8969136 41745699
16522731 41745700
858267 41745701
9280644 41745702
833174 41745703
9280665 41745704
2644225 41745705
858401 41745706
8680965 41745707
8681447 41745708
8681976 41745709
8682592 41745710
2633173 41745711
8765050 41745712
8682998 41745713
8765413 41745714
8929446 41745715
9163616 41745716
2649058 41745717
9164352 41745718
8853852 41745719
8987027 41745720
8686792 41745721
8664439 41745722
9164392 41745723
9164398 41745724
9164428 41745725
9164436 41745726
11046730 41745727
8856606 41745728
11147818 41745729
8929602 41745730
8929632 41745731
8929648 41745732
9315831 41745733
8602323 41745734
8807889 41745735
858067 41745736
8687678 41745737
8815626 41745738
9315839 41745739
8874006 41745740
8870638 41745741
9172406 41745742
9180332 41745743
8638232 41745744
8930091 41745745
8930101 41745746
8930175 41745747
8849641 41745748
8930605 41745749
8930669 41745750
2747540 41745751
8930796 41745752
8930800 41745753
8887256 41745754
8930850 41745755
8930890 41745756
8913706 41745757
8966030 41745758
9431498 41745759
8966128 41745760
8966134 41745761
8987661 41745762
9172444 41745763
9172446 41745764
9432855 41745765
9173314 41745766
9173316 41745767
9173318 41745768
9173326 41745769
9173328 41745770
9173330 41745771
9173334 41745772
11199813 41745773
9173344 41745774
11194743 41745775
9172744 41745776
19565327 41745777
9173380 41745778
9173392 41745779
9445830 41745780
9173400 41745781
11199530 41745782
9173294 41745783
8844620 41745784
8594586 41745785
833591 41745786
8602002 41745787
9024437 41745788
7496094 41745789
9024683 41745790
9024691 41745791
9025311 41745792
9025323 41745793
9025337 41745794
9025351 41745795
9025369 41745796
9025421 41745797
9025543 41745798
9025575 41745799
2606290 41745800
6858042 41745801
9025661 41745802
9025673 41745803
9025717 41745804
2665046 41745805
9025899 41745806
9025903 41745807
833071 41745808
9026037 41745809
9253489 41745810
9443466 41745811
8930932 41745812
8930944 41745813
8930968 41745814
2665689 41745815
8931021 41745816
8886196 41745817
8886192 41745818
9046061 41745819
9046079 41745820
9046107 41745821
8815744 41745822
8815758 41745823
8815918 41745824
8816006 41745825
41745826 41745827
8816210 41745828
8816328 41745829
8816404 41745830
8816432 41745831
8886246 41745832
8584722 41745833
8584780 41745834
8886236 41745835
8585097 41745836
8585229 41745837
11050013 41745838
8586257 41745839
8586537 41745840
8870326 41745841
8692209 41745842
8692277 41745843
8846444 41745844
9042411 41745845
9042465 41745846
9315959 41745847
9315967 41745848
8596618 41745849
8987982 41745850
9095830 41745851
8692543 41745852
8596239 41745853
8692619 41745854
8889695 41745855
9155318 41745856
9155320 41745857
9155348 41745858
10956847 41745859
11050816 41745860
8595194 41745861
8595286 41745862
8595460 41745863
8896932 41745864
8931392 41745865
9155412 41745866
9155424 41745867
9155480 41745868
9158272 41745869
9158379 41745870
9158383 41745871
8693145 41745872
8693181 41745873
9164487 41745874
9164672 41745875
8619722 41745876
9164688 41745877
8883896 41745878
8620034 41745879
8853317 41745880
3880998 41745881
11051633 41745882
9316197 41745883
8580809 41745884
8589026 41745885
8847492 41745886
8693617 41745887
8610680 41745888
8610710 41745889
8693803 41745890
8693991 41745891
8694351 41745892
9027793 41745893
11148855 41745894
8932010 41745895
9316315 41745896
9316317 41745897
9316361 41745898
8988308 41745899
8988320 41745900
8988350 41745901
8988372 41745902
8613846 41745903
9291917 41745904
9291925 41745905
9292001 41745906
9292013 41745907
9292021 41745908
9292051 41745909
11052587 41745910
8932044 41745911
9173575 41745912
8649618 41745913
9028021 41745914
5138380 41745915
16703030 41745916
9237416 41745917
16669982 41745918
11053200 41745919
11053221 41745920
2649657 41745921
3781708 41745922
8816697 41745923
8816751 41745924
11053284 41745925
8816849 41745926
8816993 41745927
8817041 41745928
8817347 41745929
11053360 41745930
8817555 41745931
8817583 41745932
8817615 41745933
8882513 41745934
8817705 41745935
2637199 41745936
8847625 41745937
8885163 41745938
9040088 41745939
5133104 41745940
8695058 41745941
8577300 41745942
8695154 41745943
8638652 41745944
8638728 41745945
8638750 41745946
8638904 41745947
8639025 41745948
8639107 41745949
8639243 41745950
8639353 41745951
8639405 41745952
8988863 41745953
9329295 41745954
9378116 41745955
9382710 41745956
9383288 41745957
11055609 41745958
8718150 41745959
3881170 41745960
2663675 41745961
10907819 41745962
8932678 41745963
8858490 41745964
2645978 41745965
10900168 41745966
6858523 41745967
8695684 41745968
8862158 41745969
8695824 41745970
8860699 41745971
8695960 41745972
41745973 41745974
8696116 41745975
8697163 41745976
8697195 41745977
8697221 41745978
16666995 41745979
8569125 41745980
9329904 41745981
9330012 41745982
8742002 41745983
7494422 41745984
8933213 41745985
9028091 41745986
11083475 41745987
9028333 41745988
9028375 41745989
8595738 41745990
9184095 41745991
9184173 41745992
9184245 41745993
10987576 41745994
9028577 41745995
9028581 41745996
9028599 41745997
9028607 41745998
8665675 41745999
19567528 41746000
8683939 41746001
8665879 41746002
21804188 41746003
20868118 41746004
21804189 41746005
11229768 41746006
8864576 41746007
8666184 41746008
11227066 41746009
8863321 41746010
8759610 41746011
8697659 41746012
8699605 41746013
8699627 41746014
8698809 41746015
16758050 41746016
9158407 41746017
16696107 41746018
8699252 41746019
8774149 41746020
16711396 41746021
8699565 41746022
10957178 41746023
10934860 41746024
8607448 41746025
10957989 41746026
8990327 41746027
8990499 41746028
10957195 41746029
8990692 41746030
8990738 41746031
10957210 41746032
8990998 41746033
8783550 41746034
10944316 41746035
10957221 41746036
10957234 41746037
8789321 41746038
8992771 41746039
8992791 41746040
10957247 41746041
10948038 41746042
10957258 41746043
8993319 41746044
9316535 41746045
9316539 41746046
8845621 41746047
8680593 41746048
8699939 41746049
8699987 41746050
8655816 41746051
2674694 41746052
9084175 41746053
8799273 41746054
9084209 41746055
8656176 41746056
8656240 41746057
9301301 41746058
2643802 41746059
8933279 41746060
8933307 41746061
8933359 41746062
8933461 41746063
8933477 41746064
8933479 41746065
16671467 41746066
8933551 41746067
8933555 41746068
8933559 41746069
8666442 41746070
8666448 41746071
8874042 41746072
9058050 41746073
8966268 41746074
8966288 41746075
8817945 41746076
8592222 41746077
1669977 41746078
9097345 41746079
8809198 41746080
16667044 41746081
9292296 41746082
9368323 41746083
9028895 41746084
8701554 41746085
2667516 41746086
8701635 41746087
8866588 41746088
857969 41746089
8882495 41746090
8818024 41746091
8844614 41746092
6858001 41746093
833098 41746094
833090 41746095
8879931 41746096
8702182 41746097
8869655 41746098
8884058 41746099
8703012 41746100
8703038 41746101
9316726 41746102
9316728 41746103
8818088 41746104
8818110 41746105
8818191 41746106
8994537 41746107
8918120 41746108
11230919 41746109
8818315 41746110
8595902 41746111
8871985 41746112
8908009 41746113
8666694 41746114
8666698 41746115
8666704 41746116
16712780 41746117
8934365 41746118
8934401 41746119
9144290 41746120
8934407 41746121
8934415 41746122
9173675 41746123
9081305 41746124
2630837 41746125
11063007 41746126
3881983 41746127
8818841 41746128
8818851 41746129
8729296 41746130
8934447 41746131
8934449 41746132
8934451 41746133
8934613 41746134
8809934 41746135
9186284 41746136
8934663 41746137
9186618 41746138
8844469 41746139
8934716 41746140
8934720 41746141
8934740 41746142
8934768 41746143
8934857 41746144
8934861 41746145
8934877 41746146
8934889 41746147
8934909 41746148
8892515 41746149
8934933 41746150
857077 41746151
8833130 41746152
1967342 41746153
8639717 41746154
8639723 41746155
8639743 41746156
8639751 41746157
16666364 41746158
8819157 41746159
9316800 41746160
9316856 41746161
9316918 41746162
11064233 41746163
9317024 41746164
9317040 41746165
9317042 41746166
9086195 41746167
9317098 41746168
9317216 41746169
9317228 41746170
9317230 41746171
8928731 41746172
9317244 41746173
9317282 41746174
9058076 41746175
857902 41746176
31346101 41746177
10944923 41746178
8849160 41746179
8579601 41746180
8706126 41746181
2664956 41746182
8819271 41746183
8613005 41746184
8956978 41746185
8957008 41746186
8953983 41746187
11129113 41746188
8957022 41746189
2653015 41746190
8956229 41746191
8845166 41746192
8800785 41746193
8819351 41746194
8625399 41746195
11142991 41746196
8625495 41746197
8625791 41746198
8626105 41746199
8626147 41746200
8626309 41746201
8626315 41746202
8845272 41746203
8851384 41746204
8626487 41746205
8626543 41746206
8626694 41746207
8656874 41746208
858775 41746209
7481947 41746210
8819401 41746211
8819567 41746212
8819619 41746213
8819811 41746214
8819855 41746215
8819865 41746216
8819883 41746217
8820174 41746218
8820196 41746219
8971619 41746220
8820264 41746221
8820280 41746222
9281380 41746223
9221878 41746224
8706986 41746225
21804310 41746226
10916009 41746227
8707288 41746228
8707302 41746229
8707656 41746230
8707672 41746231
8707806 41746232
8707918 41746233
8841441 41746234
8841461 41746235
8841529 41746236
8841893 41746237
8842165 41746238
8842295 41746239
8882341 41746240
8842245 41746241
8848406 41746242
8842665 41746243
8842693 41746244
8842739 41746245
8842741 41746246
8842769 41746247
8842797 41746248
8842799 41746249
8842803 41746250
8842809 41746251
8842867 41746252
8842885 41746253
8842929 41746254
8842959 41746255
8843019 41746256
8647525 41746257
8843035 41746258
8843075 41746259
11010307 41746260
8843853 41746261
8844456 41746262
8844522 41746263
8844782 41746264
8845952 41746265
8846339 41746266
21805212 41746267
8847334 41746268
8845005 41746269
8846260 41746270
8847942 41746271
8847976 41746272
8848079 41746273
16711180 41746274
8848209 41746275
8848243 41746276
8846508 41746277
8848414 41746278
8848665 41746279
8848883 41746280
8849032 41746281
8849195 41746282
8849211 41746283
8849260 41746284
8849472 41746285
8849633 41746286
8849707 41746287
8849785 41746288
8850204 41746289
8850900 41746290
16711601 41746291
8851567 41746292
8851663 41746293
8851900 41746294
8708022 41746295
8708030 41746296
10913665 41746297
8708100 41746298
8708174 41746299
8708198 41746300
858056 41746301
8913861 41746302
8604933 41746303
8820518 41746304
8708480 41746305
833509 41746306
2640403 41746307
9317583 41746308
857975 41746309
8935437 41746310
857877 41746311
8708640 41746312
8935483 41746313
8935487 41746314
9317621 41746315
833278 41746316
833280 41746317
857660 41746318
833138 41746319
8935523 41746320
8709068 41746321
8709265 41746322
8709427 41746323
8890290 41746324
8709685 41746325
857073 41746326
8709816 41746327
8709844 41746328
8710412 41746329
8710502 41746330
10899944 41746331
8710698 41746332
16704589 41746333
8710846 41746334
8710904 41746335
8710952 41746336
8711008 41746337
9052011 41746338
8711421 41746339
8711475 41746340
10925861 41746341
2690446 41746342
8918212 41746343
8918226 41746344
9369735 41746345
16736246 41746346
9329415 41746347
9329417 41746348
9329425 41746349
9329429 41746350
9102251 41746351
9102269 41746352
9102277 41746353
11070226 41746354
8874285 41746355
8850397 41746356
8889980 41746357
8640013 41746358
8640057 41746359
8640141 41746360
8640147 41746361
8640221 41746362
8640259 41746363
8640275 41746364
8640415 41746365
8640613 41746366
11070550 41746367
8640753 41746368
858824 41746369
8891194 41746370
8654738 41746371
8996437 41746372
8596221 41746373
9301606 41746374
8666850 41746375
9239872 41746376
9293095 41746377
9293097 41746378
9293099 41746379
9317769 41746380
9317809 41746381
9317865 41746382
8996543 41746383
7484287 41746384
9135330 41746385
8996561 41746386
8667032 41746387
8676748 41746388
8820678 41746389
8712513 41746390
8853135 41746391
6858005 41746392
16666741 41746393
8852384 41746394
9047317 41746395
8657316 41746396
8861121 41746397
16667477 41746398
8870314 41746399
9083477 41746400
8657536 41746401
16741158 41746402
8657659 41746403
8657671 41746404
11151553 41746405
8888349 41746406
9185362 41746407
16671522 41746408
16671682 41746409
8852068 41746410
9286721 41746411
8918350 41746412
858816 41746413
8714307 41746414
8714361 41746415
2637070 41746416
2649945 41746417
9062106 41746418
9093400 41746419
8714901 41746420
10918180 41746421
8715017 41746422
8715255 41746423
8715285 41746424
8715289 41746425
8715403 41746426
8715851 41746427
8715913 41746428
8716044 41746429
8716281 41746430
8716343 41746431
8661644 41746432
8661714 41746433
8661736 41746434
8661826 41746435
8661838 41746436
8661874 41746437
8661944 41746438
8661974 41746439
5138910 41746440
858609 41746441
857198 41746442
860494 41746443
8852918 41746444
8936111 41746445
9165459 41746446
9165780 41746447
9165922 41746448
8821134 41746449
9300966 41746450
16673123 41746451
8821296 41746452
9103549 41746453
2638940 41746454
9029945 41746455
8996989 41746456
8874206 41746457
7489110 41746458
9318046 41746459
8821420 41746460
2641032 41746461
8800877 41746462
2668356 41746463
8800974 41746464
8801054 41746465
21804360 41746466
8801428 41746467
8801906 41746468
8802034 41746469
16671801 41746470
9122803 41746471
8717970 41746472
8850208 41746473
2640241 41746474
8806597 41746475
9158425 41746476
2668199 41746477
8807029 41746478
16523588 41746479
8997275 41746480
10953682 41746481
8997293 41746482
8997297 41746483
10953712 41746484
8997305 41746485
8821470 41746486
8885742 41746487
833049 41746488
9140418 41746489
9086335 41746490
2638828 41746491
8936315 41746492
8936319 41746493
8578270 41746494
9174212 41746495
11194779 41746496
8718812 41746497
8809064 41746498
8809632 41746499
8810032 41746500
8810060 41746501
8882633 41746502
858129 41746503
8721524 41746504
8721584 41746505
8721618 41746506
8781921 41746507
8721656 41746508
8721766 41746509
8722380 41746510
8727066 41746511
8729586 41746512
8731888 41746513
8731938 41746514
8731956 41746515
8731958 41746516
8732038 41746517
8732072 41746518
8732234 41746519
8802172 41746520
9318101 41746521
8961020 41746522
11132593 41746523
7493391 41746524
9088107 41746525
9187278 41746526
9187334 41746527
9087164 41746528
9188814 41746529
8593513 41746530
8936363 41746531
8936377 41746532
11226090 41746533
8641093 41746534
3778355 41746535
5136206 41746536
2643198 41746537
2640411 41746538
9318135 41746539
9176024 41746540
8846648 41746541
8849420 41746542
857671 41746543
8802238 41746544
9176719 41746545
8802386 41746546
8802392 41746547
8936437 41746548
9158447 41746549
9158471 41746550
1016990 41746551
8884168 41746552
9072969 41746553
9408333 41746554
8732872 41746555
6858833 41746556
8850745 41746557
16667547 41746558
8598319 41746559
8598345 41746560
8598628 41746561
8936655 41746562
8889540 41746563
8936663 41746564
8853477 41746565
41746566 41746567
8854094 41746568
8854588 41746569
11015425 41746570
8854815 41746571
9186422 41746572
16704615 41746573
8891292 41746574
8855796 41746575
8891296 41746576
8857378 41746577
8620140 41746578
8875805 41746579
8676447 41746580
8729302 41746581
9085139 41746582
8869910 41746583
9163544 41746584
8999307 41746585
8936759 41746586
9058090 41746587
8936883 41746588
9310897 41746589
9310939 41746590
9310970 41746591
9311010 41746592
9311032 41746593
9301774 41746594
8871208 41746595
8868273 41746596
9301784 41746597
3775427 41746598
9318255 41746599
16675139 41746600
8733147 41746601
16523461 41746602
9166281 41746603
9166301 41746604
9166587 41746605
16709833 41746606
9166709 41746607
8937214 41746608
8937226 41746609
8937252 41746610
8822022 41746611
9419173 41746612
8641359 41746613
8858969 41746614
8641431 41746615
8849843 41746616
858861 41746617
8849849 41746618
16730903 41746619
8641884 41746620
8642246 41746621
8642418 41746622
8642424 41746623
8642500 41746624
16707224 41746625
9274996 41746626
16756775 41746627
11088969 41746628
9293661 41746629
2643293 41746630
8937904 41746631
8938103 41746632
857989 41746633
858427 41746634
9030268 41746635
8603065 41746636
9422255 41746637
8822192 41746638
8577981 41746639
8822264 41746640
8822268 41746641
8874381 41746642
8874419 41746643
8914483 41746644
8888983 41746645
8889017 41746646
8889035 41746647
8889039 41746648
9001785 41746649
10956981 41746650
9001795 41746651
8822358 41746652
8822714 41746653
8844286 41746654
8822894 41746655
9178919 41746656
9315591 41746657
11092411 41746658
11092465 41746659
8967098 41746660
8914563 41746661
11179925 41746662
16721825 41746663
7492424 41746664
9175128 41746665
8681603 41746666
7489458 41746667
8678830 41746668
11199202 41746669
8834164 41746670
8938505 41746671
8593065 41746672
8938515 41746673
9318575 41746674
8734961 41746675
8734997 41746676
8599157 41746677
8599241 41746678
8599394 41746679
8599458 41746680
8599598 41746681
8603211 41746682
8958209 41746683
8938688 41746684
5142099 41746685
3779754 41746686
9318587 41746687
8882561 41746688
8882575 41746689
8882605 41746690
8601121 41746691
8859548 41746692
8590212 41746693
8850625 41746694
8859734 41746695
8938757 41746696
8847886 41746697
9355668 41746698
8938924 41746699
8938978 41746700
8938982 41746701
8849661 41746702
8598843 41746703
833045 41746704
8649632 41746705
8853433 41746706
9318667 41746707
8928552 41746708
8928562 41746709
8928582 41746710
9093448 41746711
9093458 41746712
9376150 41746713
9093541 41746714
9093653 41746715
9093711 41746716
9093769 41746717
9093796 41746718
9093808 41746719
11096930 41746720
9093899 41746721
9093969 41746722
8729938 41746723
8850216 41746724
9386391 41746725
9111430 41746726
2612999 41746727
9111457 41746728
9111509 41746729
2690069 41746730
8845427 41746731
9379204 41746732
8845363 41746733
9380062 41746734
8852591 41746735
8727982 41746736
8878686 41746737
8591498 41746738
8601258 41746739
8596638 41746740
8939951 41746741
8602377 41746742
8887458 41746743
8887817 41746744
8888993 41746745
8889645 41746746
8889895 41746747
8890071 41746748
16715632 41746749
8736266 41746750
8736318 41746751
8736376 41746752
16711442 41746753
8737020 41746754
8737665 41746755
9002195 41746756
9293758 41746757
9175182 41746758
8860085 41746759
8860127 41746760
8860165 41746761
8860179 41746762
8921139 41746763
8921187 41746764
8921209 41746765
8921219 41746766
8921221 41746767
8921247 41746768
8921301 41746769
8921313 41746770
8921339 41746771
8921400 41746772
8823917 41746773
8824073 41746774
8824099 41746775
8596167 41746776
8884978 41746777
9318761 41746778
9318931 41746779
8824580 41746780
8824608 41746781
8882551 41746782
8825104 41746783
9031070 41746784
9141136 41746785
9064735 41746786
833136 41746787
8738564 41746788
8902376 41746789
8902614 41746790
8902824 41746791
8902834 41746792
8903036 41746793
8903088 41746794
8903150 41746795
8903162 41746796
8903265 41746797
8903279 41746798
8903285 41746799
8903341 41746800
5164940 41746801
8903630 41746802
8903664 41746803
8903668 41746804
8903745 41746805
8903889 41746806
8904031 41746807
8904165 41746808
8904287 41746809
8904289 41746810
8904317 41746811
8904437 41746812
8904458 41746813
8904516 41746814
8904522 41746815
8904604 41746816
8904616 41746817
8574509 41746818
8904971 41746819
8904975 41746820
8574970 41746821
8905001 41746822
11188100 41746823
8905195 41746824
16666890 41746825
31353270 41746826
9293908 41746827
21806928 41746828
11237338 41746829
9294000 41746830
9294002 41746831
11237268 41746832
41746833 41746834
8739906 41746835
8918514 41746836
9152623 41746837
833085 41746838
9319175 41746839
9319341 41746840
8940785 41746841
8940801 41746842
8940803 41746843
9348736 41746844
8940841 41746845
8941091 41746846
9420774 41746847
8560148 41746848
8941125 41746849
8729076 41746850
8941173 41746851
8941199 41746852
8941209 41746853
8941297 41746854
8941315 41746855
8941341 41746856
8941419 41746857
8729298 41746858
8941525 41746859
8941559 41746860
9360645 41746861
857889 41746862
10929384 41746863
8740260 41746864
9353970 41746865
8740340 41746866
8740372 41746867
9175296 41746868
9175300 41746869
2637526 41746870
9091610 41746871
8846463 41746872
9080749 41746873
8917998 41746874
8918032 41746875
8892550 41746876
833077 41746877
7487487 41746878
857830 41746879
8845801 41746880
9031352 41746881
8662102 41746882
8662116 41746883
8662128 41746884
8662140 41746885
9141192 41746886
9141210 41746887
9141228 41746888
9141246 41746889
9141290 41746890
9141300 41746891
9141308 41746892
9141312 41746893
9141326 41746894
9141352 41746895
9031522 41746896
9398502 41746897
9031596 41746898
9031652 41746899
9031680 41746900
9211793 41746901
8740777 41746902
3781716 41746903
9003171 41746904
8967776 41746905
8723572 41746906
8967796 41746907
8585960 41746908
8740991 41746909
8843903 41746910
9188786 41746911
11189856 41746912
9189116 41746913
9189140 41746914
9189154 41746915
11189918 41746916
3881233 41746917
9189221 41746918
9189239 41746919
9189323 41746920
9189327 41746921
11190044 41746922
9189355 41746923
9189387 41746924
9189471 41746925
8586812 41746926
9189525 41746927
9189545 41746928
11190233 41746929
9189573 41746930
9189575 41746931
9166895 41746932
8941923 41746933
8941931 41746934
8741207 41746935
9003371 41746936
10944993 41746937
10958153 41746938
32755133 41746939
10957837 41746940
10957843 41746941
41431593 41746942
10958171 41746943
10957854 41746944
9003647 41746945
8918690 41746946
8918825 41746947
16678490 41746948
21804470 41746949
8918913 41746950
8919212 41746951
8919305 41746952
8919393 41746953
8919459 41746954
8588884 41746955
8919637 41746956
8919711 41746957
8921568 41746958
8921626 41746959
8849990 41746960
8921664 41746961
8921859 41746962
8921891 41746963
8921917 41746964
8921965 41746965
8921979 41746966
9082338 41746967
8878600 41746968
8590012 41746969
8922035 41746970
8922047 41746971
8878572 41746972
11199564 41746973
8882639 41746974
9175446 41746975
9175452 41746976
9175462 41746977
9175468 41746978
2647833 41746979
8961515 41746980
8729014 41746981
8961663 41746982
8652706 41746983
9141386 41746984
8967858 41746985
833158 41746986
8886142 41746987
9300441 41746988
9300455 41746989
9300469 41746990
9300491 41746991
8914917 41746992
8942047 41746993
2644639 41746994
8741875 41746995
16713179 41746996
8742046 41746997
8592636 41746998
8657366 41746999
8742476 41747000
8742522 41747001
11108210 41747002
8589354 41747003
9294230 41747004
8743134 41747005
9114210 41747006
9114252 41747007
8669159 41747008
8669163 41747009
8854782 41747010
8643911 41747011
8643991 41747012
11111658 41747013
8942219 41747014
8662162 41747015
8662194 41747016
8662264 41747017
21804992 41747018
2636853 41747019
8744185 41747020
9004405 41747021
9004463 41747022
10953520 41747023
8662350 41747024
16667481 41747025
8662726 41747026
8662766 41747027
11112318 41747028
8662866 41747029
8662894 41747030
21804294 41747031
8663022 41747032
8663080 41747033
8663102 41747034
2628827 41747035
8889184 41747036
8745676 41747037
8746556 41747038
8942387 41747039
8600876 41747040
8600991 41747041
9166933 41747042
9166963 41747043
9032388 41747044
9319994 41747045
11112915 41747046
8960110 41747047
8960112 41747048
8960118 41747049
8960120 41747050
8826308 41747051
8826344 41747052
8942505 41747053
8607552 41747054
8747707 41747055
8748043 41747056
41747057 41747058
8748426 41747059
8748773 41747060
8748951 41747061
8748981 41747062
9220853 41747063
8749064 41747064
8749244 41747065
8749317 41747066
8749319 41747067
8749954 41747068
8750518 41747069
8750542 41747070
10918085 41747071
11234747 41747072
8751168 41747073
8751266 41747074
8886274 41747075
8751412 41747076
8751434 41747077
8751458 41747078
10901761 41747079
8751536 41747080
8751954 41747081
8752206 41747082
8844024 41747083
10900790 41747084
8752485 41747085
32687930 41747086
8752661 41747087
8752909 41747088
8753030 41747089
8753050 41747090
8753054 41747091
8753597 41747092
8753633 41747093
8753977 41747094
8754013 41747095
8754195 41747096
8754205 41747097
8754259 41747098
8754327 41747099
8754625 41747100
8754645 41747101
41747102 41747103
8755874 41747104
8755906 41747105
8755910 41747106
8756014 41747107
10922992 41747108
8756202 41747109
8756214 41747110
9116115 41747111
10958219 41747112
10953810 41747113
9004955 41747114
7486427 41747115
8957282 41747116
8599105 41747117
8942662 41747118
8609078 41747119
8848370 41747120
8756550 41747121
8942724 41747122
8942746 41747123
11156158 41747124
8942776 41747125
8942800 41747126
2638241 41747127
8826659 41747128
8565181 41747129
2639154 41747130
8958271 41747131
8610308 41747132
9320458 41747133
41747134 41747135
9301886 41747136
9301916 41747137
8756832 41747138
8756836 41747139
8942939 41747140
9141452 41747141
9141454 41747142
8958907 41747143
16615648 41747144
8959105 41747145
8959109 41747146
8959117 41747147
8959171 41747148
8883253 41747149
8959205 41747150
8959237 41747151
1672197 41747152
8959308 41747153
8959330 41747154
8959394 41747155
8959406 41747156
1016997 41747157
8882557 41747158
8826841 41747159
8826917 41747160
8882573 41747161
8827001 41747162
8882577 41747163
11114940 41747164
7496483 41747165
8922249 41747166
8922251 41747167
8922415 41747168
8849922 41747169
11156380 41747170
8757182 41747171
16756783 41747172
16707258 41747173
8757278 41747174
8757282 41747175
8757288 41747176
8757364 41747177
10921179 41747178
8757494 41747179
8757548 41747180
11213320 41747181
8804028 41747182
8845489 41747183
8962217 41747184
8962420 41747185
8962446 41747186
8962581 41747187
8962617 41747188
8962769 41747189
8962858 41747190
8962920 41747191
8962924 41747192
8962970 41747193
8827359 41747194
8844386 41747195
9232232 41747196
9167023 41747197
8616522 41747198
8628280 41747199
8628292 41747200
8628298 41747201
9091985 41747202
8757906 41747203
833264 41747204
833266 41747205
8619034 41747206
8964807 41747207
8964819 41747208
8619212 41747209
8882708 41747210
8964883 41747211
8964887 41747212
8964899 41747213
8964913 41747214
8964919 41747215
5134109 41747216
8964994 41747217
11128699 41747218
8965048 41747219
8965060 41747220
8965128 41747221
11128857 41747222
8965314 41747223
8965322 41747224
8965328 41747225
8965338 41747226
11128922 41747227
8854851 41747228
8965368 41747229
8965374 41747230
2633021 41747231
8797379 41747232
8797385 41747233
8848855 41747234
8617889 41747235
8758116 41747236
8811135 41747237
28938962 41747238
11340259 41747239
9392797 41747240
9294562 41747241
9294564 41747242
9294578 41747243
9294592 41747244
8874477 41747245
8874525 41747246
8874538 41747247
19700508 41747248
8845669 41747249
8658605 41747250
8853167 41747251
8943815 41747252
8943839 41747253
8943845 41747254
8943867 41747255
8943879 41747256
9282385 41747257
41747258 41747259
9320541 41747260
2660997 41747261
8759431 41747262
8886252 41747263
2638021 41747264
8759570 41747265
8759640 41747266
8759692 41747267
10906464 41747268
8943913 41747269
8943917 41747270
8969056 41747271
8969090 41747272
9085623 41747273
16717960 41747274
8969110 41747275
8969140 41747276
8884098 41747277
8601876 41747278
8601994 41747279
8760024 41747280
833302 41747281
9320573 41747282
9320585 41747283
9320595 41747284
9320613 41747285
9132825 41747286
9132833 41747287
10957351 41747288
9007315 41747289
9007317 41747290
10957356 41747291
9007363 41747292
9007365 41747293
10957360 41747294
9007407 41747295
9007411 41747296
10934877 41747297
10957368 41747298
9007429 41747299
9007453 41747300
9007455 41747301
9007469 41747302
9007478 41747303
9007484 41747304
10957380 41747305
9007496 41747306
10957383 41747307
10957385 41747308
9007516 41747309
9007522 41747310
9007538 41747311
9007548 41747312
8760425 41747313
858194 41747314
2661431 41747315
8969185 41747316
8969194 41747317
8596396 41747318
9047546 41747319
9047558 41747320
9047570 41747321
9047582 41747322
9047602 41747323
8592268 41747324
8628352 41747325
8628354 41747326
9371296 41747327
9087384 41747328
9023683 41747329
9023689 41747330
9023691 41747331
9023709 41747332
3885520 41747333
8760729 41747334
41747335 41747336
10932215 41747337
8760894 41747338
8760900 41747339
30960938 41747340
8761027 41747341
8761049 41747342
8969280 41747343
11013138 41747344
8827802 41747345
8882585 41747346
8827874 41747347
8578173 41747348
8827962 41747349
8851223 41747350
6858567 41747351
8882591 41747352
8622957 41747353
8944035 41747354
8761596 41747355
9013413 41747356
8761772 41747357
9129013 41747358
16682363 41747359
9320671 41747360
8762545 41747361
9320875 41747362
9092402 41747363
9092432 41747364
9092490 41747365
7496205 41747366
9033414 41747367
9033474 41747368
9117009 41747369
9148347 41747370
9148357 41747371
9148391 41747372
9148429 41747373
9148449 41747374
9148465 41747375
9148485 41747376
9148503 41747377
9148515 41747378
11118671 41747379
9148517 41747380
9392429 41747381
9148583 41747382
9148593 41747383
9148717 41747384
16756594 41747385
9294782 41747386
9294790 41747387
9294798 41747388
9294930 41747389
9294952 41747390
9294990 41747391
9295034 41747392
9295044 41747393
9295068 41747394
9295086 41747395
9295088 41747396
8625723 41747397
9037875 41747398
9037879 41747399
9037975 41747400
9037989 41747401
9038019 41747402
9038065 41747403
9038077 41747404
9038085 41747405
858764 41747406
9038104 41747407
9332400 41747408
8626816 41747409
8582456 41747410
8588724 41747411
16696711 41747412
16666250 41747413
8602525 41747414
8602567 41747415
8644519 41747416
9212521 41747417
8944282 41747418
8944286 41747419
8944292 41747420
8944294 41747421
8635835 41747422
8635897 41747423
8635953 41747424
8636080 41747425
8636248 41747426
9377473 41747427
8636462 41747428
858871 41747429
8636577 41747430
8636783 41747431
9008680 41747432
9008766 41747433
10957007 41747434
10957009 41747435
9008790 41747436
10957040 41747437
9008938 41747438
10957045 41747439
9395089 41747440
9094463 41747441
9094465 41747442
5142749 41747443
8584924 41747444
9009068 41747445
10957938 41747446
10957947 41747447
10958281 41747448
9059168 41747449
8965438 41747450
8965468 41747451
8965520 41747452
8965526 41747453
8965558 41747454
8599714 41747455
8965570 41747456
8965596 41747457
8965626 41747458
8965630 41747459
8729354 41747460
8857388 41747461
16713959 41747462
9302146 41747463
8854574 41747464
8634647 41747465
8969705 41747466
8944476 41747467
9158736 41747468
9158858 41747469
9159006 41747470
9241462 41747471
8635004 41747472
9043016 41747473
8635020 41747474
9043052 41747475
9043054 41747476
858230 41747477
8845471 41747478
11014716 41747479
8828546 41747480
11014714 41747481
8828506 41747482
9047672 41747483
9047676 41747484
9047706 41747485
9047748 41747486
9047776 41747487
9047780 41747488
9047782 41747489
9069937 41747490
9047840 41747491
8763383 41747492
8763385 41747493
8828616 41747494
8969744 41747495
8969842 41747496
2634886 41747497
5142898 41747498
8670593 41747499
8644234 41747500
16697522 41747501
8763695 41747502
8828734 41747503
8828746 41747504
8828850 41747505
9141480 41747506
10957885 41747507
10957887 41747508
10957889 41747509
9011106 41747510
9011108 41747511
10957903 41747512
10957909 41747513
9011168 41747514
10957912 41747515
10944110 41747516
9011190 41747517
9011204 41747518
10957916 41747519
9011228 41747520
8731066 41747521
6837118 41747522
10957927 41747523
9011279 41747524
6860256 41747525
16683894 41747526
9295566 41747527
9295576 41747528
9295586 41747529
9295592 41747530
857554 41747531
8944543 41747532
8944573 41747533
8944637 41747534
8944643 41747535
8944715 41747536
10957455 41747537
10944112 41747538
9011472 41747539
10944116 41747540
10958299 41747541
16684133 41747542
9011524 41747543
9011528 41747544
2653616 41747545
8969908 41747546
8969924 41747547
8969928 41747548
8969964 41747549
8970044 41747550
2642376 41747551
6858640 41747552
3885926 41747553
8970119 41747554
8920215 41747555
8908242 41747556
8908264 41747557
8908280 41747558
8915624 41747559
2641395 41747560
9321117 41747561
8593871 41747562
8658887 41747563
8764431 41747564
8944914 41747565
8944966 41747566
8944994 41747567
8645084 41747568
8645116 41747569
8645176 41747570
8645204 41747571
8645236 41747572
8645282 41747573
8645336 41747574
8645346 41747575
8645368 41747576
8654019 41747577
7496364 41747578
8645486 41747579
8645494 41747580
8645512 41747581
8645516 41747582
8945100 41747583
9321133 41747584
8655882 41747585
8864272 41747586
8588812 41747587
8829170 41747588
8845841 41747589
9327008 41747590
8945247 41747591
8829240 41747592
9033912 41747593
9087855 41747594
8829292 41747595
8765737 41747596
9059713 41747597
8603507 41747598
8603533 41747599
11014692 41747600
8603771 41747601
8603827 41747602
8603839 41747603
8603875 41747604
8603887 41747605
8603909 41747606
8603929 41747607
8645526 41747608
8843489 41747609
8957298 41747610
8659037 41747611
8957348 41747612
8957366 41747613
9321179 41747614
9321181 41747615
857578 41747616
9073017 41747617
8876521 41747618
9073045 41747619
9129865 41747620
9130821 41747621
9131509 41747622
9132513 41747623
9132593 41747624
9132879 41747625
9133023 41747626
8945317 41747627
9033994 41747628
9120741 41747629
9120777 41747630
3775467 41747631
8970976 41747632
8970984 41747633
8671228 41747634
7486397 41747635
8829452 41747636
8583569 41747637
9302383 41747638
9302441 41747639
7494394 41747640
6858827 41747641
30681721 41747642
21817131 41747643
8604065 41747644
8604083 41747645
8669235 41747646
853651 41747647
9321235 41747648
9321248 41747649
9321264 41747650
2662415 41747651
8872323 41747652
32709171 41747653
8678992 41747654
9013663 41747655
10958303 41747656
9013945 41747657
10947907 41747658
9087360 41747659
9014043 41747660
9014153 41747661
9014177 41747662
10957497 41747663
9014231 41747664
10957505 41747665
9014253 41747666
9014255 41747667
10957519 41747668
9014265 41747669
2636730 41747670
9014283 41747671
9014293 41747672
10957539 41747673
8767184 41747674
8767188 41747675
8767270 41747676
8604775 41747677
8671546 41747678
8671570 41747679
8854740 41747680
9122509 41747681
9122541 41747682
9122629 41747683
9122659 41747684
9122685 41747685
9122771 41747686
9122787 41747687
9122789 41747688
9122801 41747689
8852100 41747690
16685794 41747691
8621283 41747692
8621359 41747693
16690876 41747694
8621411 41747695
8880078 41747696
8621640 41747697
8621646 41747698
8691178 41747699
9122939 41747700
41747701 41747702
21806935 41747703
21817291 41747704
9123049 41747705
9123053 41747706
9123055 41747707
9123059 41747708
9123063 41747709
9123081 41747710
9123087 41747711
9123119 41747712
9123129 41747713
29570070 41747714
9123169 41747715
9123179 41747716
9123209 41747717
9123219 41747718
8945667 41747719
3885814 41747720
2702401 41747721
9321348 41747722
9321352 41747723
9034270 41747724
9034446 41747725
9034514 41747726
9034584 41747727
9028755 41747728
9014565 41747729
9014567 41747730
10953866 41747731
11018273 41747732
11018243 41747733
9132875 41747734
9132883 41747735
9132927 41747736
9132937 41747737
9132963 41747738
9132983 41747739
9133003 41747740
9133017 41747741
9133021 41747742
9133057 41747743
9133059 41747744
11018141 41747745
9133137 41747746
9133143 41747747
9133145 41747748
9133149 41747749
9133195 41747750
5134163 41747751
16686001 41747752
16686010 41747753
16686016 41747754
1820575 41747755
9279858 41747756
8767824 41747757
8922882 41747758
8922916 41747759
11219840 41747760
5134867 41747761
8923000 41747762
8923176 41747763
8923289 41747764
9152823 41747765
10958337 41747766
10958348 41747767
9015280 41747768
9167225 41747769
9170641 41747770
8768467 41747771
9134186 41747772
8698775 41747773
8883619 41747774
2639009 41747775
8947098 41747776
9141598 41747777
8857491 41747778
9141654 41747779
9141690 41747780
9141760 41747781
2668761 41747782
859037 41747783
9034618 41747784
8947462 41747785
8947466 41747786
8947472 41747787
9296150 41747788
9296152 41747789
9327154 41747790
9327160 41747791
9034664 41747792
9015754 41747793
9287477 41747794
8960174 41747795
8960194 41747796
8645602 41747797
8960238 41747798
8960268 41747799
8701268 41747800
9146527 41747801
9146561 41747802
8947650 41747803
8701474 41747804
8702010 41747805
8702124 41747806
5142715 41747807
2642231 41747808
11033560 41747809
9296503 41747810
9296953 41747811
9296995 41747812
9297097 41747813
8704737 41747814
9276286 41747815
8671714 41747816
8948022 41747817
8948207 41747818
8705315 41747819
16739452 41747820
8769691 41747821
9394064 41747822
8604827 41747823
8645646 41747824
8645718 41747825
3886654 41747826
9321481 41747827
9321499 41747828
9321549 41747829
9321635 41747830
9321723 41747831
9321735 41747832
9321739 41747833
9321793 41747834
8849665 41747835
8769895 41747836
8769897 41747837
8769901 41747838
8948475 41747839
8948479 41747840
8948485 41747841
8948507 41747842
8948513 41747843
8712230 41747844
2603664 41747845
9287529 41747846
9093115 41747847
9093125 41747848
8948581 41747849
8948583 41747850
8948633 41747851
8948639 41747852
8948641 41747853
8972094 41747854
8972102 41747855
8972154 41747856
8972244 41747857
9137346 41747858
858720 41747859
8682728 41747860
8671938 41747861
5169035 41747862
8715509 41747863
8630424 41747864
8630464 41747865
8630476 41747866
8630514 41747867
8630591 41747868
6858257 41747869
9143440 41747870
833346 41747871
8770157 41747872
8770169 41747873
8770171 41747874
16627726 41747875
2634915 41747876
9322106 41747877
9350398 41747878
9322186 41747879
9322238 41747880
9023793 41747881
9023815 41747882
9023847 41747883
8797963 41747884
8798115 41747885
2662957 41747886
857714 41747887
858934 41747888
860764 41747889
2655077 41747890
857735 41747891
857741 41747892
859141 41747893
858936 41747894
2637178 41747895
9147009 41747896
9147081 41747897
9147087 41747898
11037501 41747899
9147130 41747900
9147178 41747901
9147180 41747902
9147182 41747903
9147290 41747904
2644232 41747905
9147314 41747906
8876528 41747907
9147326 41747908
9147336 41747909
9147342 41747910
9147414 41747911
9147420 41747912
9147436 41747913
9125119 41747914
9125133 41747915
858396 41747916
21804732 41747917
9148749 41747918
9148759 41747919
8949033 41747920
8875201 41747921
9339545 41747922
8855556 41747923
8949153 41747924
8737164 41747925
8737238 41747926
16753238 41747927
11160929 41747928
8875209 41747929
8949705 41747930
8875473 41747931
8591480 41747932
9437660 41747933
8646059 41747934
8659121 41747935
9150551 41747936
9150647 41747937
9150766 41747938
9151030 41747939
9151054 41747940
9151241 41747941
9151425 41747942
9151441 41747943
9035077 41747944
5066079 41747945
9035134 41747946
16667591 41747947
8843887 41747948
9153047 41747949
9153055 41747950
16666299 41747951
16688890 41747952
16688896 41747953
9153277 41747954
16666224 41747955
9153361 41747956
29571206 41747957
16688911 41747958
9153547 41747959
16703525 41747960
16667497 41747961
8846399 41747962
8950113 41747963
8581976 41747964
8950131 41747965
11319666 41747966
8682918 41747967
11226198 41747968
858693 41747969
9277630 41747970
858691 41747971
833223 41747972
833221 41747973
858421 41747974
8880090 41747975
9073081 41747976
9073091 41747977
9073103 41747978
8879827 41747979
29558338 41747980
8879837 41747981
8741359 41747982
8741385 41747983
9073145 41747984
11127893 41747985
8741411 41747986
9073161 41747987
9073163 41747988
8741435 41747989
9073195 41747990
9176565 41747991
9176605 41747992
8882645 41747993
9176671 41747994
8882647 41747995
11199853 41747996
9176739 41747997
9087316 41747998
11199590 41747999
8741647 41748000
8882651 41748001
9176943 41748002
9177029 41748003
11199922 41748004
9177069 41748005
9177075 41748006
8847446 41748007
8741800 41748008
11199958 41748009
8741824 41748010
8882659 41748011
11196722 41748012
11195677 41748013
8772158 41748014
9159044 41748015
9159376 41748016
8843762 41748017
11036626 41748018
9159552 41748019
9159616 41748020
9260031 41748021
2637914 41748022
8830098 41748023
9088272 41748024
8973428 41748025
8973432 41748026
8973448 41748027
858461 41748028
858468 41748029
2681519 41748030
833244 41748031
857180 41748032
858459 41748033
2744594 41748034
8882666 41748035
858470 41748036
9177752 41748037
858463 41748038
9177802 41748039
2658426 41748040
8744067 41748041
9322584 41748042
857682 41748043
8950297 41748044
9017340 41748045
5140533 41748046
8673993 41748047
9322658 41748048
8577732 41748049
8747565 41748050
8950353 41748051
8773298 41748052
8773344 41748053
8773400 41748054
8773414 41748055
8773428 41748056
8605317 41748057
8605429 41748058
864589 41748059
9178087 41748060
9178093 41748061
9178097 41748062
8892139 41748063
8892168 41748064
16690036 41748065
8892193 41748066
858380 41748067
16690124 41748068
9178477 41748069
8838051 41748070
8838107 41748071
857125 41748072
8838357 41748073
7484769 41748074
858323 41748075
2696602 41748076
8839083 41748077
833195 41748078
858679 41748079
858822 41748080
9038158 41748081
9220943 41748082
9167367 41748083
9167371 41748084
9167395 41748085
8846163 41748086
9167423 41748087
9167433 41748088
9167465 41748089
9167601 41748090
16690381 41748091
8844314 41748092
8750026 41748093
9167667 41748094
9167695 41748095
1992675 41748096
9167802 41748097
9167858 41748098
9167862 41748099
8883019 41748100
9167904 41748101
9167918 41748102
9167954 41748103
9167964 41748104
11032395 41748105
9168080 41748106
9168094 41748107
9168136 41748108
9168142 41748109
11116632 41748110
9168256 41748111
11234280 41748112
9168284 41748113
8830380 41748114
8584652 41748115
8773991 41748116
9168908 41748117
9168942 41748118
9168958 41748119
858299 41748120
9168987 41748121
9169011 41748122
9169015 41748123
9018128 41748124
9018134 41748125
10903858 41748126
9171096 41748127
8883029 41748128
9171135 41748129
9171181 41748130
9171269 41748131
8883027 41748132
9171363 41748133
9297803 41748134
2714554 41748135
8892904 41748136
9162008 41748137
9165224 41748138
9287741 41748139
9287934 41748140
9287966 41748141
2670220 41748142
3882348 41748143
9322676 41748144
858218 41748145
9141861 41748146
9116035 41748147
8963762 41748148
8963882 41748149
8830489 41748150
8830575 41748151
11020576 41748152
8830511 41748153
8830521 41748154
11195067 41748155
9178642 41748156
9178764 41748157
9178903 41748158
9178923 41748159
9179021 41748160
11194777 41748161
11196794 41748162
11198319 41748163
9179307 41748164
9179331 41748165
9179391 41748166
9179429 41748167
9179445 41748168
9179511 41748169
9179561 41748170
2643279 41748171
9202847 41748172
857109 41748173
9179953 41748174
9179991 41748175
11197508 41748176
16699777 41748177
858633 41748178
11194595 41748179
9181634 41748180
11198309 41748181
11197713 41748182
9182040 41748183
9182066 41748184
9417109 41748185
8892574 41748186
8631304 41748187
9153971 41748188
9153993 41748189
3779747 41748190
9154001 41748191
9154095 41748192
8825466 41748193
11021264 41748194
8863971 41748195
9154161 41748196
9154173 41748197
41485211 41748198
9154199 41748199
11223470 41748200
8863973 41748201
8855566 41748202
8844726 41748203
8756006 41748204
7493597 41748205
9276610 41748206
9276626 41748207
9276638 41748208
8591155 41748209
8951008 41748210
8646213 41748211
8646253 41748212
8646283 41748213
8646297 41748214
8646303 41748215
5136041 41748216
11027211 41748217
8659302 41748218
858579 41748219
9277895 41748220
9277899 41748221
9277909 41748222
9278004 41748223
9278101 41748224
9278159 41748225
9068758 41748226
9278306 41748227
9278460 41748228
9278539 41748229
9278603 41748230
9278706 41748231
9278726 41748232
9278802 41748233
9278808 41748234
9278840 41748235
9278842 41748236
9278999 41748237
9279015 41748238
9279061 41748239
8757638 41748240
8852738 41748241
8659942 41748242
8973711 41748243
8974162 41748244
8974425 41748245
2638023 41748246
8974603 41748247
8974749 41748248
8974853 41748249
8974977 41748250
8974987 41748251
8674145 41748252
8636905 41748253
2633017 41748254
8845992 41748255
9103115 41748256
11198574 41748257
9182236 41748258
9322710 41748259
8774624 41748260
8646317 41748261
8646323 41748262
8646349 41748263
8646389 41748264
8646391 41748265
9141903 41748266
9018824 41748267
8975039 41748268
8975089 41748269
8975097 41748270
8975099 41748271
8975103 41748272
8975137 41748273
8774798 41748274
9288069 41748275
9288081 41748276
11038580 41748277
9288093 41748278
9288141 41748279
9288153 41748280
11038799 41748281
9288217 41748282
9288375 41748283
9288399 41748284
9288425 41748285
9288471 41748286
9288487 41748287
9288509 41748288
11038563 41748289
9288627 41748290
11038635 41748291
8845443 41748292
9288719 41748293
9288745 41748294
9288777 41748295
9288793 41748296
11038840 41748297
9288831 41748298
8847047 41748299
9288997 41748300
9289009 41748301
9289023 41748302
8875030 41748303
8875042 41748304
8875094 41748305
8875311 41748306
9322786 41748307
9322814 41748308
9086103 41748309
8866131 41748310
16700579 41748311
9035546 41748312
9035638 41748313
9035662 41748314
16700623 41748315
20044577 41748316
16700628 41748317
16705785 41748318
16704805 41748319
16666206 41748320
16729147 41748321
19253928 41748322
16700640 41748323
8867842 41748324
8845743 41748325
8851127 41748326
8951516 41748327
8776054 41748328
8776060 41748329
8776064 41748330
9018940 41748331
8776102 41748332
16700676 41748333
8776252 41748334
8776256 41748335
10922190 41748336
9297959 41748337
9297971 41748338
9297991 41748339
8846896 41748340
9298183 41748341
9298207 41748342
8975289 41748343
8975482 41748344
8975726 41748345
2643248 41748346
8951567 41748347
8835502 41748348
8812391 41748349
8812431 41748350
8812445 41748351
8812475 41748352
8812487 41748353
8826028 41748354
8812563 41748355
8812677 41748356
8812697 41748357
8812747 41748358
8812893 41748359
8813246 41748360
8593517 41748361
8813993 41748362
8814009 41748363
8814061 41748364
8826076 41748365
9082708 41748366
9085629 41748367
9322916 41748368
8814406 41748369
8814766 41748370
8814862 41748371
8776769 41748372
8777004 41748373
16616035 41748374
16521882 41748375
8778321 41748376
8778325 41748377
10916545 41748378
8778753 41748379
8779245 41748380
2639514 41748381
8779744 41748382
10928579 41748383
8779921 41748384
8780936 41748385
10906579 41748386
8781895 41748387
8781919 41748388
8782345 41748389
8782365 41748390
10934853 41748391
9129077 41748392
9129105 41748393
9129115 41748394
9129135 41748395
41748396 41748397
8783094 41748398
9411082 41748399
9322952 41748400
9323000 41748401
9323038 41748402
11027038 41748403
9323074 41748404
9323114 41748405
2668059 41748406
9395115 41748407
8951867 41748408
8951915 41748409
8601396 41748410
9203824 41748411
9182282 41748412
8852910 41748413
8976258 41748414
8976268 41748415
8976330 41748416
8976390 41748417
16710097 41748418
9323168 41748419
9085423 41748420
8646733 41748421
8646899 41748422
8646965 41748423
8646971 41748424
8646995 41748425
8647103 41748426
8892576 41748427
8647499 41748428
8647549 41748429
8647691 41748430
8647955 41748431
41748432 41748433
8647995 41748434
8648003 41748435
8648075 41748436
8648219 41748437
8648245 41748438
8892623 41748439
8648297 41748440
8648319 41748441
8648345 41748442
8648351 41748443
9085839 41748444
8648651 41748445
8648678 41748446
7486430 41748447
8830759 41748448
8830773 41748449
8830809 41748450
9323190 41748451
8831003 41748452
8831053 41748453
8831157 41748454
8831211 41748455
8770229 41748456
8831407 41748457
8831409 41748458
8831488 41748459
9035810 41748460
9323286 41748461
9303128 41748462
9303244 41748463
9303262 41748464
8826498 41748465
9303486 41748466
9379974 41748467
2613426 41748468
2647172 41748469
5134210 41748470
11239420 41748471
8890987 41748472
2605983 41748473
9160144 41748474
9328066 41748475
8783607 41748476
8784031 41748477
10933072 41748478
8784091 41748479
8557048 41748480
8784183 41748481
8784337 41748482
8784353 41748483
8784484 41748484
16701476 41748485
9182386 41748486
2636830 41748487
9182425 41748488
2664559 41748489
2676799 41748490
858808 41748491
8952102 41748492
8773791 41748493
9315320 41748494
9315324 41748495
8952268 41748496
864209 41748497
8648760 41748498
8648834 41748499
8648852 41748500
9210716 41748501
8774091 41748502
8574816 41748503
8649094 41748504
8649108 41748505
8649126 41748506
8952278 41748507
6855701 41748508
8882785 41748509
9129469 41748510
9129537 41748511
9023719 41748512
8952412 41748513
8605906 41748514
8952592 41748515
8976551 41748516
8976555 41748517
8976565 41748518
8976585 41748519
8976645 41748520
8976661 41748521
8976771 41748522
8976801 41748523
8976931 41748524
8977005 41748525
9086778 41748526
9155384 41748527
8977079 41748528
8977205 41748529
8785020 41748530
16710573 41748531
8646463 41748532
8860597 41748533
8846407 41748534
8862330 41748535
3782538 41748536
11117257 41748537
3780282 41748538
8952777 41748539
8952797 41748540
8952807 41748541
8952811 41748542
8874359 41748543
8952983 41748544
16702108 41748545
8953051 41748546
8854200 41748547
8953067 41748548
8953079 41748549
7493489 41748550
16702148 41748551
8599814 41748552
8568531 41748553
8875467 41748554
8591452 41748555
8920729 41748556
5135708 41748557
8605968 41748558
2657622 41748559
8953395 41748560
8786310 41748561
11031568 41748562
9308807 41748563
9308809 41748564
16760835 41748565
8783446 41748566
5141214 41748567
8786552 41748568
6857599 41748569
3780450 41748570
8787200 41748571
8787912 41748572
8788660 41748573
8788997 41748574
8789217 41748575
3782955 41748576
8845855 41748577
2636872 41748578
8592442 41748579
8832058 41748580
8584416 41748581
8916872 41748582
858980 41748583
9021289 41748584
8977467 41748585
8977503 41748586
8977619 41748587
8977769 41748588
8977835 41748589
8977845 41748590
8977855 41748591
8977901 41748592
8977903 41748593
9168358 41748594
8851693 41748595
9168454 41748596
9168536 41748597
9168540 41748598
9168684 41748599
9323398 41748600
9328116 41748601
8683461 41748602
8674507 41748603
11227138 41748604
9279971 41748605
41582525 41748606
11030697 41748607
9280367 41748608
8832196 41748609
8832222 41748610
8832364 41748611
8848575 41748612
9312282 41748613
9312292 41748614
9312300 41748615
9221880 41748616
9312314 41748617
9312322 41748618
9312332 41748619
8978431 41748620
8978445 41748621
3781075 41748622
1946949 41748623
8978714 41748624
8978728 41748625
857921 41748626
2749500 41748627
10939819 41748628
9036424 41748629
8791100 41748630
9323475 41748631
9323495 41748632
9323513 41748633
9323517 41748634
9323521 41748635
30731534 41748636
8631897 41748637
2749315 41748638
8678700 41748639
8846953 41748640
8791304 41748641
8791322 41748642
8791503 41748643
2635740 41748644
8588714 41748645
3781001 41748646
3780722 41748647
9021661 41748648
10958375 41748649
9021673 41748650
10957577 41748651
9021693 41748652
8793274 41748653
8658739 41748654
8658933 41748655
9021761 41748656
10958392 41748657
8793318 41748658
8659306 41748659
9021859 41748660
9021879 41748661
10957610 41748662
10957612 41748663
9021913 41748664
10957621 41748665
9021945 41748666
9021965 41748667
9021979 41748668
9021997 41748669
9022005 41748670
10957635 41748671
10958408 41748672
9022033 41748673
9022071 41748674
10957651 41748675
10957653 41748676
9086309 41748677
9022099 41748678
10957658 41748679
8793574 41748680
9022143 41748681
9022145 41748682
9022147 41748683
10957669 41748684
9022157 41748685
9022159 41748686
9022165 41748687
9022167 41748688
9022169 41748689
9022177 41748690
10957684 41748691
9022209 41748692
10957558 41748693
9022323 41748694
9022381 41748695
9022411 41748696
11022682 41748697
8954041 41748698
8954139 41748699
7485114 41748700
8859194 41748701
2660999 41748702
9037063 41748703
9323775 41748704
860504 41748705
8795129 41748706
9315380 41748707
9315382 41748708
11070508 41748709
8792357 41748710
9022509 41748711
9022521 41748712
858003 41748713
9328199 41748714
9328207 41748715
8852605 41748716
8815358 41748717
9037221 41748718
8792445 41748719
8792447 41748720
2638540 41748721
9328582 41748722
9328622 41748723
2639939 41748724
9023869 41748725
9024037 41748726
9024207 41748727
9123265 41748728
2638888 41748729
8849287 41748730
2642634 41748731
9206270 41748732
9206290 41748733
9329509 41748734
8845033 41748735
9329661 41748736
9329675 41748737
9329689 41748738
9329733 41748739
9329789 41748740
9329821 41748741
9329829 41748742
9329837 41748743
9329841 41748744
9329845 41748745
9329849 41748746
2637512 41748747
9329870 41748748
9329898 41748749
9329902 41748750
8650154 41748751
8954599 41748752
8849512 41748753
9299070 41748754
21805035 41748755
9299106 41748756
9206526 41748757
9206541 41748758
9206563 41748759
9206589 41748760
9206605 41748761
8798082 41748762
2677837 41748763
9299352 41748764
8884963 41748765
9299368 41748766
9299380 41748767
9299392 41748768
9299412 41748769
9299424 41748770
9299440 41748771
9299442 41748772
9299526 41748773
9299570 41748774
9299616 41748775
9299686 41748776
9299728 41748777
9299902 41748778
9299938 41748779
9299948 41748780
9299990 41748781
8849651 41748782
9300014 41748783
9300022 41748784
9300026 41748785
9300108 41748786
9300112 41748787
9300130 41748788
9300209 41748789
9300231 41748790
9300243 41748791
8884840 41748792
2706436 41748793
8884851 41748794
10957396 41748795
10957398 41748796
9083707 41748797
10946712 41748798
9177912 41748799
9022751 41748800
9022759 41748801
2634574 41748802
9022804 41748803
10957413 41748804
10957415 41748805
10957420 41748806
9022884 41748807
9022916 41748808
9022934 41748809
9022942 41748810
9022946 41748811
9022954 41748812
9022980 41748813
6859054 41748814
9023013 41748815
10957445 41748816
10957448 41748817
2649723 41748818
9308271 41748819
5140213 41748820
9308337 41748821
8577893 41748822
8589274 41748823
9334942 41748824
9334980 41748825
9335038 41748826
9335074 41748827
8836585 41748828
9335116 41748829
2678855 41748830
9335401 41748831
9335646 41748832
2640995 41748833
9335773 41748834
9335883 41748835
9335931 41748836
9336044 41748837
41748838 41748839
41748840 41748841
41748842 41748843
9336118 41748844
9336194 41748845
2614646 41748846
9160186 41748847
2687495 41748848
2614628 41748849
8954713 41748850
9240066 41748851
8954723 41748852
8954735 41748853
8954739 41748854
11164247 41748855
8954761 41748856
8954769 41748857
9087735 41748858
9304649 41748859
8674923 41748860
11227164 41748861
8796340 41748862
8796382 41748863
8796394 41748864
8796396 41748865
9323851 41748866
8796414 41748867
10930659 41748868
8883065 41748869
8883067 41748870
9073261 41748871
9350142 41748872
858589 41748873
3777632 41748874
9073269 41748875
11127616 41748876
9340158 41748877
9340186 41748878
