11933702 19486674
11936996 19487353
2690958 19487353
2004771 19487353
19489813 19487353
11935426 19487353
2692736 19487353
15819344 19487353
3904788 19487353
2742729 19487353
13614889 19487353
2748224 40061007
2748224 29579931
11939242 29579931
11937273 11938026
2704446 11938026
41722467 29579667
3967474 3975853
11934745 3975853
12146040 11936212
15833432 15833427
15325639 15833427
1002248 19500809
1008682 19500809
15325639 19500809
1012978 19500809
1010144 19500809
1004800 19500810
1008954 19500810
999278 19500810
1011389 19500810
1010368 19500810
1000004 19500810
1007865 41771264
15833428 19500811
1000642 19500811
1000172 19500811
13967374 19500811
1006013 19500811
1010142 19500811
1008219 19500811
15325639 19500811
1008409 19500811
1002863 19500811
1000642 19500812
1000172 19500812
1006013 19500812
1004800 19500812
1010142 19500812
1008219 19500812
1008409 19500812
1012681 41771265
1007024 41771265
1006802 41771265
1002248 41771265
1011424 41771265
1007121 41771265
1004438 41771265
1000642 41771265
1003222 41771265
1000172 41771265
13967374 41771265
1008682 41771265
1006013 41771265
1004800 41771265
1008954 41771265
1008954 41771265
1010142 41771265
999278 41771265
1008219 41771265
1008409 41771265
1010144 41771265
1011389 41771265
1010368 41771265
1000004 41771265
1008580 41771265
1002155 19500813
15859608 19500813
12008129 19500813
1011147 19500813
1014005 19500813
15859686 19500813
1002863 19500813
1007282 19500813
16824019 18872626
14999196 17020356
1020755 14412112
2004771 19487355
41771266 19487355
13613472 19487355
999776 19500814
1002796 19500814
1015117 19500814
1006421 19500814
999914 19500814
1001633 19500814
1011647 19500814
1009965 19500814
1010592 19500814
1011111 19500814
1007619 19500814
1013545 19500814
1006902 19500814
1002453 19500814
1009695 19500814
1015033 19500814
1013819 19500814
1005335 19500814
1006948 19500814
1004374 19500814
1013381 19500814
15833431 19500814
15803240 19500814
11937965 19500814
11937317 19500814
1013067 19500814
1013416 19500814
1004278 19500814
1004546 19500814
1002886 19500814
1000464 19500814
1010647 19500814
3925865 2734579
15855161 13612527
15793981 19486066
15794937 19486066
11348215 19486066
15795841 19486066
2702072 15793698
12145287 838366
15814339 30572715
13612607 19486067
15794499 19486067
3409849 19486067
11348349 19486067
3067141 19486067
11348407 19486067
15796657 19486067
3913378 19486067
11348443 19486067
15799800 19486067
2664515 3891447
1002155 15803243
15325639 15803243
1011147 15803243
1007282 15803243
12146354 847579
12143728 11351976
11801966 15972425
15055570 15972425
15055571 15972425
15836932 15972425
15055602 15972425
11937164 15805821
3924347 15805821
11348349 19486068
15796657 19486068
11939242 19486068
15795046 15793931
15796262 15793931
15798727 15793931
15798942 15793931
11348526 15793931
15801881 15793931
12144252 3774681
12146416 3881372
11933913 15843498
2742729 15843498
11934064 15843498
1002155 11937228
1012351 11937228
11803265 11937228
1011147 11937228
1007282 11937228
15820609 19497072
11348141 11441076
1002587 15803248
1005245 15803248
1006534 15803248
1011540 15803248
1014715 15803248
1011235 15803248
1010274 15803248
998508 15803248
1009136 15803248
1002155 15803248
1013583 15803248
999918 15803248
1012659 15803248
1001357 15803248
1015395 15803248
1013929 15803248
1013119 15803248
1000958 15803248
1003840 15803248
1003669 15803248
1007219 15803248
1007450 15803248
1006487 15803248
1007878 15803248
1015412 15803248
1014998 15803248
1003887 15803248
1000759 15803248
1003437 15803248
1011719 15803248
1014263 15803248
1000159 15803248
15803239 15803248
15803246 15803248
1007730 15803248
1003400 15803248
1004388 15803248
1012351 15803248
1006160 15803248
1011147 15803248
1013832 15803248
1007282 15803248
3918043 19495045
15794495 19495045
13613329 19495045
13613771 19495045
11934003 19495045
11442113 11441987
11442117 11441987
2744017 41771267
3949048 41771267
15819344 40029060
2682923 11934598
11934976 11934106
2702070 15793850
2715233 15793850
1006013 40074408
11352429 15855125
15807046 15855125
15836724 15855125
15836932 15855125
15834495 15855125
15836955 15855125
15836956 15855125
12146651 2739057
12144320 2739057
12144934 2739057
15803214 13612630
1002587 13612630
1005245 13612630
1006534 13612630
1011540 13612630
1014715 13612630
1007610 13612630
1006725 13612630
1000278 13612630
999424 13612630
1011235 13612630
999043 13612630
1003472 13612630
1013113 13612630
1005238 13612630
999776 13612630
1002155 13612630
1005533 13612630
1011017 13612630
1003508 13612630
1007770 13612630
1015117 13612630
1009436 13612630
1002436 13612630
1006461 13612630
1006274 13612630
999477 13612630
1001633 13612630
1003444 13612630
1011434 13612630
1013119 13612630
1000958 13612630
1003840 13612630
1003669 13612630
1001140 13612630
15803233 13612630
1015820 13612630
1006902 13612630
998439 13612630
1005748 13612630
1000642 13612630
1002210 13612630
1003426 13612630
1013819 13612630
1010252 13612630
1006948 13612630
1012780 13612630
1003544 13612630
1004579 13612630
15803239 13612630
1013848 13612630
11937317 13612630
1005531 13612630
15792559 13612630
11933702 13612630
11346234 13612630
15803256 13612630
1006013 13612630
11801035 13612630
11801036 13612630
1007730 13612630
11801409 13612630
1008954 13612630
1010142 13612630
1007938 13612630
1004278 13612630
11801037 13612630
41722890 13612630
15944467 13612630
15859608 13612630
1015287 13612630
1004388 13612630
1004546 13612630
3903401 13612630
15084010 13612630
11348355 13612630
11353268 13612630
1012351 13612630
11803265 13612630
15803280 13612630
15833432 13612630
15812448 13612630
12008129 13612630
1012048 13612630
1002886 13612630
1011147 13612630
15795798 13612630
1000353 13612630
11342253 13612630
15859686 13612630
1000464 13612630
1000440 13612630
1002863 13612630
2748224 13612630
11799813 13612630
11353155 13612630
1002731 13612630
1007282 13612630
11352428 40029062
15836616 40029062
11352429 40029062
3985068 40029062
15836654 40029062
15807046 40029062
15807048 40029062
15836710 40029062
15836724 40029062
15836725 40029062
15836786 40029062
15836889 40029062
15836932 40029062
3979302 40029062
15836935 40029062
15836937 40029062
15836938 40029062
15836944 40029062
15855456 40029062
11352431 40029062
15834495 40029062
15836954 40029062
15836955 40029062
15836956 40029062
15836616 15855126
15807046 15836619
10239531 847383
10239825 847383
10240304 847383
10239954 847383
15814923 847383
11352104 847383
15794837 15793984
15794837 15793985
15794937 15793985
11809748 847573
10239588 847573
11804611 847573
11804612 847573
19486941 847573
11352755 33553860
15794837 33553860
13613124 33553860
15814046 33553860
15814339 33553860
15815108 33553860
11939242 33553860
11348288 848830
11804229 848830
3144778 848830
2678288 848830
15820619 848830
11803508 848830
11349918 848830
11350108 848830
11343447 848830
11805721 848830
15821649 848830
15794837 3902084
15821796 13612901
41745201 3959344
11934006 3959344
11937273 3959344
12146884 17858947
2664515 19485397
15821083 11934715
11936424 19483425
11937273 19483425
2704446 19483425
11937560 19483425
11937280 19483425
15797244 16004001
17019235 16569237
11935900 16569237
3904788 16569237
2736110 40061281
41745235 40061281
2752389 40061281
17018620 19489939
2717392 19489939
3948820 19489939
11934744 19489939
19487902 19489939
19487903 19489939
11935900 19489939
19487902 15804928
19487903 15804928
3949048 15804928
11935027 15804928
15796329 11937843
11348287 3959743
15793952 3959743
15793969 3959743
15794372 3959743
15794379 3959743
11348297 3959743
15794391 3959743
15794410 3959743
11348302 3959743
15794431 3959743
15794432 3959743
15794450 3959743
15794451 3959743
15794463 3959743
11348305 3959743
15794472 3959743
15794479 3959743
11348307 3959743
15794484 3959743
15794491 3959743
15794550 3959743
15794558 3959743
11348315 3959743
15794568 3959743
11348316 3959743
15794605 3959743
11348319 3959743
15794633 3959743
15794640 3959743
11348321 3959743
11348325 3959743
15794684 3959743
11348327 3959743
15794690 3959743
15794699 3959743
15794716 3959743
15794720 3959743
15794722 3959743
15794728 3959743
11348329 3959743
11348330 3959743
15794742 3959743
11348331 3959743
15794743 3959743
15794744 3959743
15794745 3959743
15794747 3959743
15794756 3959743
15794794 3959743
15794806 3959743
11348335 3959743
15794818 3959743
11348336 3959743
15794820 3959743
11348337 3959743
11348338 3959743
11348339 3959743
15794838 3959743
15794840 3959743
15794841 3959743
11348340 3959743
15794842 3959743
15794846 3959743
11348342 3959743
15794847 3959743
11348345 3959743
15794878 3959743
15794880 3959743
15794888 3959743
11348348 3959743
15794938 3959743
11348353 3959743
11348354 3959743
3893206 3959743
11348360 3959743
15795046 3959743
15795074 3959743
11348366 3959743
15795155 3959743
15795210 3959743
15859672 3959743
15795513 3959743
15795517 3959743
15795700 3959743
15795740 3959743
15795827 3959743
15795895 3959743
15795896 3959743
15795918 3959743
15795925 3959743
15795930 3959743
15795957 3959743
15795961 3959743
15795968 3959743
11348400 3959743
15795979 3959743
3971640 3959743
11348404 3959743
11348405 3959743
11348408 3959743
15796180 3959743
11348410 3959743
15796189 3959743
15796190 3959743
11343308 3959743
15796194 3959743
15796195 3959743
11348414 3959743
15796233 3959743
15796242 3959743
11348418 3959743
15796244 3959743
11348419 3959743
15796246 3959743
15796247 3959743
15796248 3959743
15796262 3959743
11348420 3959743
11348421 3959743
15796300 3959743
15796305 3959743
15796306 3959743
15796330 3959743
11348424 3959743
15796348 3959743
11348425 3959743
11348426 3959743
11348428 3959743
15796424 3959743
11348430 3959743
15796670 3959743
15796671 3959743
11348444 3959743
15797422 3959743
15797475 3959743
15798189 3959743
15798727 3959743
11348481 3959743
11348483 3959743
15798845 3959743
11348486 3959743
15798942 3959743
11348493 3959743
15800227 3959743
11348521 3959743
11348526 3959743
11350085 3959743
15801242 3959743
15801343 3959743
15801367 3959743
15801386 3959743
11350103 3959743
15801880 3959743
15801881 3959743
11348548 3959743
15801915 3959743
15801917 3959743
11348551 3959743
15801966 3959743
15801969 3959743
15801970 3959743
11348554 3959743
15801972 3959743
12144635 847537
3986280 3910696
3904788 40028090
15820273 19495081
15800736 40061308
15853954 15853955
11349762 11937405
15815384 11937405
7494484 1018653
12145546 1018653
12010960 1018653
12146059 1018653
10240055 838246
10240055 838246
11800443 838246
11341867 838246
2690131 838246
12144514 1412198
3015868 1412198
12145779 1412198
3773414 11935743
1768337 15805814
11934485 15805814
12143912 847571
14976157 847571
12145301 847571
41771268 847571
12143658 847571
12143618 847571
2119878 838328
11446809 838328
11446631 838328
10467701 838328
3772748 838328
11444113 838328
24375662 838328
12144070 1018649
15802675 1018649
15802675 1018649
12146018 1018649
12146812 1018649
12143371 1018649
12143372 1018649
12143373 1018649
12145364 1018649
12144728 1018649
12145366 1018649
12143569 1018649
12143570 1018649
12143571 1018649
12144730 1018649
12143573 1018649
12144731 1018649
12144732 1018649
12145367 1018649
12144733 1018649
12144735 1018649
12144736 1018649
12144737 1018649
12144738 1018649
12144739 1018649
12144740 1018649
12144741 1018649
12146112 1018649
12144742 1018649
12143576 1018649
16537295 2641126
15793981 2641126
12144070 2641126
11801035 2641126
11801036 2641126
19492148 2641126
11809748 2641126
15808922 2641126
19487281 2641126
19490219 2641126
19490220 2641126
10240082 2641126
10240221 2641126
15856011 2641126
17018604 2641126
41745266 2641126
10239578 2641126
15963108 2641126
15842697 2641126
10239383 2641126
19483578 2641126
36065845 2641126
11801037 2641126
36063179 2641126
15802675 2641126
19484275 2641126
11936780 2641126
11934137 2641126
36062256 2641126
11343838 2641126
19493617 2641126
15806779 2641126
19493620 2641126
41745466 2641126
15795176 2641126
11935037 2641126
18055643 2641126
10171413 2641126
3967268 2641126
12143286 2641126
12143293 2641126
12143298 2641126
12143300 2641126
12143302 2641126
12143318 2641126
11349762 2641126
10240085 2641126
3971911 2641126
15819312 2641126
41745264 2641126
15821383 2641126
19501024 2641126
3929415 2641126
15803544 2641126
11936966 2641126
11802549 2641126
19491590 2641126
3902452 2641126
19495688 2641126
3910666 2641126
11804611 2641126
11933830 2641126
19487924 2641126
11804612 2641126
11936987 2641126
3895341 2641126
10171414 2641126
15824997 2641126
15808794 2641126
19488991 2641126
19492592 2641126
3909475 2641126
11940519 2641126
11940520 2641126
2690131 2641126
2736110 2600146
13651004 2600146
15794510 2600146
12146280 2612545
12146698 2612545
12143221 2612545
12143222 2612545
12143223 2612545
12143224 2612545
12143225 2612545
12146310 2612545
12146871 2612545
12146055 2612545
12146872 2612545
12143250 2612545
12143256 2612545
12143257 2612545
12143260 2612545
12143261 2612545
12143262 2612545
12143264 2612545
12146708 2612545
12143265 2612545
12143266 2612545
12143267 2612545
12143268 2612545
12143269 2612545
12143270 2612545
12143271 2612545
12143272 2612545
12143273 2612545
12143274 2612545
12143275 2612545
12146464 2612545
12146716 2612545
12145437 2612545
12144710 2612545
12143566 2612545
12143567 2612545
12143568 2612545
12144729 2612545
12143572 2612545
12144734 2612545
12144743 2612545
1522817 19699966
2142971 19699966
11936613 15974492
3976804 15974492
11342834 19489020
11342835 19489020
11444099 838226
3918043 19486069
15793981 19486069
11937165 19486069
15794495 19486069
13613329 19486069
13613771 19486069
11934745 19486069
11348215 19486069
15795841 19486069
11934003 19486069
11881397 19499408
1002402 17022306
1005531 17022306
15792559 17022306
1006013 17022306
1004800 17022306
11935794 17022306
1007865 17022306
16839603 846370
11936972 41771269
15811268 7493653
10680216 7493653
11351405 7493653
11801035 7493653
11801036 7493653
15821073 7493653
15811451 7493653
11801037 7493653
3886904 7493653
10240055 7493653
13613428 7493653
11804385 7493653
15820337 7493653
11348348 7493653
3186975 7493653
11351043 7493653
12147715 7493653
15820419 7493653
15055570 7493653
15953020 7493653
15806886 7493653
11352047 7493653
15820585 7493653
11351886 7493653
15820598 7493653
2689036 7493653
30239930 7493653
30239931 7493653
30239932 7493653
15820609 7493653
10684820 7493653
10684823 7493653
10684824 7493653
10684825 7493653
15813148 7493653
15814046 7493653
11342838 7493653
13615381 7493653
11341921 7493653
15796245 7493653
11806236 7493653
15820627 7493653
15796357 7493653
10239971 7493653
15815337 7493653
15815384 7493653
3916257 7493653
11353155 7493653
11349241 7493653
11350330 7493653
15836725 15931488
15836786 15931488
15836938 15931488
15793969 11937454
15794491 11937454
11348360 11937454
15795074 11937454
11348366 11937454
15795700 11937454
11348405 11937454
15796242 11937454
15796246 11937454
15796247 11937454
15796248 11937454
11348420 11937454
15796306 11937454
11348424 11937454
15796348 11937454
11348425 11937454
11348426 11937454
15796424 11937454
15798189 11937454
11348493 11937454
11348521 11937454
15801242 11937454
15801386 11937454
15801880 11937454
15836741 19491651
11352047 19491651
2649735 3935686
2663487 3935686
2744017 41771270
11936989 13613030
15836695 3901203
15836939 3901203
11935508 15855129
11343473 15855129
15825891 15855129
11352429 15891362
11937099 15891362
11936475 15891362
15834495 15891362
15836955 15891362
11807497 19494940
11807497 19494940
15811268 19484588
2692905 11934649
13612607 11933881
15794499 11933881
15794837 11933881
15795881 11933881
15852254 41771271
15836616 15855131
3979302 15855131
12144545 1018910
12143238 1018910
12143263 1018910
12144618 1018910
12143438 1018910
11342838 11934050
15821083 17021580
11935666 3883613
3968228 3883613
10239572 3883613
19500875 3883613
11934850 3883613
10239574 3883613
13651004 3883613
11935901 3883613
11936996 3883613
19492148 3883613
11934692 3883613
11938071 3883613
15840670 3883613
36065836 3883613
15834907 3883613
19494885 3883613
15794507 3883613
15794510 3883613
2690958 3883613
19485129 3883613
19490219 3883613
19490220 3883613
36062253 3883613
10240222 3883613
10239576 3883613
36061417 3883613
36065249 3883613
41745266 3883613
10239578 3883613
19487440 3883613
36063175 3883613
15807033 3883613
10239581 3883613
10239582 3883613
36063176 3883613
36065843 3883613
36060670 3883613
2717392 3883613
11934193 3883613
10239383 3883613
19488013 3883613
10239583 3883613
36065205 3883613
15852298 3883613
2633928 3883613
36065845 3883613
36065848 3883613
36065851 3883613
36063179 3883613
3948820 3883613
11934744 3883613
19489813 3883613
41771266 3883613
11936015 3883613
2692905 3883613
11937099 3883613
11938061 3883613
11935900 3883613
36062256 3883613
11343838 3883613
10682094 3883613
2664972 3883613
3888696 3883613
11346657 3883613
2692736 3883613
11934006 3883613
3949048 3883613
15858771 3883613
11935003 3883613
11937273 3883613
10239589 3883613
3925865 3883613
2704446 3883613
11934745 3883613
10239591 3883613
15826078 3883613
19493620 3883613
11935027 3883613
11935037 3883613
18055643 3883613
11804597 3883613
2663487 3883613
11935591 3883613
3904788 3883613
19493823 3883613
3890459 3883613
19485153 3883613
10239593 3883613
3971171 3883613
11935096 3883613
3971379 3883613
11935097 3883613
11934840 3883613
15826080 3883613
3971911 3883613
17021704 3883613
13614549 3883613
13614550 3883613
41745264 3883613
15821383 3883613
3895415 3883613
2662132 3883613
2655641 3883613
19501024 3883613
15832509 3883613
3890591 3883613
2682923 3883613
2715233 3883613
13614889 3883613
10239595 3883613
2702072 3883613
11936158 3883613
3957792 3883613
2739794 3883613
15858808 3883613
2642266 3883613
11937484 3883613
3891491 3883613
13615504 3883613
11937202 3883613
10239340 3883613
15852254 3883613
15796485 3883613
11934145 3883613
11935267 3883613
3893906 3883613
19485135 3883613
3909475 3883613
2706328 3883613
2744996 3883613
11934367 3883613
13651122 3883613
2738805 3883613
10239344 3883613
13650166 3883613
41745267 3883613
10239345 3883613
3970339 3883613
2695482 3883613
11934030 3883613
13615784 3883613
2740917 3883613
11937452 3883613
3948822 3883613
2004771 15858753
19489813 15858753
2744017 15858753
3949048 15858753
15819344 15858753
15819347 15858753
15793981 19500897
11348215 19500897
15795841 19500897
13613495 19500897
13613428 15924874
15836741 15924874
11352047 15924874
15834269 13613088
19489813 13613088
13613428 13613088
15819344 13613088
15819347 13613088
11935921 13613088
12146071 30692064
2663487 19496489
13614893 19487359
1010274 19500815
998508 19500815
1009136 19500815
1002796 19500815
1006421 19500815
1013583 19500815
999914 19500815
1011647 19500815
1009965 19500815
1010592 19500815
1012659 19500815
1001357 19500815
1015395 19500815
1013929 19500815
1007219 19500815
1011111 19500815
1007619 19500815
1013545 19500815
1006487 19500815
1002453 19500815
1009695 19500815
1015033 19500815
1007878 19500815
1005335 19500815
1014998 19500815
1000759 19500815
1004374 19500815
1003437 19500815
1013381 19500815
1011719 19500815
1014263 19500815
1000159 19500815
15803240 19500815
11937965 19500815
15803246 19500815
1013416 19500815
1006160 19500815
1013832 19500815
999776 40074506
1014111 40074506
1001744 40074506
1008118 40074506
1015458 40074506
1008445 40074506
1000431 40074506
999776 15803267
1004587 15803267
1015117 15803267
1006421 15803267
1001633 15803267
1006405 15803267
1012669 15803267
1006732 15803267
998357 15803267
1006902 15803267
1002453 15803267
1007103 15803267
1013229 15803267
1005656 15803267
1015071 15803267
15803256 15803267
1011380 15803267
998571 15803267
1004278 15803267
1004546 15803267
1014508 15803267
1007139 15803267
1009296 15803267
1014111 15803267
1001744 15803267
1008118 15803267
1015458 15803267
1008445 15803267
1007705 15803267
1009098 15803267
1012235 15803267
1002124 15803267
1012951 15803267
1000431 15803267
15084001 15811469
15812508 15811469
15813228 15811469
15813680 15811469
15814046 15811469
15814339 15811469
11349275 15811469
15815108 15811469
15842423 19495230
15795881 19495230
11348302 15794506
15794450 15794506
15794451 15794506
11348315 15794506
15794605 15794506
15794640 15794506
15794716 15794506
15794937 15794506
12010909 15794506
11939242 15794506
3948820 41771272
13614549 41771272
13614550 41771272
3948822 41771272
3948820 41771273
3904788 41771273
13614549 41771273
3948822 41771273
2702070 41771274
11920334 10681053
11866967 10681053
29579914 41771275
13613329 16537251
15820609 16537251
11934003 16537251
19493823 41771276
19493825 41771276
10684824 832006
14999196 19495440
11937280 19495440
11936418 41771277
1850053 17022869
2670924 17022869
2648544 17022869
2731172 17022869
10239590 17022869
10239592 17022869
11935060 17022869
11935061 17022869
17020983 17022869
10239596 17022869
15806093 17022869
1765703 17022869
11937852 17022869
3891491 17022869
10239337 17022869
2744691 17022869
10239343 17022869
11935059 17022362
10240085 41771278
11934519 41771279
36062258 41771279
11937716 41771279
36062261 19492009
36062261 41771280
36063177 41771280
15806086 41771281
36062634 41771281
15804481 41771281
36062255 41771281
11807514 41771281
11934333 15932002
15836624 15932002
15836636 15932002
15834306 15932002
19500875 41771282
11934692 41771282
19487440 41771282
36063175 41771282
15807033 41771282
19500875 41771283
19487440 41771283
36063175 41771283
15807033 41771283
2703889 41771283
11937202 41771283
15963108 41771284
15842697 41771284
15842697 41771285
15842697 41771286
15821083 41771286
1006208 13613122
1015412 13613122
11935901 13613122
15842697 13613122
11937865 13613122
11936826 13613122
11937763 13613122
11800167 13613122
11803266 13613122
10239581 41771287
10239582 41771287
36063176 41771287
36065843 41771287
10239583 41771287
10239584 41771287
36065205 41771287
36065206 41771287
15852298 41771287
11933924 41771287
3888696 41771287
10239593 41771287
11936902 41771287
15819313 41771287
10239340 41771287
10239342 41771287
41745267 41771287
36062621 41771288
10239579 41771289
10239580 41771289
11935371 41771289
17020131 41771289
36061425 41771289
36061425 41771290
11939242 11936274
15821083 41771291
3904788 3906299
13614549 3906299
11935666 17022322
36062263 17022322
15807035 17022322
19485155 17022322
10239602 41771292
11446633 852853
11935560 19494273
11808916 16538209
11808916 16538209
1673383 16538209
11808918 16538209
11806285 16538209
11807515 16538209
10239401 16538209
10239401 16538209
11808927 16538209
11808927 16538209
11808928 16538209
11808928 16538209
11934508 16538209
11934508 16538209
11808929 16538209
11808929 16538209
11934660 16538209
10239404 16538209
10171413 30713918
10171414 30713918
11934660 4176647
36063177 41771293
11807514 41771293
12145237 3778103
12143198 3778103
11933859 19492941
11933858 19492941
11936872 19492941
11935929 19492941
2004771 19487360
41771294 19487360
10682094 19487360
11937164 19487361
3925865 19487361
11350917 11937849
36065206 41771295
3773607 11937079
11933811 19489940
12144573 838364
12143347 838364
12143348 838364
12145288 838364
12143381 838364
12143428 838364
12143433 838364
12145437 838364
12145237 11933739
11937165 11933758
11937934 11933758
13613771 11933758
15325639 11933758
11807514 11933758
11937964 11933758
2004771 11933740
11803568 11933740
13613391 11933740
11933811 11933740
19487292 11933740
19487719 11933740
15860068 11933740
11808930 11933740
11936962 17022324
41771296 13613356
13615473 13613356
15842423 41771297
15795881 41771297
12144638 19116732
2736110 19490670
2664972 19490670
3889650 19490670
11936484 19490670
19491550 19490670
13614403 19490670
3942541 19490670
2655641 19490670
13615404 19490670
13615555 19490670
11934055 19490670
2738805 19490670
13615777 19490670
2693762 19486456
11807516 19486456
41771298 19486456
11342838 40026218
15325639 41771299
1015745 2633997
1007024 2633997
1006208 2633997
1002402 2633997
1005531 2633997
15792559 2633997
19494884 2633997
19494885 2633997
15794507 2633997
15820270 2633997
15820271 2633997
15820272 2633997
10239578 2633997
19487440 2633997
10239581 2633997
36063179 2633997
15836635 2633997
11804590 2633997
10239589 2633997
14575822 2633997
15820584 2633997
3902452 2633997
11341867 2633997
13615381 2633997
11341932 2633997
2677671 2633997
2744996 2633997
11940519 2633997
11940520 2633997
10239297 2633997
10239344 2633997
2740917 2633997
12143258 13613385
12143277 13613385
12143278 13613385
12143279 13613385
12143280 13613385
12143432 13613385
12143441 13613385
12143442 13613385
12143447 13613385
12143448 13613385
12143457 13613385
12143459 13613385
12143460 13613385
12143463 13613385
12143540 13613385
12008372 13613385
36062627 11934443
19488013 11934443
2717581 11934443
3895415 11934443
3902335 11934443
13615455 11934443
13615504 11934443
2744996 11934443
11934030 11934443
13615784 11934443
11937452 11934443
15854035 19483291
12144571 838380
12146550 838380
12008372 838380
12144795 838380
12146008 41771300
12145628 41771300
11935555 11936307
2661419 11937166
12145671 11933737
12008372 11933737
11443642 860486
17887046 860486
11438865 860486
12145111 847575
12144918 847575
4537698 847575
12146864 847575
14976382 847575
10171413 847575
12143247 847575
12145290 847575
10171414 847575
3773607 847575
11937505 11937731
11937505 17019080
11937293 17019080
11937886 17019080
11937886 41771301
11937886 41771302
11937886 19494426
11937886 41771303
11937886 41771304
15836498 41771305
15836498 41771306
41745201 41771307
41745201 41771308
13614179 41771308
3186975 11938066
11351886 11938066
19487903 41771309
41771309 41771310
19487902 19485573
19487903 19485573
19487902 41771311
19487903 41771311
19487902 41771312
19487903 19485576
19487903 19485577
19487903 19485578
19487903 19485579
12145193 19499452
3984453 11935354
15084001 11935354
12147715 15855142
15836724 15855142
15836932 15855142
15055602 15855142
15836935 15855142
15836955 15855142
15836956 15855142
15859676 11936743
12145193 40069961
11351405 11937961
11934405 41771313
15083999 13613642
11934835 13613642
13615473 13613642
15825891 13613642
15836940 13613642
15834496 13613642
12143918 850120
12143932 850120
10171413 850120
10171414 850120
10589476 19494831
10589477 19494831
10589889 19494831
11881397 19494831
10589890 19494831
11936753 41771314
11352428 11937485
15836654 11937485
10171413 847353
12145290 847353
10171414 847353
12147069 3881457
12145709 2684689
11348288 41771315
11935370 41771315
11937433 41771315
11937932 41771315
11936642 41771315
11934398 41771315
11804593 41771315
41771316 41771315
11800168 41771315
11803508 41771315
11349918 41771315
10239605 41771315
11935370 41771317
11937433 41771317
11937716 41771317
11935378 41771317
11806284 41771317
11802539 41771317
19493260 41771317
10239605 41771317
11935371 41771318
17020131 41771318
11807514 41771318
11935901 850333
11935900 850333
11937560 850333
19485153 850333
11937280 850333
11938061 2668891
7483908 838306
12144252 19487685
29245153 1018647
11935900 3772843
11934745 3772843
3948822 3772843
2690131 30284346
12143240 41771319
12144057 6849716
2663487 11936460
2702072 11936460
3945797 11936460
4532543 29579764
15842026 19486461
19489813 15858769
2744017 15858769
3949048 15858769
15819344 15858769
15819347 15858769
11351405 11935942
10239602 11935942
11350330 11935942
1000278 847591
1003422 847591
1013113 847591
1005238 847591
11801035 847591
11801036 847591
11937165 847591
11801037 847591
7493630 847591
1015287 847591
11934745 847591
17021704 847591
1012048 847591
1000353 847591
15813148 847591
1000440 847591
1002863 847591
11936164 847591
2744996 847591
1002731 847591
3913673 847591
3971640 19498843
13613329 11933779
11934745 11933779
3773607 2681333
10881085 17328172
12145671 838374
12144549 838374
16830897 838374
16830899 838374
14976382 838374
10171413 838374
12144608 838374
12144611 838374
12144618 838374
12145290 838374
12144641 838374
12144650 838374
12144651 838374
12144652 838374
14976374 838374
12146343 838374
12144747 838374
10171414 838374
11807516 2686102
12143351 30822012
12145589 17423136
12143834 3888434
15325639 7493630
12146052 2643477
15812199 2664972
11934850 11935896
3902331 11935896
11935003 11935896
29579913 11935896
15843155 11935896
11936850 11935896
3957792 11935896
11935887 11935896
15858822 11935896
3949048 19487364
2744017 19499339
11933954 19499339
11935027 19499339
13614549 19499339
11936118 19499339
11935267 19499339
11936877 19492943
11348288 1019004
15794374 1019004
15811413 1019004
15811419 1019004
15821101 1019004
15821115 1019004
15821451 1019004
15821628 1019004
11350108 1019004
11343447 1019004
2133701 16536514
24375662 16536514
2231522 16536514
15139169 17358817
11448035 11447933
10883083 3888735
10883086 3888735
11442113 3888735
10240120 3888735
10883076 3888735
10881089 3888735
10883081 3888735
11442117 3888735
10881315 3888735
1016606 41771320
11350614 15919283
15836889 15919283
15834496 15919283
24375662 838320
11448035 11447951
11438856 849705
15794495 16539021
13613329 16539021
11937934 16539021
11934405 2630642
13613010 2630642
11935901 2630642
2717392 2630642
3948820 2630642
11934744 2630642
41771266 2630642
13613472 2630642
11935900 2630642
3904788 2630642
13614549 2630642
13614550 2630642
2662132 2630642
13614889 2630642
13615555 2630642
2744996 2630642
1007770 19500817
1015117 19500817
1001633 19500817
1006902 19500817
1004278 19500817
1003400 19500817
1004546 19500817
15818924 19500817
1002886 19500817
1000464 19500817
1000440 19500817
15799800 19500817
15794451 15794867
15794640 15794867
15794722 15794867
15855144 15855152
15794559 17327698
11348355 17327698
41771321 17327698
11349841 17327698
15802200 17327698
15795798 17327698
41771322 17327698
41771323 17327698
11353155 17327698
1012351 3960629
11937560 22203292
11937560 41771324
11933702 17020141
11346234 17020141
15084010 17020141
11348355 17020141
11351065 17020141
15812448 17020141
15795798 17020141
11351886 17020141
15820609 17020141
15813148 17020141
15813729 17020141
11799813 17020141
11342938 17020141
3967474 19486071
12146366 13613939
11351429 29579583
15812448 11937723
3186975 40026471
3916257 40026471
2704446 17560567
15855144 41771325
15855455 41771325
15834269 41771326
3986280 41771326
3889268 41771327
15840670 29580101
3902335 29580101
11934607 29580101
2739794 29580101
13615455 29580101
2628200 19486462
11933859 19486462
11933858 19486462
11934133 19486462
12145437 16572738
12146884 2683054
1012351 3892858
3186975 11934742
15803213 11936207
15803216 11936207
15803217 11936207
15803218 11936207
15803219 11936207
15803220 11936207
1003472 11936207
15803222 11936207
15803223 11936207
15803226 11936207
15803228 11936207
15803229 11936207
15803230 11936207
15803231 11936207
15803232 11936207
1012732 11936207
15803234 11936207
15803236 11936207
15803237 11936207
1013819 11936207
15833431 11936207
13612607 11936207
1013067 11936207
15794442 11936207
1012893 11936207
11934193 11936207
11933859 11936207
17019392 11936207
11934421 11936207
11938106 11936207
11937894 11936207
11802369 11936207
15794837 11936207
17020131 11936207
11936268 11936207
11804584 11936207
11935378 11936207
11934393 11936207
11348215 11936207
15802200 11936207
15795798 11936207
2748242 11936207
2655641 11936207
15795881 11936207
2682923 11936207
15820609 11936207
1010647 11936207
15796136 11936207
15821796 11936207
2642266 11936207
15796657 11936207
2706328 11936207
13651122 11936207
2751681 11936207
11935606 11936207
13650166 11936207
15858756 11937564
29579913 11937564
3937642 11937564
15055570 41771328
11934006 41771329
11937273 41771329
2704446 41771329
11934485 41771329
2663487 41771329
11937964 41771329
11937336 15930558
11800788 41771330
3976804 41771330
15083999 41771331
15836683 41771331
11804218 41771331
12144694 3969087
41771332 41771333
10239602 15078499
15820609 41771334
13613329 15805815
11934006 15805815
11351405 29579576
15811525 29579576
29113030 19498723
12144252 13636097
30953509 13636097
12146521 30872219
11350917 19499644
15808824 19499644
3186975 19499644
11351886 19499644
15814496 19499644
3916257 19499644
2663487 15336854
2702070 15336854
2715233 15336854
12143241 836563
12143249 836563
17887046 836563
15794954 15794945
15795139 15794945
15795140 15794945
15795272 15794945
11348373 15794945
11348377 15794945
11934405 13650786
11934126 13650786
11935911 13650786
13612573 13650786
11937165 13650786
2664515 13650786
2644388 13650786
11937116 13650786
11934291 13650786
15836498 13650786
11934674 13650786
13613614 13650786
2649735 13650786
11934006 13650786
3967474 13650786
2663487 13650786
2702070 13650786
2648499 13650786
13614549 13650786
2662132 13650786
11937280 13650786
2715233 13650786
2702072 13650786
13615555 13650786
3945797 13650786
12145671 41771335
12143198 836666
15794559 40063027
11937014 3880789
11933941 3880789
15815493 3958173
15836741 19494262
11934333 41771336
15836624 41771336
11936613 41771336
11800788 41771336
15836636 41771336
11934835 41771336
11937016 41771336
15855144 41771336
13613428 41771336
15834306 41771336
11350618 41771336
15055602 41771336
15836940 41771336
11935921 41771336
11938069 41771336
11934947 18628756
11936872 18628756
14976297 11933742
3998209 40063113
11808928 14989746
11934508 14989746
10239401 14989747
11807513 19494276
15809662 15854028
15854035 15854028
13650736 40063187
11446634 836420
15812508 29579553
11343563 29579553
15813680 29579553
12143282 836750
11348289 15795094
15795098 15795094
15795278 15795094
15795139 15795095
15795140 15795095
15795146 15795095
15795147 15795095
15795272 15795095
11348376 15795095
15794954 15795096
11348373 15795097
11348377 15795097
13650736 29580440
11936484 17023120
11935900 19489771
3949048 19489771
1673383 41771337
11807497 14989748
11808918 11935607
11342838 11936595
11808928 2709392
11808929 2709392
15794837 13651344
15842423 13651344
15795881 13651344
15796329 13651344
15794442 13614259
11808916 17328350
15807046 15855159
3186975 41771338
11936872 40026582
11934373 11933863
11937164 17023934
11935267 17023934
11353268 11936929
3916257 11936929
12145446 13614281
15823591 17020798
14999196 17020798
1016606 40333555
13650736 40063320
12145446 33380462
11937336 19494016
13613428 19494016
11348289 15795170
15795098 15795170
15795278 15795170
2716672 15795187
15795274 15795188
15795274 15795189
2716672 15795189
15795274 15795190
15795139 15795191
15795140 15795191
15795272 15795191
15795146 15795192
15795147 15795192
11348373 15795192
11348376 15795192
11348377 15795192
15794954 15795193
11349762 41771339
11807527 19486465
11938046 41771340
11807527 41771340
15856236 21850535
1002796 19492814
1006421 19492814
999914 19492814
1011647 19492814
1009965 19492814
1010592 19492814
1011111 19492814
1007619 19492814
1013545 19492814
1002453 19492814
1009695 19492814
1015033 19492814
1005335 19492814
1004374 19492814
1013381 19492814
15803240 19492814
11937965 19492814
1013416 19492814
15794495 19492814
13613329 19492814
41745201 11935539
11934485 11935539
2702070 11935539
2715233 11935539
2702072 11935539
2692905 15802067
3967474 15802068
13613771 11934714
15325639 11934714
11807514 11934714
2692905 13651280
11934053 13651362
2702070 13651362
11937886 15795200
2702070 15795200
2692905 11934460
11937165 11937661
13613010 11937661
15794495 11937661
2664515 11937661
11934053 11937661
2649735 11937661
3967474 11937661
11934745 11937661
2663487 11937661
2702070 11937661
3945797 11937661
11934053 15795201
3967474 15795201
11808930 13614342
15820598 15820477
2664972 41771341
10239531 41771342
11800443 41771342
15820598 41771343
10239531 40023946
10239825 40023946
11800443 40023946
10239954 40023946
11350595 40023946
2689036 25949316
29191879 11936261
2662132 15802069
2745288 15802069
2702102 15802069
2664515 11935343
11934006 11935343
3967474 11935343
2663487 11935343
2648499 11935343
2717441 13650738
11937293 13650738
2662132 13650738
2745288 13650738
2702102 13650738
2738805 13650738
41771344 15795202
2648499 15795202
11937293 13651055
11937886 13651055
11934291 13651055
15836498 13651055
41745201 13651055
3967474 13651055
2648499 13651055
2717441 19497997
2702102 19497997
2738805 19497997
11934333 41771345
15927628 41771345
11935508 15808303
11936613 15808303
15055570 15808303
15055602 15808303
15834269 41771346
11343473 41771346
15855452 41771346
15825891 41771346
11935921 41771346
11938069 41771346
15834496 41771346
15855144 19488864
15855146 19488864
11934423 19488864
13615473 19488864
15836940 19488864
11935921 19488864
15836624 40029511
11800788 40029511
11937016 40029511
15836683 40029511
11350618 40029511
11935921 40029511
11938069 40029511
15834496 40029511
15836636 41771347
11934835 41771347
15834306 41771347
15836940 41771347
3976804 41771347
11934333 11933782
11935508 11933782
15836624 11933782
11936613 11933782
15834269 11933782
11350614 11933782
15836636 11933782
11934835 11933782
11937016 11933782
11937336 11933782
13613428 11933782
11801966 11933782
15834318 11933782
15055571 11933782
11350618 11933782
15055602 11933782
11343473 11933782
15855452 11933782
15825891 11933782
11938069 11933782
15834496 11933782
3976804 11933782
15836623 19497710
19620263 19497710
11936475 19497710
15055570 19497710
11935082 19497710
15836731 19497710
15836884 19497710
15055601 19497710
15814496 41771348
11934006 15805816
10239605 41771349
11935900 19621276
10682094 19621276
3949048 19621276
2744017 15858778
11935900 15858778
10682094 15858778
3949048 15858778
11935027 15858778
11936475 19622697
2692736 19622697
11937164 15819355
2744017 15819355
3949048 15819355
11935027 15819355
3904788 15819355
2738456 15804935
3957792 15804935
2738456 11934604
11937099 15858780
11937099 19489772
2692736 19489772
15858771 19489772
2738456 11933783
11937099 19489773
2738456 19489773
11935900 15858781
10682094 15858781
3949048 15858781
13614889 15858781
10682094 19489774
3949048 19489774
11937273 19497985
11937165 19493258
11934006 19493258
11937273 19493258
11806285 14989749
11807515 14989749
19489813 15823801
15819347 15823801
2707678 15096112
2004771 15096112
41771266 15096112
13613472 15096112
2004771 16011787
19500853 16011787
13614893 16011787
2004771 15990784
19487719 15990784
15819344 15990784
11808930 15990784
25950051 10680413
25950055 10680413
25950056 10680413
11800788 41771350
15084010 41771350
15084010 41771350
15084010 41771350
13614353 41771350
11803265 41771350
13614495 41771350
13614495 41771350
15084010 41771321
3986280 41771351
15084010 41771351
15084010 41771352
1004587 15803277
1006405 15803277
1012669 15803277
1006732 15803277
998357 15803277
1007103 15803277
1003887 15803277
1013229 15803277
1005656 15803277
1015071 15803277
1011380 15803277
998571 15803277
1014508 15803277
1007139 15803277
1009296 15803277
1007705 15803277
1009098 15803277
1012235 15803277
1002124 15803277
1012951 15803277
2664972 41771353
12143199 3883917
12146311 3883917
12143252 3883917
12143285 3883917
12143286 3883917
12143287 3883917
12143288 3883917
12143289 3883917
12143290 3883917
12143291 3883917
12143292 3883917
12143294 3883917
12143297 3883917
12143299 3883917
12143301 3883917
12143303 3883917
12143304 3883917
12143305 3883917
12143306 3883917
12143307 3883917
12143308 3883917
12143309 3883917
12143310 3883917
12143311 3883917
12143312 3883917
12143313 3883917
12143314 3883917
12143315 3883917
12144622 3883917
12143316 3883917
12143317 3883917
12143319 3883917
12143320 3883917
12143321 3883917
12143322 3883917
12143323 3883917
12143324 3883917
12143326 3883917
12143327 3883917
12143328 3883917
12143329 3883917
12143330 3883917
12143331 3883917
12143332 3883917
12143333 3883917
12143334 3883917
12143335 3883917
12144623 3883917
12143336 3883917
12143337 3883917
12143338 3883917
12143339 3883917
12144625 3883917
12143340 3883917
12143343 3883917
12143344 3883917
12143345 3883917
12143346 3883917
12143349 3883917
12143350 3883917
12143352 3883917
12144629 3883917
12144630 3883917
12143353 3883917
12143354 3883917
12143355 3883917
12143356 3883917
12143357 3883917
12143358 3883917
12143359 3883917
12143360 3883917
12143361 3883917
12143362 3883917
12143363 3883917
12143364 3883917
12143365 3883917
12143366 3883917
12143367 3883917
12143368 3883917
12143369 3883917
12144631 3883917
12143374 3883917
12143375 3883917
12143376 3883917
12143377 3883917
12143378 3883917
12143379 3883917
12143380 3883917
12143385 3883917
12143386 3883917
12143387 3883917
12143388 3883917
12143389 3883917
12143390 3883917
12143391 3883917
12143392 3883917
12143396 3883917
29099036 3883917
12143397 3883917
12143398 3883917
12143399 3883917
12143400 3883917
12143401 3883917
12143404 3883917
12143406 3883917
12145738 3883917
12143425 3883917
12143426 3883917
12143427 3883917
12143429 3883917
12143430 3883917
12143431 3883917
12143434 3883917
12143440 3883917
12143443 3883917
12143444 3883917
12143445 3883917
12143446 3883917
12143450 3883917
12143451 3883917
12143452 3883917
12143453 3883917
12143456 3883917
12143458 3883917
12143461 3883917
12143462 3883917
12143464 3883917
12144657 3883917
12143465 3883917
12143524 3883917
12143526 3883917
12143530 3883917
12143531 3883917
12143537 3883917
12143539 3883917
11345535 41771354
4005866 19501017
12144104 19501017
11349241 15807785
11345518 19498520
11349241 19498520
11933811 41771355
12143171 17450800
11934835 13614381
11937016 13614381
15855144 13614381
15855151 13614381
3925865 3922297
14976382 11938014
12145444 836664
12144512 836664
12144545 836664
12143205 836664
12145258 836664
12145711 836664
11444099 836664
12145714 836664
12145270 836664
12146314 836664
14976231 836664
12143259 836664
12145283 836664
12143834 836664
12146059 836664
12145733 836664
12144634 836664
12144638 836664
9533685 836664
14976232 836664
12145740 836664
12143438 836664
41771356 836664
12145360 836664
12146416 836664
12146111 836664
12143594 836664
12146764 836664
12143296 3927123
15859676 3927123
12145437 3927123
12143402 2601179
12143403 2601179
29234295 2601179
12143405 2601179
12143407 2601179
3986280 41771357
3986280 41771358
12010986 41771359
11348287 11937732
15793981 11937732
15794372 11937732
15794379 11937732
11348297 11937732
15794391 11937732
11937165 11937732
11348302 11937732
15794431 11937732
15794432 11937732
15794463 11937732
11348305 11937732
15794479 11937732
11348307 11937732
15794484 11937732
15794558 11937732
11348315 11937732
11348316 11937732
15794605 11937732
11348319 11937732
15794633 11937732
11348321 11937732
11348327 11937732
2692905 11937732
15794699 11937732
15794720 11937732
11348329 11937732
11348330 11937732
15794742 11937732
11348331 11937732
15794747 11937732
15794756 11937732
15794794 11937732
11348335 11937732
15794818 11937732
11348336 11937732
11348337 11937732
11348338 11937732
15794837 11937732
11348339 11937732
15794838 11937732
15794840 11937732
15794841 11937732
11348340 11937732
15794842 11937732
15794846 11937732
11348342 11937732
15794847 11937732
11348345 11937732
15794878 11937732
15794888 11937732
11348348 11937732
3967474 11937732
11348353 11937732
11348354 11937732
3893206 11937732
11934745 11937732
15795155 11937732
15842423 11937732
15795210 11937732
15795513 11937732
15795517 11937732
15812508 11937732
15795827 11937732
15795881 11937732
15795895 11937732
15795896 11937732
15795930 11937732
15795957 11937732
15795961 11937732
11348400 11937732
15795979 11937732
15813680 11937732
15814339 11937732
11348404 11937732
11348408 11937732
15796180 11937732
11348410 11937732
15796189 11937732
15796190 11937732
11343308 11937732
15796194 11937732
15796195 11937732
11348414 11937732
11348418 11937732
15796244 11937732
11348419 11937732
11348421 11937732
15796300 11937732
15796305 11937732
15796329 11937732
15796330 11937732
11348428 11937732
11348430 11937732
15796670 11937732
15796671 11937732
11348444 11937732
15797422 11937732
15797475 11937732
15798845 11937732
11348486 11937732
15800227 11937732
11350085 11937732
15801343 11937732
15801367 11937732
11350103 11937732
15801915 11937732
11348551 11937732
13613495 11937732
15801969 11937732
15801970 11937732
11348554 11937732
15801972 11937732
15836498 15836500
12144517 3887576
12144252 3887576
12144590 3887576
12146521 3887576
12144633 3887576
12146550 3887576
12144703 3887576
3999609 19118508
36062621 19489112
15826078 19489112
10239593 19489112
11936092 19489112
11935097 19489112
11934840 19489112
11346914 17565581
15910274 41771360
30240043 41771360
15820268 41771360
15820269 41771360
2123438 14444040
10587532 14444040
19497106 41771361
11934333 19488865
11937336 19488865
13613428 19488865
11801966 19488865
15055570 19488865
15055571 19488865
15055602 19488865
12145111 2655081
12146280 2655081
12146858 2655081
12146698 2655081
2731442 2655081
12145633 2655081
14976382 2655081
3773607 2655081
10239574 16538023
19483856 16538023
11936418 16538023
15834907 16538023
36062253 16538023
13613111 16538023
10240222 16538023
10239575 16538023
10239576 16538023
10239577 16538023
36061417 16538023
19490222 16538023
10239588 16538023
3968714 16538023
11933814 16538023
3889257 16538023
10239589 16538023
3922073 16538023
19484278 16538023
3971171 16538023
19493625 16538023
3971379 16538023
15826080 16538023
11934098 16538023
19488904 16538023
3964830 16538023
2748114 16538023
19486941 16538023
19484281 16538023
3958710 16538023
10239345 16538023
11446633 838304
11448035 11448574
13613124 19493336
11939242 19493336
11936015 19488866
11937099 19488866
17021704 19488866
15858808 19488866
12143246 33462120
12143449 33462120
11937165 19498501
13613329 19498501
15814339 19498501
13613329 19485399
41771362 41771363
13614353 41771362
41771331 41771364
3918043 11936764
11809599 41771316
11809599 22256593
4537698 41628669
12145097 41628669
12145307 41628669
2633485 15806832
17328475 15806832
17328770 15806832
1053154 838388
15807048 15855179
2649735 40064281
24375662 1019164
11934421 29579702
3186975 41771365
15812448 41771365
15808824 19488273
11351429 19484537
11934423 41771366
11349366 41771367
11349366 11935863
10239602 40041538
3773414 19493891
11346914 11936379
3918043 11937093
11352047 41771368
11933852 41745444
11933852 41745445
11349366 41771369
15855455 41771369
11803266 41771370
2142971 41771371
11934423 41771372
11809599 41771372
15855455 41771372
11804218 41771372
11350618 40029547
19494885 1019027
19485153 1019027
3773607 31917503
41771373 839643
2134754 14572144
15855144 41771374
11934660 17020570
15836724 15855347
15802232 21854657
19491683 21854657
15855452 21854657
3999609 1018913
12146058 1018913
12145466 1018913
2664515 15842001
12143198 11933856
4537698 11933856
29234318 19499240
11937016 15943331
15836725 15943331
11350618 15943331
15836938 15943331
11937336 41771375
11934141 19484541
3186975 19484541
11938046 19484541
3916257 19484541
41771376 41771377
15794507 15332942
11934421 15332942
2655641 15332942
2682923 15332942
15858771 11937106
3957792 41771378
11937336 19622166
2744017 15858794
19487903 15858794
10682094 15858794
15855151 41771379
15855151 19488275
11934423 41771380
15807048 41771381
15836683 41771381
15836710 41771381
15836937 41771381
15836955 41771381
3904788 15854037
11934478 15854037
17020131 13614639
13650780 13614639
14999196 13614639
11937280 13614639
2702072 13614639
2706328 13614639
2751681 13614639
2738805 13614639
11444099 847617
10682243 41771382
10683437 41771382
15821073 11937674
15325639 11935827
15794559 15795775
11352429 40036388
15836724 40036388
15836932 40036388
15834495 40036388
15836955 40036388
15836956 40036388
15806602 19498524
15806738 19498524
11349241 19498524
11346234 40064484
41771383 40064484
2689036 40064484
11342253 40064484
11346914 40064484
15796329 40064484
11799813 40064484
11343494 41771384
13614564 41771384
15813228 41771384
15814046 41771384
15814339 41771384
15814802 41771384
15815108 41771384
2689036 41771385
11805721 41771385
41771386 41771387
11933702 41771388
2738805 15332943
11350595 41771389
15325639 11938036
25949100 11938036
11936939 41771390
11936972 40064493
41771391 40064496
10239825 41771392
11800443 41771392
10680545 41771393
10681264 41771393
10682520 41771393
10239891 41771393
10683181 41771393
15806886 41771393
10684493 41771393
10240263 41771393
10684851 41771393
10684854 41771393
10240007 41771393
10685015 41771393
10240170 41771393
10240152 41771393
10239971 41771393
10239297 41771393
17020131 11937404
11935591 31069788
17021704 31069788
13614893 31069788
11936138 31069788
2642266 31069788
11936164 31069788
11934367 31069788
11937964 31069788
11934126 31070510
1768337 31070510
17020131 31070510
11349762 41771394
15123093 2684178
15125986 2684178
15125987 2684178
15125988 2684178
15125989 2684178
15125990 2684178
15125991 2684178
15125992 2684178
15125993 2684178
15125994 2684178
15125995 2684178
15125996 2684178
15125997 2684178
15125998 2684178
15125999 2684178
15126000 2684178
15113125 2684178
11808926 40036393
11808926 41771395
11808926 41771395
11807513 36062972
11807513 36062972
11807513 11933743
11349366 11933743
12146314 3889664
12146832 19495178
11353268 40026814
15811525 11937412
15811268 41771396
3186975 11937880
11353268 41771397
15815384 11934690
11350330 29579585
19483586 17022323
11802489 17022323
36062261 17022323
36062618 17022323
36062619 17022323
10239579 17022323
10239580 17022323
11935371 17022323
2664972 17022323
2743431 17022323
11804590 17022323
11934393 17022323
36061425 17022323
11936872 17022323
19483606 17022323
2642266 17022323
2748224 17022323
11934145 17022323
13615778 17022323
2695482 17022323
15794450 12008821
15794451 12008821
15794472 12008821
15794550 12008821
15794640 12008821
15794684 12008821
15794690 12008821
15794716 12008821
15794722 12008821
15794728 12008821
15794743 12008821
15794744 12008821
15794745 12008821
15794806 12008821
15794820 12008821
11351043 12008821
15795925 12008821
15801917 12008821
15801966 12008821
11936613 13614850
15055570 13614850
15055602 13614850
11839509 838368
10171413 838368
12146354 838368
10171414 838368
999278 11934250
1011389 11934250
1010368 11934250
1000004 11934250
15859608 11936292
1015287 11936292
15803280 11936292
12008129 11936292
1012048 11936292
15859686 11936292
13613010 3960710
2664515 3960710
12146280 11934635
4532543 11934635
15794495 13614865
13613329 13614865
15802200 13614865
11803568 31089384
11352047 31089384
11351045 41771398
11351429 41771398
11804229 41771322
15795569 41771322
11804485 41771322
2737423 41771322
2737423 41771322
2737423 41771322
11803508 41771322
11349918 41771322
11804229 41771323
2737423 41771323
11804485 41771383
2737423 41771383
2737423 41771383
41771399 41771400
11804229 41771399
2737423 41771399
41771401 41771402
11804229 41771401
2737423 41771401
11350108 41771391
11343447 41771391
11348288 41771386
11350108 41771386
11343447 41771386
2663487 41771403
11803508 41771404
11349918 41771404
41721530 19499381
41771405 19499381
41771406 19499381
12119138 11935693
11934850 17567036
15843155 17567036
29579914 17567036
11935270 17567036
11937494 17567036
29053281 11935694
25945474 11935694
11351426 847625
15821529 847625
12146698 13614908
12144252 10680460
15334748 16538261
15332486 13614918
1002248 41771407
11350330 41771408
13613136 17022605
1768337 19501061
11934485 19501061
10171413 6861857
10171414 6861857
11934041 15840671
14999196 13614948
29234318 17021183
11346234 17711284
15795798 17711284
12119138 11934573
12119139 11934573
3986280 31135560
15820609 31135560
11348141 41771409
36062257 41771410
11807514 41771411
11807514 19493259
11807514 19493260
11807514 22203430
10239825 40026046
11800443 40026046
12144918 7483261
12145282 7483261
12144645 7483261
12143417 7483261
12144646 7483261
12143418 7483261
12143419 7483261
11933710 21905447
3968228 19501020
10239572 19501020
2664515 11936235
15821073 19486601
2703891 19486601
13614403 19486601
3942541 19486601
12147715 10685017
15836935 10685017
12146509 11933745
10680545 11934382
10681264 11934382
10682243 11934382
10682520 11934382
10239891 11934382
10683181 11934382
10684493 11934382
10240263 11934382
10684851 11934382
10684854 11934382
10240007 11934382
10685015 11934382
10240170 11934382
10240152 11934382
10239971 11934382
10239297 11934382
19487292 11936449
3988023 11936449
998935 19500822
1011699 19500822
1007024 19500822
1000642 19500822
1003222 19500822
1004565 19500822
1004800 19500822
1008954 19500822
1010142 19500822
1007865 19500822
11351405 19484545
11350330 19484545
12144612 5141332
15794499 19486078
3409849 19486078
3067141 19486078
11348407 19486078
3913378 19486078
11348443 19486078
13613495 19486078
15836937 40036410
1002155 19500823
11803265 19500823
1011147 19500823
1014005 19500823
1007282 19500823
750510 11935844
41771412 3880795
15803544 41771413
2744017 15958236
11937336 15958236
15836741 15958236
15927628 15958236
11936164 15958236
15834242 19483724
15834267 19483724
15834294 19483724
41745235 40066335
2752389 40066335
3909346 31171611
41771412 2629179
12144252 13615467
11936877 17328240
2690131 2649638
17019233 19485403
13613614 19485403
11934006 19485403
11937273 19485403
2704446 19485403
13614549 19485403
2715233 19485403
19489813 15858811
2744017 15858811
10682094 15858811
15819347 15858811
15824976 11935645
36060670 11935645
15824979 11935645
36062622 11935645
36062623 11935645
36063177 11935645
19485786 11935645
2633928 11935645
11802530 11935645
2736110 40066419
11937280 40066419
1002155 13651330
15833431 13651330
3918043 13651330
1013067 13651330
15803246 13651330
11346234 13651330
11937165 13651330
10240324 13651330
15821073 13651330
15834269 13651330
15794507 13651330
11934193 13651330
13613329 13651330
15855146 13651330
13613771 13651330
1015287 13651330
15836683 13651330
15855151 13651330
15084010 13651330
11934745 13651330
11935591 13651330
15803280 13651330
15812448 13651330
3895415 13651330
1012048 13651330
15859676 13651330
1011147 13651330
1014005 13651330
15795798 13651330
15796136 13651330
2642266 13651330
11936164 13651330
15836940 13651330
11935921 13651330
15815337 13651330
11938069 13651330
11940519 13651330
11940520 13651330
15800736 13651330
11353155 13651330
11934367 13651330
11934003 13651330
15855455 13651330
11804218 13651330
11937964 13651330
1007282 13651330
11937099 15997500
11936475 15997500
999278 13615511
15832509 13615511
1011389 13615511
1010368 13615511
1000004 13615511
11934211 19500824
1000237 19500824
11343893 19500824
15803224 19500824
1003422 19500824
15833429 19500824
1001884 19500824
15792426 19500824
999514 19500824
15815909 19500824
15792427 19500824
15803227 19500824
1013587 19500824
1014776 19500824
1013682 19500824
1007849 19500824
15815879 19500824
15833430 19500824
1002725 19500824
1005722 19500824
1002610 19500824
15803238 19500824
1002402 19500824
1012893 19500824
15803260 19500824
15803261 19500824
15803262 19500824
15803263 19500824
15803264 19500824
15803265 19500824
15803266 19500824
11936962 19500824
13651122 29579896
15812199 2686398
15824976 40335056
36062623 40335056
2633928 40335056
10682243 19486474
15850883 15960136
15850883 15960136
11936613 11934120
11350614 11934120
15836636 11934120
15834306 11934120
15055602 11934120
11343473 11934120
15836940 11934120
11938069 11934120
15834496 11934120
3976804 11934120
11802538 31198951
10239603 31198951
11804610 31198951
13614549 41771414
13614550 41771414
3948822 41771414
2633928 19486864
19485155 19486864
13613136 17023289
15812508 41771415
11802539 7493731
36065851 19495454
2644388 19495454
11937505 19495454
41771303 19495454
41771304 19495454
11934291 19495454
11934674 19495454
3967474 19495454
2023291 19495454
2648499 19495454
2738809 19495454
11936162 19495454
2702102 19495454
19486082 19495454
13612573 15802969
13613010 15802969
11935901 15802969
15812132 19489032
15814047 19489032
11934485 15333287
13613010 15802970
10240324 838262
10240324 838262
10240055 838262
11341867 838262
11341867 838262
11806236 838262
11806236 838262
2702070 6646721
3998209 3782866
10589477 10686666
11881386 10686666
11920336 10686666
11881397 10686666
15325639 41771416
10239591 19494419
11804597 19494419
17020982 19494419
11935059 19494419
10239592 19494419
11935060 19494419
17020983 19494419
10239595 19494419
3891491 19494419
15823694 13615627
11934074 13615627
14999196 13615627
2695482 19499650
11938071 4069850
11935985 4069850
19494885 4069850
41771417 4069850
36062256 4069850
19485153 4069850
15796485 4069850
2740917 4069850
2663487 41771418
11937164 19490560
2690958 19490560
19489813 19490560
2744017 19490560
3949048 19490560
11935027 19490560
11936118 19490560
11935267 19490560
12144252 19494849
10239574 13615636
19483856 13615636
11934519 13615636
15806085 13615636
15806086 13615636
15834907 13615636
19491589 13615636
10240084 13615636
36062253 13615636
13613111 13615636
10239577 13615636
19485160 13615636
36062258 13615636
36065249 13615636
36062262 13615636
10239581 13615636
10239582 13615636
36063176 13615636
36061400 13615636
15806214 13615636
15852300 13615636
15850484 13615636
36062630 13615636
36062634 13615636
15804481 13615636
10239583 13615636
10239584 13615636
10239588 13615636
15834847 13615636
3968714 13615636
3888696 13615636
11346657 13615636
11937252 13615636
36062255 13615636
11935028 13615636
19493623 13615636
11938046 13615636
11934616 13615636
11934180 13615636
3890593 13615636
19492156 13615636
10239593 13615636
3971171 13615636
19493625 13615636
3971322 13615636
3971379 13615636
15826080 13615636
19493629 13615636
15819312 13615636
3890591 13615636
2748146 13615636
11937907 13615636
3964830 13615636
15819313 13615636
2748114 13615636
10239338 13615636
10239340 13615636
10239341 13615636
10239342 13615636
3958710 13615636
10239344 13615636
11934333 13615637
11801966 13615637
15055570 13615637
15055571 13615637
15055602 13615637
10239371 18274967
15796329 3938740
11353268 11937722
11933859 17742835
12143232 2668374
12144618 2668374
15842636 19708433
2664515 19486080
12145273 838372
12146111 838372
1004587 15803302
1007103 15803302
1013229 15803302
1005656 15803302
1015071 15803302
998571 15803302
1014508 15803302
1012235 15803302
1002124 15803302
1012951 15803302
2649735 29580573
3948822 19493261
2751312 2662553
2751312 2662553
12143932 2662553
31047861 2662553
41745235 15801857
2702072 15801857
2752389 15801857
41745235 15793871
2702072 15793871
2738809 15793871
2752389 15793871
11934745 15801858
2702070 15801858
11937505 11936322
2702070 11936322
2738809 11936322
41771373 839441
15854058 15854073
11806283 19485443
12143838 10687186
11351825 838252
15811159 838252
11350910 838252
14563628 838252
15820956 838252
15811221 838252
11351830 838252
10680216 838252
10680216 838252
10680216 838252
15825812 838252
15821061 838252
15821064 838252
15819065 838252
15819065 838252
15819065 838252
15819065 838252
11350929 838252
15811413 838252
15811413 838252
15811413 838252
15811413 838252
15811413 838252
15811439 838252
15820269 838252
2631230 838252
15820275 838252
15811504 838252
15811538 838252
11350953 838252
11350953 838252
15811607 838252
15811662 838252
2634420 838252
11342714 838252
11342714 838252
11342714 838252
15820305 838252
15821110 838252
15821135 838252
15821141 838252
10239825 838252
15811941 838252
1467411 838252
15811993 838252
11804385 838252
15820348 838252
10240304 838252
2683331 838252
11345397 838252
11349817 838252
11343522 838252
15806779 838252
15820419 838252
15820419 838252
15820419 838252
11351058 838252
11351059 838252
11351870 838252
11343524 838252
11351872 838252
15812229 838252
15821315 838252
10239954 838252
29195273 838252
15795273 838252
15953020 838252
15795279 838252
15820538 838252
11349763 838252
15850859 838252
15820553 838252
15820555 838252
11349835 838252
15842636 838252
15812717 838252
11351884 838252
15859676 838252
15820589 838252
2664017 838252
10684455 838252
15812882 838252
15850883 838252
2658282 838252
15820604 838252
15820605 838252
30239930 838252
30239931 838252
30239932 838252
10684820 838252
10684820 838252
10684820 838252
10684823 838252
10684823 838252
10684823 838252
10684824 838252
10684824 838252
10684825 838252
10684825 838252
10684825 838252
15813365 838252
15814756 838252
15820619 838252
15815255 838252
15821474 838252
11341921 838252
11341921 838252
11341921 838252
15821509 838252
15815265 838252
15815265 838252
15815265 838252
15815265 838252
15815268 838252
15796509 838252
15815442 838252
11350108 838252
11343447 838252
3491683 838252
3979910 838252
15851124 838252
15820639 838252
15820698 838252
3913673 838252
11351930 838252
15815513 838252
2649735 3884394
15840670 41771419
11935003 41771419
29579913 41771419
11937452 41771419
2717581 29579539
11934607 29579539
11934158 29579539
2739794 29579539
13615504 29579539
11936380 29579539
2744996 29579539
11934030 29579539
11937452 29579539
17020131 3897397
3925865 3897397
13614889 3897397
2663487 41771420
11444103 3885864
11937164 19490561
2690958 19490561
11935027 19490561
11936118 19490561
11935267 19490561
11934141 19498573
11934616 19498573
11936753 19498573
41771421 19498573
2690958 15819437
2744017 15819437
11936118 15819437
11939242 3914518
2664515 19486479
12146280 13615707
4532543 13615707
2717392 15816459
11935426 15816459
11935900 15816459
10682094 15816459
11934064 15816459
41771422 852859
2628200 13615711
11934133 13615711
19486478 13615711
13612513 11935333
1007610 11935333
1000278 11935333
1005238 11935333
1009436 11935333
1006461 11935333
1006274 11935333
999477 11935333
1001633 11935333
1006902 11935333
1005016 11935333
1006948 11935333
1012780 11935333
11937317 11935333
11343494 11935333
11350934 11935333
1007938 11935333
11935794 11935333
13613771 11935333
1004546 11935333
1007536 11935333
15812508 11935333
1000353 11935333
15813228 11935333
15813680 11935333
15813729 11935333
15814046 11935333
3966538 11935333
15814802 11935333
15815108 11935333
1000440 11935333
1009648 11935333
13615404 11935333
15821796 11935333
11944029 11935333
11935929 11935333
11343602 11935333
11935555 11935333
11807527 11935333
3889268 11935333
3913673 2637708
41745235 29580441
2752389 29580441
11444103 838292
13612607 19486082
11343494 19486082
11350934 19486082
13614564 19486082
15794499 19486082
15794837 19486082
3409849 19486082
11348349 19486082
15842423 19486082
11348215 19486082
15812508 19486082
3067141 19486082
15795841 19486082
15795881 19486082
15813680 19486082
11348407 19486082
15796329 19486082
11343602 19486082
15796657 19486082
3913378 19486082
11348443 19486082
11342938 19486082
4532543 11938050
15793969 3779295
15794491 3779295
15794938 3779295
11348360 3779295
15795074 3779295
11348366 3779295
15795700 3779295
15795740 3779295
11348405 3779295
15796233 3779295
15796242 3779295
15796246 3779295
15796247 3779295
15796248 3779295
11348420 3779295
15796306 3779295
11348424 3779295
15796348 3779295
11348425 3779295
11348426 3779295
15796357 3779295
15796424 3779295
15798189 3779295
11348493 3779295
11348521 3779295
15801242 3779295
15801386 3779295
15801880 3779295
11348548 3779295
3904788 41771423
13614549 41771423
2744017 41771424
10682094 41771424
3949048 41771424
29047172 17327703
11343494 10687307
13613329 10687307
13650780 10687307
11937210 10687307
15812508 10687307
11807514 10687307
11937280 10687307
15813228 10687307
15813680 10687307
15813729 10687307
15814046 10687307
15814339 10687307
15814802 10687307
15815108 10687307
15815276 10687307
11944029 10687307
11343602 10687307
11935606 10687307
11934755 15843500
2123438 41771425
13614889 13889541
12143394 847404
12143395 847404
12143466 847404
12143467 847404
12143162 16538645
12145589 16538645
2649735 11937689
12144558 7490385
12145981 41771426
11938061 19489946
2738456 19489946
11934161 19489946
3890459 19489946
17021704 19489946
29579914 19489946
11936138 19489946
11934487 19489946
11936158 19489946
11937484 19489946
11936320 19489946
3948822 19489946
2649735 41771427
3967474 41771427
12145709 41771427
11935508 3957036
15836624 3957036
15836636 3957036
11934835 3957036
11937016 3957036
15855151 3957036
15055570 3957036
11350618 3957036
15055602 3957036
999776 15802971
1009136 15802971
1015117 15802971
1013583 15802971
1001633 15802971
1012659 15802971
1001357 15802971
1015395 15802971
1013929 15802971
1006902 15802971
1006487 15802971
1007878 15802971
1014998 15802971
1011719 15802971
1014263 15802971
1000159 15802971
15803246 15802971
15803256 15802971
13613010 15802971
2664515 15802971
1004278 15802971
1003400 15802971
1004546 15802971
15818924 15802971
15325639 15802971
1014111 15802971
1001744 15802971
1002886 15802971
1008118 15802971
1015458 15802971
1008445 15802971
1000464 15802971
1000431 15802971
11934405 15802972
41745201 15802972
11807524 17328870
2707678 15858821
2004771 15858821
3949048 15858821
11936380 11934716
11937164 15819441
750510 40068544
11937164 19489689
2690958 19489689
11935426 19489689
11935900 19489689
10682094 19489689
3949048 19489689
2742729 19489689
13614889 19489689
15834242 19483727
15834267 19483727
15834294 19483727
15799800 29580750
19489813 19488871
19487292 19488871
19487719 19488871
15819344 19488871
15819347 19488871
11806283 19488871
41771428 19488871
13614893 19488871
11808930 19488871
2717581 11937500
11937452 11937500
11808927 41771429
2717581 41771430
13615455 41771430
3970339 41771430
11937452 41771430
11935508 15836294
11801966 3898274
15055570 3898274
15055571 3898274
3960252 11935468
15836624 16011789
11800788 16011789
15836636 16011789
3976804 16011789
11351065 19483748
11351142 19483748
13613495 19483748
11934126 19485193
13613010 19485193
1768337 19485193
11934006 19485193
13614179 19485193
2662132 19485193
