18922654 41795871
19007132 41795872
18865368 41795873
18946486 41795874
18924795 41795875
18935842 41795876
18936568 41795877
18894523 41795878
18894520 41795879
18924771 41795880
18875418 41795881
18890168 41795882
18946484 41795883
18935377 41795884
18936482 41795885
18936556 41795886
18925741 41795887
18936566 41795888
18925740 41795889
18936929 41795890
19065607 41795891
18935365 41795892
19038326 41795893
18875340 41795894
19050758 41795895
18879673 41795896
18881410 41795897
19038328 41795898
18936532 41795899
18874542 41795900
5219547 41795901
18902279 41795902
18841389 41795903
18882398 41795904
18922653 41795905
18931826 41795906
5215277 41795907
5215573 41795908
5222554 41795909
18931820 41795910
5221343 41795911
19038327 41795912
18931823 41795913
18922690 41795914
5235148 41795915
15486939 41795916
19076686 41795917
18903596 41795918
5222259 41795919
5198835 41795920
19037106 41795921
5217172 41795922
19021368 41795923
5200758 41795924
18920628 41795925
18942896 41795926
18959876 41795927
19017433 41795928
19017435 41795929
18852950 41795930
18939553 41795931
5233669 41795932
18936535 41795933
5233582 41795934
18938899 41795935
18894518 41795936
18894519 41795937
5202220 41795938
18908448 41795939
5234601 41795940
18841390 41795941
19050756 41795942
18919540 41795943
19050765 41795944
19050761 41795945
19050759 41795946
18946107 41795947
18843561 41795948
19007269 41795949
18936458 41795950
18936456 41795951
18936460 41795952
18936520 41795953
18936261 41795954
19083981 41795955
18954747 41795956
19084155 41795957
18894522 41795958
18894521 41795959
5195981 41795960
18977399 41795961
18977403 41795962
18977401 41795963
19025139 41795964
5196715 41795965
18900832 41795966
18900830 41795967
18924786 41795968
18879683 41795969
18879671 41795970
18924779 41795971
18924776 41795972
18924773 41795973
18924790 41795974
18924774 41795975
18924791 41795976
18924788 41795977
18924782 41795978
18924787 41795979
18924775 41795980
18924792 41795981
18924789 41795982
18924780 41795983
18924777 41795984
18924781 41795985
5207556 41795986
18936516 41795987
18936522 41795988
18902984 41795989
18936911 41795990
5202885 41795991
18936219 41795992
18936229 41795993
18900827 41795994
5227057 41795995
5227059 41795996
5228428 41795997
5199442 41795998
5204296 41795999
5204257 41796000
5204304 41796001
18936228 41796002
18875339 41796003
18954197 41796004
19078620 41796005
19084416 41796006
19076417 41796007
18962336 41796008
18927027 41796009
19070602 41796010
18876399 41796011
19061692 41796012
19061694 41796013
18924631 41796014
18874547 41796015
18924635 41796016
18890167 41796017
18977404 41796018
18891195 41796019
18891196 41796020
18891197 41796021
18891198 41796022
18891199 41796023
18977398 41796024
18937095 41796025
19017288 41796026
18874546 41796027
18874541 41796028
18890169 41796029
18896809 41796030
18936462 41796031
18936464 41796032
18879674 41796033
18881411 41796034
5203190 41796035
5203192 41796036
18950356 41796037
5215313 41796038
18929252 41796039
19050764 41796040
19037110 41796041
18936447 41796042
5201816 41796043
18936541 41796044
18879680 41796045
18922655 41796046
18919545 41796047
19065165 41796048
18843556 41796049
19032301 41796050
19063877 41796051
18936550 41796052
18967082 41796053
18879402 41796054
18936537 41796055
18954199 41796056
18967080 41796057
18879788 41796058
19014120 41796059
19009653 41796060
18936481 41796061
18873002 41796062
18936479 41796063
18936555 41796064
18936553 41796065
19017513 41796066
19017511 41796067
19017512 41796068
19017510 41796069
18967081 41796070
18936926 41796071
18925852 41796072
19076685 41796073
18916245 41796074
18906178 41796075
18906180 41796076
18906181 41796077
18906176 41796078
18906177 41796079
5221447 41796080
18936453 41796081
18926646 41796082
18902280 41796083
18902283 41796084
18936457 41796085
18936459 41796086
18902985 41796087
19076688 41796088
18929253 41796089
19030523 41796090
18841027 41796091
18899040 41796092
18951496 41796093
19007204 41796094
19048664 41796095
18990542 41796096
18920626 41796097
18946108 41796098
18949940 41796099
5213692 41796100
18866021 41796101
18823914 41796102
18931821 41796103
19075723 41796104
18938901 41796105
18938902 41796106
18938894 41796107
18938897 41796108
18924632 41796109
18924633 41796110
18924634 41796111
19067847 41796112
18936546 41796113
18836715 41796114
18875333 41796115
18879682 41796116
18902281 41796117
18902282 41796118
18902278 41796119
5214469 41796120
18920466 41796121
18920467 41796122
19042284 41796123
5223537 41796124
18971587 41796125
18931042 41796126
19070601 41796127
18931812 41796128
18946110 41796129
19037109 41796130
18924449 41796131
18924451 41796132
18924452 41796133
18924450 41796134
18924453 41796135
18924454 41796136
18944591 41796137
18944587 41796138
18944588 41796139
18977402 41796140
18921504 41796141
18921505 41796142
18895815 41796143
18955235 41796144
18955234 41796145
18867258 41796146
18867260 41796147
18881615 41796148
18823877 41796149
18926393 41796150
19056763 41796151
18960850 41796152
18964372 41796153
19076687 41796154
19061696 41796155
19083982 41796156
19083980 41796157
19015998 41796158
18841028 41796159
18926647 41796160
18843469 41796161
18919541 41796162
18874537 41796163
19067845 41796164
5199276 41796165
18931822 41796166
18931824 41796167
18931825 41796168
18873003 41796169
18925758 41796170
18841356 41796171
18925708 41796172
18939556 41796173
19021366 41796174
18936450 41796175
18936449 41796176
18936451 41796177
18919543 41796178
18919544 41796179
18925767 41796180
5208414 41796181
18840709 41796182
18840710 41796183
18948027 41796184
18921503 41796185
18922691 41796186
18892821 41796187
18931502 41796188
18839840 41796189
18936223 41796190
18954198 41796191
19037108 41796192
18890975 41796193
18926644 41796194
5225821 41796195
19049075 41796196
18931157 41796197
18879403 41796198
18905684 41796199
18895816 41796200
18845692 41796201
18926645 41796202
18911180 41796203
18911181 41796204
18891355 41796205
18874545 41796206
19051756 41796207
18936512 41796208
19049076 41796209
19049077 41796210
18924732 41796211
19055665 41796212
18871318 41796213
18891493 41796214
18921065 41796215
18841126 41796216
18841127 41796217
18841128 41796218
18879681 41796219
18931156 41796220
18936564 41796221
18874731 41796222
18924733 41796223
18962989 41796224
19007268 41796225
19078572 41796226
19007267 41796227
5235523 41796228
5201264 41796229
18876398 41796230
19056762 41796231
18881409 41796232
19056766 41796233
18869780 41796234
18990597 41796235
18936908 41796236
18936560 41796237
18875331 41796238
18852993 41796239
5231243 41796240
19066584 41796241
5227692 41796242
5200516 41796243
5224915 41796244
5222900 41796245
18878111 41796246
5231203 41796247
5231233 41796248
18990507 41796249
5225829 41796250
5225831 41796251
18990599 41796252
19050763 41796253
19065166 41796254
5231193 41796255
5225172 41796256
18875810 41796257
18867189 41796258
18911333 41796259
5233610 41796260
5233645 41796261
18865547 41796262
5224482 41796263
18875811 41796264
15486934 41796265
18904790 41796266
18875332 41796267
18876285 41796268
5234444 41796269
18904814 41796270
19020575 41796271
18926481 41796272
19071021 41796273
5207652 41796274
19018392 41796275
18875800 41796276
18936477 41796277
18936545 41796278
18990601 41796279
19070806 41796280
19076833 41796281
5232436 41796282
5234194 41796283
18990506 41796284
18860231 41796285
5217603 41796286
5231923 41796287
18876346 41796288
19038609 41796289
5207337 41796290
5223180 41796291
18916246 41796292
5223130 41796293
19010988 41796294
18974297 41796295
19066725 41796296
18924334 41796297
18915147 41796298
5228484 41796299
18990593 41796300
5225372 41796301
18892118 41796302
18936494 41796303
18990693 41796304
18935108 41796305
18904792 41796306
19058899 41796307
5196462 41796308
19030164 41796309
5196466 41796310
18936495 41796311
18936506 41796312
5213358 41796313
5224615 41796314
5224140 41796315
18867259 41796316
18936478 41796317
19056765 41796318
5197500 41796319
5201579 41796320
5231237 41796321
18876323 41796322
18869550 41796323
5225823 41796324
5206561 41796325
5204281 41796326
5231231 41796327
18936542 41796328
19009417 41796329
19014119 41796330
5202712 41796331
18875329 41796332
5196460 41796333
5227854 41796334
19049606 41796335
18879676 41796336
18904793 41796337
18904789 41796338
5219713 41796339
18889888 41796340
5234751 41796341
19017469 41796342
18936527 41796343
18875309 41796344
14814451 41796345
18990605 41796346
18927817 41796347
5196464 41796348
5197146 41796349
18990499 41796350
5212300 41796351
19036560 41796352
5222329 41796353
18867188 41796354
5213762 41796355
18974853 41796356
5199410 41796357
5199412 41796358
5199408 41796359
5199406 41796360
5228488 41796361
19018393 41796362
18922168 41796363
5228567 41796364
5228482 41796365
5228004 41796366
5228012 41796367
18908144 41796368
18874286 41796369
5235187 41796370
18936508 41796371
18869544 41796372
18869548 41796373
18869551 41796374
18869553 41796375
18869546 41796376
18936476 41796377
18865367 41796378
5208827 41796379
18837076 41796380
18837077 41796381
18935843 41796382
5221918 41796383
19059640 41796384
18927621 41796385
18937729 41796386
5216862 41796387
19015997 41796388
5226059 41796389
18990689 41796390
5231247 41796391
18960303 41796392
18935839 41796393
18960300 41796394
18960301 41796395
18960297 41796396
18990504 41796397
18960304 41796398
5212631 41796399
18939813 41796400
5213999 41796401
18951492 41796402
5224725 41796403
5202544 41796404
18936544 41796405
5222498 41796406
5204488 41796407
5198412 41796408
18936917 41796409
18951497 41796410
5234014 41796411
19048665 41796412
18876330 41796413
18949938 41796414
19051948 41796415
18922164 41796416
18966562 41796417
5213991 41796418
18921485 41796419
18870469 41796420
5216803 41796421
18875048 41796422
18930031 41796423
5222464 41796424
18918326 41796425
18939551 41796426
18938639 41796427
18840137 41796428
18882071 41796429
5222767 41796430
18939428 41796431
18893047 41796432
5226510 41796433
18929448 41796434
18922171 41796435
18873005 41796436
18922163 41796437
18918332 41796438
5222626 41796439
5202456 41796440
18876347 41796441
18830337 41796442
19048661 41796443
19076684 41796444
18869555 41796445
18936472 41796446
18875311 41796447
18860706 41796448
18876307 41796449
18922166 41796450
5223226 41796451
18894398 41796452
18923389 41796453
5219308 41796454
5209698 41796455
18929680 41796456
18918633 41796457
18841026 41796458
18860707 41796459
18935877 41796460
18939554 41796461
18936547 41796462
5206967 41796463
18936442 41796464
18990659 41796465
19021494 41796466
18852841 41796467
5194175 41796468
18925996 41796469
5198274 41796470
5224613 41796471
18877917 41796472
18929315 41796473
18922762 41796474
18941193 41796475
18830352 41796476
18936237 41796477
18910360 41796478
19056764 41796479
19010989 41796480
18924940 41796481
18901097 41796482
18951493 41796483
18990505 41796484
18990700 41796485
5210402 41796486
5212779 41796487
18876583 41796488
18935565 41796489
18873006 41796490
18866022 41796491
18951498 41796492
5234753 41796493
18990692 41796494
5228093 41796495
5227065 41796496
18865393 41796497
18912611 41796498
18889998 41796499
5195197 41796500
5204292 41796501
18879668 41796502
18876300 41796503
18914943 41796504
5199074 41796505
18864919 41796506
18879678 41796507
18879666 41796508
5204314 41796509
5234935 41796510
19037107 41796511
18936927 41796512
18936470 41796513
18990653 41796514
5194946 41796515
19057761 41796516
18875726 41796517
18936260 41796518
18953200 41796519
19048666 41796520
18936257 41796521
18936548 41796522
5228575 41796523
18936256 41796524
18936264 41796525
19084154 41796526
19050768 41796527
5196863 41796528
5196865 41796529
5222592 41796530
18922169 41796531
18879693 41796532
5212391 41796533
18877319 41796534
18876395 41796535
18890083 41796536
18875727 41796537
18925141 41796538
18924059 41796539
18904794 41796540
18990704 41796541
19016019 41796542
18869556 41796543
18904788 41796544
18875801 41796545
18960835 41796546
18960834 41796547
18960832 41796548
18934681 41796549
18904791 41796550
18961089 41796551
18922170 41796552
18875310 41796553
5219464 41796554
19070990 41796555
5213410 41796556
5206627 41796557
5234401 41796558
5234799 41796559
5201624 41796560
5226087 41796561
18879677 41796562
18922165 41796563
5224779 41796564
18990671 41796565
19059783 41796566
5214693 41796567
18936551 41796568
5205019 41796569
5210639 41796570
5213899 41796571
5223628 41796572
18922167 41796573
5231257 41796574
5234959 41796575
5203781 41796576
5231239 41796577
18935841 41796578
18935840 41796579
18869545 41796580
18936503 41796581
18936501 41796582
18990594 41796583
18869547 41796584
18869554 41796585
5204306 41796586
18907834 41796587
18875335 41796588
18904128 41796589
18904125 41796590
18904126 41796591
18879675 41796592
18904127 41796593
18904129 41796594
18953202 41796595
18936258 41796596
18875330 41796597
5203263 41796598
18894399 41796599
18990503 41796600
5231185 41796601
18900859 41796602
5231189 41796603
5233099 41796604
5235120 41796605
18925894 41796606
18920720 41796607
18926747 41796608
18926745 41796609
18926754 41796610
18926753 41796611
18926750 41796612
18926746 41796613
18926752 41796614
18926749 41796615
18936235 41796616
5231215 41796617
5231217 41796618
5235094 41796619
18911373 41796620
18911372 41796621
18876418 41796622
18936445 41796623
18936525 41796624
18960305 41796625
18960302 41796626
18960299 41796627
18960306 41796628
18960298 41796629
19082745 41796630
18879669 41796631
5201495 41796632
5219837 41796633
5219045 41796634
18936255 41796635
18936471 41796636
18875725 41796637
18875724 41796638
18914944 41796639
18919542 41796640
19017467 41796641
18936217 41796642
18936232 41796643
18936227 41796644
18936230 41796645
19017434 41796646
18936915 41796647
18936514 41796648
18936488 41796649
18936921 41796650
5203519 41796651
18927910 41796652
18927909 41796653
18879672 41796654
5200536 41796655
19014425 41796656
19014424 41796657
5231219 41796658
18990699 41796659
5232048 41796660
19061693 41796661
19014645 41796662
18936469 41796663
18936467 41796664
18936528 41796665
18936490 41796666
18936226 41796667
19017287 41796668
18961440 41796669
5206959 41796670
5235090 41796671
18921329 41796672
5200642 41796673
19061695 41796674
18875710 41796675
18906583 41796676
19009652 41796677
18900829 41796678
18938129 41796679
18936910 41796680
5219107 41796681
5195299 41796682
18936534 41796683
18936510 41796684
5194526 41796685
19030166 41796686
5215597 41796687
18874548 41796688
5231249 41796689
18920440 41796690
19050767 41796691
19050754 41796692
19050757 41796693
19050760 41796694
19050762 41796695
19050766 41796696
19050755 41796697
5231209 41796698
18901210 41796699
18901211 41796700
19021274 41796701
18936241 41796702
18936240 41796703
18936238 41796704
5234989 41796705
5206436 41796706
19054001 41796707
18929756 41796708
5218545 41796709
18900825 41796710
5225292 41796711
18960833 41796712
18960836 41796713
18874732 41796714
18936519 41796715
5224190 41796716
5198514 41796717
5228527 41796718
18926395 41796719
18936259 41796720
5204273 41796721
18938898 41796722
18936262 41796723
5227800 41796724
18936473 41796725
18936220 41796726
18936474 41796727
5215854 41796728
15486937 41796729
18921506 41796730
5223877 41796731
18936263 41796732
19059782 41796733
18936225 41796734
18938892 41796735
5215287 41796736
19060737 41796737
5204310 41796738
18939555 41796739
19020574 41796740
18921502 41796741
5204390 41796742
18936231 41796743
5223760 41796744
18879679 41796745
5235307 41796746
18926392 41796747
18926397 41796748
18938900 41796749
18936441 41796750
19060736 41796751
18936493 41796752
18936443 41796753
18936218 41796754
18920441 41796755
18874544 41796756
18902406 41796757
18902405 41796758
5214337 41796759
18878223 41796760
18936517 41796761
18926394 41796762
18900828 41796763
18936221 41796764
18843468 41796765
18878224 41796766
5213604 41796767
5231179 41796768
5231181 41796769
18879665 41796770
18879670 41796771
18908828 41796772
18908827 41796773
18936224 41796774
18936222 41796775
18936216 41796776
18936444 41796777
19081097 41796778
18874538 41796779
18990565 22868488
5200546 41796780
18936505 41796781
18936504 41796782
19014436 41796783
5231211 41796784
5215164 41796785
19060740 41796786
18924784 41796787
18874540 41796788
18936466 41796789
18936465 41796790
18930030 41796791
18895634 41796792
18924772 41796793
18924793 41796794
18924783 41796795
18924796 41796796
18924785 41796797
18924778 41796798
18916244 41796799
18876396 41796800
18876400 41796801
18876397 41796802
5231197 41796803
5231199 41796804
18936500 41796805
18936499 41796806
19079705 41796807
19079704 41796808
18924794 41796809
18927626 41796810
18931813 41796811
18936523 41796812
18936239 41796813
18878222 41796814
18936562 41796815
19060738 41796816
18936486 41796817
18936487 41796818
19070257 41796819
18936439 41796820
18922172 41796821
18944590 41796822
19063878 41796823
5206316 41796824
5227824 41796825
18874536 41796826
18936491 41796827
5231191 41796828
5197964 41796829
18874539 41796830
5231213 41796831
18911334 41796832
18911332 41796833
5213460 41796834
5231201 41796835
18875338 41796836
5213174 41796837
19065164 41796838
18968682 41796839
5231235 41796840
18876561 41796841
18990707 41796842
18936507 41796843
5206258 41796844
18875319 41796845
19051895 41796846
19051896 41796847
18938896 41796848
18938893 41796849
18938904 41796850
5227838 41796851
18926398 41796852
19079706 41796853
5231187 41796854
18900831 41796855
5223382 41796856
18874543 41796857
19007133 41796858
18967083 41796859
18936440 41796860
18903371 41796861
18903370 41796862
18903369 41796863
18954196 41796864
18911371 41796865
18911370 41796866
5198102 41796867
18906179 41796868
18840138 41796869
18944589 41796870
18926748 41796871
18926751 41796872
18939369 41796873
18843557 41796874
19066895 41796875
18936539 41796876
18936461 41796877
19053671 41796878
18920627 41796879
5198566 41796880
18936452 41796881
18946485 41796882
19007141 41796883
18938903 41796884
18879787 41796885
5233659 41796886
18936913 41796887
19007182 41796888
19007142 41796889
19007173 41796890
19007198 41796891
5223006 41796892
19007143 41796893
19007152 41796894
19007170 41796895
19007197 41796896
19007205 41796897
19007144 41796898
5225029 41796899
19007165 41796900
19007145 41796901
18936919 41796902
18874730 41796903
5225566 41796904
5196276 41796905
18936931 41796906
18936933 41796907
18990596 41796908
18990652 41796909
18990697 41796910
19007179 41796911
18990655 41796912
18990696 41796913
18990502 41796914
18990568 41796915
18990602 41796916
18990654 41796917
18990695 41796918
18990501 41796919
18990567 41796920
18990603 41796921
19007195 41796922
18990570 41796923
18990598 41796924
18838070 41796925
18945495 41796926
19017466 41796927
19017468 41796928
18874729 41796929
5223696 41796930
18874734 41796931
5223698 41796932
5202624 41796933
18874733 41796934
18874728 41796935
18981671 41796936
19028300 41796937
18959877 41796938
18959878 41796939
18959875 41796940
19053999 41796941
19054002 41796942
5216500 41796943
5225041 41796944
19054003 41796945
19054005 41796946
19054006 41796947
5209942 41796948
19054000 41796949
19054004 41796950
19048648 41796951
18990658 41796952
18990691 41796953
18924196 41796954
19007160 41796955
19007183 41796956
19007194 41796957
19007216 41796958
19007162 41796959
19007188 41796960
5222984 41796961
19007134 41796962
19007164 41796963
19007176 41796964
19007187 41796965
5210875 41796966
19007131 41796967
19007175 41796968
19007135 41796969
19007163 41796970
5225075 41796971
5225045 41796972
19007213 41796973
19007136 41796974
19007168 41796975
19007181 41796976
19007190 41796977
19007214 41796978
19007138 41796979
19007219 41796980
19007218 41796981
19007137 41796982
19007166 41796983
19007185 41796984
19007193 41796985
19007217 41796986
19007139 41796987
19007169 41796988
19007180 41796989
19007191 41796990
19007196 41796991
19007184 41796992
19007192 41796993
19007215 41796994
5225051 41796995
19007167 41796996
5222982 41796997
5223366 41796998
5225017 41796999
5225039 41797000
15486935 41797001
19007178 41797002
19007130 41797003
5222980 41797004
19007174 41797005
19007186 41797006
19007212 41797007
5225013 41797008
19007159 41797009
19007177 41797010
19007189 41797011
5225047 41797012
19007161 41797013
19007200 41797014
19007206 41797015
19007149 41797016
19007158 41797017
19007171 41797018
19007199 41797019
19007208 41797020
19007150 41797021
19007153 41797022
5225019 41797023
19007140 41797024
19007156 41797025
5225003 41797026
5223002 41797027
19007207 41797028
19007147 41797029
19007157 41797030
19007172 41797031
19007201 41797032
5225005 41797033
19007148 41797034
19007220 41797035
19007210 41797036
19007151 41797037
19007154 41797038
5223000 41797039
19007202 41797040
19007209 41797041
19007146 41797042
19007155 41797043
5223004 41797044
19007203 41797045
18875334 41797046
18869552 41797047
18869549 41797048
18882070 41797049
18875308 41797050
18939816 41797051
18939815 41797052
18939814 41797053
18938895 41797054
18936236 41797055
19048662 41797056
18879667 41797057
18990701 41797058
18990656 41797059
18926301 41797060
18990569 41797061
18949937 41797062
19059639 41797063
5222488 41797064
5222510 41797065
5215601 41797066
18875384 41797067
18874317 41797068
19059641 41797069
18873004 41797070
5194865 41797071
18921507 41797072
19060739 41797073
5217818 41797074
18924770 41797075
5204826 41797076
18951494 41797077
18951495 41797078
5221715 41797079
5221725 41797080
5221709 41797081
18949941 41797082
5221729 41797083
5202500 41797084
18946109 41797085
5212308 41797086
5221822 41797087
18933097 41797088
18936557 41797089
19062522 41797090
18949939 41797091
5216452 41797092
18893048 41797093
18952939 41797094
5213979 41797095
5202192 41797096
5222000 41797097
18920629 41797098
19018698 41797099
19018699 41797100
5219043 41797101
5219290 41797102
5223010 41797103
5213989 41797104
19030165 41797105
5213997 41797106
5210283 41797107
5218158 41797108
5221618 41797109
5213654 41797110
5216622 41797111
5219460 41797112
5216620 41797113
18921234 41797114
5208821 41797115
5208825 41797116
18848107 41797117
5213883 41797118
5222339 41797119
5216709 41797120
5216805 41797121
18966953 41797122
18966954 41797123
5217320 41797124
5222365 41797125
5213582 41797126
5214003 41797127
19060741 41797128
5220337 41797129
18927789 41797130
18927818 41797131
18917861 41797132
18902095 41797133
18900826 41797134
18904188 41797135
18938640 41797136
18938641 41797137
18936446 41797138
18925140 41797139
19028648 41797140
18876308 41797141
18908145 41797142
18908147 41797143
18934591 41797144
18920438 41797145
19012138 41797146
19016020 41797147
19048663 41797148
5222737 41797149
18878221 41797150
18929056 41797151
5214819 41797152
