14978186 16811228
33270527 10532699
14977698 10848636
20396366 13615990
4292268 10532718
33270417 10532750
14304331 10532766
16279155 10532779
20396323 20842132
14977825 10532843
14393800 10532852
14977690 10532870
18442144 10532871
14383619 9964368
20396035 10533014
17277208 9964449
19211402 10533032
33270445 10533037
14977046 14354747
14977608 14354748
17440905 20843133
14977212 13678681
36396704 20843151
20396092 10533089
20396042 13616440
8471381 10533130
21340958 19236178
10484201 10533162
17441027 10533170
36397354 9964523
33270480 10533181
14977996 20843563
20396637 20843570
14976916 10533185
14292467 10533208
19207724 10533230
16330872 10533262
20396626 27269347
14976645 10533279
20396213 10533296
20396439 10533318
22127374 9964597
20396416 9964600
19216675 10021510
14977014 10533374
14977606 14313008
14977157 19236313
21273810 16025157
20396691 10533403
14978088 12183761
27636700 10533447
8455238 19236345
14989719 10533470
20396633 16025633
16325334 9964680
20396490 10533534
14297339 10533541
20396578 9964688
4311106 9964735
3545513 10533584
20396505 10533629
20396230 10533632
814177 10533645
4292266 10533655
18513226 10533661
14976535 10533667
20396301 10533668
20396561 23209760
11840989 22585251
14978661 10533714
18279990 9964879
20396582 9964883
3598517 10533729
14976931 10533738
20396064 10533747
20396539 10533765
14978023 10533778
10484673 10533790
19806840 10533794
5186727 10533797
14976896 10533800
21422392 9964984
13836780 9964988
20396289 9964996
14978166 10024036
20396394 10533839
33270659 9572122
4012961 9965027
41780613 10024038
4015265 10533862
14978164 10533878
19215997 10533879
10493124 10533885
20396666 10533892
14978632 10533909
14978052 10533915
20396647 10533920
33270599 10533931
21272811 10024041
14275533 10533961
20396128 10533967
20396079 10533978
19753511 19126881
678593 10534016
33270426 10534036
20396101 10534050
14977611 16028971
17180102 10534064
3620619 10024046
17176506 10534079
20396619 9572319
3591105 10534086
19802782 10590368
21284545 22585504
3559115 10534098
17438932 13617302
17441772 10534100
14977196 9572345
1354774 9965380
19824683 9965393
14977202 9965399
2396578 9965401
10588838 10534135
22479369 10534140
10480799 10534154
14977756 10534167
16359221 10534183
14387373 10534185
431381 9965483
20396446 16029062
17438059 9965532
41779059 10534211
14977729 10534218
33270668 9965554
14989606 10590375
14393763 10534241
20396267 10534249
20396009 10534267
27637087 10534272
20396564 10534280
20396566 10534326
21403291 10534341
14383018 10534347
4469297 10534402
16295216 10534409
20396544 10534441
20396521 10590399
20396636 16029978
20396061 10534512
14977610 16030236
14977008 10534520
20396631 19237143
8417359 10534578
20396015 10534606
14977492 10026031
21269502 21803974
14989724 9965834
14976650 10534699
17438283 10534700
18433766 10534704
14978137 10534705
3567547 10534710
22261333 10534730
20396200 9965863
41797153 10534736
10173936 10534776
21387450 10534791
20396238 10534829
21327602 12183872
36396729 10534852
33270489 10534877
14378839 10534960
14978084 10534971
20396661 10535064
17178412 10535076
20396125 10535118
41781346 10535162
913989 10535172
27641771 10535227
19817311 14357762
41797154 10535291
41797155 14357888
21343118 20623362
11840983 10026050
20396026 10535400
3697041 10535409
1554172 10535420
14977555 10535468
20396027 19301391
36395860 10535547
2256383 10535561
14977215 12214602
18513206 10535625
14978662 16035213
20396381 10535790
20396567 10535820
4282873 10535826
19216002 10535858
4279706 10535878
11858062 10536057
14976962 10536085
20396485 10536190
14978122 9966605
33970966 10536233
17438578 10536360
20396654 10536407
11833273 9966698
14382478 10536449
33270539 10536489
14368016 9966770
21418316 10536591
20396734 10536719
20396277 9966934
11839717 10536750
10488453 10536780
14387371 10536834
20396272 10536847
18513179 10536876
14382538 10536889
14290906 10536907
14308443 10536920
17176429 9576211
6508331 10536980
20396522 10537005
4292131 9967275
18512040 9576366
3721858 9967301
20396359 10537176
19208855 10537351
20396555 10537388
14380638 10537418
14977459 10030935
17288418 10537659
14976665 9967741
10469971 9967785
20396130 9577209
34068778 10538007
20396045 10538068
20396602 10538078
20396299 10538099
20396113 10538116
19208109 10538372
33270454 10538427
4278971 10538443
20396548 10538465
20396268 10850371
20396576 10032931
41781097 10538641
4293188 10538668
2347589 22615981
14978185 16040568
14978071 10538804
14977899 10538923
19211933 10538941
14989712 10538991
19222599 10539002
14989613 10539074
14376841 10539121
14976518 10539133
14976693 10539212
18513192 10539229
14379062 10539241
20396532 9578989
3995126 10539331
20396672 10539346
33270421 10539480
20396562 10539613
21359861 10539792
33270548 9969328
20396726 9969349
14976753 10539920
14978383 10539931
8467116 10539978
3652958 10539985
20396098 10540056
20396729 10540137
20396090 10540192
20396733 10540207
20396411 9579972
20396029 10032985
17443132 10540292
14295914 10540377
6489684 10540385
20396504 10540518
41797156 9580203
17178116 10540557
4290055 9970061
18437549 9970134
20396344 10540664
20396081 9970471
20396038 10540853
4290845 10540956
33270712 22482818
33270464 10850619
14306398 10541117
20396072 10541226
20396697 10541256
14275159 10541299
4279239 9580670
19221654 10541349
4287686 10541372
14977216 10541382
14978460 10541431
33270433 10541445
1719530 10541487
20396152 10541493
20396589 9580886
10484452 9971563
19220580 10541867
17440501 10541923
20396648 10541932
16300782 10541979
12611920 10542007
33270496 10542009
20396604 9972655
11840985 10542019
20396265 10542020
4292139 12422125
16339806 9972767
41797157 10542031
33938435 10542035
4290297 10542037
20396460 10542045
10483727 10851136
20396563 10851208
20396050 10542057
20396023 10542071
14977039 10542092
10331928 10542094
14977838 10542095
14977677 10542098
12002597 10542100
21295518 10542106
17442097 10542107
20396455 10542115
19211988 10542118
20396281 10851535
21297712 10542137
20396049 10542140
21401121 10542143
18513195 10542147
14976603 12422297
14976886 9974950
20396384 10542160
12163525 10851755
20396041 10851764
19211829 10542174
21324107 21808332
21294393 26328022
20396479 19093063
10493865 10851808
20396579 14367996
14977200 14367999
14977194 14368039
19216007 14334599
19216006 14334617
14978462 10542197
14977605 19093118
14977540 10542199
14977875 9975614
14976711 10542216
17437921 14368326
20396674 12818814
20396037 10037680
18513181 13617600
14976662 9581649
20396484 10542226
20396043 13617607
14976797 9581666
17897358 10851920
10484382 15408118
19221713 10037691
14976615 14368778
14978195 14406705
14280681 10542268
14393772 10851946
17176237 10542271
18513200 10037696
17442812 10542272
4289791 10542274
20396587 10542275
17176062 9977339
20396284 10542297
2014004 13818536
21280665 9977638
2503403 10542336
3613631 10542339
20396276 12818961
4296650 10542343
16296326 12422892
20396326 10542347
20396547 10542353
20396287 12422916
14302857 10542357
20396565 12818992
33270667 12422924
11881351 10542363
14977773 13617666
14977748 12422958
18513227 10458200
30552390 10542372
17177750 10542375
19215625 10542376
3623349 10542377
10484451 10542385
1908085 10542392
16233876 10458205
14978658 12423113
20396075 10542412
3087664 10542415
20396115 9980202
14977466 10542421
17438975 10542424
20396282 12423203
20396093 10542432
17179862 9582190
10486405 10542438
16279153 10542439
21282498 10037746
14977757 10542445
17440195 10542447
751040 10542452
18469658 10542454
18442146 10542456
20396273 9981067
8402022 10542485
6399936 9582411
6473101 14341206
11848383 10542509
4282871 9981141
33270438 10542515
18437556 10542530
20396116 10542537
20396630 10542547
36396447 10542557
18442152 10542561
19215998 9981503
4291681 10542574
11877824 10542576
18513186 10542577
33270681 9981570
20396340 10542581
18442164 10542589
20396059 10542595
33270687 9981671
33270493 10542606
14976689 10542611
17437982 12423995
738425 10542618
19208097 10542622
20396071 10542624
17442599 10542630
18437554 12424073
20396690 10542641
14989668 10542642
20396322 10542644
33270665 9582998
18433762 10542655
17441349 10542656
4297002 10542669
20396337 12819719
33270411 10542676
14976705 10542681
20396306 10542689
4004249 14343437
14393770 10542709
20396593 10542710
18442147 10542712
20396703 10542714
20396308 9983211
20396594 10542732
14977816 10542744
6446458 10542745
4295125 10542746
4290127 10542748
14295893 10542749
14978590 10542756
7566435 10542761
17440720 10542766
4288439 16417135
20396371 14373713
20396622 9583453
20396187 10542773
20396220 10037869
20396068 12521164
13836700 10542787
19211216 10542791
14978136 14373951
11840987 10542793
14978070 10542799
20396689 10542802
20396137 10542806
20396046 10542811
20396662 9583697
20396039 9983273
2512727 10542820
20396288 14343810
36395505 9583754
18513213 10542835
20396245 10542857
20396051 10542858
8431295 10542866
3684550 10542867
8412224 10542872
14977824 10542873
20396543 12425014
18442157 10542875
33270648 16063120
19216674 10542883
14977210 14374048
15926885 9583942
19216986 10542895
19215999 9583961
21263384 10037910
13835192 14343965
2348041 10037912
19226091 10542928
16337791 10542933
21291134 10542946
33286698 10542954
19207934 10542964
27657420 9983330
14978988 15789025
41779066 12425424
4295134 10542990
16348352 16417312
4295127 10542994
41797158 10037926
33270596 10543002
4311292 10543004
20396153 10037931
33270462 10543008
19209600 12425604
20396668 12425609
18471498 12425633
21343706 12425650
20396720 10543024
4290808 10543051
14977514 10543055
10484465 14344275
20396013 10037950
20396437 10543086
20396296 14344368
4278973 10543095
36396767 10852012
20396293 12425993
33270726 10543113
14300237 10543114
17441069 10543117
14977837 10543118
20396321 9983414
14976667 10039044
4004257 9983434
6517153 10852297
20396600 9584235
16323731 10543156
20396520 10852310
20396711 10543163
20396596 10543175
18437551 16177218
11840988 10543187
20396031 10543198
21402969 10852379
14976682 10852399
20396421 10543218
41780729 10543223
14976629 12820299
20396585 10041647
20396730 10543239
14977568 10543249
14977198 10852614
785375 10543252
14977755 15862061
598755 10543256
20396363 13618165
20396401 10543279
14978483 10543283
20396616 10543288
4000112 16417803
20396189 10543315
20396300 9983755
19208114 10543319
19211991 10041676
20396117 10543320
16322268 10543327
17176042 10460942
20396573 10543339
14299931 10543344
8473187 10543348
18513225 10543354
22271988 9584410
18442118 10543366
17441558 9584438
20396174 10543394
20396315 10543410
20396440 10543412
20396383 10543413
16246235 10543417
20396205 10543440
36396967 10543463
33013438 10543466
18513210 10543470
20396649 10543474
19211183 10461007
14976722 10543482
20396608 10543491
19226098 10853852
41797159 10853874
4291871 10543516
20396404 10543521
20396385 10543523
19207938 10854120
4289793 10543536
20396047 10543542
14989620 10543548
3999595 10854201
18513209 9584590
987052 10543563
1711212 10543566
5186086 10543573
17438338 10543578
21316155 9584605
4289100 10543581
6368186 9584616
18471500 10854423
21370235 9584625
20396295 12426072
4302521 10543607
16345030 10543617
14989627 16177805
3614632 10543629
14976591 10854765
14976924 10543649
16325328 10543651
20396389 10543653
3999167 14706975
19221716 10543668
14978664 14345496
18513224 10543671
20396275 10854938
14976701 10543677
20967541 10854969
20396664 10543681
33270428 10543683
14989621 10543686
4001542 12426081
20396736 10543688
20396438 10543689
41797160 10855036
20396110 10855046
33270696 16418316
33270682 12184469
20396346 10543706
14978593 10543711
19219756 10543730
18513203 10543739
14297271 10543745
20396597 10543755
19211179 10543756
20396558 10855425
20396317 10543765
16325332 10543774
17442590 10543775
20396669 10543783
41797161 10543784
33270396 10543786
17438281 13664962
17442628 10543818
14924270 10543819
3082162 10543828
20396294 10543829
33270429 10461090
18442126 10543840
33005865 10543841
20396372 10543852
20396590 10543859
14923631 10543860
14978078 10543875
41779091 10543888
17438057 14374838
20396034 10543911
20396235 10543919
18513201 10543924
1422940 10543936
14978381 10543942
14978188 9584947
19207699 10543950
18513212 10543960
20933819 16418984
1902674 10543967
18513214 10543970
18513215 10543982
4004237 21036825
14378861 10543993
20396278 10544004
3085021 10544010
20396386 10544016
8449813 10544028
20396441 10041877
20396546 14375057
4278897 9985337
18442162 10544057
19207948 10544072
14977407 10544084
20071861 10544092
14978633 13619066
20396732 10544108
6482429 10544110
20396239 10544114
4312155 12184552
33270541 10544131
20396298 10544133
21311100 10544144
33270469 10544173
20396091 10544176
19211715 10544177
17443005 10544178
1895209 10544179
19216994 10544187
4276733 9985762
41797162 10856319
4289128 10544200
14387534 10544207
36396813 10856406
14976748 10544214
20396583 10544221
20396614 10544224
20396570 10544226
14379825 10544228
10493121 10544230
20396688 10544240
18442129 10544245
3634869 10544249
20396545 10856683
3613629 10544254
20396417 10544262
18469661 10544265
20396095 10544270
20396549 10856852
16339736 10544277
21347009 10544282
3613633 10544297
33270600 10544304
14393794 10544305
10484548 10544312
4004053 14377017
14978006 9585455
27650322 9585467
20396442 10461185
22129503 10544354
10471593 10544356
20396629 10045187
4296366 10544359
16351092 10544361
20396060 10544362
14976657 10544368
14978736 10544371
4282875 10544375
18442151 10544379
3613238 10544381
20396530 10045195
8437808 10544383
14977233 10544384
12674574 10544396
3561329 10544399
6395739 10544405
20396434 10544417
20396188 10544420
33270479 10544427
20396271 10544428
20072234 10544433
20396724 10544434
14977030 10544439
8398283 10544446
20489746 10544448
14370010 10544449
15465030 10544452
19217061 10544453
10497606 10544455
8398313 10544457
20396515 10544458
20396529 10544460
20396595 12521385
20396136 10544466
33270444 10544467
19208161 10544470
18513205 10461219
20396052 10544488
14976764 10544490
4282877 10544493
14978968 10544497
3613230 10544499
41797163 10544506
4293209 10544508
20396606 10544511
4304858 10544512
20396119 10544514
20396320 10544520
14396430 10544534
27626691 10544536
17178094 10544538
16295681 10544542
31044513 10591019
14278747 10544545
14370701 10544546
20396312 10544548
33270507 10544564
4296121 10544566
14978474 9585664
17178615 10544569
20396077 10544573
41779116 10544578
14362098 10544581
4290684 10045257
14394466 9987859
20396580 9987863
10484290 10544583
20396151 10857614
33270524 10857620
20396554 10591026
4281435 10857623
20396318 10857729
20396422 10857731
14989671 10857753
14977040 10591041
12174541 10857790
20396723 10591045
34031691 12184606
14373440 10857904
18442178 10857918
4282237 12184607
4290751 10045304
8467101 10544595
14978161 10591069
21387688 10858141
20396154 10591071
3613234 10858195
20396040 9988400
4279263 10858200
14393768 10591074
10484232 10858204
6369364 12242725
20396577 10544599
1928159 10591079
20396324 10591082
14977993 10591085
14977655 10591086
20396461 10591087
17440115 10858208
14976868 10591090
20396097 10858214
10472374 12188743
20396074 10858216
19211339 10591102
20396550 10591104
21272202 12188744
31204633 12188745
17437915 10591105
14389400 10045333
14978000 10858221
19215638 10858223
17438901 10858224
14393756 10858225
21369946 10591107
16295066 9988591
18469660 10591109
16313608 10858227
20396514 10858228
10201813 9988626
33270593 10591112
14976995 10858232
20396483 10591113
14978627 10591114
3613232 9988722
20396100 10591123
17437908 10591126
33270551 10591127
21262061 10591128
11911358 10544608
17178028 10858237
33270416 9586015
18437546 9586016
14393282 12188747
20396388 10544610
4295182 9586026
20396575 10858244
20396048 12188749
14978987 10591135
33270501 12188750
4003102 9586038
33005492 10858246
41260206 10591138
4281426 10858250
16278586 12184623
20396526 12242765
14391617 10858253
20396678 12184628
20396635 14347530
2261767 10591143
19208708 10858262
13835095 10858263
14976600 10591145
20396556 10544616
20396204 10591153
18513193 10544617
17897048 10858265
19216616 10858268
20396067 10858269
20396433 10858270
19211419 10858277
18442145 12184634
14976723 10461250
36395650 10858283
20396030 13818851
20396551 10544619
4279713 10858285
20396508 10858286
14392378 10858287
41779259 10591164
19221719 10461251
20396352 10591165
14976840 12188758
10484183 10591167
10472985 12188759
4289105 12188760
33270585 10858296
20396610 12184643
41797164 10591171
41797165 12188762
20396579 10858301
27626692 10858302
16380955 10544624
16005440 10544628
22126871 10544632
21271135 10544635
20396355 10544641
20396512 10544649
17176722 10544655
33270398 10544661
19836699 10544675
19723191 10544677
36395766 10544679
21291610 10544681
36395781 10544684
20396252 10544685
8462059 10544689
17438468 10544697
20396082 10544698
17438520 10544708
3597207 10544713
20396652 10544722
20396684 10544725
17438060 10544730
27658464 10544731
14989590 10544732
4293186 10544735
14977496 10544738
18513231 10544741
14977087 10544742
17442007 10544747
21280334 10544748
18513183 10544752
14301727 10544755
20396262 10045452
20396656 9989515
14380621 9989519
20396495 9989521
2467393 9989523
41779502 10544763
4280301 9989559
20396658 10544774
33270615 10544779
14977642 10544780
20396496 10544783
14977195 10544785
4280869 10544786
14393708 10544802
33270723 10544805
20396569 10461396
17176095 10544826
4309756 10544843
6500422 10544849
16278328 10544852
33270708 9989734
21263441 12243057
14977957 12243061
19733603 12243063
14977213 14348633
20396538 10544857
33288033 10544858
18437888 10544859
6442538 10544864
14393778 10544867
17180062 10544874
8417306 9586429
33270690 10544891
33270725 10544894
41779678 10544900
18442160 10544906
20396257 10544916
33270525 10544923
14977366 10544924
33270459 10461400
8438253 10544943
20396150 10461406
20396247 10544957
14393775 10544977
14978138 10544978
20396000 10544979
4012063 10544981
21292655 10544986
20396605 10544987
6365687 10544988
19211917 10544990
14297557 10544991
18442130 10544992
13664940 10544993
20396721 10544995
11839716 9989988
4280854 10544999
8467099 9990020
10335407 9990022
14393547 9990036
20396492 10545006
20396524 10545007
20396613 10461431
14976536 9990143
11839718 10545027
12675224 10545042
20396291 10048309
17177224 10545052
20396528 9990448
20396055 9990456
20396211 10545071
163330 9990513
18442165 10545077
20395999 10545091
20396056 9990547
20396242 10545098
20396330 10545104
14977569 10545107
4296347 9990569
19219030 10545118
20396329 10545123
16284004 10545124
20396028 10545125
20396537 10545126
19208710 10545127
20396667 14349446
3613228 10545133
18513185 10545135
20396086 13623440
21340583 10545137
11846051 14349462
20396507 10545138
33270490 9990639
20396419 9990661
12607140 10545166
4280308 10545179
1897921 10545195
12619882 10545200
14387532 10461474
33270620 10545206
20396615 10545212
4310717 10545215
11879176 10545220
20396292 10545231
14296112 10545253
20396535 10545260
2508688 10545263
20396676 10545269
6543421 10545271
21325680 10545279
33270611 10545288
14977664 10545296
20396069 10545297
14387542 10545300
20396057 10545301
6535601 10545304
969690 10545312
14989648 10461557
14396882 10545322
4291468 10461559
12615990 10545335
6521193 10545342
14977265 10545345
14386876 10545346
20396140 10545350
4279258 10545362
3602451 9991064
4011419 9991072
20396704 9586834
8395985 10545366
41780298 10545371
20396089 10545375
2331956 10048401
16278326 10545403
18469657 10545413
20396542 10461586
20396234 10545420
18513191 10545424
14978111 10545438
20396058 9586944
14977508 10545447
17180763 10545452
18513223 10545459
20396141 10545463
20396425 10545464
20396258 9586960
4291336 10545480
21335271 10545487
20396486 10545492
14389040 10545496
19216996 9586985
20396334 10545503
20396500 10545504
33011475 10545505
3701371 10545519
12617820 10545523
22127893 10545529
4002603 10545532
20396707 10545534
20396722 10545538
18513194 9991356
18442148 9991415
14836968 10545555
4281762 10545562
20396509 10545565
810062 10545568
33270473 10545569
20396347 10545580
18491293 10545599
14977307 10545601
18469659 10545612
17178699 10545615
1737298 10545619
20396196 10545625
20396553 10545627
14978252 10545628
14989563 10545633
14978013 10461605
20396557 10545635
33270608 10545643
14977489 10545645
1888645 10545663
14976490 10545664
14977545 9991699
17175949 9991703
17440395 10545673
3117499 9991753
4292137 10048505
14978473 10545680
22269483 10545690
20396377 10545692
20396259 10545695
20396454 10545707
3635308 10545722
21312783 10545723
20396712 10545731
20396568 10545733
20396225 10545734
20396279 10545739
18442119 10545746
20396370 10545749
20396627 14351296
4295118 10545752
11924840 10545756
20396552 10545764
14978644 10461625
14989560 9587263
4279711 10545785
17441484 10545789
33981031 10545790
20396680 10545791
20396264 10545796
33270516 10545804
20396343 10545806
4292271 10545813
17176890 10545821
20396402 10545824
2500513 10545827
34028106 9587302
18442176 10545841
20396599 10545842
14976744 10545845
14976749 10545857
21353593 10545859
41779160 10545860
20396244 10545862
4285279 10545863
20396212 10545866
1377885 10545868
17176038 10545874
16279152 10545876
20396523 10545877
19219707 10545880
20396342 9991957
16358117 10545907
14977771 9992042
20396155 10545917
20396261 9992062
33270572 10545940
20396617 10545942
4278570 9992082
10484589 10545947
2426730 10545961
20396670 10545967
14978382 10545968
14296105 10545969
17178737 9992097
14297196 10545983
3109594 10545998
16383731 10546004
20396513 10546011
17178413 10546014
20396387 10051482
20396171 10546021
18442167 10546023
14977434 10546024
21372992 10546039
14293908 10461701
4291508 10546057
18442149 10546061
20396017 10591290
19221173 10546066
14395720 10546068
19222623 10546069
33270613 10546072
19207937 10546084
19215644 9587475
20396657 9587480
14976793 10546092
18513182 10546102
20396695 10546106
20396436 9992439
20396241 10546112
17178446 10546124
17179500 9587518
21381995 10546135
18513190 10546142
19221710 10546143
20396519 10546144
17179845 10051544
20396489 10546174
3993161 10546175
20396412 10546180
20396601 10546187
11846050 10546199
4280326 10546203
17178911 10546212
14977695 10546232
19217054 10546236
20396456 10546240
4290125 10546242
20396692 10546250
4287699 10546256
20396628 10546260
14977025 9992718
14977572 10546263
19218331 10546270
4279716 10546278
1353137 10546279
20396541 10546284
20396127 20977338
10493881 10546295
11858061 10546312
18513202 10546330
20396160 10546341
18513220 10546342
18442139 10546350
20396012 10546357
20396253 10546359
14978683 10546403
14978724 10546406
19216673 10546414
14309050 10546419
20396236 10546431
19218436 10546432
10493884 10546438
8414625 10546447
18442161 10546448
20396510 10546450
16397174 10546463
4279625 10546466
14388475 10546468
8511144 10546469
20396148 10546473
3505716 10546477
14977836 10546490
19221526 10546497
20396607 10546502
20396727 10546511
18471518 10546526
20396313 10546528
20396063 10546540
17443324 10546541
20396391 10546543
4279709 10546544
20396518 10546545
19218257 10546548
2426953 10546553
4292806 10546557
20396319 10546559
12613583 10546563
14978436 10546568
18513197 10546570
14273085 10546571
14297388 10546572
8415114 10546585
14393765 10546587
11862759 10546588
14976993 10051722
17440199 14532273
20396333 10546603
4290891 10546606
20396144 10546607
20396025 10546611
14387538 10546612
20396263 10546620
41779052 10546623
6409772 10546626
41797166 10546629
20396226 10051741
3990850 10546637
19215995 10546642
19809379 10546644
20396209 10546660
10484314 10546672
20396393 10546683
41780346 10546689
14978594 10546699
19412307 10546702
22127864 10546706
20396032 10546707
18513219 10546711
21262088 9587897
4295136 10546728
28685319 10546738
15525668 12246659
19811486 10051792
19211227 10546771
19799733 10546772
20396243 10546788
34010648 10546810
14977534 10546856
20396286 10546859
20396527 10546867
16338652 10546868
24786471 10546871
20396233 10546898
19211287 10546938
19218425 10546948
14978518 10546951
21268297 10546962
41779235 10546975
20396612 10547009
20396134 10461859
20396083 10461871
20396076 10547022
20396390 13625621
34002175 10547045
18283771 10547059
1899789 10054441
19817214 10547060
33979843 10547068
14978585 10461876
14380627 10547082
4291535 9993643
41797167 9993645
14977976 10547103
41797168 10547131
20396624 10547136
20396222 10547138
20396632 14400179
33987091 10547158
20396221 10547170
4004253 9588166
17179260 10547183
33957440 10547196
41797169 14400332
19753780 16427721
14976870 10547210
14978660 10547218
18435706 10547221
14378994 10547226
33991017 10547239
41797170 10547243
20396348 10547261
33270660 16184567
14305001 10547281
17179120 10547292
14977604 19690841
14391227 10547324
27626690 10461889
41797171 10547346
3571203 10547358
21363318 10547366
14977083 10547369
14976512 10547374
19216990 10547397
4302112 10547404
14977803 10547407
17176467 10858311
22126758 10054472
22126900 10547452
20396341 10547453
4289924 10547463
21280984 10054474
14388402 10547485
4004235 9588385
4303006 10547502
19718933 10547504
11905473 10547507
41779544 10547517
17288495 10547582
14978659 10054479
20396540 10547616
20396696 10547629
14976663 10547654
14977571 10547656
41780566 14401755
19219541 10547673
20396572 10547674
14976718 10547695
33270488 10547717
4291778 10591437
4295144 10547737
17438949 10547766
20396065 10547776
3578834 10461925
14989661 10461949
20396424 10547881
20396336 10547894
22265303 10054495
3099831 10547923
20396584 10547925
12093505 10547952
36395620 10054500
14977151 10462023
20396304 10462024
14310315 9588794
14977197 14402661
20396559 10548033
19216440 10462027
20396560 10548149
20396462 10548154
2230172 10548163
20396163 10548171
18442163 13612239
20396266 10548182
21301276 10548255
9577839 10548301
33270427 10548319
10484279 9995595
33270535 9995619
14976932 10462090
10512611 9995680
27626678 10462092
14977563 10548373
18509204 9995817
21345389 14403576
20396044 9995880
20396114 10548425
22261331 10548557
41260016 10548558
18513188 10548566
12600484 10548698
33270576 9996372
14978937 10548719
19208848 10548726
14978203 10548746
14976660 10548782
19218182 10548790
14977762 10548807
34051289 10548815
18513196 10591563
4290795 10548825
13835817 10548862
12631675 10898560
14977820 10549004
19226093 10549041
19218164 10549046
20396681 10549049
16338738 10549051
14976630 10549092
17440835 10549097
17178587 10549127
20396085 16429700
33270440 10549171
20396435 10549178
20396229 10549183
20396118 9590187
41780540 9997053
4289102 10462234
14977017 9590260
14976500 10549260
41780584 10549265
251790 10549319
21265998 10549322
20396248 10549335
8439186 10549356
17175952 10549358
4308288 9590437
36396912 9997616
20396655 10549434
4287529 9590594
17178470 10549483
14976982 10549494
19216001 10549528
14978016 10549532
4287682 9590633
19218165 10549571
3681947 10549590
18437555 10549592
14834525 10549609
1930119 10549612
20396715 9997896
6513993 10549637
