20071855 5182247
20072156 5182247
29327666 5182247
29327667 5182247
20072163 5182247
20072164 5182247
29327582 5182247
20577893 5182247
20607580 5182247
29327585 5182247
29327586 5182247
29327668 5182247
29327587 5182247
29327588 5182247
20607578 5182247
29327590 5182247
20609486 5182247
37422471 5182247
29327593 5182247
29327670 5182247
29327595 5182247
29327596 5182247
29327671 5182247
20071854 41831614
29327589 41831614
29327591 41831614
29327592 41831614
29327594 41831614
41755760 41831614
37424027 12119716
37425186 12119716
20440784 12119716
19719946 12119716
19800637 12119716
19823649 12119716
19745025 12119716
19796663 12119716
37422448 12119716
37422469 12119716
20577884 12119716
37422533 12119716
37422675 12119716
37422683 12119716
37422685 12119716
29327567 12119716
37422697 12119716
37422735 12119716
37422909 12119716
37422921 12119716
37423010 12119716
37423217 12119716
29327569 12119716
37423394 12119716
37423440 12119716
20433493 12119716
37423928 12119716
37423936 12119716
20071857 12119716
20433703 12119716
37424015 12119716
37424041 12119716
37424077 12119716
37424109 12119716
20071858 12119716
20433746 12119716
20440679 12119716
37424578 12119716
37424579 12119716
37424636 12119716
37424796 12119716
37425209 12119716
20453156 12119716
27813796 12119716
37425497 12119716
37425567 12119716
37425583 12119716
37425607 12119716
14983556 12119716
20545380 12119716
37425940 12119716
19701886 12119716
37423895 12119716
20440786 12119716
20545261 12119716
20607207 12119716
20607210 12119716
20607212 12119716
20452427 12119716
20452679 12119716
20607214 12119716
20607216 12119716
20607218 12119716
20433743 12119716
37424169 12119716
20440950 12119716
20607255 12119716
20441837 12119716
37423384 12119716
20607571 12119716
20452357 12119716
29327570 12119716
20441181 12119716
20607573 12119716
20441471 12119716
20441693 12119716
20442089 12119716
20607575 12119716
37422475 12119716
37422838 12119716
37422427 12117762
29327563 12117762
29327549 12117762
37422676 12117762
29327564 12117762
20433397 12117762
37422400 12117762
29327566 12117762
37422710 12117762
37422847 12117762
37422893 12117762
37422917 12117762
37423316 12117762
37423985 12117762
37424034 12117762
20071859 12117762
37425359 12117762
37425397 12117762
37425417 12117762
20071860 12117762
37425974 12117762
37426071 12117762
37423502 12117762
37425045 12117762
37425917 12117762
37423030 12117762
37425704 12117762
37422560 12117762
37424752 12117762
37423116 12117762
37423264 12117762
37424163 12117762
37424581 12117762
37423012 12117762
37422534 12117762
37424950 12117762
37423118 12117762
37425339 12117762
20072110 12117762
37424306 12117762
37425834 12117762
37423359 12117762
37425968 12117762
37424246 12117762
37423422 12117762
20433242 12117762
19706751 12117762
29328315 12117762
29327571 12117762
37423515 12117762
37423886 12117762
37425655 12117762
37422672 12117762
37423525 12117762
37425351 12117762
37422671 12117762
37425345 12117762
37422862 12117762
37423703 12117762
37422840 12117762
37423549 12117762
37423392 12117762
37422687 12117762
37423455 12117762
37422485 12117762
37425058 12117762
37425281 12117762
37426029 12117762
37426069 12117762
37425481 12117762
37423712 12117762
37424925 12117762
27813797 12117762
37424847 12117762
37424167 12117762
37423408 12117762
37424691 12117762
37423161 12117762
37423595 12117762
37424909 12117762
37423296 12117762
37425146 12117762
37423960 12117762
37423252 12117762
37424726 12117762
37423511 12117762
37425999 12117762
37424750 12117762
37425686 12117762
37423951 12117762
37423991 12117762
37423070 12117762
37425177 12117762
37425978 12117762
37423912 12117762
37425334 12117762
37423023 12117762
37423891 12117762
37423109 12117762
37423948 12117762
37423966 12117762
37422740 12117762
37425172 12117762
37424977 12117762
37422762 12117762
37424935 12117762
37425571 12117762
20607577 12117762
37423123 12117762
37422558 12117762
37422903 12117762
37423034 12117762
37424239 12117762
29327572 12117762
37425208 12117762
37423958 12117762
37425828 12117762
20607579 12117762
37424007 12117762
37424662 12117762
37425676 12117762
37423503 12117762
37423464 12117762
37424467 12117762
37425923 12117762
37422737 12117762
37423520 12117762
37424839 12117762
37425955 12117762
37422919 12117762
37425699 12117762
37425425 12117762
37422696 12117762
20452709 12117762
29328316 12117762
37423113 12117762
37425523 12117762
37426063 12117762
37422841 12117762
37424595 12117762
37424499 12117762
37422739 12117762
37425064 12117762
37424870 12117762
37424173 12117762
37424202 12117762
20433683 12117762
20607581 12117762
37423157 12117762
37423944 12117762
37426050 12117762
37424210 12117762
37425829 12117762
37423120 12117762
37425772 12117762
37422875 12117762
37424574 12117762
37424031 12117762
37425769 12117762
37424555 12117762
37422409 12118268
37422414 12118268
37422431 12118268
37422444 12118268
37422463 12118268
37424181 12118268
37424284 12118268
37422399 12118268
37422804 12118268
37423626 12118268
37423922 12118268
37424296 12118268
37425742 12118268
37423229 12118268
37423972 12118268
37422834 12118268
37423167 12118268
37423648 12118268
37425086 12118268
37422962 12118268
37425860 12118268
37425984 12118268
37425693 12118268
37424294 12118268
37426004 12118268
37423127 12118268
37424141 12118268
37423342 12118268
27813798 12118268
37422829 12118268
37425212 12118268
37425831 12118268
37424583 12118268
37425879 12118268
37423278 12118268
37423653 12118268
20072120 12118268
37425998 12118268
37423365 12118268
37425575 12118268
37424009 12118268
37423248 12118268
37424794 12118268
37423598 12118268
37424911 12118268
37423254 12118268
37424554 12118268
37422866 12118268
37424145 12118268
37424120 12118268
37423987 12118268
37423334 12118268
37425791 12118268
37422832 12118268
37425200 12118268
37422692 12118268
37422929 12118268
37422590 12118268
37425621 12118268
37425279 12118268
37424244 12118268
37424701 12118268
37424671 12118268
37423472 12118268
37424374 12118268
37422928 12118268
37423442 12118268
37424372 12118268
37422912 12118268
37424081 12118268
37424736 12118268
37424643 12118268
37422503 12118268
37422568 12118268
37423163 12118268
37423783 12118268
37424175 12118268
37425391 12118268
37424153 12118268
37422467 12118268
37423782 12118268
37423498 12118268
29327550 12118268
37422705 12118268
29327573 12118268
37423227 12118268
37422885 12118268
37425750 12118268
37422887 12118268
37423386 12118268
37423780 12118268
37424933 12118268
37425051 12118268
37425901 12118268
37422554 12118268
27813799 12118268
37423268 12118268
37423708 12118268
37423970 12118268
37422783 12118268
37423954 12118268
37424329 12118268
37422979 12118268
37424814 12118268
37422810 12118268
37424114 12118268
37424577 12118268
37425605 12118268
37424732 12118268
37424673 12118268
37424345 12118268
37425687 12118268
37423892 12118268
37423947 12118268
37422684 12118268
20072121 12118268
37425669 12118268
37423644 12118268
37423612 12118268
37425680 12118268
37422505 12118268
37423714 12118268
37423298 12118268
37423545 12118268
37422511 12118268
37424829 12118268
37425962 12118268
37424465 12118268
37424695 12118268
37425433 12118268
20607739 12118268
37424290 12118268
37424064 12118268
37423424 12118268
37425431 12118268
37425666 12118268
37423239 12118268
37423474 12118268
37424825 12118268
37425786 12118268
37425617 12118268
37423468 12118268
37423727 12118268
37425483 12118268
37423373 12118268
37424378 12118268
37424633 12118268
37424833 12118268
37424816 12118268
37425643 12118268
37425746 12118268
37422614 12118268
20072122 12118268
37424587 12118268
37424631 12118268
37422879 12118268
37423035 12118268
37424037 12118268
37424641 12118268
37423628 12118268
37425035 12118268
37426076 12118268
37424831 12118268
37424221 12118268
37425290 12118268
37424754 12118268
37424610 12118268
37422959 12118268
37425501 12118268
37425734 12118268
37424001 12118268
37424742 12118268
37424507 12118268
37423438 12118268
29327574 12118268
37422801 12118268
37423877 12118268
37422946 12118268
37422949 12118268
37425936 12118268
37422980 12118268
37423535 12118268
37425248 12118268
37424575 12118268
37424264 12118268
37424000 12118268
37425691 12118268
37425033 12118268
37425227 12118268
37425873 12118268
37424130 12118268
37425225 12118268
37424310 12118268
37423918 12118268
37424973 12118268
37424724 12118268
37422745 12118268
37424987 12118268
37425589 12118268
37422951 12118268
37423105 12118269
29328365 12118269
29327565 12118269
37423025 12118269
37423694 12118269
37424509 12118269
37425202 12118269
37424088 12118269
37422515 12118269
37425289 12118269
37422550 12118269
37423021 12118269
37425090 12118269
37422852 12118269
37424075 12118269
37423083 12118269
37422664 12118269
37422780 12118269
37424044 12118269
37425509 12118269
37425429 12118269
37425192 12118269
37423874 12118269
37424097 12118269
37423258 12118269
37425284 12118269
37422916 12118269
37425331 12118269
37423231 12118269
37423235 12118269
37424849 12118269
37425835 12118269
37425336 12118269
37425970 12118269
37423411 12118269
37423213 12118269
37424897 12118269
37422987 12118269
37423924 12118269
20072123 12118269
37424147 12118269
37425475 12118269
37424228 12118269
37424286 12118269
37423884 12118269
37424946 12118269
29327551 12118269
37424409 12118269
37422690 12118269
37422846 12118269
37425824 12118269
37424820 12118269
37424122 12118269
37425355 12118269
37425611 12118269
37425732 12118269
37423543 12118269
37423043 12118269
37423964 12118269
37425190 12118269
37424151 12118269
37424939 12118269
37423492 12118269
37422630 12118269
37426016 12118269
37422778 12118269
37423143 12118269
37422617 12118269
37425166 12118269
37423478 12118269
37422941 12118269
37423400 12118269
37425220 12118269
37423999 12118269
37424026 12118269
37423953 12118269
37424017 12118269
37422753 12118269
29327552 12118269
37423284 12118269
37422869 12118269
37424573 12118269
37423888 12118269
37424187 12118269
37424212 12118269
37422907 12118269
37422914 12118269
37425389 12118269
29327553 12118269
37424266 12118269
37425637 12118269
37423129 12118269
37422618 12118269
37424772 12118269
37422943 12118269
37424731 12118269
37425949 12118269
37422746 12118269
37424035 12118269
37424823 12118269
37422976 12118269
37424477 12118269
37425491 12118269
37424482 12118269
37425551 12118269
37425142 12118269
37422599 12118269
37424667 12118269
37424351 12118269
37425933 12118269
37423418 12118269
37424786 12118269
37423729 12118269
37424854 12118269
37425423 12118269
37424314 12118269
37423699 12118269
37425714 12118269
37424476 12118269
37422465 12118269
37422611 12118269
29327554 12118269
37424028 12118269
37422631 12118269
37424957 12118269
37422844 12118269
37423219 12118269
37423420 12118269
37425877 12118269
37425700 12118269
37422848 12118269
37425021 12118269
37422521 12118269
37425519 12118269
37422674 12118269
37425124 12118269
37422552 12118269
37423462 12118269
37422628 12118269
37424638 12118269
37422693 12118269
37422536 12118269
37423553 12118269
37422785 12118269
37424455 12118269
37423062 12118269
37422653 12118269
29327575 12118269
37424206 12118269
37424490 12118269
37423591 12118269
37423885 12118269
29327555 12118269
37422849 12118269
37425982 12118269
37425976 12118269
37425527 12118269
37423573 12118269
37424735 12118269
37424135 12118269
37423125 12118269
37422507 12118269
37423466 12118269
37422771 12118269
37424872 12118269
37422691 12118269
37422749 12118269
37425647 12118269
37423115 12118269
37422588 12118269
37422828 12118269
37424280 12118269
37424005 12118269
37424506 12118269
37424013 12118269
37424384 12118269
37424011 12118269
37425110 12118269
37424214 12118269
37424474 12118269
37424899 12118269
37422799 12118269
37425324 12118269
37425993 12118269
37424324 12118269
37422750 12118269
37425870 12118269
37425175 12118269
37423901 12118269
37425774 12118269
37425629 12118269
37425971 12118269
37422513 12118269
37422714 12118269
37422570 12118269
37424179 12118269
37425683 12118269
37425057 12118269
37422789 12118269
37425813 12118269
37424458 12117857
37424730 12117857
37422437 12117857
37422612 12117857
37423426 12117857
37423881 12117857
37423032 12117857
37424764 12117857
37423014 12117857
37424223 12117857
37422997 12117857
37425285 12117857
37423946 12117857
37424647 12117857
37424335 12117857
37424417 12117857
37423585 12117857
37423539 12117857
37424090 12117857
29327576 12117857
37422901 12117857
37422517 12117857
37422578 12117857
37424260 12117857
37425697 12117857
37425533 12117857
37423589 12117857
37425341 12117857
37424082 12117857
37424713 12117857
37425964 12117857
37422742 12117857
37423444 12117857
37423665 12117857
37424678 12117857
37423057 12117857
37423272 12117857
37425328 12117857
37423722 12117857
37425043 12117857
37423932 12117857
37423336 12117857
37425367 12117857
37423086 12117857
37423036 12117857
37424738 12117857
37422895 12117857
37425039 12117857
37424937 12117857
37424428 12117857
37422523 12117857
37422754 12117857
37425871 12117857
37424118 12117857
37425857 12117857
37424552 12117857
37424363 12117857
37425479 12117857
37422791 12117857
37422860 12117857
37425061 12117857
37425790 12117857
37424128 12117857
37425156 12117857
37425461 12117857
37424347 12117857
37424070 12117857
37422700 12117857
37423159 12117857
37423812 12117857
37425885 12117857
37423033 12117857
37425503 12117857
37425019 12117857
37425907 12117857
37425759 12117857
37425547 12117857
37423872 12117857
37423579 12117857
37424046 12117857
37423416 12117857
37425541 12117857
37425986 12117857
37424722 12117857
37422546 12117857
37425469 12117857
37425559 12117857
37425159 12117857
37425463 12117857
37423805 12117857
37422601 12117857
37425662 12117857
37425283 12117857
37424388 12117857
37423460 12117857
37423762 12117857
37423720 12117857
37425375 12117857
37424030 12117857
37424515 12117857
37423632 12117857
37425009 12117857
37425067 12117857
37422752 12117857
37423599 12117857
37423879 12117857
37422814 12117857
37424886 12117857
37425313 12117857
37424768 12117857
37425517 12117857
37425003 12117857
37423816 12117857
37425365 12117857
37425157 12117857
29477198 12117857
37425796 12117857
37424915 12117857
37424971 12117857
37425682 12117857
37422655 12117857
37423088 12117857
37422759 12117857
37424370 12117857
37423346 12117857
37424542 12117857
37423841 12117857
37425668 12117857
37425525 12117857
37423657 12117857
37423016 12117857
37423910 12117857
37424858 12117857
37423513 12117857
37423828 12117857
37424766 12117857
37425707 12117857
37423893 12117857
37424948 12117857
37425793 12117857
37423313 12117857
37423566 12117857
37424523 12117857
37422525 12117857
37424492 12117857
37425105 12117857
37424704 12117857
37424513 12117857
37422748 12117857
37424503 12117857
37424208 12117857
37425078 12117857
37425934 12117857
37422640 12117857
37422605 12117857
37425381 12117857
37425507 12117857
37423409 12117857
37423187 12117857
37423276 12117857
37424171 12117857
37423560 12117857
37425317 12117857
37422501 12117857
37424981 12117857
37423494 12117857
37422597 12117857
37423087 12117857
37423069 12117857
37425485 12117857
37425851 12117857
37425531 12117857
37423979 12117857
37422808 12117857
37423122 12117857
37425664 12117857
37424967 12117857
37425631 12117857
29327556 12117857
37425950 12117857
37423266 12117857
37424594 12117857
37424589 12117857
37425954 12117857
37425671 12117857
37422416 12117849
37422453 12117849
37422455 12117849
37422727 12117849
37422947 12117849
37423695 12117849
37424597 12117849
37425715 12117849
37423050 12117849
37423225 12117849
37423950 12117849
37423488 12117849
37424270 12117849
37424457 12117849
37423768 12117849
37425937 12117849
37425837 12117849
37422774 12117849
37424078 12117849
37423436 12117849
37423404 12117849
37424669 12117849
37424862 12117849
37422853 12117849
37424021 12117849
37425521 12117849
37423835 12117849
37424603 12117849
37422936 12117849
37422574 12117849
37425103 12117849
37425740 12117849
37422816 12117849
37424835 12117849
37424893 12117849
37423889 12117849
37425473 12117849
37422776 12117849
37424442 12117849
37424792 12117849
37424953 12117849
37424139 12117849
37423681 12117849
37424386 12117849
37422864 12117849
37423402 12117849
37425421 12117849
37422923 12117849
37423211 12117849
37424640 12117849
37424901 12117849
37425855 12117849
37425802 12117849
37422757 12117849
37424782 12117849
37426023 12117849
37423019 12117849
37424700 12117849
37423470 12117849
37424355 12117849
37425299 12117849
37424841 12117849
37422698 12117849
37425267 12117849
37425150 12117849
37424748 12117849
37423173 12117849
37425330 12117849
37425383 12117849
37425407 12117849
37424715 12117849
37423305 12117849
37423799 12117849
37423322 12117849
37425198 12117849
37424143 12117849
37422881 12117849
37423233 12117849
37423320 12117849
37425280 12117849
37423555 12117849
37424997 12117849
37425001 12117849
37424488 12117849
37424907 12117849
37425025 12117849
37425447 12117849
37425862 12117849
37423306 12117849
37422647 12117849
37425887 12117849
29327577 12117849
37425231 12117849
37425779 12117849
37422496 12117849
37423042 12117849
37423820 12117849
37423294 12117849
37424651 12117849
37425063 12117849
37425419 12117849
37423250 12117849
37423303 12117849
37424274 12117849
37424298 12117849
37424060 12117849
37422983 12117849
37423132 12117849
37424804 12117849
37422775 12117849
37425303 12117849
37423348 12117849
37423865 12117849
37425238 12117849
37425140 12117849
37423209 12117849
37423309 12117849
37423223 12117849
37423746 12117849
37423814 12117849
37425413 12117849
37424193 12117849
37423971 12117849
37422621 12117849
37423237 12117849
37423587 12117849
20607759 12117849
37423453 12117849
37425946 12117849
37424436 12117849
37425537 12117849
37424618 12117849
37423344 12117849
37425353 12117849
37422681 12117849
37424888 12117849
37423340 12117849
37425911 12117849
37425409 12117849
37424905 12117849
37425115 12117849
37424308 12117849
37423764 12117849
37425094 12117849
37425088 12117849
37422603 12117849
37424550 12117849
37423961 12117849
37422933 12117849
37423719 12117849
37424756 12117849
37425125 12117849
37423140 12117849
37425858 12117849
37425830 12117849
37424502 12117849
37425309 12117849
37423977 12117849
37423245 12117849
37425363 12117849
37422483 12117849
37423581 12117849
37424103 12117849
37424042 12117849
37423432 12117849
37423274 12117849
37424653 12117849
37424137 12117849
37425369 12117849
37425738 12117849
37422668 12117849
37423448 12117849
37424157 12117849
37425049 12117849
37422856 12117849
37425332 12117849
37425305 12117849
37423547 12117849
37425144 12117849
37424004 12117849
37425437 12117849
37424198 5182443
37422401 5182443
37422405 5182443
37422407 5182443
37422411 5182443
20071280 5182443
37422421 5182443
37422429 5182443
37422441 5182443
37422446 5182443
37422450 5182443
37422457 5182443
37422461 5182443
37422873 5182443
37424254 5182443
37422708 5182443
37422858 5182443
37424463 5182443
27813795 5182443
20071856 5182443
37423993 5182443
37424062 5182443
37424531 5182443
37425869 5182443
37425876 5182443
29328366 5182443
29328367 5182443
37422473 5182443
37422477 5182443
37422479 5182443
37422487 5182443
37422490 5182443
37422499 5182443
37422509 5182443
37422519 5182443
37422527 5182443
37422530 5182443
37422532 5182443
37422538 5182443
37422540 5182443
37422542 5182443
37422544 5182443
37422548 5182443
37422556 5182443
37422564 5182443
37422566 5182443
37422572 5182443
37422576 5182443
37422580 5182443
37422582 5182443
37422584 5182443
37422592 5182443
37422594 5182443
29327578 5182443
37422607 5182443
37422616 5182443
37422620 5182443
37422622 5182443
37422624 5182443
37422625 5182443
37422626 5182443
37422632 5182443
37422633 5182443
37422634 5182443
37422636 5182443
37422638 5182443
37422639 5182443
37422641 5182443
37422645 5182443
37422649 5182443
37422657 5182443
37422659 5182443
37422661 5182443
37422663 5182443
37422665 5182443
37422673 5182443
37422677 5182443
37422679 5182443
37422694 5182443
37422702 5182443
37422717 5182443
37422725 5182443
37422731 5182443
37422733 5182443
37422738 5182443
37422751 5182443
37422769 5182443
37422839 5182443
37422843 5182443
37422851 5182443
37422871 5182443
37422897 5182443
37422899 5182443
37422918 5182443
37422939 5182443
37422953 5182443
37423078 5182443
37423091 5182443
37423111 5182443
37423131 5182443
37423136 5182443
37423142 5182443
29327579 5182443
37423145 5182443
37423165 5182443
37423177 5182443
37423243 5182443
37423300 5182443
37422666 5182443
37422704 5182443
37422706 5182443
37422719 5182443
37422721 5182443
37422729 5182443
37422741 5182443
37422744 5182443
37422756 5182443
37422760 5182443
37422764 5182443
37422765 5182443
37422770 5182443
37422773 5182443
37422782 5182443
37422787 5182443
37422793 5182443
37422797 5182443
37422806 5182443
37422812 5182443
37422818 5182443
37422820 5182443
37422822 5182443
37422826 5182443
37422830 5182443
37422831 5182443
37422836 5182443
37422845 5182443
37422854 5182443
37422855 5182443
37422857 5182443
37422859 5182443
37422877 5182443
37422883 5182443
37422890 5182443
37422925 5182443
37422927 5182443
37422931 5182443
37422934 5182443
37422937 5182443
37422940 5182443
37422957 5182443
37422966 5182443
37422971 5182443
37422972 5182443
37422973 5182443
37422974 5182443
37422982 5182443
37422985 5182443
37422989 5182443
37422993 5182443
37422995 5182443
37423000 5182443
37423002 5182443
37423003 5182443
37423005 5182443
37423006 5182443
37423008 5182443
37423028 5182443
37423037 5182443
37423039 5182443
37423040 5182443
37423045 5182443
37423047 5182443
37423053 5182443
37423055 5182443
37423061 5182443
37423063 5182443
37423065 5182443
37423066 5182443
37423067 5182443
37423071 5182443
37423072 5182443
37423073 5182443
37423075 5182443
37423076 5182443
37423077 5182443
37423084 5182443
37423089 5182443
37423093 5182443
37423095 5182443
37423097 5182443
37423099 5182443
37423101 5182443
37423103 5182443
37423107 5182443
37423134 5182443
37423135 5182443
37423137 5182443
37423138 5182443
37423146 5182443
37423147 5182443
37423150 5182443
37423151 5182443
37423153 5182443
37423169 5182443
37423171 5182443
37423175 5182443
37423179 5182443
37423181 5182443
37423183 5182443
37423185 5182443
37423189 5182443
37423191 5182443
37423195 5182443
37423199 5182443
37423201 5182443
37423203 5182443
37423206 5182443
37423215 5182443
37423256 5182443
37423260 5182443
37423262 5182443
37423270 5182443
37423280 5182443
37423282 5182443
37423286 5182443
37423288 5182443
37423290 5182443
37423292 5182443
37423302 5182443
37423308 5182443
29328368 5182443
37423501 5182443
37423558 5182443
37423577 5182443
37423603 5182443
37423686 5182443
37423311 5182443
37423318 5182443
37423326 5182443
37423328 5182443
37423330 5182443
37423332 5182443
37423338 5182443
29327580 5182443
37423351 5182443
37423354 5182443
37423361 5182443
37423363 5182443
37423367 5182443
37423369 5182443
37423371 5182443
37423375 5182443
37423377 5182443
37423381 5182443
37423388 5182443
37423396 5182443
37423398 5182443
37423410 5182443
37423414 5182443
37423428 5182443
37423430 5182443
37423434 5182443
37423446 5182443
37423450 5182443
29328369 5182443
37423458 5182443
37423476 5182443
37423480 5182443
37423482 5182443
37423484 5182443
37423486 5182443
37423490 5182443
37423496 5182443
37423500 5182443
37423507 5182443
37423509 5182443
37423517 5182443
37423527 5182443
37423529 5182443
37423531 5182443
37423533 5182443
37423537 5182443
37423541 5182443
37423551 5182443
37423562 5182443
37423564 5182443
37423568 5182443
37423570 5182443
37423575 5182443
37423583 5182443
37423593 5182443
37423594 5182443
37423597 5182443
37423601 5182443
37423605 5182443
37423606 5182443
37423608 5182443
37423609 5182443
37423610 5182443
37423614 5182443
37423615 5182443
37423616 5182443
37423618 5182443
37423620 5182443
37423622 5182443
37423624 5182443
37423630 5182443
37423634 5182443
37423636 5182443
37423640 5182443
37423642 5182443
37423646 5182443
37423647 5182443
37423650 5182443
37423656 5182443
37423659 5182443
37423661 5182443
37423663 5182443
37423664 5182443
37423666 5182443
37423667 5182443
37423669 5182443
29328370 5182443
37423670 5182443
37423671 5182443
37423673 5182443
37423677 5182443
37423682 5182443
37423684 5182443
37423688 5182443
37423690 5182443
37423692 5182443
37423696 5182443
37423700 5182443
37423704 5182443
37423706 5182443
37423709 5182443
37423710 5182443
37423715 5182443
37423717 5182443
37423718 5182443
37423723 5182443
37423724 5182443
37423726 5182443
37423728 5182443
37423730 5182443
37423732 5182443
37423734 5182443
37423736 5182443
37423738 5182443
37423740 5182443
37423742 5182443
37423744 5182443
37423750 5182443
37423752 5182443
37423754 5182443
37423756 5182443
37423758 5182443
37423760 5182443
37423766 5182443
37423770 5182443
37423778 5182443
37423784 5182443
37423785 5182443
37423790 5182443
37423792 5182443
37423795 5182443
37423797 5182443
37423800 5182443
37423804 5182443
37423806 5182443
37423808 5182443
37423809 5182443
37423810 5182443
37423818 5182443
37423822 5182443
37423824 5182443
37423826 5182443
29328371 5182443
37423831 5182443
37423833 5182443
37423837 5182443
37423839 5182443
37423843 5182443
37423845 5182443
37423847 5182443
37423849 5182443
37423851 5182443
37423852 5182443
37423853 5182443
37423856 5182443
37423857 5182443
37423859 5182443
37423887 5182443
37423896 5182443
37423900 5182443
37423904 5182443
37423934 5182443
37423956 5182443
37423989 5182443
37424237 5182443
37424256 5182443
37424469 5182443
37424541 5182443
37424569 5182443
37424576 5182443
37424689 5182443
37424711 5182443
37424734 5182443
37424746 5182443
29327557 5182443
37423861 5182443
37423863 5182443
37423867 5182443
37423870 5182443
37423875 5182443
37423882 5182443
37423894 5182443
37423897 5182443
37423902 5182443
37423906 5182443
37423916 5182443
37423920 5182443
37423926 5182443
37423938 5182443
37423942 5182443
37423943 5182443
37423962 5182443
37423967 5182443
37423968 5182443
37423969 5182443
37423973 5182443
37423975 5182443
37423981 5182443
37423997 5182443
37424003 5182443
37424019 5182443
37424020 5182443
37424023 5182443
37424025 5182443
37424032 5182443
37424039 5182443
37424048 5182443
37424050 5182443
37424052 5182443
37424054 5182443
37424056 5182443
37424058 5182443
37424066 5182443
37424076 5182443
37424080 5182443
37424084 5182443
37424087 5182443
37424089 5182443
37424092 5182443
37424099 5182443
37424101 5182443
37424105 5182443
37424107 5182443
37424111 5182443
37424124 5182443
37424127 5182443
37424132 5182443
37424149 5182443
37424155 5182443
37424159 5182443
37424161 5182443
37424165 5182443
37424177 5182443
37424183 5182443
37424185 5182443
37424189 5182443
37424191 5182443
37424196 5182443
37424226 5182443
37424233 5182443
37424235 5182443
37424250 5182443
37424252 5182443
37424258 5182443
37424262 5182443
37424268 5182443
37424272 5182443
37424276 5182443
37424278 5182443
37424282 5182443
37424288 5182443
37424292 5182443
37424300 5182443
37424302 5182443
37424304 5182443
37424312 5182443
37424316 5182443
37424318 5182443
37424320 5182443
37424322 5182443
37424327 5182443
37424331 5182443
37424333 5182443
37424337 5182443
37424339 5182443
37424341 5182443
37424349 5182443
37424353 5182443
37424357 5182443
37424359 5182443
37424361 5182443
37424365 5182443
37424367 5182443
37424380 5182443
37424382 5182443
37424390 5182443
37424393 5182443
37424397 5182443
37424399 5182443
37424401 5182443
37424403 5182443
37424405 5182443
37424407 5182443
37424411 5182443
37424413 5182443
37424415 5182443
37424419 5182443
37424422 5182443
37424424 5182443
37424426 5182443
37424430 5182443
37424432 5182443
37424434 5182443
37424440 5182443
37424444 5182443
37424446 5182443
37424448 5182443
37424450 5182443
37424452 5182443
37424460 5182443
37424461 5182443
37424471 5182443
37424475 5182443
37424481 5182443
37424483 5182443
37424484 5182443
37424494 5182443
37424495 5182443
37424498 5182443
37424508 5182443
37424510 5182443
37424517 5182443
37424521 5182443
37424525 5182443
37424527 5182443
37424529 5182443
37424533 5182443
37424535 5182443
37424536 5182443
37424538 5182443
37424539 5182443
37424540 5182443
37424546 5182443
37424548 5182443
37424556 5182443
37424561 5182443
37424563 5182443
37424567 5182443
37424570 5182443
37424588 5182443
37424590 5182443
37424592 5182443
37424598 5182443
37424601 5182443
37424604 5182443
37424606 5182443
37424608 5182443
37424612 5182443
37424616 5182443
37424620 5182443
37424624 5182443
37424628 5182443
37424629 5182443
37424630 5182443
37424639 5182443
37424645 5182443
37424649 5182443
37424655 5182443
37424657 5182443
37424660 5182443
37424665 5182443
37424675 5182443
37424676 5182443
37424680 5182443
37424681 5182443
37424683 5182443
37424697 5182443
37424702 5182443
37424703 5182443
37424705 5182443
37424707 5182443
37424709 5182443
37424712 5182443
37424717 5182443
37424719 5182443
37424720 5182443
37424728 5182443
37424729 5182443
37424739 5182443
37424740 5182443
37424758 5182443
37424760 5182443
37424762 5182443
37424770 5182443
37424774 5182443
37424776 5182443
37424780 5182443
37424784 5182443
37424788 5182443
37424790 5182443
37424798 5182443
37424800 5182443
37424802 5182443
37424808 5182443
37424810 5182443
29327583 5182443
37424923 5182443
37424959 5182443
37425017 5182443
37425068 5182443
37425070 5182443
37425072 5182443
37425084 5182443
37425092 5182443
37425113 5182443
37425148 5182443
37425164 5182443
37425168 5182443
37425435 5182443
37425467 5182443
37425539 5182443
37425577 5182443
37425635 5182443
37425688 5182443
37425919 5182443
37425921 5182443
37426000 5182443
37426035 5182443
37426067 5182443
37426075 5182443
37424818 5182443
37424827 5182443
37424837 5182443
37424843 5182443
37424856 5182443
37424860 5182443
37424864 5182443
37424866 5182443
37424874 5182443
37424876 5182443
37424878 5182443
37424880 5182443
37424882 5182443
37424884 5182443
37424890 5182443
37424895 5182443
37424903 5182443
37424913 5182443
37424917 5182443
37424919 5182443
37424921 5182443
37424927 5182443
37424929 5182443
37424931 5182443
37424942 5182443
37424944 5182443
37424955 5182443
37424961 5182443
37424963 5182443
37424969 5182443
37424975 5182443
37424979 5182443
37424983 5182443
37424999 5182443
37425005 5182443
37425007 5182443
37425011 5182443
37425013 5182443
37425015 5182443
37425023 5182443
37425120 5182443
37425123 5182443
37425128 5182443
37425130 5182443
37425134 5182443
37425152 5182443
37425161 5182443
37425162 5182443
37425170 5182443
37425173 5182443
37425174 5182443
37425180 5182443
37425182 5182443
37425188 5182443
37425194 5182443
37425204 5182443
37425205 5182443
37425210 5182443
37425211 5182443
37425214 5182443
37425216 5182443
37425218 5182443
37425229 5182443
37425233 5182443
37425241 5182443
37425242 5182443
37425244 5182443
37425246 5182443
37425254 5182443
37425256 5182443
37425260 5182443
37425261 5182443
37425262 5182443
37425263 5182443
37425265 5182443
37425268 5182443
37425270 5182443
37425272 5182443
37425277 5182443
37425287 5182443
37425357 5182443
37425361 5182443
37425371 5182443
37425373 5182443
37425377 5182443
37425379 5182443
37425385 5182443
37425395 5182443
37425399 5182443
37425401 5182443
37425403 5182443
37425405 5182443
37425411 5182443
37425415 5182443
37425443 5182443
37425445 5182443
37425449 5182443
37425451 5182443
37425453 5182443
37425455 5182443
37425459 5182443
37425465 5182443
37425471 5182443
37425477 5182443
37425489 5182443
37425493 5182443
37425499 5182443
37425505 5182443
37425511 5182443
37425515 5182443
37425543 5182443
37425545 5182443
37425549 5182443
37425553 5182443
37425555 5182443
37425557 5182443
37425563 5182443
37425565 5182443
37425569 5182443
37425573 5182443
37425717 5182443
37425719 5182443
37425722 5182443
37425724 5182443
37425726 5182443
37425728 5182443
37425730 5182443
37425736 5182443
37425744 5182443
37425751 5182443
37425752 5182443
37425753 5182443
37425755 5182443
37425757 5182443
37425758 5182443
37425761 5182443
37425763 5182443
37425767 5182443
37425781 5182443
37425783 5182443
37425785 5182443
37425787 5182443
37425789 5182443
37425792 5182443
37425794 5182443
37425795 5182443
37425798 5182443
37425800 5182443
37425804 5182443
37425805 5182443
37425807 5182443
37425811 5182443
37425816 5182443
37425821 5182443
37425822 5182443
37425826 5182443
37425827 5182443
37425833 5182443
37425839 5182443
37425841 5182443
37425988 5182443
37425990 5182443
37425997 5182443
37426002 5182443
37426006 5182443
37426008 5182443
37426012 5182443
37426014 5182443
37426018 5182443
37426020 5182443
37426027 5182443
37426031 5182443
37426037 5182443
37426039 5182443
37426041 5182443
37426044 5182443
37426046 5182443
37426052 5182443
37426061 5182443
37426073 5182443
37426078 5182443
37425029 5182443
37425031 5182443
37425047 5182443
37425053 5182443
37425055 5182443
37425060 5182443
37425062 5182443
37425066 5182443
37425076 5182443
37425080 5182443
37425082 5182443
37425096 5182443
37425098 5182443
37425101 5182443
37425107 5182443
37425108 5182443
37425114 5182443
37425116 5182443
37425119 5182443
37425288 5182443
37425291 5182443
37425292 5182443
37425294 5182443
37425297 5182443
37425301 5182443
37425307 5182443
37425311 5182443
37425318 5182443
37425319 5182443
37425320 5182443
37425322 5182443
37425325 5182443
37425326 5182443
37425343 5182443
37425347 5182443
37425579 5182443
37425581 5182443
37425585 5182443
37425587 5182443
37425591 5182443
37425673 5182443
37425674 5182443
37425675 5182443
37425678 5182443
37425684 5182443
37425689 5182443
37425690 5182443
37425695 5182443
37425701 5182443
37425706 5182443
37425708 5182443
37425710 5182443
37425712 5182443
37425713 5182443
37425845 5182443
37425852 5182443
37425854 5182443
37425861 5182443
37425863 5182443
37425864 5182443
37425866 5182443
37425867 5182443
37425868 5182443
37425875 5182443
37425881 5182443
37425883 5182443
37425889 5182443
37425891 5182443
37425893 5182443
37425895 5182443
37425897 5182443
37425899 5182443
37425903 5182443
37425905 5182443
37425909 5182443
37425915 5182443
37425925 5182443
37425926 5182443
37425929 5182443
37425931 5182443
37425615 5182443
37425619 5182443
37425623 5182443
37425624 5182443
37425625 5182443
37425627 5182443
37425633 5182443
37425641 5182443
37425649 5182443
37425651 5182443
37425653 5182443
37425658 5182443
37425660 5182443
37425670 5182443
37425672 5182443
37425932 5182443
37425938 5182443
37425942 5182443
37425944 5182443
37425948 5182443
37425951 5182443
37425952 5182443
37425958 5182443
37425960 5182443
37425969 5182443
37425973 5182443
37425980 5182443
37425593 5182443
37425595 5182443
37425597 5182443
37425603 5182443
37425609 5182443
37425613 5182443
29328374 5182443
37425154 5182443
37424504 5182443
37425228 5182443
37424565 5182443
37424544 5182443
37422459 5182443
37423406 5182443
37425258 5182443
37426057 5182443
37425111 5182443
37424496 5182443
37425720 5182443
37425264 5182443
37424668 5182443
37425847 5182443
37422938 5182443
37423495 5182443
37426033 5182443
37424985 5182443
37424991 5182443
37424993 5182443
37424995 5182443
37425927 5182443
37423787 5182443
37423241 5182443
37425843 5182443
37424113 5182443
37424585 5182443
37425223 5182443
37425207 5182443
37422955 5182443
37424343 5182443
37422970 5182443
37425995 5182443
37423600 5182443
37425178 5182443
37423940 5182443
37423357 5182443
37425138 5182443
37422609 5182443
37425196 5182443
37423379 5182443
37425235 5182443
37426025 5182443
37424072 5182443
37425966 5182443
37425777 5182443
37425819 5182443
37422528 5182443
37424599 5182443
37422651 5182443
37425806 5182443
37426010 5182443
37424806 5182443
37424486 5182443
37424778 5182443
37425387 5182443
37425884 5182443
37423772 5182443
37423324 5182443
37425184 5182443
37425117 5182443
37425315 5182443
37422715 5182443
37425760 5182443
37423697 5182443
37424479 5182443
37425041 5182443
37425126 5182443
37425393 5182443
37425136 5182443
37423995 5182443
37424519 5182443
37425705 5182443
37424500 5182443
37424622 5182443
37423794 5182443
37425296 5182443
37425702 5182443
37424242 5182443
37422977 5182443
37423064 5182443
37423702 5182443
37425427 5182443
37423930 5182443
37424965 5182443
37425748 5182443
37423796 5182443
37424116 5182443
37424438 5182443
37426054 5182443
37425439 5182443
37424395 5182443
37423082 5182443
37425529 5182443
37423155 5182443
37425561 5182443
37425252 5182443
37425132 5182443
37425071 5182443
37423193 5182443
37425239 5182443
37425237 5182443
37425274 5182443
37425495 5182443
37425957 5182443
37424682 5182443
37422795 5182443
37423952 5182443
37424040 5182443
37425275 5182443
37426065 5182443
37425992 5182443
37422712 5182443
37423505 5182443
37424376 5182443
37423149 5182443
37424248 5182443
37425250 5182443
37424095 5182443
37424558 5182443
37422586 5182443
37424685 5182443
37424557 5182443
37425535 5182443
37426059 5182443
37425109 5182443
37422433 5182443
37422643 5182443
37422755 5182443
37422968 5182443
37422991 5182443
37422999 5182443
37423004 5182443
37424200 5182443
37423523 5182443
37423607 5182443
37423638 5182443
37423059 5182443
37424068 5182443
37423776 5182443
37423908 5182443
37422905 5182443
37423197 5182443
37425121 5182443
37422944 5182443
37425601 5182443
37423675 5182443
37424687 5182443
37424074 5182443
37425953 5182443
37423130 5182443
37425457 5182443
37425814 5182443
37422827 5182443
37423802 5182443
37425027 5182443
37422767 5182443
37424852 5182443
37423899 5182443
29327584 5182443
37424231 5182443
37423655 5182443
37423679 5182443
37423748 5182443
37423854 5182443
37423983 5182443
37424123 5182443
37424559 5182443
37424626 5182443
37424845 5182443
37424868 5182443
37424989 5182443
37425037 5182443
37425349 5182443
37425441 5182443
37425513 5182443
37425599 5182443
37425639 5182443
37424086 5182443
37423774 5182443
37425818 5182443
37425171 5182443
37425074 5182443
37422824 5182443
37422984 5182443
37424094 5182443
37425947 5182443
37424614 5182443
37423788 5182443
37423080 5182443
37425765 5182443
37425849 5182443
37425809 5182443
