2330860 42020523
2346735 42020524
869903 42020525
153939 42020526
2389681 42020527
523903 42020528
1670974 42020529
1150188 42020530
770437 42020531
268411 42020532
2379232 42020533
2072677 42020534
2352082 42020535
1336429 42020536
192515 42020537
899329 42020538
2343589 42020539
501800 42020540
964916 42020541
2051529 42020542
2344186 42020543
2350710 42020544
2379258 42020545
2399326 42020546
2380457 42020547
465367 42020548
2353326 42020549
2380915 42020550
2381367 42020551
2366285 42020552
2212734 42020553
952842 42020554
278656 42020555
1300905 42020556
2328452 42020557
2392323 42020558
391999 42020559
2396012 42020560
2037184 42020561
254598 42020562
914619 42020563
2402464 42020564
1329122 42020565
1523944 42020566
2253946 42020567
2387811 42020568
2251897 42020569
337887 42020570
475062 42020571
711998 42020572
1107938 42020573
2396918 42020574
2366619 42020575
1556473 42020576
2038819 42020577
2385825 42020578
1348114 42020579
2251982 42020580
506560 42020581
389352 42020582
2365186 42020583
270129 42020584
1572761 42020585
936408 42020586
2349945 42020587
2401901 42020588
2248177 42020589
2329429 42020590
2036933 42020591
2333315 42020592
2247769 42020593
602026 42020594
2029521 42020595
1347746 42020596
2408682 42020597
902560 42020598
2398143 42020599
22448325 42020600
2390014 42020601
2401757 42020602
898217 42020603
2395700 42020604
578565 42020605
2369622 42020606
1150455 42020607
254825 42020608
3661463 42020609
1307248 42020610
696968 42020611
4256004 42020612
2293704 42020613
909074 42020614
1147748 42020615
1536446 42020616
2032690 42020617
1753001 42020618
705668 42020619
337885 42020620
320615 42020621
2384885 42020622
2397320 42020623
2351668 42020624
2301556 42020625
2394152 42020626
2283628 42020627
1126132 42020628
2229472 42020629
2344938 42020630
883831 42020631
465999 42020632
667742 42020633
2383764 42020634
2407333 42020635
37274306 42020636
2166668 42020637
37274895 42020638
2344907 42020639
10881388 42020640
15496948 42020641
801570 42020642
2342722 42020643
22386485 42020644
1133655 42020645
1860168 42020646
708568 42020647
281892 42020648
1742871 42020649
1742867 42020650
1927108 42020651
22412927 42020652
2038844 42020653
2343824 42020654
1721580 42020655
655091 42020656
1813777 42020657
2333295 42020658
1652530 42020659
1151089 42020660
2352057 42020661
270217 42020662
242800 42020663
1151958 42020664
869536 42020665
22409675 42020666
2342751 42020667
4460864 42020668
37275117 42020669
1718291 42020670
353161 42020671
1480890 42020672
689430 42020673
257328 42020674
2041663 42020675
42020676 42020677
2042727 42020677
2035804 42020678
655719 42020679
2027865 42020680
2028029 42020681
2335468 42020682
2028496 42020683
1728655 42020684
2028639 42020685
921196 42020686
450508 42020687
2070246 42020688
16205415 42020689
2369432 42020690
2327428 42020691
2404036 42020692
1922833 42020693
165387 42020694
2057121 42020695
22300225 42020696
22350273 42020697
2012500 42020698
1843620 42020699
1704030 42020700
2059427 42020701
2054794 42020702
11857171 42020703
2343810 42020704
2342878 42020705
4356749 42020706
2343818 42020707
14834954 42020708
2338219 42020709
2062747 42020710
2059281 42020711
2313820 42020712
2376891 42020713
37273946 42020714
2058265 42020715
4466785 42020716
2058203 42020717
2350343 42020718
37275948 42020719
2342961 42020720
3093654 42020721
2350332 42020722
22374696 42020723
2030266 42020724
460753 42020725
2526195 42020726
1917442 42020727
2408392 42020728
2258803 42020729
2030364 42020730
2533605 42020731
279598 42020732
37274303 42020733
3634958 42020734
2030557 42020735
2030883 42020736
2434546 42020737
2342994 42020738
922691 42020739
2391796 42020740
2031093 42020741
2031101 42020742
2329642 42020743
37276191 42020744
2343689 42020745
2418199 42020746
2031420 42020747
315402 42020748
2031443 42020749
4350916 42020750
2031741 42020751
2031761 42020752
2031277 42020753
2031859 42020754
2343763 42020755
2343765 42020756
2350328 42020757
2032182 42020758
1735133 42020759
2313658 42020760
1796104 42020761
262760 42020762
1792527 42020763
792266 42020764
792272 42020765
2350038 42020766
2316098 42020767
146654 42020768
219735 42020769
1607919 42020770
2049633 42020771
22386443 42020772
2343779 42020773
398860 42020774
16355748 42020775
645421 42020776
2048909 42020777
4356732 42020778
2048056 42020779
1331635 42020780
2046735 42020781
2302362 42020782
2349941 42020783
2349935 42020784
1148803 42020785
37275949 42020786
465775 42020787
1743594 42020788
2034491 42020789
2313729 42020790
2326738 42020791
2034852 42020792
2034940 42020793
2343802 42020794
349205 42020795
1961369 42020796
3663704 42020797
2035125 42020798
2035150 42020799
2035222 42020800
2342446 42020801
21187827 42020802
2343814 42020803
643963 42020804
1995168 42020805
2036202 42020806
228522 42020807
2036376 42020808
2343826 42020809
2044352 42020810
2037095 42020811
2326749 42020812
428357 42020813
37274310 42020814
2037399 42020815
2344097 42020816
2369573 42020817
2343830 42020818
2349501 42020819
1843645 42020820
2051963 42020821
2343835 42020822
2038088 42020823
2042266 42020824
1401520 42020825
2042032 42020826
2080112 42020827
2349493 42020828
2064423 42020829
2345896 42020830
2064228 42020831
2332124 42020832
3075293 42020833
22392141 42020834
503984 42020835
2062492 42020836
2429069 42020837
899513 42020838
2255879 42020839
2572752 42020840
2344125 42020841
15054580 42020842
1708822 42020843
806747 42020844
2097377 42020845
2043471 42020846
2344168 42020847
2043613 42020848
1843585 42020849
2344172 42020850
2044342 42020851
37275009 42020852
2044414 42020853
2244365 42020854
3654869 42020855
2344180 42020856
2044324 42020857
2248762 42020858
2344182 42020859
2344095 42020860
2047157 42020861
2378284 42020862
2344105 42020863
3577277 42020864
2048304 42020865
2048429 42020866
2314189 42020867
1843976 42020868
354764 42020869
2049704 42020870
1736220 42020871
1539290 42020872
2057149 42020873
2345020 42020874
2343197 42020875
2330872 42020876
2343203 42020877
1695067 42020878
2343216 42020879
2345536 42020880
2072531 42020881
2060073 42020882
37274318 42020883
2056524 42020884
1479857 42020885
2332095 42020886
2072848 42020887
2058060 42020888
1456980 42020889
2344567 42020890
2056736 42020891
2324644 42020892
2073891 42020893
2025548 42020894
2043267 42020895
607702 42020896
1977604 42020897
2411887 42020898
2345005 42020898
2345003 42020899
2277673 42020900
2044685 42020901
2054027 42020902
22376418 42020903
2408163 42020904
2053649 42020905
920419 42020906
2053355 42020907
1943822 42020908
2044993 42020909
1729457 42020910
783853 42020911
2044900 42020912
2409037 42020913
1566616 42020914
2326115 42020915
2426170 42020916
293400 42020917
2057610 42020918
2397798 42020919
3567588 42020920
2051027 42020921
2395265 42020922
2343584 42020923
466823 42020924
735914 42020925
2097434 42020926
1764569 42020927
2509831 42020928
352205 42020929
2051203 42020930
1514391 42020931
2276497 42020932
2344949 42020933
2049125 42020934
2049087 42020935
1491445 42020936
14990196 42020937
356629 42020938
288926 42020939
370961 42020940
2272552 42020941
2387177 42020942
2047149 42020943
1451040 42020944
269311 42020945
2097582 42020946
2400970 42020947
89304 42020948
2031160 42020949
2409050 42020950
2314589 42020951
1741116 42020952
2346766 42020953
2074065 42020954
2041839 42020955
217682 42020956
2348399 42020957
2350340 42020958
2061855 42020959
2344921 42020960
2346777 42020961
2033304 42020962
2437449 42020963
16356173 42020964
2059147 42020965
2346785 42020966
1149480 42020967
2272253 42020968
2344914 42020969
2058668 42020970
1657187 42020971
2058631 42020972
1395098 42020973
467741 42020974
2350381 42020975
1814295 42020976
2022251 42020977
2579000 42020978
2344905 42020979
412055 42020980
4451265 42020981
2512488 42020982
2341473 42020983
36169832 42020984
2343600 42020985
2344557 42020986
2380641 42020987
37273982 42020988
2053873 42020989
22363532 42020990
2053309 42020991
1921171 42020992
1717910 42020993
1932864 42020994
4844192 42020995
2052736 42020996
2350734 42020997
2293370 42020998
2326111 42020999
2284476 42021000
2344237 42021001
22348341 42021002
2388205 42021003
37273647 42021004
3092877 42021005
1915588 42021006
2046069 42021007
2344231 42021008
22376477 42021009
1557465 42021010
1804478 42021011
1804453 42021012
2346729 42021013
2030544 42021014
2314591 42021015
2032669 42021016
2346172 42021017
2034293 42021018
2034393 42021019
2034636 42021020
2237014 42021021
2408040 42021022
22457168 42021023
37274332 42021024
2035934 42021025
37273948 42021026
468548 42021027
2537032 42021028
22437270 42021029
22451746 42021030
1843839 42021031
37273949 42021032
104915 42021033
2036996 42021034
2346811 42021035
718572 42021036
2342489 42021037
1739161 42021038
299690 42021039
2326810 42021040
2045344 42021041
654477 42021042
1806270 42021043
2037494 42021044
2414701 42021045
106569 42021046
2344022 42021047
2326052 42021048
1843978 42021049
2042649 42021050
2353300 42021051
2385679 42021052
455066 42021053
2337954 42021054
2302391 42021054
2302388 42021054
2066958 42021055
336327 42021056
2435506 42021057
708556 42021058
2070395 42021059
2354317 42021060
37276239 42021061
2350373 42021062
37275035 42021063
1706967 42021064
245283 42021065
2350589 42021066
491009 42021067
2350596 42021068
37274294 42021069
1904864 42021070
2350608 42021071
2353317 42021072
2333301 42021073
2069640 42021074
571066 42021075
792742 42021076
817377 42021077
2069023 42021078
37276334 42021079
2022297 42021080
2075269 42021081
2450771 42021082
1706183 42021083
1905784 42021084
2511899 42021085
2070889 42021086
42021087 42021088
37273641 42021088
37275004 42021089
2026948 42021090
2005962 42021091
1819867 42021092
2326070 42021093
2351649 42021094
2028302 42021095
2240705 42021096
2316049 42021097
2386592 42021098
2353670 42021099
2031824 42021100
2352725 42021101
329114 42021102
335299 42021103
464633 42021104
1844841 42021105
2352732 42021106
2076995 42021107
2361802 42021108
2034914 42021109
2333709 42021110
551341 42021111
728359 42021112
37275097 42021113
2352034 42021114
1942156 42021115
2327821 42021116
2352046 42021117
922378 42021118
2352054 42021119
2348679 42021120
37275167 42021121
2405308 42021122
2316153 42021123
2352063 42021124
2335526 42021125
2271479 42021126
2029785 42021127
2352922 42021128
15032001 42021129
2352926 42021130
1813804 42021131
1729047 42021132
2072705 42021133
2043556 42021134
2353253 42021135
2381253 42021136
1283555 42021137
2381266 42021138
2049932 42021139
15005055 42021140
2328103 42021141
2051675 42021142
12646346 42021143
313430 42021144
2052022 42021145
1807928 42021146
2052488 42021147
2353266 42021148
2327913 42021149
2052752 42021150
2353268 42021151
2345124 42021152
3632709 42021153
1726878 42021154
2353276 42021155
2302447 42021156
37276332 42021157
16355563 42021158
37275947 42021158
2061017 42021159
2353292 42021160
1736314 42021161
2063694 42021162
2063809 42021163
306128 42021164
2418070 42021165
2083344 42021166
2361738 42021167
2353302 42021168
2399317 42021169
1737823 42021170
2336458 42021171
2365383 42021172
908230 42021173
1903407 42021174
27573661 42021175
2498418 42021176
1581537 42021177
2043409 42021178
2043569 42021179
1501554 42021180
6487466 42021181
1885323 42021182
2452294 42021183
347905 42021184
2432606 42021185
1333770 42021186
2072614 42021187
2404580 42021188
1899269 42021189
2075057 42021190
2361727 42021191
3587094 42021192
2361723 42021193
2081851 42021194
1830904 42021195
37274997 42021196
1885488 42021197
2282665 42021198
2055045 42021199
2353923 42021200
2055977 42021201
2027872 42021202
1441946 42021203
1150509 42021204
709396 42021205
2080182 42021206
11879380 42021207
2078747 42021208
1566483 42021209
2077879 42021210
604020 42021211
1142931 42021212
729880 42021213
1810031 42021214
37276247 42021215
2394457 42021216
1844179 42021217
819476 42021218
2058336 42021219
395629 42021220
1795143 42021221
2335211 42021222
2354208 42021223
250902 42021224
1969939 42021225
2335486 42021226
294007 42021227
478615 42021228
2332827 42021229
2354221 42021230
381741 42021231
1803676 42021232
2053314 42021233
2063233 42021234
2354227 42021235
37275192 42021236
37275206 42021237
2088686 42021238
2329403 42021239
2068172 42021240
2077677 42021241
2361345 42021242
2075222 42021243
2361335 42021244
2022484 42021245
37273947 42021246
1844395 42021247
2068586 42021248
1531576 42021249
2072891 42021250
2071403 42021251
1855116 42021252
1443167 42021253
2072108 42021254
2197822 42021255
2338478 42021256
2354332 42021257
2477359 42021258
1838220 42021259
22376019 42021260
2071408 42021261
1512132 42021262
2361246 42021263
4538884 42021264
2452662 42021265
2063373 42021266
1844119 42021267
1813894 42021268
708552 42021269
2067586 42021270
1120840 42021271
2068442 42021272
1798397 42021273
357370 42021274
2406311 42021275
1287560 42021276
2015749 42021277
637677 42021278
2069906 42021279
2069909 42021280
961265 42021281
1905481 42021282
2406589 42021283
2333026 42021284
2080960 42021285
22371255 42021286
2332464 42021287
2081374 42021288
2166663 42021289
2402058 42021290
472042 42021291
2353602 42021292
2363604 42021292
337751 42021293
1403406 42021294
2427940 42021295
2302902 42021296
2330890 42021297
2056931 42021298
2359515 42021299
6494254 42021300
2329237 42021301
2353330 42021302
1411123 42021303
1844855 42021304
960012 42021305
1733853 42021306
2074133 42021307
37275008 42021308
1606455 42021309
568992 42021310
2364940 42021311
2364952 42021312
2078289 42021313
23941933 42021314
1609993 42021314
37276236 42021315
4346147 42021316
2351952 42021317
2364955 42021318
2366321 42021319
2254151 42021320
2044507 42021321
458330 42021322
2277572 42021323
2365174 42021324
37274357 42021325
2034229 42021326
4481055 42021327
1707720 42021328
11896625 42021329
2077885 42021330
37273934 42021331
1934016 42021332
2037731 42021333
378651 42021334
2258809 42021335
2155953 42021336
2057141 42021337
2074355 42021338
37275245 42021339
2336456 42021340
2365667 42021341
377834 42021342
2365684 42021343
472068 42021344
2398894 42021345
2328681 42021346
2057398 42021347
2365711 42021348
1839448 42021349
2051482 42021350
2332225 42021351
2359090 42021352
454626 42021353
1715476 42021354
2386388 42021355
22404095 42021356
521914 42021357
2334096 42021358
22472465 42021359
2057560 42021360
27569801 42021361
2529045 42021362
2366020 42021363
2057778 42021364
2091851 42021365
2339171 42021366
2383987 42021367
2274125 42021368
2075161 42021369
2461815 42021370
2071982 42021371
923926 42021372
23937707 42021373
2069355 42021374
2085795 42021375
37275027 42021376
1639140 42021377
1896890 42021378
191288 42021379
2068265 42021380
2328832 42021381
2045577 42021382
277752 42021383
2071055 42021384
1666936 42021385
1824737 42021386
2071367 42021387
633332 42021388
2366281 42021389
2344550 42021390
2076509 42021391
695151 42021392
2080536 42021393
2366290 42021394
2165093 42021395
2083326 42021396
2335532 42021397
2366318 42021398
2335535 42021399
2206171 42021400
2084409 42021401
458340 42021402
2366352 42021403
1735701 42021404
2080494 42021405
2080906 42021406
2081758 42021407
3747858 42021408
475048 42021409
623439 42021410
2366462 42021411
870289 42021412
2084877 42021413
16361393 42021414
2359525 42021415
14990784 42021416
1448994 42021417
2074626 42021417
2019385 42021418
2539807 42021419
12612409 42021420
910006 42021421
2366606 42021422
2336907 42021423
1974670 42021424
18607011 42021425
2366611 42021426
2366613 42021427
2329198 42021428
2078291 42021429
691806 42021430
1926044 42021431
2078711 42021432
1124131 42021433
34073126 42021434
2530661 42021435
2081288 42021435
1900256 42021436
2074401 42021437
2407222 42021438
2398371 42021439
2366638 42021440
2384992 42021441
469010 42021442
2398252 42021443
900156 42021444
311188 42021445
917819 42021446
1377875 42021447
467467 42021448
2344942 42021449
900345 42021450
2266052 42021451
468442 42021452
957742 42021453
2330631 42021454
900232 42021455
1150614 42021456
245045 42021457
2387729 42021458
2354339 42021459
1149519 42021460
378653 42021461
1596385 42021462
160972 42021463
2194301 42021464
467471 42021465
476049 42021466
2345017 42021467
907248 42021468
466225 42021469
476025 42021470
468560 42021471
322485 42021472
2350383 42021473
362497 42021474
2366341 42021475
465805 42021476
899467 42021477
2251325 42021478
2242032 42021479
914965 42021480
449776 42021481
923847 42021482
708113 42021483
472467 42021484
472821 42021485
1146948 42021486
2349947 42021487
2385956 42021488
1131238 42021489
2006881 42021490
457280 42021491
2342730 42021492
20961703 42021493
472475 42021494
284532 42021495
223151 42021496
1321174 42021497
2407461 42021498
2403151 42021499
2382484 42021500
2365375 42021501
702099 42021502
2353667 42021503
353133 42021504
908980 42021505
1479126 42021506
361275 42021507
2365655 42021508
900629 42021509
2385692 42021510
1151779 42021511
2325256 42021512
1521559 42021513
2387371 42021514
1147824 42021515
2350598 42021516
469577 42021517
2408081 42021518
2382947 42021519
356455 42021520
2041220 42021521
962555 42021522
2052020 42021523
1669689 42021524
1325345 42021525
2344946 42021526
2379806 42021527
2053616 42021528
962536 42021529
962540 42021530
469549 42021531
126557 42021532
469591 42021533
602106 42021534
465807 42021535
2377642 42021536
2382368 42021537
392026 42021538
372212 42021539
321817 42021540
376979 42021541
2031542 42021542
1737933 42021543
662182 42021544
2407060 42021545
1151041 42021546
1900341 42021547
1318958 42021548
279592 42021549
473302 42021550
750847 42021551
2291395 42021552
667744 42021553
1316563 42021554
2404788 42021555
329248 42021556
556702 42021557
1332367 42021558
2251336 42021559
902928 42021560
264779 42021561
2386567 42021562
2342018 42021563
2387531 42021564
2265753 42021565
893237 42021566
457295 42021567
1337693 42021568
913328 42021569
221475 42021570
899751 42021571
471968 42021572
313422 42021573
1504232 42021574
2344118 42021575
770471 42021576
1300267 42021577
1147093 42021578
2365704 42021579
252117 42021580
2246441 42021581
895175 42021582
2339956 42021583
1483582 42021584
2329217 42021585
2321848 42021586
2352050 42021587
2354336 42021588
2389436 42021589
601858 42021590
898055 42021591
1472603 42021592
466783 42021593
2206639 42021594
458137 42021595
259236 42021596
491195 42021597
444202 42021598
1668675 42021599
2395367 42021600
263591 42021601
1315232 42021602
2382746 42021603
2044646 42021604
2313737 42021605
921219 42021606
2358387 42021607
901974 42021608
353493 42021609
2386523 42021610
2383024 42021611
2378275 42021612
1499018 42021613
462176 42021614
216348 42021615
2405178 42021616
766331 42021617
2382389 42021618
2047800 42021619
2047161 42021620
2033021 42021621
916784 42021622
473652 42021623
2052052 42021624
1148112 42021625
1315725 42021626
344834 42021627
1512956 42021628
1581005 42021629
352199 42021630
805380 42021631
2255531 42021632
2353012 42021633
2342742 42021634
2392474 42021635
2335636 42021636
2389438 42021637
2365168 42021638
891761 42021639
1505983 42021640
2469206 42021641
2286204 42021642
2406416 42021643
3182487 42021644
1666840 42021645
2077136 42021646
121293 42021647
2386582 42021648
869520 42021649
2328457 42021650
2381613 42021651
2305904 42021652
2012513 42021653
1534040 42021654
2030453 42021655
2051669 42021656
1278927 42021657
1278147 42021658
2146888 42021659
2259733 42021660
905108 42021661
2387002 42021662
2350375 42021663
894563 42021664
2390106 42021665
2287731 42021666
2407196 42021667
2246836 42021668
21157383 42021669
903229 42021670
871169 42021671
696291 42021672
1148927 42021673
2395916 42021674
2402174 42021675
4494587 42021676
2404908 42021677
1349187 42021678
2174438 42021679
681815 42021680
1822738 42021681
663279 42021682
667361 42021683
1656646 42021684
1563908 42021685
1483402 42021686
3648396 42021687
433941 42021688
354009 42021689
725759 42021690
364540 42021691
3070635 42021692
2018828 42021693
572161 42021694
1345078 42021695
1483394 42021696
728961 42021697
2060310 42021698
812935 42021699
1813821 42021700
