4134075 42058754
18261020 42058755
4141016 42058756
18478902 42058757
4040310 42058758
29172357 42058759
42058760 42058761
4240048 42058762
18260407 42058763
4041345 42058764
4455780 42058765
4118246 42058766
3072625 42058767
3144095 42058768
983602 42058769
3868535 42058770
4041748 42058771
3067516 42058772
3253266 42058773
4041792 42058774
4042425 42058775
4041853 42058776
4235131 42058777
18479300 42058778
42058779 42058780
18479258 42058781
12460946 42058782
1959250 42058783
18479230 42058784
42058785 42058786
36184571 42058787
42058788 42058789
4074547 42058790
18478879 42058791
4071042 42058792
1696714 42058793
12461488 42058794
42058795 42058796
4074581 42058797
18478907 42058798
18258701 42058799
42058800 42058801
42058802 42058803
12460596 42058804
21011196 42058805
42058806 42058807
42058808 42058809
4578319 42058810
18261236 42058811
29088515 42058812
15983423 42058813
42058814 42058815
42058816 42058817
42058818 42058819
42058820 42058821
18479298 42058822
18479242 42058823
42058824 42058825
42058826 42058827
42058828 42058829
42058830 42058831
42058832 42058833
3142422 42058834
4879717 42058835
4041758 42058836
12460531 42058837
4100510 42058838
18478882 42058839
42058840 42058841
18478908 42058842
18479269 42058843
42058844 42058845
42058846 42058847
42058848 42058849
12461105 42058850
18479248 42058851
42058852 42058853
42058854 42058855
18479336 42058856
12462292 42058857
18479254 42058858
29152615 42058859
18479234 42058860
12462364 42058861
4041808 42058862
42058863 42058864
18479135 42058865
42058866 42058867
21006636 42058868
14927990 42058869
11881806 42058870
18152369 42058871
18075826 42058872
18478909 42058873
18033380 42058874
18255016 42058875
42058876 42058877
42058878 42058879
16006604 42058880
18478874 42058881
18478872 42058882
18152318 42058883
42058884 42058885
18488300 42058886
18478910 42058887
4128119 42058888
42058889 42058890
12460631 42058891
42058892 42058893
18478911 42058894
3234066 42058895
18478948 42058896
18478984 42058897
42058898 42058899
18479198 42058900
18152408 42058901
18488301 42058902
42058903 42058904
42058905 42058906
28997935 42058907
18478951 42058908
3072592 42058909
18479262 42058910
18479010 42058911
12460871 42058912
18478953 42058913
18479158 42058914
18478890 42058915
42058916 42058917
1943488 42058918
1721554 42058919
18152362 42058920
15974174 42058921
18260401 42058922
18479226 42058923
18479292 42058924
42058925 42058926
39190684 42058927
18478925 42058928
18478949 42058929
4073268 42058930
18478998 42058931
4217953 42058932
3456038 42058933
12461787 42058934
21011205 42058935
42058936 42058937
42058938 42058939
42058940 42058941
18152381 42058942
18479233 42058943
18478928 42058944
18478982 42058945
18479004 42058946
18479089 42058947
4040885 42058948
18479231 42058949
12460766 42058950
39296451 42058951
15982598 42058952
2597021 42058953
15961982 42058954
42058955 42058956
18152375 42058957
42058958 42058959
42058960 42058961
18257512 42058962
18258292 42058963
18479161 42058964
18266614 42058965
18478886 42058966
18478952 42058967
18479157 42058968
18111670 42058969
18479000 42058970
12165750 42058971
18479156 42058972
18479227 42058973
12461358 42058974
42058975 42058976
18478924 42058977
4220546 42058978
12460999 42058979
13764006 42058980
4377514 42058981
18479008 42058982
42058983 42058984
29163881 42058985
12460550 42058986
18152387 42058987
18152393 42058988
4947814 42058989
42058990 42058991
18059754 42058992
15833662 42058993
18478871 42058994
18478926 42058995
18478895 42058996
12462092 42058997
18478877 42058998
18152400 42058999
18152406 42059000
18479002 42059001
18261030 42059002
1690773 42059003
12461889 42059004
12461942 42059005
18152409 42059006
18479297 42059007
18479190 42059008
18479310 42059009
33256674 42059010
42059011 42059012
12461683 42059013
18261442 42059014
18101614 42059015
18479255 42059016
12461663 42059017
29151681 42059018
12461461 42059019
29214246 42059020
18152410 42059021
18479153 42059022
42059023 42059024
4041819 42059025
36212619 42059026
18478983 42059027
18479006 42059028
42059029 42059030
76666 42059031
12461939 42059032
42059033 42059034
18478912 42059035
18479159 42059036
18478922 42059037
18478992 42059038
4225957 42059039
17206477 42059040
29102058 42059041
18478883 42059042
15969803 42059043
18478896 42059044
18478989 42059045
18152384 42059046
42059047 42059048
42059049 42059050
42059051 42059052
42059053 42059054
18255634 42059055
42059056 42059057
18478950 42059058
29078837 42059059
18478985 42059060
4226088 42059061
5106667 42059062
18258109 42059063
18479001 42059064
4785975 42059065
18479222 42059066
18152392 42059067
42059068 42059069
42059070 42059071
18478980 42059072
18478999 42059073
18479005 42059074
12460563 42059075
42059076 42059077
4140595 42059078
42059079 42059080
3451005 42059081
42059082 42059083
15974496 42059084
42059085 42059086
12461973 42059087
18479295 42059088
18478927 42059089
18258291 42059090
4040334 42059091
18263850 42059092
42059093 42059094
18262165 42059095
18478931 42059096
14559888 42059097
18478915 42059098
18478918 42059099
18478898 42059100
18478923 42059101
12461548 42059102
12461023 42059103
16508804 42059104
42059105 42059106
12461328 42059107
2540087 42059108
18479206 42059109
18478920 42059110
18478929 42059111
3749782 42059112
18478930 42059113
18479151 42059114
18479194 42059115
18478986 42059116
18478917 42059117
18478919 42059118
18257508 42059119
15834019 42059120
18479244 42059121
18479250 42059122
18478873 42059123
4092676 42059124
18478921 42059125
18478894 42059126
15898830 42059127
18062672 42059128
14585244 42059129
18488998 42059130
4040298 42059131
12461458 42059132
18479236 42059133
2596714 42059134
18479160 42059135
18479273 42059136
12461666 42059137
18152372 42059138
4042191 42059139
4472739 42059140
12462140 42059141
18478916 42059142
18478934 42059143
18152401 42059144
18478940 42059145
4041811 42059146
18488290 42059147
12460853 42059148
18478946 42059149
18478993 42059150
18479154 42059151
18479301 42059151
18152426 42059152
18479290 42059153
18478893 42059154
21003134 42059155
18479152 42059156
3286457 42059157
4254627 42059158
42059159 42059160
18479168 42059161
4239244 42059162
4173221 42059163
18110785 42059164
18479220 42059165
18479199 42059166
18256543 42059167
18266278 42059168
18478935 42059169
18254146 42059170
16017094 42059171
18478937 42059172
18478938 42059173
18479207 42059174
4041788 42059175
4041731 42059176
18478944 42059177
18478945 42059178
18479150 42059179
18260789 42059180
18478947 42059181
18264130 42059182
18479334 42059183
18263416 42059184
4041744 42059185
4041834 42059186
18478942 42059187
18478941 42059188
18478943 42059189
12461416 42059190
12461170 42059191
12460956 42059192
12461394 42059193
4041849 42059194
12462346 42059195
14896044 42059196
3916444 42059197
12462096 42059198
18478932 42059199
12461795 42059200
18479342 42059201
12462384 42059202
12461163 42059203
12462237 42059204
3772001 42059205
18478936 42059206
4040336 42059207
4040316 42059208
12462303 42059209
18260192 42059210
18479247 42059211
18262446 42059212
12461635 42059213
18479136 42059214
18478939 42059215
1950079 42059216
18152377 42059217
18478990 42059218
18478933 42059219
18479259 42059220
18478957 42059221
18478967 42059222
18257356 42059223
18478961 42059224
18479009 42059225
10175720 42059226
12460797 42059227
42059228 42059229
12460844 42059230
18478963 42059231
3107733 42059232
12461065 42059233
12460814 42059234
2721829 42059235
18152395 42059236
18478955 42059237
18478960 42059238
18479224 42059239
18478869 42059240
1642527 42059241
18478994 42059242
18263202 42059243
4104241 42059244
18478913 42059245
18479217 42059246
18479195 42059247
18478914 42059248
18257266 42059249
4041728 42059250
3238228 42059251
18479279 42059252
18479155 42059253
12460661 42059254
18264057 42059255
18478987 42059256
42059257 42059258
18152422 42059259
4153049 42059260
12462032 42059261
12460762 42059262
18478903 42059263
18478954 42059264
18478958 42059265
18478959 42059266
12460982 42059267
18478962 42059268
12461812 42059269
18478964 42059270
12461469 42059271
4547916 42059272
18478965 42059273
18152417 42059274
18478906 42059275
18478966 42059276
12461962 42059277
18478991 42059278
4040329 42059279
18479338 42059280
29164956 42059281
10464136 42059282
18478956 42059283
4041794 42059284
18478969 42059285
18478968 42059286
29150551 42059287
42059288 42059289
18263628 42059290
18490854 42059291
18479214 42059292
18479274 42059293
18479003 42059294
18261023 42059295
18479260 42059296
18254299 42059297
12462206 42059298
18261664 42059299
18478971 42059300
29100366 42059301
12462178 42059302
17378780 42059303
4525923 42059304
1779864 42059305
12461979 42059306
4041790 42059307
18479245 42059308
42059309 42059310
17896613 42059311
18478970 42059312
18478977 42059313
42059314 42059315
15928425 42059316
4170893 42059317
42059318 42059319
42059320 42059321
33257099 42059322
42059323 42059324
18479291 42059325
18260790 42059326
18151392 42059327
4482314 42059328
18479294 42059329
4041774 42059330
18478997 42059331
4100139 42059332
3480205 42059333
12461379 42059334
18479264 42059335
18478979 42059336
18479356 42059337
18479201 42059338
18260057 42059339
18478974 42059340
18478975 42059341
18478978 42059342
18478988 42059343
18478972 42059344
18479213 42059345
18478976 42059346
12462344 42059347
3523571 42059348
18478981 42059349
18478995 42059350
18478996 42059351
18479007 42059352
18478973 42059353
18479015 42059354
18479035 42059355
15955674 42059356
18478897 42059357
18479076 42059358
1728517 42059359
991291 42059360
4040307 42059361
13771789 42059362
18265237 42059363
18152414 42059364
18479077 42059365
4041767 42059366
12462057 42059367
12462106 42059368
12461519 42059369
12460694 42059370
18479037 42059371
18479021 42059372
15923878 42059373
18478880 42059374
12461762 42059375
15910381 42059376
18479032 42059377
18479034 42059378
4541859 42059379
18479086 42059380
18479085 42059381
18479014 42059382
18479013 42059383
4041838 42059384
18479033 42059385
18479036 42059386
18152419 42059387
4041847 42059388
4490246 42059389
4041780 42059390
18478888 42059391
15952760 42059392
18258098 42059393
18479024 42059394
18152396 42059395
18479027 42059396
18479030 42059397
15961945 42059398
18479276 42059399
18479090 42059400
18479261 42059400
18253611 42059401
18479038 42059402
2718563 42059403
18479091 42059404
18256790 42059405
18479011 42059406
18152367 42059407
18479169 42059408
18255323 42059409
18479019 42059410
3436680 42059411
14561666 42059412
18152380 42059413
29170800 42059414
3278969 42059415
18479193 42059416
2596546 42059417
12461845 42059418
18260191 42059419
18260588 42059420
18479285 42059421
18152389 42059422
12462208 42059423
18151258 42059424
3141963 42059425
3309142 42059426
42059427 42059428
42059429 42059430
3441948 42059431
18254873 42059432
18257900 42059433
3604342 42059434
4041765 42059435
12461076 42059436
3395782 42059437
18479249 42059438
3456419 42059439
18479149 42059440
18152394 42059441
18479263 42059442
18257898 42059443
18258700 42059444
18479278 42059445
12462436 42059446
12460657 42059447
18479112 42059448
18479113 42059449
18479210 42059450
18478891 42059451
15955707 42059452
18479018 42059453
4040288 42059454
12460673 42059455
4107731 42059456
4140973 42059457
29170794 42059458
18479026 42059459
18479025 42059460
18479111 42059461
18479031 42059462
18259969 42059463
18479058 42059464
36182588 42059465
18479114 42059466
18479115 42059467
21360623 42059468
18478887 42059469
18479012 42059470
18479016 42059471
18479020 42059472
29171019 42059473
12461520 42059474
4175123 42059475
18479022 42059476
18478904 42059477
18479023 42059478
29170933 42059479
15938750 42059480
18479203 42059481
12460635 42059482
4218501 42059483
12460733 42059484
18479197 42059485
18152418 42059486
18479116 42059487
12462249 42059488
18479117 42059489
4040300 42059490
18479281 42059491
18479029 42059492
18479028 42059493
18479055 42059494
12461370 42059495
18479289 42059496
18152391 42059497
42059498 42059499
18049034 42059500
18479271 42059501
18479223 42059502
4041815 42059503
18048170 42059504
4040262 42059505
18479017 42059506
18479042 42059507
18262162 42059508
2693634 42059509
12460587 42059510
18259098 42059511
18262452 42059512
18479049 42059513
18479052 42059514
29155998 42059515
18479363 42059516
12460601 42059517
19976762 42059518
16007593 42059519
18479118 42059520
18479054 42059521
12461124 42059522
18263630 42059523
18479056 42059524
18479296 42059525
11878568 42059526
4103273 42059527
18479225 42059528
12460701 42059529
11881815 42059530
12462248 42059531
4479891 42059532
4041851 42059533
18265510 42059534
18479039 42059535
18479040 42059536
18479043 42059537
18479051 42059538
18479053 42059539
11857067 42059540
4071220 42059541
3140388 42059542
42059543 42059544
18479335 42059545
11881355 42059546
4040139 42059547
4040882 42059548
4041800 42059549
18479243 42059550
18479212 42059551
18152376 42059552
22110708 42059553
18479286 42059554
15925654 42059555
18479121 42059556
4174041 42059557
18479265 42059558
42059559 42059560
18478885 42059561
42059562 42059563
18479048 42059564
18264148 42059565
18478875 42059566
18479163 42059567
18479252 42059568
18479044 42059569
18037567 42059570
12461032 42059571
12462067 42059572
18478892 42059573
18479050 42059574
18479337 42059575
21006638 42059576
18479228 42059577
18478899 42059578
18479057 42059579
29151790 42059580
15952744 42059581
3323191 42059582
18479046 42059583
18479119 42059584
18479189 42059585
15950156 42059586
18479211 42059587
18479240 42059588
18479324 42059589
18479140 42059590
4041804 42059591
4041817 42059592
42059593 42059594
21011244 42059595
4181862 42059596
12461224 42059597
18479041 42059598
18479045 42059599
4252417 42059600
18479137 42059601
12462085 42059602
18479047 42059603
4097113 42059604
42059605 42059606
18479241 42059607
18252973 42059608
3230744 42059609
4040282 42059610
18479215 42059611
18479196 42059612
18263386 42059613
18479341 42059614
4040313 42059615
4120463 42059616
12462079 42059617
4041752 42059618
21013545 42059619
12461951 42059620
18257679 42059621
18152397 42059622
18479238 42059623
18261022 42059624
18264152 42059625
18479200 42059626
18479209 42059627
12461364 42059628
18265991 42059629
18479205 42059630
12460625 42059631
4040265 42059632
18479277 42059633
18479253 42059634
18479204 42059635
18479062 42059636
18479063 42059637
14927986 42059638
18479322 42059639
4096375 42059640
18479326 42059641
18479208 42059642
18479065 42059643
12461270 42059644
18479066 42059645
18479067 42059646
18479083 42059647
18479109 42059648
4040339 42059649
18479073 42059650
21013524 42059651
18479162 42059652
18479060 42059653
15928544 42059654
18479068 42059655
12461736 42059656
18479317 42059657
12462299 42059658
18479328 42059659
18479346 42059660
18479351 42059661
18479059 42059662
4040284 42059663
4041836 42059664
4042468 42059665
18479061 42059666
18479064 42059667
18256537 42059668
2723297 42059669
18479256 42059670
18479102 42059671
4041737 42059672
1721430 42059673
18478900 42059674
18479103 42059675
2545202 42059676
4041802 42059677
18479221 42059678
18479104 42059679
18152363 42059680
18257136 42059681
18479266 42059682
12461126 42059683
18479320 42059684
4041740 42059685
18264734 42059686
18261925 42059687
18478870 42059688
18479352 42059689
18479353 42059690
4041782 42059691
2728426 42059692
4124187 42059693
4040302 42059694
3870025 42059695
4133983 42059696
4040332 42059697
3097577 42059698
4198358 42059699
4040880 42059700
18479069 42059701
15939036 42059702
18479070 42059703
18479071 42059704
18479072 42059705
15958491 42059706
18479082 42059707
18254298 42059708
18479148 42059709
2753017 42059710
19989951 42059711
15925570 42059712
1175165 42059713
18152415 42059714
18479246 42059715
2719053 42059716
18479267 42059717
4041776 42059718
18479084 42059719
12462158 42059720
18479330 42059721
42059722 42059723
4041755 42059724
18479332 42059725
18479343 42059726
42059727 42059728
18479079 42059729
18479080 42059730
18152412 42059731
18479081 42059732
18479097 42059733
18478901 42059734
18479099 42059735
18479100 42059736
42059737 42059738
12460711 42059739
18479251 42059740
4496671 42059741
18152373 42059742
31885388 42059743
4370552 42059744
2209664 42059745
2752860 42059746
4134116 42059747
18479107 42059748
18478881 42059749
18479093 42059750
18479094 42059751
18479095 42059752
18479096 42059753
18479098 42059754
16004971 42059755
18479101 42059756
18479323 42059757
18479344 42059758
18152364 42059759
42059760 42059761
2704729 42059762
42059763 42059764
18256544 42059765
18479232 42059766
18259536 42059767
12460663 42059768
4234519 42059769
18479280 42059770
18479202 42059771
12461354 42059772
18479216 42059773
18479282 42059774
12461063 42059775
4713632 42059776
18479108 42059777
12460827 42059778
18478884 42059779
18479347 42059780
18479164 42059781
18152361 42059782
4042291 42059783
42059784 42059785
18479110 42059786
18479141 42059787
18479354 42059788
4040552 42059789
18479120 42059790
18479106 42059791
18479123 42059792
1684040 42059793
18479122 42059794
2721955 42059795
2725886 42059796
2743174 42059797
2727966 42059797
2544389 42059798
1827835 42059799
18479129 42059800
18479131 42059801
18252972 42059802
18479132 42059803
2543570 42059804
12462004 42059805
18479270 42059806
12462181 42059807
18479284 42059808
2198657 42059809
42059810 42059811
18479125 42059812
18479126 42059813
18479127 42059814
18479128 42059815
18479130 42059816
42059817 42059818
18479133 42059819
14582487 42059820
18479139 42059821
18479329 42059822
15949041 42059823
18479138 42059824
18252376 42059825
12461860 42059826
4087270 42059827
12462042 42059828
2740413 42059829
18479339 42059830
18478878 42059831
18479350 42059832
12460779 42059833
975864 42059834
4339484 42059835
4104236 42059836
4152005 42059837
2752793 42059838
12460777 42059839
2597179 42059840
12461802 42059841
12461201 42059842
4113997 42059843
4188815 42059844
4105764 42059845
4458468 42059846
18479124 42059847
4040290 42059848
29251206 42059849
4041844 42059850
18479318 42059851
3870115 42059852
18479180 42059853
16012820 42059854
18478876 42059855
18479349 42059856
20555303 42059857
18479357 42059858
18479188 42059859
18479134 42059860
18241112 42059861
18262160 42059862
18083094 42059863
18479179 42059864
18479186 42059865
18105743 42059866
12461522 42059867
18479229 42059868
18479219 42059869
18479293 42059870
18479340 42059871
18258689 42059872
18260089 42059873
31885990 42059874
42059875 42059876
3907978 42059877
18265751 42059878
18479268 42059879
42059880 42059881
18264954 42059882
12460839 42059883
18262161 42059884
12462415 42059885
4252980 42059886
18479288 42059887
18479181 42059888
18479145 42059889
18266887 42059890
18479287 42059891
18479074 42059892
4499488 42059893
4247910 42059894
18479239 42059895
18479142 42059896
18263810 42059897
18479192 42059898
18479237 42059899
31885629 42059900
81796 42059901
12461276 42059902
12461758 42059903
1775501 42059904
3960716 42059905
3142975 42059906
11850702 42059907
76107 42059908
18263808 42059909
1837987 42059910
11874909 42059911
3902878 42059912
15916927 42059913
18151991 42059914
18479257 42059915
12462002 42059916
1728540 42059917
18479143 42059918
18479144 42059919
12462236 42059920
18479167 42059921
3927961 42059922
18258687 42059923
12461114 42059924
18261233 42059925
18241806 42059926
18479147 42059927
18479345 42059928
18479348 42059929
12462266 42059930
18261019 42059931
15958588 42059932
18479312 42059933
4040030 42059934
12461786 42059935
4040272 42059936
4482312 42059937
18479178 42059938
36101892 42059939
3662734 42059940
15938453 42059941
29070845 42059942
18266277 42059943
18479184 42059944
29163591 42059945
42059946 42059947
42059948 42059949
36107198 42059950
29178194 42059951
36106607 42059952
18264280 42059953
42059954 42059955
3734553 42059956
29018449 42059957
18479165 42059958
42059959 42059960
4509144 42059961
18479315 42059962
3101525 42059963
18479333 42059964
18267552 42059965
12460622 42059966
3144300 42059967
2728090 35762093
4041769 42059968
12462288 42059969
79852 42059970
3894504 42059971
4041786 42059972
2719198 42059973
18152420 42059973
4041821 42059974
18250977 42059975
15834028 42059976
3216448 42059977
3657550 42059978
15834022 42059979
12461251 42059980
4074039 42059981
18479105 42059982
2592192 42059983
4041760 42059984
4092333 42059985
18260190 42059986
4550226 42059987
1777837 42059988
10463391 42059989
18270091 42059990
2718985 42059991
15834029 42059992
3142978 42059993
951254 42059994
2544427 42059995
15834020 42059996
12462066 42059997
12160567 42059998
1692415 42059999
4041841 42060000
18479331 42060001
12460757 42060002
2718608 42060003
15834023 42060004
15834031 42060005
15834030 42060006
12461833 42060007
12461833 42060008
2583198 42060009
1789634 42060010
76011 42060011
15834021 42060012
12461066 42060013
2730876 42060014
29245873 42060015
3909467 42060016
18261440 42060017
12462312 42060018
12461315 42060019
15804651 42060020
84136 42060021
36102255 42060022
18152382 42060023
18479321 42060024
3909823 42060025
3962443 42060026
14573205 42060027
18479299 42060028
15331257 42060029
2539876 42060030
82011 42060031
2703905 42060032
2617469 42060033
18236138 42060034
18264124 42060035
12461489 42060036
4378521 42060037
4041742 42060038
3896070 42060039
18235908 42060040
42060041 42060042
21342565 42060043
3610225 42060044
4040234 42060045
42060046 42060047
42060048 42060049
18479308 42060050
12462268 42060051
4087775 42060052
18479302 35762205
18479309 42060053
18479170 42060054
4448341 42060055
12461150 42060056
18257357 42060057
18479173 42060058
11913461 42060059
18479087 42060060
18479175 42060061
14927918 42060062
18479176 42060063
12461559 42060064
18479177 42060065
12461420 42060066
15833330 42060067
18479182 42060068
18479183 42060069
18152428 42060070
12460860 42060071
18479185 42060072
12460527 42060073
18479187 42060074
18479088 42060075
2596577 42060076
18479146 42060077
18479303 42060078
18479272 42060079
1714125 42060080
18479078 42060081
18479304 42060082
18479316 42060083
18479092 42060084
18479319 42060085
12462471 42060086
11872025 42060087
12461009 42060088
18479305 42060089
12462070 42060090
18150947 42060091
12162818 42060092
29079763 42060093
18479325 42060094
18479327 35762206
12461589 42060095
42060096 42060097
18479307 42060098
18479306 42060099
12461794 42060100
4041860 42060101
18479174 42060102
18479075 42060103
14585795 42060104
18479191 42060105
29232852 42060106
3739723 42060107
12462254 42060108
18478889 42060109
18479171 42060110
12461329 42060111
18479172 42060112
2733196 42060113
29102728 42060114
12461125 42060115
42060116 42060117
3762552 42060118
29157321 42060119
29160589 42060120
14927997 42060121
18478905 42060122
18479313 42060123
18259113 42060124
18479311 42060125
15332165 42060126
18260187 42060127
3910658 42060128
12157981 42060129
18152404 42060130
21013564 42060131
4527242 42060132
12461859 42060133
21530078 42060134
29175970 42060135
18263847 42060136
31885378 42060137
4217663 42060138
29161308 42060139
18479235 42060140
42060141 42060142
42060143 42060144
42060145 42060146
21013155 42060147
14583346 42060148
18261439 42060149
42060150 42060151
4185554 42060152
18265509 42060153
29150879 42060154
18264273 42060155
42060156 42060157
18479314 42060158
14927953 42060159
18267055 42060160
4042404 42060161
12461502 42060162
29253548 42060163
18268816 42060164
