42117169 5136663
42117170 5136663
832604 5136663
15898692 5136663
15910485 5136663
28785924 5136663
15926091 5136663
15987937 5136663
15920128 5136663
28659467 5136663
15986006 5136663
15939379 5136663
15952884 5136663
15941080 5136663
15942225 5136663
15890884 5136663
15928354 5136663
15891337 5136663
42117171 5136663
16013158 5136663
42117172 5136663
42117173 5136663
15894496 5136663
15908008 5136663
15921208 5136663
15985585 5136663
42117174 5136663
15010370 5136663
15893272 5136663
15927163 2648565
28659338 2648565
15926495 15969004
16017398 15969004
15891716 15969004
15926502 15969004
16001364 15969004
15917354 15969004
15926656 15969004
42117175 15969004
15957945 15969004
15898927 15969004
42117176 15969004
15916402 15969004
15908899 15969004
42117177 15969004
15938777 15969004
28660106 15969004
15959670 15969004
15938780 15969004
15911369 15969004
7918581 15969004
8165667 15969004
15932380 15969004
832640 15969004
15889345 15969004
15920129 15969004
15920953 15969004
8039874 15969004
8079095 15969004
8067135 15969004
7973744 15969004
15992763 15969004
28785939 15969004
15924930 15969004
847998 15969004
15947890 15969004
15941991 15969004
15892869 15969004
15889621 15969004
15992749 15969004
39864901 15969004
15938787 15969004
15969003 15969004
15942552 15969004
15922220 15969004
15894422 15969004
15932601 15969004
28659887 15969004
28659630 15969004
28659530 15969004
15930491 15969004
28659665 15969004
15951200 15969004
15922636 15969004
28659538 15969004
15896217 15969004
15930251 15969004
15899984 15969004
15994009 15969004
15992759 15969004
15992747 15969004
15942794 15969004
15993898 15969004
15951672 15969004
15899034 15969004
15937100 15969004
15992741 15969004
16017440 15969004
15986404 15969004
15951195 15969004
15983493 15969004
15941267 15969004
15992739 15969004
15946245 15969004
15994001 15969004
28659310 15969004
15921434 15969004
15938799 15969004
15999049 15969004
15942904 15969004
15992732 15969004
15938800 15969004
15993867 15969004
28659865 15969004
15986141 15969004
15975071 15969004
15992757 15969004
15951367 15969004
15930663 15969004
15951661 15969004
15986363 15969004
15919710 15969004
15938804 15969004
15983685 15969004
15942051 15969004
15942052 15969004
15952693 15969004
15987879 15969004
15993997 15969004
28659386 15969004
15916969 15969004
15893280 15969004
28659855 15969004
15890866 15969004
15899158 15969004
15942062 15969004
15950818 15969004
15951890 15969004
15938814 15969004
15941235 15969004
15952638 15969004
15958877 15969004
15923817 15969004
28659804 15969004
15928637 15969004
15932571 15969004
15984263 15969004
15930269 15969004
15984270 15969004
15942790 15969004
15994003 15969004
15973104 15969004
15899414 15969004
15993988 15969004
15990764 15969004
15990251 15969004
28659293 15969004
15932579 15969004
15988545 15969004
15901798 15969004
15950998 15969004
15951233 15969004
15951027 15969004
15987837 15969004
15949830 15969004
15922224 15969004
16011414 15969004
15916384 15969004
15939072 15969004
15951252 15969004
15941243 15969004
15986380 15969004
15903450 15969004
28660343 15969004
15930391 15969004
3980720 15969004
15938828 15969004
28850989 15969004
15988534 15969004
15964408 15969004
28659416 15969004
15942088 15969004
28659660 15969004
15993902 15969004
15985283 15969004
28659807 15969004
15936944 15969004
15994329 15969004
28787368 15969004
28659612 15969004
15922259 15969004
28659613 15969004
15983155 15969004
8066851 15969004
28787531 15969004
832243 15969004
15899018 15969004
15973774 15969004
15893254 15969004
28659614 15969004
15983557 15969004
16015943 15969004
15994657 15969004
15989193 15969004
15940620 15969004
2673767 15969004
42117178 15969004
15920698 15969004
15942350 15969004
28659828 15969004
39861770 15969004
860726 15969004
7484033 15969004
15892258 15969004
16524873 15969004
15909445 15969004
15894901 15969004
15951454 15969004
28660348 15969004
15946049 15969004
28659810 15969004
15902847 15969004
28659374 15969004
15918635 15969004
15942101 15969004
15892953 15969004
28660046 15969004
28659847 15969004
28659313 15969004
15942106 15969004
15902920 15969004
28660042 15969004
28659304 15969004
15952889 15969004
15903803 15969004
15953789 15969004
15913252 15969004
15956779 15969004
12464020 15969004
15926594 15969004
15909455 15969004
15926009 15969004
15909474 15969004
15938850 15969004
15958814 15969004
15951394 15969004
15938852 15969004
15942960 15969004
15946871 15969004
15942117 15969004
15985944 15969004
28660007 15969004
42117179 15969004
15953769 15969004
15938854 15969004
15966777 15969004
15942126 15969004
15971172 15969004
15971173 15969004
15903648 15969004
15938858 15969004
15956803 15969004
15984967 15969004
15926082 15969004
15920803 15969004
15900008 15969004
16018970 15969004
15918173 15969004
28659572 15969004
28659927 15969004
28659687 15969004
15922258 15969004
39862627 15969004
15942145 15969004
15955680 15969004
15986406 15969004
15951359 15969004
15927044 15969004
15930871 15969004
28659760 15969004
15926264 15969004
15951143 15969004
15913258 15969004
15986493 15969004
15942153 15969004
15935745 15969004
15987706 15969004
15990699 15969004
15910209 15969004
15915594 15969004
15967104 15969004
28659286 15969004
15947221 15969004
28659375 15969004
15933575 15969004
15965877 15969004
15916417 15969004
15985947 15969004
15962053 15969004
42117180 15969004
28659735 15969004
15948979 15969004
16001522 15969004
28787436 15969004
15951141 15969004
28659376 15969004
15901923 15969004
28855544 15969004
15926093 15969004
15938887 15969004
28659287 15969004
15938888 15969004
15968924 15969004
15929931 15969004
15891649 15969004
15942187 15969004
15942196 15969004
15913259 15969004
15926084 15969004
16010585 15969004
15952819 15969004
15985949 15969004
15952834 15969004
15897439 15969004
15982834 15969004
15952871 15969004
15947218 15969004
28660122 15969004
15922173 15969004
15943107 15969004
42117181 15969004
16004997 15969004
15938901 15969004
15941603 15969004
15938902 15969004
15938903 15969004
28852386 15969004
16003407 15969004
15970041 15969004
39862908 15969004
28659506 15969004
3932026 15969004
15938909 15969004
15986450 15969004
28659288 15969004
15926802 15969004
16010554 15969004
15890874 15969004
15890880 15969004
28659898 15969004
15894616 15969004
28659717 15969004
15911229 15969004
39863133 15969004
16530676 15969004
15922978 15969004
15922994 15969004
15900050 15969004
15951333 15969004
15938922 15969004
15922723 15969004
15952651 15969004
15931489 15969004
15983441 15969004
15926589 15969004
28660352 15969004
15986475 15969004
15945760 15969004
15923826 15969004
15941260 15969004
15913263 15969004
15908876 15969004
15998234 15969004
15985960 15969004
15926493 15969004
15958933 15969004
28659268 15969004
15971187 15969004
39862853 15969004
28659509 15969004
28659297 15969004
28659511 15969004
42117182 15969004
16008371 15969004
42117183 15969004
39862600 15969004
15988487 15969004
15993519 15969004
15938949 15969004
42117184 15969004
15891341 15969004
15939186 15969004
15998996 15969004
15926582 15969004
15926177 15969004
15983181 15969004
15972660 15969004
16012934 15969004
15933720 15969004
16014719 15969004
15950850 15969004
15951436 15969004
15951438 15969004
15951440 15969004
15951477 15969004
15951483 15969004
15951525 15969004
42117185 15969004
15922260 15969004
15895157 15969004
15939032 15969004
15941955 15969004
15942290 15969004
15942292 15969004
15890652 15969004
15893268 15969004
15907610 15969004
15029395 15969004
15972061 15969004
15902864 15969004
861134 15969004
15952668 15969004
15972265 15969004
15909530 15969004
16524772 15969004
28659475 15969004
15972669 15969004
7963174 15969004
15910468 15969004
15926468 15969004
15972972 15969004
42117186 15969004
28848438 15969004
28660358 15969004
15964827 15969004
16524757 15969004
15915584 15969004
832559 15969004
15973457 15969004
28659654 15969004
5134962 15969004
39864980 15969004
15938650 15969004
15914421 15969004
15925796 15969004
14798558 15969004
15940241 15969004
7914748 15969004
15953768 15969004
15938992 15969004
8106242 15969004
28659689 15969004
15993919 15969004
16012238 15969004
28659307 15969004
15893271 15969004
15951834 15969004
42117187 15969004
42117188 15969004
42117189 15969004
42117190 15969004
42117191 15969004
42117192 15969004
42117193 15969004
42117194 15969004
42117195 15969004
42117196 15969004
42117197 15969004
15968819 15969004
28659649 15969004
28659652 15969004
28659470 15969004
28659946 15969004
28660195 15969004
28659643 15969004
15900093 15969004
15926705 15969004
28659858 15969004
16000722 15969004
15892921 15969004
832564 15969004
15942992 15969004
15950827 15969004
15910573 15969004
15986483 15969004
16004271 15029921
832566 15029921
2646283 15029921
832568 15029921
20084789 15029921
3897216 15029921
15893296 15029921
3917830 15029921
15909521 15029921
15891681 15029921
15899696 15029921
15891951 15029921
15933777 15029921
3775631 15029921
15933775 15029921
15892181 15029921
15899975 15029921
848018 15029921
8067018 15029921
15957419 15029921
15985619 15029921
15897392 15029921
16003750 15029921
15896705 15029921
15909410 15029921
15894559 15029921
28853829 15029921
28853079 15029921
28660338 15029921
42117198 15029921
42117199 15029921
3973726 15029921
15899978 15029921
28854535 15029921
15899979 15029921
7963172 15029921
7970068 15029921
7924518 15029921
7996545 15029921
7915175 15029921
8052277 15029921
16004447 15029921
7953308 15029921
7951069 15029921
7953420 15029921
7927242 15029921
7915082 15029921
7952296 15029921
15972340 15029921
16010970 15029921
15926701 15029921
7946484 15029921
15951190 15029921
8143901 15029921
8081981 15029921
15941265 15029921
8165731 15029921
28785710 15029921
15940971 15029921
8021567 15029921
15951442 15029921
8049027 15029921
832578 15029921
42117200 15029921
7929823 15029921
42117201 15029921
15922357 15029921
15913284 15029921
15005098 15029921
15947177 15029921
15929909 15029921
28659414 15029921
16009612 15029921
28785718 15029921
15928109 15029921
15892952 15029921
15941997 15029921
15933767 15029921
15894300 15029921
15891950 15029921
15942005 15029921
15906177 15029921
15906268 15029921
15987889 15029921
15942007 15029921
15925610 15029921
15951362 15029921
15933773 15029921
15974221 15029921
15942012 15029921
15942021 15029921
15942027 15029921
15942028 15029921
15942029 15029921
15929908 15029921
15891680 15029921
15942032 15029921
15899989 15029921
15933776 15029921
15942041 15029921
15942042 15029921
15908549 15029921
15942044 15029921
15942045 15029921
15942046 15029921
28852420 15029921
28852422 15029921
15951212 15029921
15896088 15029921
15904843 15029921
15904845 15029921
15904846 15029921
15999859 15029921
15950907 15029921
28854154 15029921
15906180 15029921
15919747 15029921
15911848 15029921
15933534 15029921
15942059 15029921
15918432 15029921
15942068 15029921
15913795 15029921
15933764 15029921
15942071 15029921
28787386 15029921
16019129 15029921
15889979 15029921
28659323 15029921
15933758 15029921
15951452 15029921
15933756 15029921
15972795 15029921
15930348 15029921
28848384 15029921
15933108 15029921
15983518 15029921
15933760 15029921
15910674 15029921
15893253 15029921
15925244 15029921
15906271 15029921
42117202 15029921
6822261 15029921
15897967 15029921
15936945 15029921
8126202 15029921
42117203 15029921
15972854 15029921
28659321 15029921
15908724 15029921
14796762 15029921
3916858 15029921
15926273 15029921
845598 15029921
15909424 15029921
8089738 15029921
15942097 15029921
15899994 15029921
15916950 15029921
832919 15029921
15909447 15029921
15907784 15029921
7914194 15029921
15956484 15029921
15942100 15029921
15984947 15029921
3951887 15029921
28659340 15029921
20554108 15029921
15941701 15029921
39864648 15029921
859975 15029921
15948705 15029921
15938846 15029921
15933762 15029921
15942104 15029921
15949641 15029921
859320 15029921
15949790 15029921
861427 15029921
15952009 15029921
15961591 15029921
15942109 15029921
15894302 15029921
15990655 15029921
2636113 15029921
15942111 15029921
15922917 15029921
12474445 15029921
15939355 15029921
15938851 15029921
15968850 15029921
15951033 15029921
15985943 15029921
15999098 15029921
28785732 15029921
15942115 15029921
15892956 15029921
15892957 15029921
15916236 15029921
15894430 15029921
15953801 15029921
28786243 15029921
39861651 15029921
39862206 15029921
15991616 15029921
15986350 15029921
15933853 15029921
15892999 15029921
3910598 15029921
15906187 15029921
39862443 15029921
15938865 15029921
15942140 15029921
15942149 15029921
16005531 15029921
15985317 15029921
15967630 15029921
15929038 15029921
28660266 15029921
15899351 15029921
15900027 15029921
15892857 15029921
3933064 15029921
15924719 15029921
15924720 15029921
15924721 15029921
15906333 15029921
15910465 15029921
15933771 15029921
28659353 15029921
16009600 15029921
28660192 15029921
15928113 15029921
15951008 15029921
15901600 15029921
28659929 15029921
15942156 15029921
15942157 15029921
20554107 15029921
15942173 15029921
15942178 15029921
15938874 15029921
15961944 15029921
3920164 15029921
15986353 15029921
15964706 15029921
2635694 15029921
15950821 15029921
39862447 15029921
15892180 15029921
15986416 15029921
3891337 15029921
15969040 15029921
15915595 15029921
15922518 15029921
7912880 15029921
28660330 15029921
15932510 15029921
15921926 15029921
15942974 15029921
28849895 15029921
15942975 15029921
15968637 15029921
15938890 15029921
15897966 15029921
7954183 15029921
15926828 15029921
15969756 15029921
15895110 15029921
15903003 15029921
39863150 15029921
15983786 15029921
15953146 15029921
28659427 15029921
15987939 15029921
15930471 15029921
39862597 15029921
15892109 15029921
15942216 15029921
15986356 15029921
15892110 15029921
15891952 15029921
28660350 15029921
15938910 15029921
15938911 15029921
15953788 15029921
15890873 15029921
15933765 15029921
15922052 15029921
15895957 15029921
15914045 15029921
15925557 15029921
15986113 15029921
15894440 15029921
15938916 15029921
15889632 15029921
15908550 15029921
15900054 15029921
28852416 15029921
42117204 15029921
15890920 15029921
15893212 15029921
15894441 15029921
28660321 15029921
15983291 15029921
15951842 15029921
15942256 15029921
15941735 15029921
15943711 15029921
15938923 15029921
15892915 15029921
15942258 15029921
15942259 15029921
15984890 15029921
15942979 15029921
15900063 15029921
15938929 15029921
15952635 15029921
15989644 15029921
15986921 15029921
15986004 15029921
28660325 15029921
28659852 15029921
15950824 15029921
15941822 15029921
15951450 15029921
28659383 15029921
28854771 15029921
42117205 15029921
15998353 15029921
15929857 15029921
16016027 15029921
15894723 15029921
832419 15029921
15955708 15029921
15894667 15029921
28660063 15029921
15892916 15029921
15900073 15029921
15897022 15029921
15983521 15029921
15971533 15029921
15892079 15029921
15895176 15029921
15951387 15029921
15983199 15029921
15938966 15029921
15889627 15029921
15945817 15029921
15929934 15029921
15892111 15029921
15942295 15029921
7914629 15029921
15029389 15029921
8094726 15029921
860273 15029921
15994452 15029921
3915127 15029921
15900085 15029921
7927641 15029921
860695 15029921
15010358 15029921
15919713 15029921
15972318 15029921
15956842 15029921
15938975 15029921
852930 15029921
15972342 15029921
15942298 15029921
15029413 15029921
7927814 15029921
15895964 15029921
15998141 15029921
8093684 15029921
2672335 15029921
15911912 15029921
28786221 15029921
3901940 15029921
6838825 15029921
15899432 15029921
7952312 15029921
7914274 15029921
8030777 15029921
8098821 15029921
7929998 15029921
8091766 15029921
3894248 15029921
15938978 15029921
15926344 15029921
15908479 15029921
3978296 15029921
8081973 15029921
7963178 15029921
28788611 15029921
7957246 15029921
28659972 15029921
15010365 15029921
15973102 15029921
15029487 15029921
15984820 15029921
15973121 15029921
15938983 15029921
15952094 15029921
28660142 15029921
8094547 15029921
15892819 15029921
8091764 15029921
15900086 15029921
7985866 15029921
8014733 15029921
15929398 15029921
15999419 15029921
14804693 15029921
8046705 15029921
15908252 15029921
861411 15029921
3938992 15029921
15973337 15029921
15972203 15029921
860782 15029921
15892961 15029921
7664986 15029921
852060 15029921
15921201 15029921
15973969 15029921
7490884 15029921
15952636 15029921
28659871 15029921
15890806 15029921
861431 15029921
16527086 15029921
15897827 15029921
3921625 15029921
8029434 15029921
15925162 15029921
15894498 15029921
15973776 15029921
15999348 15029921
16010392 15029921
15892209 15029921
15951444 15029921
15943398 15029921
16529574 15029921
15987105 15029921
15893144 15029921
7913501 15029921
8081866 15029921
7921566 15029921
7940538 15029921
8069974 15029921
8241429 15029921
7950334 15029921
7930052 15029921
8039992 15029921
7923248 15029921
8081957 15029921
8052903 15029921
8091569 15029921
8101570 15029921
7917575 15029921
7917777 15029921
28660044 15029921
28659579 15029921
28659992 15029921
7930293 15029921
3936885 15029921
15890825 15029921
832582 15029921
42117206 15029921
832551 15029921
3884736 15029921
19484796 15029921
39865127 15029921
28660194 15029921
15996135 15029921
28660213 15029921
7490997 15029921
7937100 15029921
15938994 15029921
3952641 15029921
15908450 15029921
15987109 15029921
3932350 15029921
3928185 15029921
8081971 15029921
832479 15029921
28786152 15029921
15101621 5137155
15101621 17423093
15990652 15029967
28660146 15029967
28659394 15029967
15994570 15029967
28660128 15029967
15994318 15029967
848008 15029967
860165 15029967
15893298 15029967
15950760 15029967
15951198 15029967
16016672 15029967
15896170 15029967
15896704 15029967
15941982 15029967
15918611 15029967
42117207 15029967
15938778 15029967
15899977 15029967
15941985 15029967
15927072 15029967
28660215 15029967
15973114 15029967
39862122 15029967
28659985 15029967
7924876 15029967
8072097 15029967
7993583 15029967
39863266 15029967
8081864 15029967
7915524 15029967
42117208 15029967
7950352 15029967
7952550 15029967
7936712 15029967
7950317 15029967
8102853 15029967
8099670 15029967
15942427 15029967
832642 15029967
7918412 15029967
15927070 15029967
854260 15029967
8081879 15029967
16002608 15029967
15929949 15029967
15929948 15029967
15941995 15029967
15941682 15029967
15917399 15029967
28659690 15029967
15942001 15029967
15942002 15029967
28659836 15029967
15994005 15029967
15951666 15029967
15892855 15029967
15942036 15029967
28659258 15029967
15942043 15029967
15938203 15029967
15997422 15029967
15986361 15029967
15985000 15029967
15986119 15029967
15943006 15029967
15942056 15029967
15930260 15029967
15939928 15029967
28659415 15029967
28659822 15029967
15930875 15029967
15950546 15029967
28660073 15029967
15914217 15029967
28854969 15029967
15938822 15029967
15899991 15029967
15906269 15029967
15941954 15029967
15941606 15029967
28853377 15029967
42117209 15029967
15942083 15029967
42117210 15029967
42117211 15029967
42117212 15029967
8081929 15029967
8087844 15029967
15913249 15029967
15940969 15029967
15026288 15029967
15942958 15029967
15937617 15029967
28659388 15029967
15953328 15029967
15939935 15029967
15985941 15029967
15938837 15029967
833635 15029967
7973953 15029967
15942095 15029967
15942096 15029967
42117213 15029967
15942098 15029967
15923525 15029967
15939188 15029967
15983507 15029967
15924613 15029967
15890742 15029967
15894716 15029967
28659545 15029967
28660232 15029967
15903360 15029967
28787455 15029967
15909451 15029967
28659417 15029967
15942102 15029967
28659968 15029967
39864933 15029967
15948143 15029967
860663 15029967
42117214 15029967
15890869 15029967
15951538 15029967
15925141 15029967
15970036 15029967
5141458 15029967
15909467 15029967
16004864 15029967
15911928 15029967
15928112 15029967
15999013 15029967
15986137 15029967
15942125 15029967
15921397 15029967
28659757 15029967
15938856 15029967
15969618 15029967
15894425 15029967
15927881 15029967
28659345 15029967
15966828 15029967
15956989 15029967
39861806 15029967
42117215 15029967
15942127 15029967
15926116 15029967
39861792 15029967
15951659 15029967
28659774 15029967
39862657 15029967
15941281 15029967
16011569 15029967
15900017 15029967
39862467 15029967
15989718 15029967
15938646 15029967
15942137 15029967
15947844 15029967
15900020 15029967
15900028 15029967
42117216 15029967
39862783 15029967
15986487 15029967
28659497 15029967
16006788 15029967
42117217 15029967
15900031 15029967
39862957 15029967
15948285 15029967
7493574 15029967
15942185 15029967
42117218 15029967
28660249 15029967
30999177 15029967
42117219 15029967
42117220 15029967
15969109 15029967
15930992 15029967
15936238 15029967
28659574 15029967
15969182 15029967
15951446 15029967
15942190 15029967
28849818 15029967
16010675 15029967
15938891 15029967
15922280 15029967
15952841 15029967
15985950 15029967
15900042 15029967
39862405 15029967
39862937 15029967
16015831 15029967
15896177 15029967
15987917 15029967
15986752 15029967
15985951 15029967
15889633 15029967
16528632 15029967
15985954 15029967
3976023 15029967
42117221 15029967
15969245 15029967
15941373 15029967
28659831 15029967
28659923 15029967
15900057 15029967
15950729 15029967
15903550 15029967
15943008 15029967
15992820 15029967
15969104 15029967
28659266 15029967
15932557 15029967
15940985 15029967
15984571 15029967
15926077 15029967
15984406 15029967
15983513 15029967
15940050 15029967
15987954 15029967
15902863 15029967
28848498 15029967
3981502 15029967
28853174 15029967
28787462 15029967
15942980 15029967
28854857 15029967
15951537 15029967
15987279 15029967
15893333 15029967
15942982 15029967
15942983 15029967
15971183 15029967
15900072 15029967
15920943 15029967
28848000 15029967
15930182 15029967
16010238 15029967
16018045 15029967
15938955 15029967
39862054 15029967
15900076 15029967
3946726 15029967
15951236 15029967
15951227 15029967
15906196 15029967
16010683 15029967
15921387 15029967
15941611 15029967
15926167 15029967
16012836 15029967
15938967 15029967
15941971 15029967
7932484 15029967
15972030 15029967
15929396 15029967
860807 15029967
15890930 15029967
13650359 15029967
15938970 15029967
15910441 15029967
15009690 15029967
15931118 15029967
15899944 15029967
7927814 15029967
8240127 15029967
28659336 15029967
15952669 15029967
855577 15029967
15005706 15029967
28660245 15029967
15009716 15029967
15938979 15029967
15894497 15029967
15938980 15029967
16010484 15029967
8052068 15029967
860404 15029967
28848110 15029967
3890859 15029967
15926114 15029967
15893281 15029967
7489638 15029967
855567 15029967
7929825 15029967
15978194 15029967
16003366 15029967
3773272 15029967
7926014 15029967
2605861 15029967
15904566 15029967
860142 15029967
39862422 15029967
15893269 15029967
39865060 15029967
28659558 15029967
28660134 15029967
15973671 15029967
15970034 15029967
15910594 15029967
860856 15029967
15918817 15029967
15994638 15029967
15985522 15029967
16530278 15029967
28660129 15029967
7916488 15029967
7916540 15029967
8066691 15029967
15927757 15029967
3931900 15029967
8051251 15029967
7921232 15029967
8089429 15029967
8126156 15029967
8085378 15029967
7952278 15029967
7929651 15029967
8077025 15029967
8066559 15029967
8070225 15029967
2675746 15029967
15928114 15029967
28659316 15029967
28660229 15029967
2638817 15029967
15894573 15029967
42117222 15029967
8001926 15029967
15993935 15029967
42117223 15029967
28850977 15029967
15972252 15029967
15996147 15029967
15996179 15029967
7950372 15029967
28786209 15029967
15893273 15029967
15892203 15029967
15941699 15029967
8082221 15029967
15942303 15029967
39863406 15029967
15925263 15029967
28849375 15029967
28659930 15029967
15999272 15103639
7908512 15103639
832576 15103639
2716930 15103639
28786019 15103639
15892854 15103639
28848206 15103639
16005519 15103639
852897 15103639
15911974 15103639
15896109 15103639
15899973 15103639
15898186 15103639
15986130 15103639
15909488 15103639
16014290 15103639
3988061 15103639
832471 15103639
15941980 15103639
15950841 15103639
15894484 15103639
15891842 15103639
15951351 15103639
28854699 15103639
15016986 15103639
42117224 15103639
860197 15103639
28659695 15103639
28849005 15103639
15928198 15103639
2643464 15103639
15972277 15103639
15903004 15103639
832545 15103639
42117225 15103639
15941983 15103639
42117226 15103639
15903408 15103639
864513 15103639
8082901 15103639
8150005 15103639
7946510 15103639
8105285 15103639
7930271 15103639
39863177 15103639
15916968 15103639
15889620 15103639
15905053 15103639
2636707 15103639
15942952 15103639
15918234 15103639
15915592 15103639
832610 15103639
832541 15103639
15928910 15103639
8052086 15103639
15929195 15103639
15950843 15103639
832638 15103639
15947439 15103639
832614 15103639
15926773 15103639
7926057 15103639
7991332 15103639
15984356 15103639
15921163 15103639
15895017 15103639
15951917 15103639
15922075 15103639
15927612 15103639
849579 15103639
15928196 15103639
15928450 15103639
832584 15103639
15940076 15103639
16005317 15103639
15951184 15103639
15991114 15103639
15941993 15103639
15941994 15103639
15930534 15103639
15984769 15103639
28659864 15103639
15973313 15103639
28659733 15103639
15986120 15103639
15942792 15103639
15899793 15103639
15994261 15103639
15925041 15103639
15930252 15103639
16014072 15103639
15943002 15103639
15942003 15103639
15934712 15103639
15927611 15103639
15942441 15103639
28659631 15103639
16016255 15103639
15983390 15103639
15942009 15103639
15942010 15103639
15951919 15103639
16008331 15103639
16014974 15103639
15933098 15103639
15959853 15103639
15984873 15103639
15905625 15103639
15942020 15103639
15942024 15103639
15909038 15103639
15942031 15103639
15928449 15103639
15941820 15103639
15930276 15103639
15993906 15103639
15954431 15103639
15942039 15103639
15951197 15103639
15984777 15103639
15986392 15103639
15942907 15103639
15950736 15103639
15930804 15103639
15938798 15103639
15930887 15103639
15952877 15103639
28660356 15103639
15984834 15103639
15930258 15103639
16008743 15103639
15924143 15103639
15993900 15103639
15964856 15103639
15993972 15103639
15942055 15103639
15930257 15103639
28659724 15103639
15918261 15103639
28659283 15103639
15925691 15103639
15978103 15103639
15896227 15103639
15938811 15103639
15938813 15103639
15933069 15103639
15942065 15103639
15942066 15103639
15941821 15103639
15989249 15103639
15891532 15103639
15891533 15103639
15916230 15103639
15994013 15103639
15950525 15103639
15986421 15103639
15942074 15103639
15943848 15103639
15895337 15103639
15987881 15103639
15942956 15103639
28660251 15103639
15986135 15103639
15938821 15103639
15930277 15103639
15950990 15103639
15942078 15103639
15942079 15103639
15951217 15103639
15965277 15103639
15939034 15103639
28659692 15103639
28787190 15103639
28855241 15103639
15890839 15103639
15930554 15103639
15930889 15103639
15921928 15103639
15931473 15103639
15942084 15103639
15889698 15103639
7941114 15103639
28659684 15103639
28659482 15103639
15994131 15103639
15904916 15103639
15922920 15103639
15942087 15103639
28659368 15103639
15920949 15103639
15959607 15103639
15951396 15103639
15951925 15103639
15913250 15103639
15941672 15103639
15918236 15103639
7964873 15103639
42117227 15103639
16000573 15103639
42117228 15103639
15894545 15103639
15984797 15103639
15938318 15103639
15926671 15103639
15957324 15103639
15951137 15103639
28659881 15103639
15940768 15103639
848788 15103639
15938838 15103639
42117229 15103639
42117230 15103639
42117231 15103639
15942384 15103639
28660160 15103639
42117232 15103639
42117233 15103639
42117234 15103639
42117235 15103639
7921240 15103639
15921761 15103639
28660252 15103639
28660248 15103639
39864893 15103639
28659496 15103639
5139918 15103639
15976890 15103639
15893331 15103639
28659633 15103639
16006775 15103639
15895319 15103639
15948714 15103639
28659811 15103639
28660184 15103639
15942103 15103639
15942107 15103639
28851083 15103639
15949792 15103639
42117236 15103639
28659566 15103639
15985293 15103639
15942108 15103639
15952015 15103639
15994038 15103639
39865008 15103639
15912710 15103639
15918188 15103639
20779982 15103639
860181 15103639
16534449 15103639
7939685 15103639
15938849 15103639
843971 15103639
5136675 15103639
15954577 15103639
15954752 15103639
16018947 15103639
28660185 15103639
15928110 15103639
15928111 15103639
15967291 15103639
15892955 15103639
15899997 15103639
15942123 15103639
15903828 15103639
15903829 15103639
15942124 15103639
15899999 15103639
15938857 15103639
15894428 15103639
28659696 15103639
15893104 15103639
15926684 15103639
15894483 15103639
28786582 15103639
39863237 15103639
16002553 15103639
15942130 15103639
15942131 15103639
15925043 15103639
15913255 15103639
15986756 15103639
15922517 15103639
15895925 15103639
42117237 15103639
15938478 15103639
15942139 15103639
16002318 15103639
15900021 15103639
15900022 15103639
15938869 15103639
15918230 15103639
15984837 15103639
16019393 15103639
15893302 15103639
28660335 15103639
15951647 15103639
28659726 15103639
15899664 15103639
15943812 15103639
15926775 15103639
15920951 15103639
42117238 15103639
39862263 15103639
15953757 15103639
28660327 15103639
15914026 15103639
857160 15103639
15984772 15103639
15985945 15103639
15900030 15103639
3979060 15103639
15890505 15103639
15930888 15103639
42117239 15103639
3931277 15103639
15951922 15103639
39862012 15103639
15984878 15103639
15924553 15103639
28660320 15103639
15938317 15103639
15986485 15103639
15999606 15103639
15984774 15103639
42117240 15103639
15984879 15103639
15928946 15103639
28659688 15103639
28853312 15103639
28660024 15103639
15999287 15103639
15955601 15103639
15938885 15103639
15901593 15103639
15969194 15103639
15906999 15103639
28660336 15103639
15906963 15103639
15942194 15103639
15942200 15103639
15927659 15103639
15952815 15103639
15930278 15103639
15900045 15103639
28660347 15103639
15986134 15103639
15986742 15103639
15969789 15103639
3979066 15103639
15953258 15103639
16018169 15103639
15986370 15103639
16011381 15103639
15984876 15103639
15988747 15103639
15985952 15103639
15942209 15103639
15942210 15103639
15942220 15103639
15942221 15103639
15925186 15103639
15950822 15103639
15942230 15103639
15926653 15103639
28660079 15103639
39861674 15103639
15950852 15103639
28659389 15103639
28852505 15103639
16009574 15103639
15970204 15103639
15910443 15103639
42117241 15103639
15938912 15103639
3979068 15103639
16003153 15103639
15889623 15103639
42117242 15103639
15974056 15103639
15984585 15103639
39862221 15103639
15913726 15103639
15923535 15103639
15951828 15103639
15999130 15103639
15942254 15103639
15993440 15103639
15952647 15103639
15891715 15103639
15951411 15103639
15942264 15103639
15935855 15103639
15938932 15103639
15922665 15103639
15953700 15103639
28660025 15103639
15909580 15103639
15964161 15103639
3945840 15103639
15986501 15103639
15999548 15103639
15921400 15103639
15930522 15103639
39861517 15103639
28848254 15103639
15986400 15103639
15971748 15103639
15899332 15103639
15910187 15103639
15923807 15103639
39861692 15103639
39862958 15103639
15893214 15103639
15895970 15103639
15889869 15103639
15987734 15103639
15941208 15103639
15998940 15103639
15930623 15103639
28659890 15103639
28659542 15103639
15900074 15103639
15986479 15103639
15952062 15103639
15987280 15103639
15987919 15103639
3946726 15103639
15971560 15103639
15951391 15103639
15926673 15103639
15999083 15103639
15933923 15103639
15938963 15103639
15951417 15103639
15895943 15103639
15926011 15103639
15939051 15103639
15941957 15103639
16019461 15103639
15942986 15103639
42117243 15103639
15893310 15103639
42117244 15103639
42117245 15103639
15890653 15103639
15890654 15103639
15931892 15103639
15910421 15103639
860149 15103639
859802 15103639
15989648 15103639
15989784 15103639
12474673 15103639
15926403 15103639
15924488 15103639
857283 15103639
15938973 15103639
16008303 15103639
15947309 15103639
16016185 15103639
860780 15103639
15942299 15103639
16532633 15103639
8072236 15103639
7927004 15103639
15910525 15103639
20198225 15103639
7933382 15103639
15934076 15103639
28848233 15103639
7917818 15103639
15972970 15103639
15987327 15103639
8052158 15103639
7937127 15103639
7929894 15103639
7961904 15103639
28785835 15103639
15913046 15103639
15913996 15103639
15960842 15103639
8072190 15103639
8047374 15103639
15907777 15103639
15942987 15103639
8081487 15103639
2680942 15103639
15951471 15103639
15985093 15103639
15986423 15103639
15926480 15103639
15899421 15103639
7952249 15103639
843975 15103639
15964267 15103639
8066760 15103639
15987107 15103639
15926350 15103639
16598348 15103639
832606 15103639
42117246 15103639
832549 15103639
7927203 15103639
7929960 15103639
42117247 15103639
42117248 15103639
42117249 15103639
42117250 15103639
42117251 15103639
42117252 15103639
42117253 15103639
42117254 15103639
42117255 15103639
42117256 15103639
42117257 15103639
42117258 15103639
42117259 15103639
15906197 15103639
15994696 15103639
42117260 15103639
42117261 15103639
28659305 15103639
42117262 15103639
15921542 15103639
42117263 15103639
15950002 15103639
16000830 15103639
28787491 15103639
15010436 15103639
42117264 15103639
15926436 15103639
15921543 15103639
15985287 15103639
15899713 15103639
832608 15103639
7950389 15103639
2600062 15103639
15938998 15103639
8234462 15103639
15942993 15103639
15903307 15103639
832487 15103639
2635674 15103639
15942304 15103639
15974012 15103639
15983524 15103639
15900095 15103639
860382 15103639
16014624 15103639
39862156 15103639
15993523 15999144
15971194 15999144
15009469 15999144
860153 15999144
848006 15999144
15992036 15999144
860085 15999144
28848450 15999144
15894943 15999144
28788502 15999144
15938771 15999144
15926496 15999144
16530892 15999144
15899006 15999144
15891809 15999144
832598 15999144
15891824 15999144
15891880 15999144
15926500 15999144
28659956 15999144
15892073 15999144
15947269 15999144
16010386 15999144
15922105 15999144
16004103 15999144
15892081 15999144
15902367 15999144
15943257 15999144
3907234 15999144
15892259 15999144
15988698 15999144
28853162 15999144
15892321 15999144
833586 15999144
15938775 15999144
15941981 15999144
15970483 15999144
15998106 15999144
15922394 15999144
15907662 15999144
36285966 15999144
832596 15999144
42117265 15999144
15986299 15999144
15953348 15999144
15950839 15999144
15951485 15999144
15940149 15999144
848010 15999144
851798 15999144
15896832 15999144
15926238 15999144
28855510 15999144
15909405 15999144
15899976 15999144
28847848 15999144
3988552 15999144
36284863 15999144
15896184 15999144
15902576 15999144
15988700 15999144
15902845 15999144
15902862 15999144
15908903 15999144
15902846 15999144
15986908 15999144
15901851 15999144
42117266 15999144
832633 15999144
42117267 15999144
15951176 15999144
832588 15999144
28855564 15999144
15938779 15999144
42117268 15999144
15908889 15999144
15908435 15999144
15991689 15999144
15904979 15999144
15892907 15999144
28850925 15999144
834345 15999144
15941332 15999144
8129646 15999144
8046773 15999144
7950342 15999144
7964409 15999144
7915520 15999144
7959041 15999144
860304 15999144
7927185 15999144
15941987 15999144
15915505 15999144
15916949 15999144
15978147 15999144
15917938 15999144
15947266 15999144
28659986 15999144
7929986 15999144
860209 15999144
832594 15999144
15899982 15999144
6843084 15999144
15943304 15999144
15930858 15999144
15952826 15999144
15943305 15999144
15941990 15999144
15916860 15999144
15922138 15999144
7927886 15999144
8079095 15999144
8099128 15999144
7974349 15999144
7955305 15999144
15891546 15999144
39863240 15999144
8070227 15999144
8165660 15999144
15943035 15999144
15943298 15999144
15926547 15999144
15943299 15999144
15943300 15999144
15943306 15999144
15926596 15999144
15943261 15999144
15943262 15999144
15943252 15999144
15943253 15999144
15943254 15999144
15943265 15999144
15943271 15999144
15943273 15999144
15943274 15999144
15933074 15999144
15899956 15999144
8089586 15999144
8009377 15999144
15938783 15999144
15943278 15999144
15930746 15999144
15922323 15999144
15896002 15999144
15942426 15999144
15926283 15999144
28787044 15999144
860191 15999144
860728 15999144
844398 15999144
28659546 15999144
15943250 15999144
15938785 15999144
2640387 15999144
15943288 15999144
15929087 15999144
832602 15999144
3987050 15999144
15958198 15999144
28848492 15999144
15982584 15999144
16008626 15999144
15992720 15999144
15941263 15999144
28660158 15999144
15930247 15999144
15906176 15999144
15906267 15999144
28659562 15999144
15933015 15999144
15986903 15999144
28659754 15999144
28659422 15999144
15938788 15999144
15969084 15999144
28659718 15999144
28854932 15999144
15908448 15999144
15903813 15999144
15985123 15999144
15988456 15999144
15993992 15999144
15994007 15999144
15983678 15999144
15947691 15999144
15986437 15999144
15930515 15999144
15938789 15999144
15938790 15999144
15903391 15999144
15903393 15999144
15941247 15999144
28850525 15999144
28659425 15999144
15940909 15999144
15924860 15999144
15987639 15999144
15984786 15999144
15984805 15999144
15996577 15999144
28659531 15999144
15941999 15999144
15930195 15999144
15916965 15999144
15994375 15999144
15952030 15999144
15996158 15999144
28660089 15999144
15930249 15999144
15993904 15999144
15918551 15999144
15970205 15999144
15930265 15999144
15938792 15999144
15942006 15999144
28659983 15999144
15932500 15999144
28659553 15999144
15909489 15999144
28659976 15999144
15942008 15999144
15992718 15999144
15922181 15999144
15922728 15999144
28659306 15999144
15994011 15999144
16013434 15999144
15942443 15999144
28659706 15999144
15942429 15999144
15993653 15999144
15984237 15999144
15936517 15999144
15992765 15999144
28659859 15999144
15942011 15999144
15905347 15999144
15942550 15999144
28659555 15999144
15986524 15999144
15975041 15999144
15924609 15999144
15924610 15999144
15942013 15999144
15942014 15999144
15942015 15999144
15942017 15999144
15942018 15999144
15942023 15999144
15942025 15999144
15942030 15999144
15932610 15999144
15942033 15999144
15942034 15999144
15942035 15999144
15987700 15999144
15905751 15999144
15889186 15999144
15913244 15999144
15992725 15999144
15987883 15999144
15914201 15999144
15914202 15999144
28659667 15999144
15993212 15999144
15938794 15999144
15931599 15999144
15930885 15999144
15989374 15999144
15918263 15999144
16014269 15999144
15916223 15999144
15991313 15999144
15941362 15999144
15922278 15999144
15990179 15999144
15951357 15999144
15890739 15999144
15890740 15999144
15995386 15999144
39863023 15999144
15908221 15999144
15922359 15999144
28659367 15999144
16016175 15999144
15903396 15999144
15903398 15999144
15952823 15999144
15952835 15999144
15930256 15999144
15952926 15999144
15952887 15999144
15942047 15999144
28659557 15999144
15993879 15999144
15986464 15999144
15938803 15999144
16000275 15999144
15919765 15999144
15991488 15999144
15942048 15999144
28659734 15999144
15930259 15999144
15993999 15999144
28659547 15999144
15994014 15999144
15899810 15999144
15938805 15999144
15920288 15999144
28659948 15999144
15991238 15999144
15950693 15999144
15906179 15999144
15942053 15999144
15942054 15999144
15929391 15999144
15942632 15999144
15987123 15999144
15992775 15999144
15992746 15999144
15951180 15999144
15994370 15999144
28659802 15999144
15932355 15999144
15924635 15999144
15924637 15999144
15942057 15999144
28659594 15999144
15938809 15999144
28660310 15999144
15918265 15999144
15942060 15999144
15951186 15999144
28659683 15999144
15942061 15999144
15891823 15999144
15932360 15999144
28786406 15999144
15930784 15999144
15981533 15999144
15931601 15999144
15921963 15999144
15951257 15999144
15930941 15999144
15940932 15999144
15942067 15999144
15942069 15999144
15942953 15999144
15896912 15999144
15952639 15999144
15952640 15999144
15921849 15999144
15938815 15999144
15924611 15999144
15994018 15999144
15915590 15999144
15942072 15999144
15943186 15999144
15983440 15999144
28660204 15999144
15945757 15999144
28787283 15999144
15941241 15999144
15942073 15999144
15930268 15999144
15921431 15999144
15894301 15999144
15984408 15999144
15941684 15999144
15951246 15999144
15910895 15999144
15926166 15999144
16010348 15999144
15908222 15999144
15926947 15999144
15930749 15999144
15942445 15999144
15992723 15999144
16007885 15999144
28659372 15999144
15964906 15999144
15992744 15999144
15942075 15999144
15942076 15999144
15985110 15999144
15956902 15999144
15938818 15999144
28659863 15999144
15941691 15999144
15966810 15999144
15893330 15999144
15942548 15999144
28659548 15999144
15938819 15999144
15914172 15999144
15907138 15999144
15942080 15999144
15892821 15999144
15943032 15999144
15940618 15999144
15942798 15999144
15938823 15999144
15932582 15999144
15932584 15999144
15913247 15999144
15942081 15999144
15938824 15999144
15907891 15999144
15939057 15999144
15950844 15999144
15930404 15999144
15892080 15999144
15892082 15999144
28854698 15999144
28786337 15999144
28659805 15999144
28660314 15999144
28659373 15999144
15941950 15999144
28659487 15999144
28659694 15999144
15952867 15999144
15992737 15999144
15891547 15999144
15971596 15999144
15956024 15999144
15892205 15999144
15994558 15999144
16016024 15999144
15983505 15999144
15942085 15999144
15904848 15999144
15938829 15999144
15911729 15999144
28659609 15999144
15941310 15999144
15932611 15999144
28659806 15999144
28660339 15999144
15933016 15999144
28660206 15999144
15960599 15999144
15943275 15999144
15942089 15999144
15979784 15999144
42117269 15999144
15934237 15999144
14999614 15999144
15938830 15999144
15902369 15999144
15997918 15999144
39864832 15999144
15942090 15999144
28660287 15999144
15938831 15999144
15983438 15999144
28659532 15999144
28660036 15999144
28659823 15999144
28659552 15999144
16004722 15999144
15942092 15999144
28659539 15999144
15928447 15999144
28659645 15999144
8066851 15999144
28660285 15999144
16015824 15999144
15028710 15999144
16016032 15999144
39862418 15999144
3898752 15999144
15950848 15999144
28660323 15999144
3775071 15999144
15997818 15999144
15908887 15999144
16007321 15999144
15939382 15999144
15959902 15999144
15938834 15999144
15894844 15999144
15923818 15999144
15899992 15999144
859328 15999144
15929081 15999144
3900769 15999144
42117270 15999144
15938759 15999144
15928160 15999144
15938761 15999144
15965288 15999144
28659824 15999144
15911465 15999144
15939312 15999144
28659668 15999144
39864848 15999144
28659808 15999144
28659647 15999144
15958199 15999144
28659597 15999144
15916231 15999144
15922638 15999144
15916944 15999144
15951213 15999144
15942094 15999144
15994233 15999144
16017535 15999144
28788887 15999144
15941886 15999144
42117271 15999144
42117272 15999144
42117273 15999144
42117274 15999144
42117275 15999144
15938278 15999144
42117276 15999144
15938839 15999144
28659809 15999144
28659829 15999144
15938675 15999144
42117277 15999144
28659925 15999144
860370 15999144
15919284 15999144
15974930 15999144
15894423 15999144
28853297 15999144
28787418 15999144
15973906 15999144
15926332 15999144
15900485 15999144
16007589 15999144
2668139 15999144
15970453 15999144
15929401 15999144
15939065 15999144
15942099 15999144
15938645 15999144
15911450 15999144
28659295 15999144
28659430 15999144
12472711 15999144
15946315 15999144
7929238 15999144
15991414 15999144
28659339 15999144
28660289 15999144
15906272 15999144
28659954 15999144
28659966 15999144
39864931 15999144
15948053 15999144
15953379 15999144
15980311 15999144
15951945 15999144
832555 15999144
28659840 15999144
15890279 15999144
15938845 15999144
15899995 15999144
15949256 15999144
15029024 15999144
1971140 15999144
15890915 15999144
15905567 15999144
15916948 15999144
15949615 15999144
28659830 15999144
28659812 15999144
15930194 15999144
28659669 15999144
15942541 15999144
15890868 15999144
15942105 15999144
15972454 15999144
28659308 15999144
15985942 15999144
28659634 15999144
15930255 15999144
15930209 15999144
15969086 15999144
39864984 15999144
39863835 15999144
859332 15999144
16002135 15999144
15930253 15999144
15922769 15999144
15952007 15999144
15952010 15999144
28659399 15999144
28660136 15999144
15942110 15999144
28660137 15999144
16013809 15999144
28659896 15999144
15903399 15999144
16012060 15999144
28659540 15999144
28659707 15999144
15903394 15999144
42117278 15999144
42117279 15999144
28787548 15999144
15955833 15999144
15974423 15999144
8004632 15999144
2667867 15999144
860360 15999144
15946277 15999144
15986497 15999144
39862435 15999144
28659626 15999144
42117280 15999144
42117281 15999144
3948701 15999144
15951896 15999144
15909469 15999144
15951650 15999144
15952016 15999144
15943311 15999144
15889401 15999144
15909490 15999144
15926853 15999144
15930654 15999144
15938853 15999144
15993881 15999144
15987835 15999144
15920683 15999144
15920684 15999144
15985623 15999144
15984808 15999144
15943255 15999144
15983624 15999144
15942116 15999144
15942118 15999144
15942119 15999144
15926995 15999144
15913253 15999144
15923983 15999144
15899996 15999144
15920628 15999144
28660050 15999144
15890537 15999144
15916971 15999144
15921138 15999144
15889966 15999144
15950101 15999144
15953704 15999144
28787348 15999144
15948951 15999144
15987719 15999144
15917859 15999144
15942121 15999144
15965941 15999144
28659344 15999144
15899998 15999144
15901522 15999144
39862962 15999144
15938855 15999144
39862622 15999144
15903167 15999144
28659420 15999144
39863197 15999144
15926657 15999144
15894426 15999144
15911320 15999144
15950819 15999144
15926679 15999144
28659284 15999144
15926681 15999144
15926683 15999144
15910872 15999144
15927746 15999144
42117282 15999144
15927748 15999144
15894432 15999144
15953526 15999144
16003742 15999144
39862894 15999144
15900000 15999144
15975971 15999144
15951656 15999144
15926685 15999144
15925118 15999144
15965895 15999144
28788607 15999144
28659501 15999144
28659432 15999144
39863802 15999144
16004457 15999144
28660051 15999144
15966891 15999144
15971395 15999144
28659568 15999144
28847992 15999144
15900003 15999144
39862160 15999144
16011166 15999144
15966913 15999144
15894435 15999144
15920770 15999144
15992119 15999144
15986473 15999144
15934198 15999144
15953032 15999144
15938861 15999144
15926080 15999144
15941614 15999144
15900004 15999144
15906274 15999144
15900006 15999144
15942136 15999144
15900007 15999144
15986904 15999144
15900010 15999144
15914451 15999144
15900011 15999144
15938863 15999144
39863156 15999144
15941315 15999144
15925042 15999144
15919697 15999144
28659841 15999144
15943263 15999144
15894436 15999144
42117283 15999144
860354 15999144
15950544 15999144
15943301 15999144
15943307 15999144
15942964 15999144
15922277 15999144
15942138 15999144
15899200 15999144
15890309 15999144
15972283 15999144
15966839 15999144
15942966 15999144
15935635 15999144
42117284 15999144
15894945 15999144
15973639 15999144
15943284 15999144
15976821 15999144
15969679 15999144
15969821 15999144
15942141 15999144
15942142 15999144
15897989 15999144
15971490 15999144
15928195 15999144
15903504 15999144
15942144 15999144
15891879 15999144
15939537 15999144
15948305 15999144
15944472 15999144
28659433 15999144
15963116 15999144
16014223 15999144
15913257 15999144
15978222 15999144
15902370 15999144
15926263 15999144
28659471 15999144
15986426 15999144
15921966 15999144
15967771 15999144
28659490 15999144
16004296 15999144
28659333 15999144
22176452 15999144
39863625 15999144
28787319 15999144
15930635 15999144
15925724 15999144
15926379 15999144
15926068 15999144
15899323 15999144
28660061 15999144
39862261 15999144
28855327 15999144
15970545 15999144
15915294 15999144
28659761 15999144
28659762 15999144
15928469 15999144
15927658 15999144
15933017 15999144
28659635 15999144
28659311 15999144
28659395 15999144
15919955 15999144
15922097 15999144
28659999 15999144
15916413 15999144
28660111 15999144
15968618 15999144
15949338 15999144
28660254 15999144
15969165 15999144
28659902 15999144
15987721 15999144
16004051 15999144
28659369 15999144
15968768 15999144
28787171 15999144
15909035 15999144
15943264 15999144
15932222 15999144
15943256 15999144
15946123 15999144
15974048 15999144
15946116 15999144
15943292 15999144
15946121 15999144
15917937 15999144
15891549 15999144
15943308 15999144
15943259 15999144
15900033 15999144
15938873 15999144
28659410 15999144
28809629 15999144
15930546 15999144
15942181 15999144
15946117 15999144
15943268 15999144
15943302 15999144
15921134 15999144
15943293 15999144
15904913 15999144
2634563 15999144
15926639 15999144
15968874 15999144
42117285 15999144
15941353 15999144
39862225 15999144
15972354 15999144
42117286 15999144
39863680 15999144
15934201 15999144
39863404 15999144
15970038 15999144
39862290 15999144
15927780 15999144
15968991 15999144
15926777 15999144
28659573 15999144
15901543 15999144
28659465 15999144
15969038 15999144
42117287 15999144
15983515 15999144
15987708 15999144
15946981 15999144
15938878 15999144
28660094 15999144
42117288 15999144
15924927 15999144
30999172 15999144
42117289 15999144
15953364 15999144
15986505 15999144
28660202 15999144
15938881 15999144
28787517 15999144
15938883 15999144
39862945 15999144
15985948 15999144
15926079 15999144
15921422 15999144
15908434 15999144
15894437 15999144
15908436 15999144
15908437 15999144
15908438 15999144
15898429 15999144
15940031 15999144
15905863 15999144
28786484 15999144
28660020 15999144
28659314 15999144
28853186 15999144
15969202 15999144
16001790 15999144
15926367 15999144
15942186 15999144
15900041 15999144
15942188 15999144
15942189 15999144
15942193 15999144
15890746 15999144
15996382 15999144
7950667 15999144
15927175 15999144
15973304 15999144
15951156 15999144
15940044 15999144
15940046 15999144
15942410 15999144
15897932 15999144
15892206 15999144
15895762 15999144
15998081 15999144
15903400 15999144
15903401 15999144
15903402 15999144
15903403 15999144
15903404 15999144
15029304 15999144
15952821 15999144
15899052 15999144
15952850 15999144
15952848 15999144
15952846 15999144
15938892 15999144
15922730 15999144
42117290 15999144
15952875 15999144
15999452 15999144
15892083 15999144
15937059 15999144
15938895 15999144
15899234 15999144
39862553 15999144
15900043 15999144
16003670 15999144
28850028 15999144
28660298 15999144
39863437 15999144
15986132 15999144
15938897 15999144
15922054 15999144
15994342 15999144
28660021 15999144
28660022 15999144
15938898 15999144
15895113 15999144
15931849 15999144
15969769 15999144
15985119 15999144
15930423 15999144
16017932 15999144
15910268 15999144
42117291 15999144
28659462 15999144
15969799 15999144
15986365 15999144
15911799 15999144
15897286 15999144
15986466 15999144
15986469 15999144
15917395 15999144
15973690 15999144
15986303 15999144
42117292 15999144
15902028 15999144
15930369 15999144
15917198 15999144
15937938 15999144
28659595 15999144
28659535 15999144
28659978 15999144
16011895 15999144
15896101 15999144
15931001 15999144
15986489 15999144
8046851 15999144
15987704 15999144
15938906 15999144
15958528 15999144
15953365 15999144
28787126 15999144
39862670 15999144
28660250 15999144
15953351 15999144
15943276 15999144
28659505 15999144
15970007 15999144
15931678 15999144
16004429 15999144
15922163 15999144
15926615 15999144
15922580 15999144
42117293 15999144
15938647 15999144
15941238 15999144
15953367 15999144
28854141 15999144
39862862 15999144
39862497 15999144
15926601 15999144
15947451 15999144
15986384 15999144
15943269 15999144
15911497 15999144
15942213 15999144
15942214 15999144
15943303 15999144
15942218 15999144
15891550 15999144
15943280 15999144
15943312 15999144
15891881 15999144
15986422 15999144
16015944 15999144
15938908 15999144
15903320 15999144
15924618 15999144
15946068 15999144
15973218 15999144
28855223 15999144
15942232 15999144
15942233 15999144
15927693 15999144
15896076 15999144
15895933 15999144
15930778 15999144
15933744 15999144
15953245 15999144
28847930 15999144
15970193 15999144
15892127 15999144
15926836 15999144
15917321 15999144
15890876 15999144
15890885 15999144
15890886 15999144
15890888 15999144
15970211 15999144
28660324 15999144
15929316 15999144
15942976 15999144
15891339 15999144
15925120 15999144
15953476 15999144
15953369 15999144
15950851 15999144
28660124 15999144
28851438 15999144
15982575 15999144
15938913 15999144
28659476 15999144
15926066 15999144
39862867 15999144
15938914 15999144
15970263 15999144
15890918 15999144
28660219 15999144
15900051 15999144
28659589 15999144
15942240 15999144
15942978 15999144
15900056 15999144
15891882 15999144
15923964 15999144
42117294 15999144
15942244 15999144
15917939 15999144
15942247 15999144
15891883 15999144
15987695 15999144
28848063 15999144
15900058 15999144
15900059 15999144
15988536 15999144
15928666 15999144
15908997 15999144
15925149 15999144
10683578 15999144
15941643 15999144
15946991 15999144
15942250 15999144
15970354 15999144
16007985 15999144
15900060 15999144
28659348 15999144
28660322 15999144
16005629 15999144
15992708 15999144
15952646 15999144
15905664 15999144
15952655 15999144
15952658 15999144
15952659 15999144
15952665 15999144
42117295 15999144
15920945 15999144
15909505 15999144
15926707 15999144
15922727 15999144
28660080 15999144
15938924 15999144
15938925 15999144
15937095 15999144
15951869 15999144
15986301 15999144
15988540 15999144
15916221 15999144
28660029 15999144
15942260 15999144
15942261 15999144
15942262 15999144
15923821 15999144
15910572 15999144
15942263 15999144
15970013 15999144
15920274 15999144
28785682 15999144
15984640 15999144
15926240 15999144
15908449 15999144
15943313 15999144
15943260 15999144
15943270 15999144
15943277 15999144
15943309 15999144
28659698 15999144
15988483 15999144
15986386 15999144
15953371 15999144
15917879 15999144
15945762 15999144
15942266 15999144
15942267 15999144
15942268 15999144
15942269 15999144
42117296 15999144
42117297 15999144
15892178 15999144
15890031 15999144
15983149 15999144
15932429 15999144
15912808 15999144
15984259 15999144
15984261 15999144
15934333 15999144
15938931 15999144
15926172 15999144
15991526 15999144
15953228 15999144
15898831 15999144
15906192 15999144
15924620 15999144
15899931 15999144
28659591 15999144
15938934 15999144
15896608 15999144
15927609 15999144
15986866 15999144
16019170 15999144
15987935 15999144
15971185 15999144
15940636 15999144
15941639 15999144
15910600 15999144
860665 15999144
15892825 15999144
15986477 15999144
15911966 15999144
15937090 15999144
16017174 15999144
15937786 15999144
15938939 15999144
15909535 15999144
15987702 15999144
16007333 15999144
28659343 15999144
28848080 15999144
15988388 15999144
15908609 15999144
28848098 15999144
15907803 15999144
28660299 15999144
15938944 15999144
39862415 15999144
15950825 15999144
28660354 15999144
15986870 15999144
15985961 15999144
15984999 15999144
15933513 15999144
15992072 15999144
15943290 15999144
28659744 15999144
15986399 15999144
39861783 15999144
15910581 15999144
15942272 15999144
15942273 15999144
15986428 15999144
42117298 15999144
15942275 15999144
15942276 15999144
15942277 15999144
15907474 15999144
15892191 15999144
28659269 15999144
16013661 15999144
15889625 15999144
15953298 15999144
15933012 15999144
15971411 15999144
15987693 15999144
28851215 15999144
28848502 15999144
28659277 15999144
15891118 15999144
28851378 15999144
15892917 15999144
15946988 15999144
15987717 15999144
15973325 15999144
7678911 15999144
15971451 15999144
15988440 15999144
28659848 15999144
28659910 15999144
15938951 15999144
15905083 15999144
15938952 15999144
28659699 15999144
39863040 15999144
28659746 15999144
15950658 15999144
15922681 15999144
15925603 15999144
15942985 15999144
15965116 15999144
15893259 15999144
15893263 15999144
15891472 15999144
15932550 15999144
15979495 15999144
15905899 15999144
15950866 15999144
15900078 15999144
15890305 15999144
15893267 15999144
15921363 15999144
15968776 15999144
14798053 15999144
15926560 15999144
15938959 15999144
15889626 15999144
15926848 15999144
15947268 15999144
15951230 15999144
15951229 15999144
15951225 15999144
15909568 15999144
15951220 15999144
15951025 15999144
15891198 15999144
15926858 15999144
15907788 15999144
15938960 15999144
15908588 15999144
15951397 15999144
15926748 15999144
15918034 15999144
15938962 15999144
16014330 15999144
15942285 15999144
15942286 15999144
15942287 15999144
15951472 15999144
15908998 15999144
15951475 15999144
15951479 15999144
15922484 15999144
15922985 15999144
15983201 15999144
15951423 15999144
15932505 15999144
42117299 15999144
15933908 15999144
15932506 15999144
15999992 15999144
15911949 15999144
15996569 15999144
15942377 15999144
15980721 15999144
15973108 15999144
15987322 15999144
15965334 15999144
15900081 15999144
15900082 15999144
15939039 15999144
3949408 15999144
15926343 15999144
15945418 15999144
3949943 15999144
15942834 15999144
15942291 15999144
15894541 15999144
15942296 15999144
15942297 15999144
15900084 15999144
15891884 15999144
15941948 15999144
15907609 15999144
15905581 15999144
15918510 15999144
15938648 15999144
10590290 15999144
15029399 15999144
3775422 15999144
6824031 15999144
15938972 15999144
16018011 15999144
15992695 15999144
15892958 15999144
860786 15999144
15890890 15999144
3968455 15999144
15989691 15999144
15910445 15999144
28659363 15999144
3916436 15999144
7974691 15999144
28787289 15999144
15909519 15999144
15938649 15999144
860243 15999144
2658551 15999144
864559 15999144
15940651 15999144
3932390 15999144
15912728 15999144
15972744 15999144
3889311 15999144
848000 15999144
16524929 15999144
15983051 15999144
16534245 15999144
3932396 15999144
15938977 15999144
15029449 15999144
16525592 15999144
15925996 15999144
15938981 15999144
15912719 15999144
15992793 15999144
15972913 15999144
15900508 15999144
15901894 15999144
8088610 15999144
15910474 15999144
864370 15999144
15973115 15999144
3895590 15999144
28853116 15999144
16528593 15999144
16527828 15999144
3897521 15999144
15934700 15999144
16009032 15999144
3951461 15999144
15938984 15999144
15935856 15999144
14798976 15999144
28848037 15999144
15892292 15999144
833627 15999144
3935672 15999144
860945 15999144
15029504 15999144
15901853 15999144
15901212 15999144
7930369 15999144
7695440 15999144
15910501 15999144
860706 15999144
16003625 15999144
15954191 15999144
15938985 15999144
28659274 15999144
15929199 15999144
15911400 15999144
860776 15999144
15925998 15999144
15919374 15999144
15962196 15999144
15103177 15999144
859688 15999144
2640869 15999144
15942988 15999144
28660315 15999144
15907729 15999144
7950689 15999144
3885710 15999144
2641465 15999144
15965287 15999144
15938988 15999144
15983100 15999144
848002 15999144
832590 15999144
15897145 15999144
15961566 15999144
860750 15999144
832600 15999144
15910592 15999144
2700948 15999144
28659670 15999144
28659543 15999144
28660216 15999144
15966850 15999144
28660097 15999144
28659969 15999144
15942300 15999144
39865086 15999144
39865079 15999144
39865082 15999144
857163 15999144
848014 15999144
15971322 15999144
15893270 15999144
3917957 15999144
16017564 15999144
15973739 15999144
15958178 15999144
42117300 15999144
15892208 15999144
15926664 15999144
15892348 15999144
15921829 15999144
15896027 15999144
15911223 15999144
7916329 15999144
857158 15999144
16004958 15999144
15898402 15999144
15973809 15999144
15948115 15999144
848534 15999144
15973902 15999144
15890824 15999144
15987289 15999144
8045741 15999144
15974091 15999144
15938991 15999144
860211 15999144
15909506 15999144
844141 15999144
8014713 15999144
7963812 15999144
15910454 15999144
8021569 15999144
8062824 15999144
7917565 15999144
7939595 15999144
7930793 15999144
7917828 15999144
7927176 15999144
8013482 15999144
28659380 15999144
28660225 15999144
28659275 15999144
28659617 15999144
15905753 15999144
15900092 15999144
28787000 15999144
15941737 15999144
28660082 15999144
42117301 15999144
42117302 15999144
42117303 15999144
42117304 15999144
42117305 15999144
42117306 15999144
42117307 15999144
42117308 15999144
42117309 15999144
42117310 15999144
42117311 15999144
42117312 15999144
42117313 15999144
42117314 15999144
42117315 15999144
42117316 15999144
42117317 15999144
42117318 15999144
15925968 15999144
42117319 15999144
42117320 15999144
15926405 15999144
15942301 15999144
832539 15999144
3885212 15999144
39865140 15999144
15928115 15999144
15930267 15999144
28659815 15999144
28659418 15999144
15913268 15999144
28660270 15999144
28659650 15999144
28659651 15999144
28660098 15999144
15938532 15999144
15996177 15999144
28659318 15999144
15996308 15999144
39865206 15999144
42117321 15999144
15890629 15999144
15938552 15999144
42117322 15999144
28853190 15999144
15896927 15999144
28659409 15999144
28659442 15999144
15900094 15999144
42117323 15999144
15910876 15999144
15926861 15999144
15954350 15999144
15894444 15999144
10685367 15999144
15899539 15999144
15945763 15999144
15936686 15999144
15951946 15999144
15893252 15999144
3921663 15999144
15942991 15999144
7486875 15999144
16008687 15999144
14808177 15999144
15969023 15999144
15951426 15999144
28659515 15999144
15892976 15999144
832572 15999144
15926435 15999144
15970361 15999144
15992667 15999144
28848054 15999144
16001288 15999144
15984398 15999144
15902865 15999144
3978504 15999144
860738 15999144
15909511 15999144
15939116 15999144
15924623 15999144
15893226 15999144
860334 16000497
15986111 16000497
15996756 16000497
15891531 16000497
15904863 16000497
16008510 16000497
28659371 16000497
15892950 16000497
15893297 16000497
28659686 16000497
15890648 16000497
16016304 16000497
3928705 16000497
15938774 16000497
860667 16000497
15894944 16000497
15985940 16000497
16004426 16000497
15899974 16000497
28659257 16000497
15908893 16000497
16529670 16000497
15979275 16000497
15894447 16000497
15943095 16000497
3886313 16000497
28853199 16000497
28659895 16000497
15897427 16000497
14797490 16000497
28854697 16000497
848010 16000497
42117324 16000497
16012267 16000497
15897990 16000497
28812859 16000497
42117325 16000497
15922185 16000497
15938776 16000497
15952628 16000497
3946048 16000497
28659520 16000497
15921433 16000497
15908901 16000497
15973771 16000497
7953862 16000497
15905873 16000497
15901852 16000497
42117326 16000497
1016892 16000497
3956020 16000497
15951894 16000497
15968784 16000497
15941986 16000497
15941619 16000497
3976395 16000497
8085670 16000497
7915059 16000497
8165667 16000497
8066662 16000497
7929455 16000497
7969545 16000497
7917484 16000497
2691217 16000497
8092807 16000497
8152805 16000497
15899591 16000497
7927845 16000497
16006798 16000497
8062902 16000497
15973946 16000497
8007901 16000497
15899981 16000497
39861730 16000497
3975003 16000497
16017201 16000497
15921850 16000497
7915285 16000497
8139279 16000497
8137942 16000497
8143557 16000497
28659675 16000497
7964378 16000497
8069972 16000497
7923922 16000497
15908937 16000497
15894419 16000497
15942408 16000497
15994631 16000497
8070160 16000497
15926548 16000497
28659924 16000497
16003955 16000497
833619 16000497
15926651 16000497
42117327 16000497
15909422 16000497
15918587 16000497
859151 16000497
16530709 16000497
2634883 16000497
2694119 16000497
15926813 16000497
16010630 16000497
15947689 16000497
15898359 16000497
15920135 16000497
15994364 16000497
28851226 16000497
15972251 16000497
15941996 16000497
15907377 16000497
15999314 16000497
15915591 16000497
15986139 16000497
15992761 16000497
15941998 16000497
15939125 16000497
15942382 16000497
15951182 16000497
15899985 16000497
15938791 16000497
15930197 16000497
15915601 16000497
15979750 16000497
28659492 16000497
28659358 16000497
15942004 16000497
15930492 16000497
28659846 16000497
15899986 16000497
15938542 16000497
15989399 16000497
15893496 16000497
15930873 16000497
15993560 16000497
15989850 16000497
15947697 16000497
15930867 16000497
15919935 16000497
15938190 16000497
15987839 16000497
15942016 16000497
15992753 16000497
28659556 16000497
15930196 16000497
28659292 16000497
15917029 16000497
15938795 16000497
15972236 16000497
15925939 16000497
15917412 16000497
15938796 16000497
15938797 16000497
28852423 16000497
16008674 16000497
15942543 16000497
28659801 16000497
15899990 16000497
15971042 16000497
15994022 16000497
15948631 16000497
15993995 16000497
15971353 16000497
15987732 16000497
15972146 16000497
15994016 16000497
15941667 16000497
15993908 16000497
15913245 16000497
28855501 16000497
15953241 16000497
28659525 16000497
15933088 16000497
15938810 16000497
15942058 16000497
16004036 16000497
15890913 16000497
15890914 16000497
15986518 16000497
16003759 16000497
15942063 16000497
15942064 16000497
15951188 16000497
15930266 16000497
15930274 16000497
15937085 16000497
15931096 16000497
28660234 16000497
15992734 16000497
15988538 16000497
15942070 16000497
16017966 16000497
15942954 16000497
15942955 16000497
15951193 16000497
15942451 16000497
28659560 16000497
15997626 16000497
15988460 16000497
15992778 16000497
15924612 16000497
16016918 16000497
15980185 16000497
15942546 16000497
16001197 16000497
15982711 16000497
15942544 16000497
28850423 16000497
15930273 16000497
15930272 16000497
15930275 16000497
15942077 16000497
15941277 16000497
15901573 16000497
15913102 16000497
15951441 16000497
15930939 16000497
15913248 16000497
15942957 16000497
28659474 16000497
15938825 16000497
28805805 16000497
15925175 16000497
15905159 16000497
28659396 16000497
28659604 16000497
16014251 16000497
28659280 16000497
28659659 16000497
15894323 16000497
15953906 16000497
15892909 16000497
15892910 16000497
8068433 16000497
15892911 16000497
15952641 16000497
15942086 16000497
15890438 16000497
15986390 16000497
28659469 16000497
15947893 16000497
15982360 16000497
28659387 16000497
15935677 16000497
42117328 16000497
15930773 16000497
15892856 16000497
15935636 16000497
28660291 16000497
15994297 16000497
15942091 16000497
28659551 16000497
28659827 16000497
28659663 16000497
8066849 16000497
15984800 16000497
16533097 16000497
15926610 16000497
15997262 16000497
15994848 16000497
15938835 16000497
15938836 16000497
844400 16000497
15942093 16000497
860318 16000497
16019086 16000497
28659632 16000497
39864860 16000497
15999612 16000497
7962469 16000497
42117329 16000497
42117330 16000497
15899993 16000497
15905553 16000497
39864870 16000497
28659397 16000497
42117331 16000497
15938840 16000497
15942357 16000497
15909442 16000497
8094714 16000497
15938843 16000497
15926696 16000497
28659355 16000497
15951474 16000497
2683619 16000497
15948968 16000497
15922225 16000497
28847858 16000497
15938844 16000497
28659563 16000497
28659987 16000497
28660190 16000497
3921041 16000497
28659953 16000497
28659564 16000497
28660328 16000497
14797276 16000497
28855557 16000497
15920755 16000497
2643818 16000497
15905590 16000497
28659641 16000497
15922640 16000497
15983287 16000497
28659341 16000497
15907405 16000497
15994034 16000497
15956163 16000497
16009700 16000497
15938847 16000497
15952838 16000497
15910816 16000497
28659412 16000497
28659431 16000497
28659813 16000497
28659936 16000497
3983838 16000497
15941284 16000497
28659851 16000497
28659615 16000497
15928639 16000497
15953911 16000497
42117332 16000497
15967460 16000497
15910263 16000497
15938848 16000497
15947694 16000497
28660273 16000497
833637 16000497
15998176 16000497
15941348 16000497
15909471 16000497
860115 16000497
28659990 16000497
15942113 16000497
28848135 16000497
15926649 16000497
28659259 16000497
15911556 16000497
15942114 16000497
28850269 16000497
15987715 16000497
28659729 16000497
15894661 16000497
28659756 16000497
28660218 16000497
28848225 16000497
15893300 16000497
42117333 16000497
15942122 16000497
28659701 16000497
42117334 16000497
28853208 16000497
15948376 16000497
15889622 16000497
15894427 16000497
15894429 16000497
15972629 16000497
28659622 16000497
15920722 16000497
28847896 16000497
15926687 16000497
39862282 16000497
15984952 16000497
15909517 16000497
15987285 16000497
28659285 16000497
15913254 16000497
15947274 16000497
15930161 16000497
15986376 16000497
28660340 16000497
15987691 16000497
15938860 16000497
28659282 16000497
28660319 16000497
15906185 16000497
15900005 16000497
15906186 16000497
15924852 16000497
15953520 16000497
15890650 16000497
28785722 16000497
15926815 16000497
28659745 16000497
15925044 16000497
15967166 16000497
28660056 16000497
15900015 16000497
28659973 16000497
15947093 16000497
42117335 16000497
28659381 16000497
39862768 16000497
15941609 16000497
15938866 16000497
15987287 16000497
15900019 16000497
15900023 16000497
15890916 16000497
28850950 16000497
20191209 16000497
15896535 16000497
15890163 16000497
15900024 16000497
15983511 16000497
39862004 16000497
15938870 16000497
39862772 16000497
42117336 16000497
15927715 16000497
15927716 16000497
28660317 16000497
15938872 16000497
15899230 16000497
42117337 16000497
39862152 16000497
28659814 16000497
28660179 16000497
28659296 16000497
15985304 16000497
28659483 16000497
28660186 16000497
28660188 16000497
15932425 16000497
42117338 16000497
15942968 16000497
15889323 16000497
28660075 16000497
15987698 16000497
15932219 16000497
15932221 16000497
15942161 16000497
15943281 16000497
15946118 16000497
15943287 16000497
15938875 16000497
15938389 16000497
15986526 16000497
28660154 16000497
15900039 16000497
28659436 16000497
15987282 16000497
15893367 16000497
15986503 16000497
15983517 16000497
15925535 16000497
15992834 16000497
15987689 16000497
15969031 16000497
16005847 16000497
15897119 16000497
28660349 16000497
15953243 16000497
28660163 16000497
15988485 16000497
15941346 16000497
15938882 16000497
15927749 16000497
16019442 16000497
42117339 16000497
28853303 16000497
15926593 16000497
15973968 16000497
15939380 16000497
15947096 16000497
28659711 16000497
15895060 16000497
15948281 16000497
15952812 16000497
3982348 16000497
15990620 16000497
15936707 16000497
15910898 16000497
15951461 16000497
15938893 16000497
15913260 16000497
15952927 16000497
15952824 16000497
15938894 16000497
42117340 16000497
16020358 16000497
39861898 16000497
15922251 16000497
16003953 16000497
15931210 16000497
42117341 16000497
15969790 16000497
15938899 16000497
15895914 16000497
16529646 16000497
15988259 16000497
15941139 16000497
15899284 16000497
15960055 16000497
16013922 16000497
15969809 16000497
15924617 16000497
28659575 16000497
15969811 16000497
15921262 16000497
15951152 16000497
15969817 16000497
28787743 16000497
28660221 16000497
28660233 16000497
15899957 16000497
28660223 16000497
16012984 16000497
16000948 16000497
28659897 16000497
15926891 16000497
15984994 16000497
3913934 16000497
28787538 16000497
42117342 16000497
15914470 16000497
28659790 16000497
15970063 16000497
15936295 16000497
15894439 16000497
15893303 16000497
15996672 16000497
15890288 16000497
3907133 16000497
15891650 16000497
28659642 16000497
15974445 16000497
15918555 16000497
28785945 16000497
15890879 16000497
15890883 16000497
28660341 16000497
15890889 16000497
28853118 16000497
42117343 16000497
15891338 16000497
16006093 16000497
15986143 16000497
15926821 16000497
15950887 16000497
28660125 16000497
15938915 16000497
15994345 16000497
15938917 16000497
15971120 16000497
15987931 16000497
15938919 16000497
16011106 16000497
15926522 16000497
15942249 16000497
15942796 16000497
15951337 16000497
15951832 16000497
15967629 16000497
15909418 16000497
15966912 16000497
15942252 16000497
15924619 16000497
15970224 16000497
15970506 16000497
15971337 16000497
15911368 16000497
42117344 16000497
15951850 16000497
15926899 16000497
15951841 16000497
42117345 16000497
15952661 16000497
15891530 16000497
15932187 16000497
28659586 16000497
15926629 16000497
15918252 16000497
15905745 16000497
15900061 16000497
15923823 16000497
16011111 16000497
15971157 16000497
15940783 16000497
28659493 16000497
15907621 16000497
15928640 16000497
15928641 16000497
15918633 16000497
42117346 16000497
15945759 16000497
28659766 16000497
15952715 16000497
15938930 16000497
15984257 16000497
15984265 16000497
15910259 16000497
15941094 16000497
15931204 16000497
15984401 16000497
15984403 16000497
15906193 16000497
28660203 16000497
28659736 16000497
42117347 16000497
15955519 16000497
15987771 16000497
16020375 16000497
16007892 16000497
15950802 16000497
15910432 16000497
15971314 16000497
28660164 16000497
15890735 16000497
28659913 16000497
28659441 16000497
16010572 16000497
15938945 16000497
28659378 16000497
15953766 16000497
15900066 16000497
39863015 16000497
15971362 16000497
15900069 16000497
15890317 16000497
42117348 16000497
15946120 16000497
42117349 16000497
39862925 16000497
28659303 16000497
28659354 16000497
39862395 16000497
15942981 16000497
15893307 16000497
15913033 16000497
28659996 16000497
15942274 16000497
15900071 16000497
39861733 16000497
15985469 16000497
28659270 16000497
15984996 16000497
39862564 16000497
15967778 16000497
15925524 16000497
10683745 16000497
10683746 16000497
28659916 16000497
15933092 16000497
15893334 16000497
15988071 16000497
39862759 16000497
28660293 16000497
28785692 16000497
15946986 16000497
16006528 16000497
28852321 16000497
28787156 16000497
16012947 16000497
16016184 16000497
28659991 16000497
15938950 16000497
16019181 16000497
15908010 16000497
15900077 16000497
15893260 16000497
15893261 16000497
15893262 16000497
15893264 16000497
15893265 16000497
15893266 16000497
15950994 16000497
15932591 16000497
3900093 16000497
15907187 16000497
15926584 16000497
15938958 16000497
15901224 16000497
15915597 16000497
15951218 16000497
15933950 16000497
15951029 16000497
15951031 16000497
15926237 16000497
15931220 16000497
15906062 16000497
15959451 16000497
15896024 16000497
15983191 16000497
15951428 16000497
15931012 16000497
15906901 16000497
16019818 16000497
15951481 16000497
15938964 16000497
15951415 16000497
15957069 16000497
15899333 16000497
15961921 16000497
15952718 16000497
15900080 16000497
15942288 16000497
15942289 16000497
15945834 16000497
15930934 16000497
15958286 16000497
15941965 16000497
16018200 16000497
15942294 16000497
16008028 16000497
15890651 16000497
16010576 16000497
15938968 16000497
7949625 16000497
22176456 16000497
8081807 16000497
860746 16000497
15972006 16000497
857153 16000497
863983 16000497
15926438 16000497
16016966 16000497
15926402 16000497
15946956 16000497
28794451 16000497
832580 16000497
7670343 16000497
8081890 16000497
15910440 16000497
28659512 16000497
15972282 16000497
2672827 16000497
12465861 16000497
15983626 16000497
1665687 16000497
15029408 16000497
14797955 16000497
15972341 16000497
15916418 16000497
15994274 16000497
860372 16000497
860368 16000497
28848473 16000497
15910450 16000497
14798967 16000497
15910452 16000497
16527393 16000497
7929922 16000497
15938976 16000497
15975062 16000497
16534530 16000497
15956657 16000497
15947355 16000497
16001747 16000497
15005713 16000497
8082179 16000497
8045383 16000497
848004 16000497
3922867 16000497
2687031 16000497
28847879 16000497
3970100 16000497
15972859 16000497
3778667 16000497
15935246 16000497
15938982 16000497
860675 16000497
15926939 16000497
15029467 16000497
861246 16000497
7927658 16000497
7950338 16000497
6822231 16000497
20600848 16000497
3953475 16000497
15889629 16000497
16530753 16000497
15973122 16000497
15892239 16000497
15029488 16000497
15919734 16000497
15965924 16000497
16009162 16000497
848958 16000497
15997049 16000497
16009615 16000497
12473785 16000497
855992 16000497
15009725 16000497
8093749 16000497
15998378 16000497
7924216 16000497
15938045 16000497
3781012 16000497
15973324 16000497
15973332 16000497
15942946 16000497
15969105 16000497
16534058 16000497
7488480 16000497
15973350 16000497
15900087 16000497
7954229 16000497
8082282 16000497
861479 16000497
14798222 16000497
15950294 16000497
15938989 16000497
15953680 16000497
15029571 16000497
2679514 16000497
15900088 16000497
832553 16000497
28659616 16000497
15986414 16000497
39865077 16000497
8068465 16000497
15942989 16000497
15915186 16000497
860247 16000497
14797212 16000497
15986755 16000497
15892240 16000497
15910597 16000497
15973777 16000497
8104012 16000497
28659364 16000497
15935742 16000497
15893383 16000497
15911243 16000497
7937648 16000497
15911245 16000497
15984334 16000497
860229 16000497
15974103 16000497
15905166 16000497
15900089 16000497
15900090 16000497
7950336 16000497
8142386 16000497
7932756 16000497
15900091 16000497
8081904 16000497
8045743 16000497
8052241 16000497
8241824 16000497
8081877 16000497
8081835 16000497
7913580 16000497
7915542 16000497
7911702 16000497
8082323 16000497
8150002 16000497
8066881 16000497
15891885 16000497
16012571 16000497
42117350 16000497
42117351 16000497
42117352 16000497
42117353 16000497
15991395 16000497
15989645 16000497
15928116 16000497
28660173 16000497
16001391 16000497
28659664 16000497
28659342 16000497
39865174 16000497
15958200 16000497
28659655 16000497
28659873 16000497
28659350 16000497
15987740 16000497
28660241 16000497
15939686 16000497
15983306 16000497
42117354 16000497
15892461 16000497
3893150 16000497
15999896 16000497
15893251 16000497
15890400 16000497
28659514 16000497
15942302 16000497
15951174 16000497
15986499 16000497
16002370 16000497
3932394 16000497
28852497 16000497
15922035 16000497
28659443 16000497
15938996 16000497
15982456 16000497
28785696 16000497
15894445 16000497
15968859 16000497
28659681 16000497
7494574 16000497
15930593 16000497
28659384 16000497
3924605 16000497
832533 16001358
15979486 16001358
15930065 16001358
20404525 16001358
28851530 16001358
28660309 16001358
28660318 16001358
15906175 16001358
15926543 16001358
15926546 16001358
15897153 16001358
15952079 16001358
15899980 16001358
7995715 16001358
8083080 16001358
7944215 16001358
8081908 16001358
8051999 16001358
8052084 16001358
8081465 16001358
7925246 16001358
15926113 16001358
15945755 16001358
39862186 16001358
15957167 16001358
15921125 16001358
15906280 16001358
15907746 16001358
8081833 16001358
8051993 16001358
8052066 16001358
8051995 16001358
8104260 16001358
832529 16001358
15895289 16001358
15952077 16001358
15938784 16001358
15906777 16001358
15941992 16001358
15899983 16001358
15921268 16001358
16014164 16001358
15928128 16001358
15920806 16001358
15952624 16001358
15971802 16001358
15924607 16001358
15894421 16001358
15949075 16001358
28660346 16001358
15920622 16001358
15942000 16001358
15924608 16001358
15899988 16001358
15930513 16001358
28659360 16001358
39864423 16001358
15942019 16001358
15942022 16001358
28659867 16001358
15942026 16001358
16014792 16001358
15942038 16001358
15938793 16001358
28659679 16001358
15992751 16001358
15897825 16001358
15891335 16001358
15942040 16001358
15993869 16001358
15890738 16001358
15928127 16001358
15930689 16001358
15938801 16001358
15938802 16001358
15982659 16001358
15924851 16001358
15967315 16001358
15922180 16001358
15942050 16001358
15994020 16001358
15938807 16001358
15938808 16001358
15922720 16001358
16012658 16001358
15906181 16001358
28659803 16001358
15952090 16001358
15938816 16001358
15984643 16001358
15932573 16001358
15996659 16001358
15892831 16001358
15938820 16001358
15930972 16001358
15931013 16001358
15951458 16001358
15942082 16001358
28659294 16001358
15899516 16001358
15906270 16001358
15906183 16001358
15892908 16001358
15942929 16001358
15024611 16001358
15892912 16001358
28659601 16001358
28660247 16001358
28659662 16001358
39864824 16001358
15942959 16001358
28659740 16001358
28659312 16001358
28659646 16001358
15892824 16001358
42117355 16001358
42117356 16001358
15892913 16001358
832956 16001358
42117357 16001358
42117358 16001358
28659825 16001358
28660316 16001358
42117359 16001358
42117360 16001358
42117361 16001358
15957875 16001358
8081917 16001358
15951399 16001358
7960218 16001358
7664972 16001358
28659648 16001358
859923 16001358
1971140 16001358
28660045 16001358
42117362 16001358
28659869 16001358
28660035 16001358
16017445 16001358
39865036 16001358
15950862 16001358
15029148 16001358
15923819 16001358
28659453 16001358
15924614 16001358
15906273 16001358
15948635 16001358
28851157 16001358
15919796 16001358
42117363 16001358
28851245 16001358
28660297 16001358
15926677 16001358
15984870 16001358
15902485 16001358
28850601 16001358
15966832 16001358
28659795 16001358
15894433 16001358
15890649 16001358
15926242 16001358
15928654 16001358
15926691 16001358
15984842 16001358
15953519 16001358
15907867 16001358
28660114 16001358
15942134 16001358
15894662 16001358
15900013 16001358
15918064 16001358
15937079 16001358
15938868 16001358
15900018 16001358
15927909 16001358
15923979 16001358
42117364 16001358
15967554 16001358
16017608 16001358
15903278 16001358
28659922 16001358
15986117 16001358
28659608 16001358
15987723 16001358
28659502 16001358
28660277 16001358
15942154 16001358
15942155 16001358
16000752 16001358
15953502 16001358
15986746 16001358
20404524 16001358
15900029 16001358
15942167 16001358
15905855 16001358
15900035 16001358
15942182 16001358
39862823 16001358
15968905 16001358
28659263 16001358
15987126 16001358
15899629 16001358
15928129 16001358
15928130 16001358
15986986 16001358
16002396 16001358
16001493 16001358
28659407 16001358
15922479 16001358
15988696 16001358
15942970 16001358
16016965 16001358
15942972 16001358
15942191 16001358
15890744 16001358
15890745 16001358
15890917 16001358
15924616 16001358
15951135 16001358
15997379 16001358
15969297 16001358
15907715 16001358
15901601 16001358
15952817 16001358
15894939 16001358
15952085 16001358
15922226 16001358
15938896 16001358
39862028 16001358
39862489 16001358
15892345 16001358
15973498 16001358
15897550 16001358
7489803 16001358
15984880 16001358
15901552 16001358
28659537 16001358
15942219 16001358
15984982 16001358
15927159 16001358
15986200 16001358
15951409 16001358
15942236 16001358
15942237 16001358
15951145 16001358
15988525 16001358
15911742 16001358
28660351 16001358
15952092 16001358
28659870 16001358
15917019 16001358
16009595 16001358
15951339 16001358
15938921 16001358
15951902 16001358
28852747 16001358
15942253 16001358
39862559 16001358
15926630 16001358
15983497 16001358
15970479 16001358
15923822 16001358
28659346 16001358
15935261 16001358
15891340 16001358
15931260 16001358
15926703 16001358
16002765 16001358
28854373 16001358
15997765 16001358
28854664 16001358
15938936 16001358
15987780 16001358
15938941 16001358
28659508 16001358
15900065 16001358
15984795 16001358
15998924 16001358
28659271 16001358
15992882 16001358
28659763 16001358
15894494 16001358
28659408 16001358
15938948 16001358
15950750 16001358
28659750 16001358
15987082 16001358
15950865 16001358
16534914 16001358
15952083 16001358
15971560 16001358
15956790 16001358
15919877 16001358
15951215 16001358
15941777 16001358
15942284 16001358
15938961 16001358
15951393 16001358
15983193 16001358
15901978 16001358
15938965 16001358
15895088 16001358
15958284 16001358
15945815 16001358
15891708 16001358
15980339 16001358
15968328 16001358
15889628 16001358
15941962 16001358
28855508 16001358
15942293 16001358
15983153 16001358
3888437 16001358
15893000 16001358
15951434 16001358
15899585 16001358
7950834 16001358
8056191 16001358
2635831 16001358
16017963 16001358
15910444 16001358
15893224 16001358
16007804 16001358
8081921 16001358
8081948 16001358
15892919 16001358
15984793 16001358
859680 16001358
15892959 16001358
15960340 16001358
15952687 16001358
8081815 16001358
15988035 16001358
15910476 16001358
15973132 16001358
15950826 16001358
3937158 16001358
15890293 16001358
15892960 16001358
16531074 16001358
14796871 16001358
15925154 16001358
7491034 16001358
860195 16001358
3885710 16001358
2635481 16001358
15902010 16001358
15908443 16001358
15908013 16001358
15970234 16001358
23982369 16001358
15932022 16001358
15896755 16001358
15937797 16001358
15892920 16001358
15005871 16001358
3950991 16001358
15901985 16001358
15952845 16001358
7929908 16001358
8090027 16001358
8052064 16001358
2660208 16001358
8077578 16001358
8266215 16001358
8266210 16001358
7952242 16001358
7927176 16001358
8081955 16001358
8073605 16001358
15890748 16001358
42117365 16001358
42117366 16001358
42117367 16001358
42117368 16001358
42117369 16001358
42117370 16001358
42117371 16001358
42117372 16001358
42117373 16001358
42117374 16001358
42117375 16001358
832570 16001358
28659816 16001358
28659817 16001358
28659872 16001358
28660183 16001358
15930067 16001358
2634364 16001358
15968307 16001358
15948614 16001358
8089058 16001358
8234462 16001358
15938999 16001358
39862156 16001358
