13775668 42318860
13775668 42318861
13760266 42318862
13760266 42318863
13760266 42318864
13760266 42318865
13748172 42318866
13788270 42318867
13788270 42318868
13788270 42318869
13788270 42318870
13750333 42318871
13750333 42318872
6593740 42318873
6593740 42318874
6593740 42318875
13757053 42318876
13759385 42318877
13759385 42318878
13744834 42318879
13760476 42318880
13765429 42318881
13760363 42318882
13760363 42318883
13753290 42318884
13753290 42318885
13753290 42318886
13749854 42318887
13749854 42318888
13749854 42318889
13756889 42318890
13756889 42318891
13756889 42318892
13756889 42318893
13756889 42318894
13756889 42318895
13767179 42318896
13767179 42318897
13745074 42318898
13745074 42318899
13745074 42318900
13772379 42318901
13772379 42318902
13772379 42318903
13756727 42318904
13756727 42318905
13756727 42318906
13756727 42318907
13756727 42318908
13748283 42318909
13750119 42318910
13750119 42318911
13759407 42318912
13759407 42318913
36758632 42318914
13778199 42318915
13760590 42318916
13760590 42318917
13760590 42318918
13760590 42318919
13760590 42318920
13772393 42318921
13772393 42318922
17864584 42318923
13760866 42318924
13760866 42318925
13760866 42318926
13760391 42318927
13760391 42318928
13760476 42318929
13760476 42318930
13760476 42318931
13790069 42318932
13790069 42318933
13753223 42318934
13753223 42318935
13753223 42318936
13767166 42318937
13767166 42318938
13757050 42318939
13757050 42318940
13757050 42318941
13757050 42318942
13760298 42318943
13760298 42318944
13757159 42318945
13757159 42318946
36758633 42318947
13757073 42318948
13757073 42318949
13756613 42318950
13795142 42318951
13795142 42318952
13795142 42318953
6568230 42318954
6568230 42318955
6568230 42318956
13790069 42318957
2734657 42318958
2734657 42318959
13768472 42318960
13788212 42318961
13788212 42318962
36758642 42318963
36758642 42318964
13763021 42318965
13763021 42318966
13757103 42318967
13757103 42318968
13751728 42318969
13758985 42318970
13758985 42318971
13796536 42318972
13796536 42318973
13796536 42318974
13796536 42318975
13796537 42318976
13796537 42318977
13796675 42318978
13796675 42318979
13753286 42318980
13780369 42318981
13780369 42318982
13788133 42318983
13788133 42318984
13757103 42318985
13757103 42318986
13796568 42318987
13748203 42318988
13750400 42318989
13750400 42318990
13795049 42318991
13795049 42318992
13795049 42318993
15587872 42318994
13748329 42318995
13795380 42318996
13795380 42318997
13795380 42318998
13774154 42318999
13780492 42319000
13780492 42319001
13780492 42319002
13780492 42319003
13780492 42319004
13749591 42319005
13749591 42319006
13749591 42319007
13760634 42319008
13760634 42319009
13760634 42319010
13760634 42319011
13760634 42319012
13760634 42319013
19094712 42319014
15658352 42319015
13753350 42319016
13781041 42319017
13780876 42319018
36758643 42319019
6569537 42319020
6569537 42319021
6569537 42319022
6569537 42319023
13761636 42319024
13791099 42319025
13753930 42319026
6557436 42319027
6557436 42319028
6557436 42319029
13767157 42319030
13755762 42319031
13755762 42319032
13760396 42319033
13796408 42319034
13745632 42319035
13750279 42319036
13772333 42319037
13772333 42319038
13753214 42319039
13753214 42319040
13788055 42319041
13788055 42319042
13788055 42319043
13753890 42319044
13757071 42319045
13757071 42319046
13757071 42319047
13757071 42319048
13757071 42319049
13757071 42319050
13757071 42319051
13757071 42319052
13757071 42319053
13757071 42319054
13745210 42319055
13772330 42319056
13772330 42319057
13772305 42319058
13772305 42319059
13749752 42319060
13775645 42319061
13775645 42319062
13775645 42319063
36758647 42319064
13745199 42319065
13745199 42319066
13745199 42319067
13796193 42319068
13796193 42319069
13796193 42319070
13796193 42319071
13796193 42319072
13753376 42319073
13753376 42319074
13753376 42319075
36758648 42319076
13760411 42319077
13760411 42319078
13757212 42319079
13757212 42319080
13757212 42319081
13772314 42319082
13772314 42319083
13788241 42319084
13760411 42319085
13750417 42319086
13750417 42319087
13750417 42319088
13761545 42319089
13761545 42319090
13761545 42319091
13759442 42319092
13762261 42319093
13762261 42319094
13762261 42319095
13762261 42319096
13762261 42319097
13772358 42319098
13772358 42319099
13752030 42319100
13753082 42319101
13753082 42319102
13753082 42319103
13755974 42319104
13755974 42319105
13788001 42319106
13788001 42319107
13788001 42319108
13788001 42319109
15713072 42319110
13796419 42319111
13795275 42319112
13795275 42319113
13795275 42319114
13796418 42319115
13746797 42319116
13745645 42319117
13763019 42319118
13763019 42319119
13763019 42319120
13795141 42319121
13795141 42319122
13795141 42319123
13753080 42319124
13753080 42319125
13753080 42319126
13759241 42319127
13759241 42319128
13755981 42319129
13755981 42319130
13759297 42319131
13759297 42319132
13788012 42319133
13788012 42319134
13756613 42319135
13756613 42319136
6558222 42319137
6558222 42319138
13756787 42319139
13756787 42319140
15622847 42319141
13762978 42319142
13762978 42319143
10682161 42319144
10682161 42319145
10682161 42319146
10682161 42319147
13746796 42319148
13746796 42319149
13762977 42319150
13762977 42319151
13762977 42319152
13762977 42319153
13770263 42319154
13770263 42319155
13749616 42319156
13749616 42319157
13749616 42319158
13796685 42319159
13795542 42319160
13744834 42319161
13744834 42319162
13756950 42319163
13756950 42319164
13746788 42319165
13781051 42319166
13748172 42319167
13748172 42319168
13748295 42319169
13748295 42319170
13756969 42319171
13756969 42319172
15587541 42319173
13795542 42319174
13772430 42319175
13772430 42319176
13759349 42319177
13759349 42319178
2704075 42319179
2704075 42319180
2704075 42319181
15422713 42319182
15422713 42319183
13759313 42319184
13759313 42319185
15524915 42319186
15524915 42319187
15524915 42319188
15524915 42319189
15524915 42319190
13748186 42319191
13748186 42319192
15587964 42319193
15587964 42319194
15587964 42319195
15658358 42319196
15658358 42319197
15658358 42319198
13795419 42319199
13795419 42319200
13795419 42319201
15587583 42319202
13759148 42319203
13770231 42319204
13757501 42319205
13757501 42319206
13770169 42319207
13770169 42319208
13770169 42319209
13788179 42319210
13788179 42319211
13760875 42319212
13760875 42319213
15643649 42319214
13794554 42319215
13794554 42319216
13778500 42319217
13778500 42319218
15706917 42319219
15706917 42319220
15706917 42319221
13753972 42319222
13753852 42319223
15707559 42319224
15465654 42319225
13754008 42319226
13749790 42319227
13749790 42319228
13749790 42319229
15707602 42319230
15707602 42319231
6620803 42319232
6620803 42319233
6620803 42319234
6620803 42319235
13757210 42319236
13757210 42319237
13757210 42319238
13756567 42319239
13756567 42319240
13756567 42319241
13756567 42319242
13756567 42319243
13756567 42319244
13753241 42319245
13753241 42319246
13753241 42319247
13778513 42319248
13778513 42319249
13778513 42319250
13759319 42319251
13759319 42319252
13759319 42319253
13760556 42319254
13760556 42319255
13760556 42319256
13760556 42319257
13796590 42319258
13796590 42319259
13796590 42319260
13749798 42319261
13749798 42319262
13796559 42319263
13796559 42319264
20823047 42319265
20823047 42319266
13760360 42319267
13760360 42319268
13760360 42319269
13760360 42319270
13760360 42319271
13760360 42319272
13756629 42319273
13756629 42319274
13756629 42319275
13756629 42319276
13756629 42319277
13756629 42319278
13756629 42319279
13756597 42319280
13756597 42319281
13756597 42319282
13756597 42319283
13756597 42319284
13756597 42319285
13756597 42319286
13795354 42319287
13795354 42319288
13795354 42319289
13756998 42319290
13756998 42319291
13756659 42319292
13756659 42319293
13756659 42319294
13756659 42319295
13756659 42319296
13756659 42319297
13756659 42319298
13753881 42319299
13753881 42319300
13796665 42319301
6743753 42319302
6743753 42319303
6743753 42319304
6743753 42319305
13795308 42319306
13795308 42319307
13795308 42319308
15713078 42319309
15690945 42319310
15690945 42319311
13790836 42319312
13796570 42319313
13796570 42319314
13796570 42319315
13756924 42319316
13756924 42319317
15713414 42319318
13788047 42319319
13788273 42319320
13788273 42319321
13778522 42319322
13778598 42319323
13796570 42319324
13756711 42319325
13756711 42319326
13756711 42319327
13796570 42319328
13795381 42319329
13795381 42319330
13795381 42319331
13768463 42319332
13768463 42319333
20823052 42319334
13788272 42319335
13753976 42319336
13796674 42319337
13796674 42319338
13795220 42319339
13795220 42319340
13749991 42319341
13795220 42319342
13768482 42319343
36757821 42319344
15636182 42319345
15636182 42319346
15636182 42319347
13760527 42319348
13781057 42319349
15546476 42319350
15546476 42319351
6581735 42319352
6581735 42319353
6581735 42319354
6581735 42319355
13795137 42319356
13756607 42319357
13753878 42319358
13780995 42319359
13780995 42319360
13758996 42319361
13758996 42319362
13758996 42319363
13778235 42319364
13778235 42319365
13778235 42319366
13780900 42319367
13780900 42319368
13780900 42319369
13788278 42319370
13788278 42319371
13788278 42319372
13788278 42319373
13759041 42319374
13759041 42319375
13760628 42319376
13760628 42319377
13760628 42319378
13760628 42319379
13760628 42319380
13760628 42319381
13760628 42319382
13757138 42319383
13757138 42319384
13756849 42319385
13756849 42319386
13757133 42319387
13757133 42319388
13757133 42319389
13757133 42319390
13757133 42319391
13757133 42319392
13757133 42319393
13757133 42319394
13757133 42319395
13760433 42319396
13760433 42319397
13760433 42319398
13760433 42319399
13770043 42319400
13770043 42319401
13753977 42319402
13760317 42319403
13753394 42319404
13753394 42319405
13753394 42319406
13746430 42319407
13746430 42319408
13750458 42319409
13750458 42319410
13750458 42319411
13750458 42319412
13750458 42319413
13793394 42319414
13768452 42319415
13793541 42319416
13763022 42319417
13763022 42319418
13763022 42319419
13763022 42319420
13763022 42319421
13757048 42319422
13757048 42319423
13757048 42319424
13757048 42319425
13757048 42319426
13757048 42319427
6578545 42319428
6578545 42319429
6578545 42319430
6578545 42319431
13789146 42319432
13789146 42319433
13760591 42319434
13763018 42319435
13763018 42319436
13788202 42319437
13788202 42319438
13757052 42319439
13757052 42319440
13757052 42319441
13757052 42319442
13757052 42319443
20815137 42319444
13780315 42319445
13780315 42319446
13780315 42319447
13753350 42319448
13753350 42319449
13788201 42319450
13788201 42319451
13746791 42319452
13753934 42319453
15676864 42319454
13762976 42319455
13762976 42319456
13790148 42319457
13790148 42319458
13788035 42319459
13788035 42319460
13788035 42319461
13788035 42319462
13788035 42319463
13788035 42319464
15643655 42319465
11444052 42319466
13788030 42319467
13788030 42319468
13788030 42319469
15676860 42319470
13790113 42319471
13790113 42319472
13790113 42319473
13747862 42319474
13747862 42319475
13747862 42319476
13772296 42319477
13772296 42319478
13756777 42319479
13756777 42319480
13748139 42319481
13748139 42319482
13788037 42319483
13788037 42319484
13788037 42319485
13788037 42319486
13788037 42319487
13764259 42319488
13764259 42319489
13795442 42319490
13795442 42319491
13768445 42319492
13760666 42319493
13778560 42319494
13778353 42319495
13778661 42319496
13745208 42319497
13745208 42319498
13750359 42319499
13750359 42319500
13762993 42319501
13762993 42319502
13762993 42319503
13788111 42319504
13788111 42319505
13762279 42319506
13762279 42319507
13762279 42319508
13762279 42319509
13788209 42319510
13788209 42319511
13788209 42319512
36758628 42319513
36758649 42319514
13788148 42319515
13788148 42319516
13788148 42319517
13788148 42319518
13788269 42319519
13788269 42319520
13772343 42319521
13772343 42319522
13788085 42319523
13788085 42319524
13760633 42319525
13760633 42319526
13760394 42319527
13760394 42319528
13760394 42319529
13760394 42319530
13750053 42319531
13750053 42319532
13795360 42319533
13795360 42319534
13788225 42319535
13788225 42319536
13788225 42319537
15587807 42319538
13753271 42319539
13753271 42319540
13753271 42319541
19094728 42319542
13749933 42319543
13749933 42319544
13794988 42319545
13794988 42319546
13794988 42319547
13795382 42319548
13795382 42319549
6593731 42319550
6593731 42319551
6593731 42319552
13795580 42319553
13795580 42319554
13795580 42319555
13778146 42319556
13778146 42319557
13788208 42319558
13788208 42319559
13788208 42319560
13788208 42319561
13788208 42319562
13788208 42319563
13788208 42319564
20821291 42319565
20821291 42319566
13756925 42319567
13756925 42319568
13756925 42319569
13756925 42319570
13756925 42319571
13756925 42319572
13756925 42319573
13759391 42319574
13759391 42319575
13748332 42319576
13748332 42319577
13761615 42319578
13761615 42319579
36758629 42319580
13795613 42319581
12099733 42319582
13760405 42319583
13760405 42319584
13760405 42319585
15713474 42319586
13797812 42319587
13778201 42319588
36758650 42319589
6576184 42319590
6576184 42319591
6576184 42319592
13767168 42319593
13767168 42319594
13772338 42319595
13772338 42319596
13794630 42319597
13790219 42319598
13790219 42319599
13790219 42319600
13762268 42319601
13762268 42319602
13790232 42319603
13790232 42319604
13790232 42319605
13790232 42319606
13749675 42319607
13760395 42319608
13760395 42319609
13760395 42319610
13760395 42319611
13760395 42319612
13756148 42319613
13756148 42319614
13756148 42319615
36757719 42319616
13752187 42319617
13752187 42319618
15676858 42319619
15422744 42319620
13788046 42319621
13788046 42319622
13795711 42319623
13795711 42319624
13795711 42319625
13756824 42319626
13756824 42319627
13756697 42319628
13756697 42319629
13756697 42319630
13756697 42319631
13756697 42319632
13756697 42319633
13756697 42319634
13758987 42319635
13758987 42319636
13762246 42319637
13762246 42319638
13762246 42319639
13762246 42319640
13762246 42319641
13760464 42319642
13760464 42319643
13760464 42319644
13760464 42319645
13755760 42319646
13750474 42319647
13750474 42319648
13750474 42319649
13750474 42319650
13772364 42319651
13772364 42319652
13795615 42319653
13757016 42319654
13757016 42319655
13756606 42319656
13756606 42319657
13756606 42319658
13756606 42319659
13750120 42319660
13750120 42319661
13750120 42319662
13796614 42319663
13796614 42319664
13795578 42319665
13795578 42319666
13795578 42319667
13746438 42319668
13746438 42319669
13746438 42319670
13746438 42319671
13774155 42319672
13774155 42319673
13774155 42319674
13795199 42319675
13795199 42319676
13795199 42319677
13746801 42319678
36758634 42319679
36758634 42319680
13749940 42319681
13749940 42319682
13749940 42319683
13796613 42319684
13757811 42319685
13757811 42319686
13756679 42319687
13756679 42319688
13756679 42319689
13756679 42319690
13756679 42319691
13756679 42319692
13760469 42319693
13760469 42319694
13760469 42319695
13761501 42319696
13761501 42319697
13761501 42319698
13759357 42319699
13759357 42319700
6560707 42319701
6560707 42319702
6560707 42319703
15713493 42319704
13788227 42319705
13788227 42319706
20822390 42319707
13795099 42319708
13795099 42319709
13795099 42319710
13757842 42319711
13757842 42319712
13757772 42319713
13757772 42319714
2997627 42319715
2997627 42319716
2997627 42319717
13745159 42319718
13745159 42319719
13745159 42319720
15690940 42319721
6723219 42319722
6723219 42319723
6723219 42319724
6723219 42319725
2714346 42319726
2714346 42319727
2714346 42319728
13759251 42319729
13757762 42319730
13753936 42319731
13753936 42319732
13796680 42319733
13796632 42319734
13796632 42319735
13796600 42319736
13796600 42319737
13756571 42319738
13756571 42319739
13756834 42319740
13756834 42319741
13757735 42319742
13750331 42319743
13795634 42319744
13795634 42319745
13795634 42319746
13756804 42319747
36758631 42319748
36758631 42319749
36758631 42319750
36758631 42319751
36758631 42319752
13788047 42319753
13788047 42319754
13788047 42319755
13788047 42319756
13788047 42319757
13788047 42319758
19094738 42319759
36757686 42319760
13753935 42319761
13753935 42319762
15637892 42319763
15637892 42319764
13770111 42319765
13750330 42319766
13796628 42319767
13796628 42319768
15510469 42319769
13757039 42319770
13757039 42319771
13788081 42319772
13788081 42319773
13757735 42319774
13796615 42319775
13796615 42319776
13752140 42319777
13752140 42319778
13760872 42319779
13760872 42319780
36758635 42319781
36758635 42319782
36758635 42319783
13796633 42319784
13796633 42319785
13756664 42319786
13756664 42319787
13796631 42319788
13760869 42319789
13760869 42319790
13790215 42319791
13790215 42319792
13790215 42319793
13790215 42319794
19094740 42319795
13756566 42319796
13756566 42319797
13756566 42319798
13756566 42319799
13756566 42319800
13760544 42319801
13766546 42319802
13766546 42319803
13753995 42319804
15583175 42319805
13757540 42319806
13757540 42319807
36758637 42319808
13795079 42319809
13795079 42319810
13795079 42319811
13756676 42319812
13756676 42319813
13756676 42319814
13756676 42319815
13756676 42319816
13795140 42319817
13795140 42319818
13795140 42319819
13780894 42319820
13780894 42319821
13748158 42319822
13748158 42319823
13759206 42319824
13759206 42319825
13759206 42319826
36758638 42319827
13781339 42319828
13756677 42319829
13756677 42319830
13756677 42319831
13756677 42319832
13756677 42319833
13756677 42319834
13756607 42319835
13756607 42319836
13756607 42319837
13756607 42319838
13756607 42319839
13748188 42319840
13748188 42319841
13788274 42319842
13788274 42319843
36758651 42319844
13795101 42319845
13795101 42319846
13795101 42319847
13795101 42319848
13795105 42319849
13795105 42319850
13795105 42319851
13795098 42319852
13795098 42319853
13795098 42319854
13748207 42319855
13748207 42319856
13757216 42319857
13757216 42319858
13757216 42319859
13795365 42319860
13795365 42319861
13795365 42319862
13795365 42319863
13772344 42319864
13772344 42319865
15713555 42319866
13760471 42319867
13760471 42319868
13760471 42319869
6561877 42319870
6561877 42319871
6561877 42319872
36758627 42319873
13759148 42319874
13746812 42319875
13746812 42319876
13746812 42319877
13746812 42319878
13770243 42319879
13753086 42319880
13753086 42319881
13753086 42319882
36758636 42319883
36758636 42319884
36758636 42319885
36758630 42319886
13794553 42319887
13794553 42319888
13755768 42319889
13755768 42319890
13750073 42319891
13750073 42319892
13750073 42319893
13759370 42319894
13759370 42319895
13749585 42319896
13795094 42319897
13795094 42319898
13795094 42319899
13770165 42319900
13770165 42319901
13770165 42319902
13795411 42319903
13795411 42319904
13795411 42319905
13749585 42319906
13795469 42319907
13788078 42319908
13788078 42319909
13788078 42319910
13788078 42319911
13796569 42319912
13768705 42319913
13772419 42319914
13760665 42319915
13760665 42319916
13760665 42319917
13760665 42319918
13760665 42319919
13760665 42319920
36758652 42319921
13767169 42319922
13767169 42319923
13753886 42319924
13788105 42319925
13788105 42319926
13788079 42319927
13788079 42319928
13788079 42319929
13788079 42319930
13788079 42319931
36758653 42319932
6558738 42319933
6558738 42319934
6558738 42319935
6558738 42319936
6558738 42319937
6558738 42319938
13750510 42319939
13750510 42319940
13757135 42319941
13757135 42319942
13757135 42319943
13757135 42319944
13796538 42319945
13796538 42319946
13760598 42319947
13760598 42319948
13760598 42319949
13753994 42319950
15665235 42319951
15665235 42319952
15525015 42319953
13788165 42319954
13788165 42319955
13788165 42319956
13788165 42319957
13756639 42319958
13756639 42319959
13756639 42319960
13756639 42319961
13794559 42319962
13794559 42319963
13755978 42319964
13755978 42319965
13746803 42319966
13746803 42319967
13753994 42319968
13753292 42319969
13753292 42319970
13753292 42319971
13787979 42319972
13787979 42319973
13787979 42319974
13787979 42319975
13796469 42319976
13796469 42319977
15713044 42319978
15713044 42319979
15713044 42319980
13760038 42319981
13760038 42319982
13759376 42319983
13759376 42319984
13757842 42319985
13760601 42319986
13760601 42319987
13760601 42319988
13768705 42319989
13768705 42319990
13759312 42319991
13788246 42319992
13788246 42319993
13770069 42319994
13770069 42319995
13770069 42319996
13787961 42319997
13787961 42319998
13787961 42319999
15587830 42320000
15587830 42320001
15502508 42320002
13759351 42320003
13756639 42320004
13788266 42320005
13788266 42320006
13788266 42320007
13788266 42320008
13772427 42320009
13772427 42320010
36758644 42320011
13763020 42320012
13763020 42320013
13746794 42320014
13746794 42320015
6586554 42320016
6586554 42320017
6586554 42320018
13749627 42320019
13772408 42320020
13772408 42320021
13770000 42320022
13781053 42320023
36758645 42320024
13754003 42320025
13754003 42320026
13763016 42320027
13763016 42320028
13760394 42320029
13760394 42320030
13760394 42320031
13760394 42320032
13760394 42320033
13749627 42320034
13749627 42320035
13749826 42320036
13749826 42320037
13749826 42320038
13756649 42320039
13756649 42320040
13788262 42320041
13788262 42320042
13797765 42320043
13797765 42320044
13750383 42320045
13750383 42320046
13750383 42320047
13750383 42320048
13760867 42320049
13760867 42320050
13760867 42320051
13761497 42320052
13761497 42320053
13788216 42320054
13788216 42320055
13760561 42320056
13760561 42320057
13760561 42320058
13760561 42320059
13760561 42320060
13760561 42320061
13760561 42320062
13762267 42320063
13762267 42320064
13762267 42320065
13762267 42320066
13762267 42320067
13762267 42320068
13746795 42320069
13746795 42320070
15713187 42320071
13745223 42320072
13760265 42320073
13760265 42320074
13760265 42320075
13760265 42320076
13760265 42320077
13760270 42320078
13760270 42320079
13760270 42320080
13760270 42320081
13766565 42320082
13766565 42320083
13761645 42320084
13761645 42320085
13761645 42320086
13758955 42320087
13758955 42320088
13758955 42320089
13766549 42320090
13766549 42320091
13766549 42320092
13794923 42320093
13794923 42320094
13745531 42320095
15713055 42320096
13760356 42320097
13760356 42320098
13795581 42320099
13795581 42320100
13795581 42320101
13778210 42320102
13763427 42320103
13763427 42320104
13763427 42320105
15713100 42320106
13757105 42320107
13757105 42320108
13756237 42320109
13772318 42320110
13772318 42320111
13772318 42320112
2714340 42320113
2714340 42320114
2714340 42320115
15587815 42320116
36757736 42320117
6558738 42320118
13746786 42320119
13746807 42320120
13788180 42320121
13788180 42320122
13788180 42320123
13790172 42320124
13790172 42320125
13796438 42320126
13757806 42320127
13757841 42320128
13757841 42320129
13756750 42320130
13756750 42320131
19624642 42320132
19624642 42320133
13788231 42320134
13756692 42320135
13756692 42320136
13756692 42320137
20827424 42320138
20827424 42320139
20827424 42320140
13768484 42320141
13768484 42320142
13768484 42320143
13757053 42320144
13757053 42320145
13757053 42320146
13757053 42320147
13760267 42320148
13760267 42320149
13760267 42320150
13753906 42320151
13753906 42320152
13749617 42320153
13749617 42320154
13749617 42320155
13762975 42320156
13762975 42320157
13762975 42320158
13760385 42320159
13760385 42320160
13760385 42320161
13760385 42320162
13760385 42320163
13760385 42320164
13760385 42320165
13772401 42320166
13772401 42320167
13759178 42320168
13759178 42320169
13784733 42320170
13784733 42320171
13756896 42320172
13753288 42320173
13753288 42320174
13753288 42320175
13787983 42320176
13787983 42320177
13790130 42320178
13753137 42320179
13753137 42320180
13753137 42320181
13760539 42320182
13756817 42320183
13756817 42320184
13756817 42320185
13756817 42320186
13772393 42320187
13756624 42320188
13756624 42320189
17721346 42320190
13785266 42320191
13768367 42320192
13788205 42320193
13788205 42320194
13788009 42320195
13788009 42320196
13788009 42320197
13757106 42320198
13757106 42320199
13756675 42320200
13756675 42320201
13756675 42320202
13756675 42320203
13756902 42320204
13756902 42320205
13756902 42320206
13756902 42320207
13760480 42320208
13788013 42320209
13788013 42320210
13788013 42320211
13749641 42320212
13749641 42320213
13749641 42320214
13749641 42320215
13759154 42320216
13759154 42320217
13746800 42320218
13749629 42320219
13749629 42320220
13749629 42320221
13790175 42320222
13790175 42320223
13790175 42320224
13759279 42320225
13759279 42320226
13760317 42320227
13759146 42320228
13759146 42320229
13794542 42320230
13794542 42320231
13794542 42320232
13750437 42320233
13750437 42320234
13775670 42320235
13788015 42320236
13788015 42320237
13788015 42320238
13760672 42320239
13760672 42320240
13795705 42320241
13795705 42320242
13795705 42320243
15713492 42320244
15713492 42320245
15713492 42320246
15713593 42320247
15713593 42320248
15713593 42320249
13763017 42320250
13763017 42320251
13760256 42320252
13760256 42320253
13760256 42320254
13795356 42320255
13795356 42320256
13795356 42320257
6688329 42320258
6688329 42320259
13795703 42320260
13795703 42320261
13795703 42320262
13760257 42320263
13760257 42320264
13760257 42320265
13760257 42320266
13758967 42320267
13758967 42320268
13758967 42320269
13772306 42320270
13772306 42320271
13760871 42320272
13760871 42320273
13760871 42320274
15500066 42320275
15500066 42320276
13750321 42320277
13750321 42320278
13750321 42320279
13756528 42320280
13756528 42320281
13756528 42320282
13756528 42320283
13756528 42320284
13756528 42320285
13753294 42320286
13760257 42320287
13760257 42320288
13760257 42320289
13760332 42320290
13760332 42320291
13760332 42320292
13753953 42320293
13760868 42320294
13760868 42320295
13760868 42320296
13760868 42320297
13788109 42320298
13788109 42320299
13759228 42320300
13753366 42320301
13753366 42320302
13753366 42320303
13750279 42320304
13750279 42320305
13750279 42320306
13759260 42320307
13795254 42320308
13795254 42320309
13795254 42320310
13795404 42320311
13795404 42320312
13795404 42320313
13788069 42320314
13788069 42320315
13788069 42320316
13788069 42320317
13795704 42320318
13795704 42320319
13795704 42320320
15546468 42320321
15546468 42320322
15546468 42320323
13781022 42320324
13781022 42320325
13795300 42320326
13795300 42320327
13795300 42320328
13759059 42320329
13759059 42320330
13756749 42320331
13756749 42320332
13774137 42320333
13774137 42320334
13774137 42320335
13774137 42320336
13795654 42320337
13795654 42320338
13795654 42320339
13761553 42320340
13761553 42320341
13772438 42320342
13772438 42320343
13772438 42320344
13761514 42320345
13761514 42320346
13761514 42320347
13784734 42320348
36758646 42320349
36758639 42320350
6593859 42320351
6593859 42320352
6593859 42320353
13768450 42320354
36758640 42320355
13757809 42320356
13757809 42320357
13780471 42320358
13780471 42320359
13780471 42320360
19094772 42320361
19094772 42320362
36758641 42320363
19094769 42320364
19094769 42320365
19094769 42320366
13795695 42320367
13795695 42320368
13795695 42320369
13780900 42320370
13763510 42320371
13763510 42320372
13751706 42320373
13751706 42320374
13760610 42320375
13760610 42320376
13762976 42320377
13762976 42320378
13762976 42320379
13793513 42320380
13793513 42320381
13793513 42320382
13774162 42320383
13748181 42320384
13748181 42320385
13748181 42320386
13796643 42320387
13796643 42320388
13748322 42320389
13773400 42320390
13756480 42320391
13756480 42320392
13752839 42320393
13752839 42320394
13752839 42320395
13752839 42320396
13752839 42320397
13745480 42320398
19624386 42320399
19624386 42320400
13745180 42320401
13745180 42320402
13745180 42320403
13759151 42320404
13759151 42320405
13749859 42320406
13749859 42320407
13749859 42320408
13795375 42320409
13795375 42320410
13795375 42320411
13778128 42320412
13778128 42320413
13778128 42320414
13778128 42320415
13767164 42320416
13767164 42320417
6593740 42320418
13777687 42320419
13777687 42320420
15587032 42320421
13788128 42320422
13788128 42320423
13788128 42320424
13788128 42320425
13749773 42320426
13749773 42320427
13749773 42320428
13773397 42320429
13773397 42320430
13773011 42320431
13773011 42320432
19097779 42320433
20815488 42320434
20815488 42320435
13763568 42320436
13763568 42320437
6577847 42320438
6577847 42320439
6587492 42320440
6587492 42320441
6587492 42320442
13763561 42320443
13763561 42320444
13763561 42320445
13749683 42320446
13749683 42320447
13760393 42320448
13760393 42320449
13751722 42320450
13751722 42320451
13751722 42320452
13764672 42320453
13764672 42320454
15586866 42320455
15586866 42320456
13756630 42320457
13756630 42320458
13796617 42320459
13796617 42320460
13796617 42320461
13780501 42320462
13780501 42320463
13795704 42320464
13795704 42320465
13795704 42320466
13757011 42320467
13757011 42320468
13757011 42320469
13756980 42320470
13756980 42320471
13756980 42320472
13756980 42320473
13761448 42320474
13761448 42320475
13757073 42320476
13757073 42320477
13795039 42320478
13795039 42320479
13795039 42320480
13795039 42320481
13796672 42320482
13796672 42320483
13796672 42320484
13796672 42320485
13796672 42320486
13796672 42320487
13796672 42320488
13751739 42320489
13789080 42320490
13795332 42320491
13753331 42320492
13753331 42320493
15665196 42320494
13752159 42320495
13752159 42320496
13755070 42320497
13755070 42320498
13755070 42320499
13755070 42320500
13755070 42320501
13750511 42320502
13750511 42320503
13750511 42320504
13749888 42320505
13749888 42320506
13749888 42320507
13775676 42320508
13759234 42320509
13759234 42320510
13750475 42320511
13750475 42320512
13750475 42320513
13750475 42320514
13785815 42320515
13785815 42320516
13756730 42320517
13756730 42320518
13756730 42320519
13756730 42320520
13796594 42320521
13796594 42320522
13796594 42320523
13759067 42320524
13759067 42320525
13758991 42320526
13758991 42320527
13758991 42320528
4504148 42320529
4504148 42320530
13788152 42320531
13788152 42320532
13788152 42320533
13768749 42320534
13768749 42320535
13795619 42320536
13795619 42320537
13795619 42320538
13795619 42320539
13764168 42320540
13764168 42320541
13748336 42320542
13748336 42320543
13755100 42320544
13764212 42320545
13764212 42320546
13763551 42320547
13763551 42320548
36759324 42320549
36759324 42320550
36759324 42320551
13759390 42320552
13759390 42320553
13759390 42320554
13788083 42320555
13788083 42320556
13788083 42320557
13778624 42320558
13778624 42320559
13772093 42320560
13772093 42320561
13790458 42320562
13790458 42320563
36759307 42320564
36759307 42320565
13751717 42320566
13751717 42320567
13748249 42320568
13748237 42320569
13795564 42320570
6586652 42320571
6586652 42320572
6586652 42320573
13761394 42320574
13761394 42320575
13761394 42320576
13780878 42320577
13780878 42320578
13780878 42320579
13751747 42320580
13751747 42320581
13795448 42320582
13795448 42320583
13795448 42320584
36759325 42320585
36759325 42320586
13756527 42320587
13756527 42320588
13756527 42320589
13790072 42320590
13790072 42320591
13790072 42320592
13752184 42320593
13752184 42320594
13794456 42320595
13795302 42320596
13795302 42320597
13795302 42320598
36759331 42320599
36759331 42320600
36759331 42320601
13769650 42320602
13788196 42320603
13788196 42320604
13788196 42320605
13763544 42320606
13763544 42320607
36759326 42320608
13795547 42320609
13795547 42320610
13795547 42320611
13795547 42320612
13755046 42320613
13760594 42320614
13760529 42320615
13795094 42320616
13795094 42320617
13795094 42320618
13748067 42320619
13748067 42320620
13748067 42320621
13748067 42320622
15587740 42320623
13788183 42320624
13788183 42320625
13764178 42320626
13764178 42320627
13764178 42320628
13763552 42320629
13763552 42320630
13777681 42320631
13777681 42320632
13773398 42320633
13796703 42320634
13796703 42320635
13796703 42320636
13760545 42320637
13751743 42320638
13793793 42320639
13793793 42320640
13793793 42320641
13753223 42320642
13753223 42320643
13753223 42320644
13753223 42320645
13745147 42320646
13797775 42320647
13797775 42320648
36759323 42320649
13788167 42320650
13788167 42320651
13788167 42320652
13788167 42320653
13788167 42320654
13759164 42320655
13759164 42320656
13745209 42320657
13745209 42320658
13745209 42320659
13760438 42320660
13760438 42320661
13760438 42320662
17022900 42320663
17022900 42320664
13753082 42320665
13753082 42320666
13753082 42320667
13790073 42320668
13790073 42320669
13790073 42320670
13756517 42320671
13756517 42320672
13756517 42320673
13756517 42320674
11444006 42320675
11444006 42320676
11444006 42320677
13775653 42320678
13775653 42320679
13752149 42320680
13752149 42320681
13752149 42320682
13756782 42320683
13756782 42320684
13768438 42320685
13768438 42320686
13754246 42320687
13754246 42320688
13775624 42320689
13775624 42320690
13775624 42320691
15448494 42320692
13749813 42320693
13749813 42320694
13749813 42320695
13760458 42320696
13760458 42320697
13795631 42320698
13795631 42320699
13795631 42320700
13750040 42320701
13788069 42320702
13788069 42320703
13788069 42320704
13781342 42320705
13781342 42320706
13781342 42320707
13781342 42320708
13788084 42320709
13788084 42320710
13788084 42320711
13788084 42320712
19094612 42320713
19094612 42320714
19094612 42320715
19094612 42320716
13752230 42320717
13752230 42320718
19094639 42320719
19094639 42320720
13780441 42320721
13780441 42320722
13772089 42320723
13788208 42320724
13788208 42320725
13788208 42320726
13788208 42320727
13788208 42320728
13745392 42320729
13745392 42320730
13745392 42320731
13760421 42320732
13760421 42320733
13760421 42320734
13760421 42320735
13790326 42320736
13790326 42320737
13790326 42320738
15448064 42320739
15448064 42320740
13759408 42320741
13759408 42320742
13750156 42320743
13750156 42320744
13772088 42320745
11441924 42320746
11441924 42320747
11441924 42320748
13753946 42320749
13753946 42320750
13795023 42320751
13795023 42320752
13759130 42320753
13759130 42320754
13758970 42320755
13758970 42320756
13758970 42320757
13758970 42320758
13758970 42320759
13778461 42320760
13778461 42320761
13778461 42320762
13760429 42320763
13760428 42320764
13748162 42320765
13748162 42320766
13748162 42320767
13748162 42320768
13788086 42320769
13788086 42320770
13778245 42320771
13778245 42320772
13778245 42320773
13788018 42320774
13788018 42320775
13759261 42320776
13759261 42320777
13759261 42320778
13795110 42320779
13795110 42320780
13795110 42320781
13744805 42320782
13744805 42320783
13745929 42320784
13745929 42320785
13745929 42320786
13778453 42320787
19094614 42320788
19094614 42320789
19094614 42320790
19094614 42320791
13761401 42320792
13761401 42320793
13761401 42320794
13778274 42320795
13778274 42320796
13778274 42320797
13748162 42320798
13748162 42320799
13748162 42320800
13794986 42320801
13794986 42320802
13794986 42320803
13761569 42320804
13761569 42320805
13752165 42320806
13752165 42320807
13752165 42320808
13772089 42320809
13795418 42320810
13795418 42320811
13795418 42320812
13754259 42320813
13770278 42320814
13796656 42320815
13796656 42320816
13796656 42320817
13793799 42320818
13793799 42320819
13764225 42320820
13764225 42320821
15546256 42320822
15546256 42320823
13748272 42320824
13748272 42320825
13748272 42320826
13759328 42320827
13759328 42320828
13759328 42320829
13778113 42320830
13778113 42320831
13778113 42320832
13778113 42320833
13749837 42320834
13749837 42320835
13749837 42320836
13770201 42320837
13796416 42320838
13795510 42320839
13795510 42320840
13795510 42320841
13768761 42320842
13768761 42320843
13768761 42320844
13786107 42320845
13786107 42320846
13797868 42320847
13797868 42320848
13754428 42320849
13754428 42320850
13754430 42320851
13754430 42320852
13753196 42320853
13748254 42320854
13748254 42320855
13748254 42320856
13795120 42320857
13795120 42320858
13795120 42320859
13761367 42320860
13761367 42320861
13761367 42320862
13795285 42320863
13795285 42320864
13795285 42320865
13761375 42320866
13761375 42320867
13761375 42320868
19623712 42320869
13795694 42320870
13795694 42320871
13795694 42320872
13795694 42320873
13795694 42320874
13760240 42320875
13760240 42320876
13760240 42320877
13795075 42320878
13795075 42320879
13795075 42320880
13795075 42320881
13795075 42320882
13795075 42320883
13775678 42320884
13775678 42320885
13749884 42320886
13749884 42320887
13761587 42320888
13759339 42320889
13759339 42320890
13756731 42320891
13756731 42320892
13753365 42320893
13753365 42320894
13791680 42320895
13756507 42320896
13756507 42320897
13756507 42320898
13756507 42320899
13756507 42320900
13760235 42320901
13760235 42320902
13760235 42320903
13760235 42320904
13755764 42320905
13755764 42320906
19097779 42320907
19097779 42320908
13780325 42320909
13780325 42320910
13753878 42320911
13753878 42320912
13773382 42320913
13784727 42320914
13784727 42320915
13750190 42320916
13750190 42320917
13750190 42320918
13759198 42320919
13759198 42320920
13759198 42320921
13760593 42320922
13760593 42320923
13760593 42320924
6468403 42320925
6468403 42320926
6468403 42320927
6468403 42320928
13753903 42320929
13753903 42320930
13790336 42320931
13790336 42320932
13761509 42320933
13761509 42320934
13768755 42320935
13768755 42320936
13790337 42320937
13757136 42320938
13757136 42320939
13757136 42320940
13790256 42320941
13790256 42320942
13790256 42320943
13790256 42320944
36759302 42320945
13795697 42320946
13795697 42320947
13795697 42320948
13795697 42320949
13795697 42320950
13760440 42320951
13760440 42320952
13786118 42320953
13786118 42320954
13753977 42320955
13753977 42320956
20815490 42320957
20815490 42320958
13771306 42320959
13771306 42320960
13771306 42320961
20820294 42320962
20820294 42320963
20820294 42320964
13790069 42320965
13790069 42320966
13749880 42320967
13749880 42320968
13749880 42320969
13790086 42320970
13764206 42320971
13764206 42320972
13764206 42320973
13764206 42320974
13797748 42320975
13797748 42320976
13760587 42320977
13760587 42320978
13788160 42320979
13788160 42320980
13750460 42320981
13750460 42320982
13753923 42320983
15713363 42320984
13760492 42320985
13760492 42320986
13760492 42320987
13754251 42320988
13749654 42320989
13749654 42320990
13756776 42320991
13756776 42320992
17022167 42320993
17022167 42320994
36758338 42320995
13794953 42320996
13794953 42320997
20823396 42320998
36759327 42320999
36759327 42321000
13748209 42321001
13748209 42321002
13748209 42321003
36759308 42321004
13754250 42321005
13760238 42321006
13760238 42321007
13760238 42321008
15713145 42321009
15713145 42321010
13756844 42321011
13756844 42321012
13762226 42321013
13762226 42321014
19660033 42321015
19660033 42321016
19660033 42321017
19660033 42321018
13761613 42321019
13761613 42321020
13775625 42321021
13775625 42321022
13760354 42321023
13760354 42321024
36759305 42321025
13780530 42321026
13780530 42321027
13773394 42321028
13771300 42321029
13771300 42321030
13771300 42321031
13778460 42321032
13778460 42321033
13754252 42321034
13754252 42321035
13754252 42321036
13754252 42321037
13772092 42321038
13772092 42321039
13765163 42321040
13745048 42321041
13795457 42321042
13795457 42321043
13795457 42321044
13795517 42321045
13795130 42321046
13795130 42321047
13795130 42321048
13795130 42321049
15659949 42321050
15659949 42321051
15659949 42321052
13797877 42321053
13759302 42321054
13759302 42321055
13795213 42321056
13795213 42321057
13795213 42321058
13774207 42321059
13774207 42321060
13797489 42321061
13797489 42321062
13760468 42321063
13760468 42321064
13754244 42321065
13754244 42321066
15447378 42321067
13793798 42321068
13752163 42321069
13752163 42321070
13753882 42321071
13753882 42321072
15587748 42321073
15713460 42321074
15713460 42321075
15713460 42321076
13754245 42321077
13754245 42321078
13751750 42321079
13751750 42321080
19669701 42321081
19669701 42321082
13778582 42321083
13778582 42321084
13778582 42321085
13787989 42321086
13787989 42321087
13752456 42321088
13762291 42321089
13762291 42321090
13760336 42321091
13760336 42321092
13757042 42321093
13751737 42321094
13755074 42321095
13755074 42321096
13755074 42321097
13763590 42321098
13763590 42321099
13797487 42321100
13797487 42321101
13794908 42321102
13794908 42321103
13762252 42321104
13762252 42321105
13760569 42321106
13760569 42321107
13760569 42321108
13762289 42321109
13762289 42321110
19621319 42321111
19621319 42321112
13797481 42321113
13797481 42321114
36759306 42321115
13756823 42321116
13756823 42321117
36759315 42321118
36759315 42321119
13790225 42321120
13790225 42321121
13790225 42321122
13750034 42321123
13750034 42321124
13754257 42321125
13754257 42321126
13754257 42321127
13750557 42321128
13750557 42321129
13750557 42321130
13750557 42321131
13750557 42321132
13788055 42321133
13788055 42321134
13788046 42321135
13788046 42321136
13788046 42321137
13788046 42321138
13788046 42321139
13788046 42321140
13788046 42321141
13763584 42321142
13763584 42321143
20817997 42321144
20817997 42321145
20817997 42321146
13756686 42321147
13756686 42321148
13756686 42321149
13756686 42321150
13756686 42321151
6571696 42321152
6571696 42321153
6571696 42321154
13759250 42321155
13759250 42321156
13780480 42321157
13780480 42321158
13768335 42321159
13768335 42321160
13790183 42321161
13790183 42321162
13795676 42321163
13795676 42321164
13795676 42321165
13795676 42321166
13795079 42321167
13795079 42321168
13795079 42321169
13795701 42321170
13795701 42321171
13795693 42321172
13795693 42321173
13795693 42321174
13795693 42321175
13796568 42321176
13796568 42321177
13790705 42321178
13790705 42321179
4517467 42321180
4517467 42321181
4517467 42321182
4517467 42321183
4517467 42321184
13753166 42321185
13753166 42321186
13753166 42321187
13795364 42321188
13795364 42321189
13795364 42321190
13744964 42321191
13744964 42321192
13744964 42321193
13744964 42321194
13744964 42321195
13755773 42321196
13755773 42321197
13755773 42321198
13760607 42321199
13760607 42321200
13759250 42321201
13751736 42321202
13751736 42321203
13754242 42321204
13754242 42321205
13754242 42321206
13781339 42321207
13781339 42321208
13781339 42321209
13760389 42321210
13760389 42321211
19663977 42321212
13756503 42321213
13756503 42321214
13756503 42321215
13788218 42321216
13788218 42321217
13788218 42321218
13781334 42321219
13781334 42321220
13781334 42321221
13790339 42321222
13790339 42321223
13790339 42321224
19097804 42321225
19097804 42321226
13788294 42321227
13788294 42321228
13788294 42321229
13788294 42321230
13759172 42321231
13759172 42321232
13788240 42321233
13788240 42321234
36759304 42321235
36759304 42321236
13780087 42321237
13780087 42321238
13780087 42321239
13796581 42321240
13796581 42321241
13796581 42321242
13745048 42321243
13745048 42321244
36759312 42321245
15622795 42321246
36759312 42321247
13796569 42321248
13796569 42321249
6586813 42321250
6586813 42321251
6586813 42321252
6586813 42321253
6586813 42321254
12088490 42321255
12088490 42321256
13757041 42321257
13757041 42321258
13797820 42321259
13797820 42321260
13781743 42321261
13781743 42321262
13781743 42321263
13750480 42321264
13750480 42321265
13750480 42321266
13750480 42321267
13750480 42321268
13750480 42321269
13795401 42321270
13795401 42321271
13757020 42321272
13757020 42321273
13757020 42321274
13757020 42321275
13757020 42321276
13757020 42321277
13759215 42321278
13759215 42321279
13756675 42321280
13756675 42321281
13756675 42321282
13756675 42321283
13756675 42321284
13756675 42321285
13790334 42321286
13790334 42321287
13790334 42321288
19097804 42321289
19097804 42321290
13751760 42321291
36759309 42321292
13751760 42321293
13791095 42321294
13791095 42321295
13791095 42321296
13791095 42321297
13766399 42321298
13766399 42321299
13766399 42321300
13760588 42321301
13760588 42321302
13780352 42321303
13780352 42321304
13780331 42321305
13780331 42321306
13780331 42321307
13764160 42321308
13764160 42321309
13796419 42321310
13796419 42321311
13795048 42321312
13795048 42321313
13795048 42321314
13795048 42321315
13788271 42321316
13788271 42321317
13795096 42321318
13795096 42321319
13795096 42321320
13795096 42321321
13752143 42321322
13752143 42321323
13752143 42321324
13759206 42321325
13759206 42321326
13768335 42321327
20823396 42321328
20823396 42321329
6584865 42321330
6584865 42321331
6584865 42321332
13773401 42321333
13773401 42321334
13773401 42321335
13759299 42321336
13759299 42321337
13759299 42321338
13757080 42321339
13757080 42321340
13759372 42321341
13759372 42321342
13780531 42321343
13780531 42321344
13780531 42321345
13795675 42321346
13795675 42321347
13795675 42321348
15713545 42321349
15713545 42321350
13753953 42321351
13753953 42321352
13760615 42321353
13760615 42321354
13755766 42321355
13755766 42321356
13760481 42321357
13760481 42321358
13760625 42321359
13760625 42321360
13751736 42321361
13755177 42321362
13755177 42321363
13759391 42321364
13759391 42321365
13773016 42321366
13773016 42321367
13750553 42321368
13750553 42321369
13750553 42321370
13750431 42321371
13768458 42321372
13768458 42321373
13759094 42321374
13759094 42321375
13756970 42321376
13756970 42321377
13756970 42321378
13752788 42321379
13752788 42321380
13752788 42321381
13772094 42321382
13788078 42321383
13788078 42321384
13788078 42321385
13786082 42321386
13786082 42321387
13786082 42321388
13756761 42321389
13756761 42321390
13756761 42321391
13756761 42321392
13754253 42321393
13754253 42321394
13754253 42321395
13754253 42321396
13770278 42321397
13770278 42321398
13764673 42321399
13764673 42321400
13764697 42321401
13764697 42321402
13780493 42321403
13780493 42321404
13780493 42321405
13762254 42321406
13762254 42321407
13763587 42321408
13763587 42321409
13756840 42321410
13756840 42321411
13756840 42321412
13760548 42321413
13760548 42321414
13761585 42321415
13748328 42321416
13748328 42321417
13748328 42321418
13768452 42321419
13768452 42321420
13764680 42321421
13764680 42321422
13752152 42321423
13752152 42321424
13761537 42321425
13754243 42321426
13754243 42321427
13761631 42321428
13761631 42321429
13788019 42321430
15690992 42321431
15690992 42321432
15690992 42321433
13760457 42321434
13760457 42321435
36759318 42321436
36759318 42321437
36759317 42321438
36759317 42321439
13774162 42321440
13774162 42321441
13760599 42321442
13760599 42321443
13760599 42321444
13761663 42321445
13761663 42321446
13788169 42321447
13788169 42321448
13788169 42321449
13788169 42321450
13788169 42321451
13760430 42321452
13760430 42321453
13760430 42321454
13781348 42321455
13781348 42321456
13781354 42321457
13781354 42321458
13781354 42321459
13781344 42321460
13781344 42321461
13781344 42321462
15623173 42321463
15623173 42321464
15623173 42321465
13760358 42321466
13760358 42321467
13760358 42321468
13760358 42321469
13796172 42321470
13796172 42321471
13749618 42321472
13749618 42321473
13749618 42321474
13788256 42321475
13788256 42321476
6601572 42321477
6601572 42321478
6601572 42321479
6601572 42321480
13780300 42321481
13780300 42321482
13780300 42321483
13780300 42321484
13794976 42321485
19620445 42321486
13790074 42321487
13790074 42321488
13790074 42321489
13756596 42321490
13756596 42321491
13756596 42321492
13759293 42321493
13759293 42321494
13760388 42321495
13760388 42321496
13760388 42321497
13794945 42321498
13794945 42321499
13794945 42321500
13794945 42321501
13749788 42321502
13749788 42321503
13749788 42321504
13756506 42321505
13756506 42321506
13756506 42321507
13756506 42321508
13756506 42321509
13748187 42321510
13748187 42321511
13748187 42321512
13749687 42321513
13749687 42321514
13749687 42321515
13745002 42321516
13745002 42321517
13745002 42321518
13745002 42321519
15713363 42321520
13749619 42321521
13749619 42321522
13749619 42321523
13753402 42321524
13753402 42321525
13796540 42321526
13796540 42321527
13796540 42321528
13796540 42321529
13793798 42321530
13793798 42321531
13795014 42321532
13795014 42321533
13797756 42321534
13797756 42321535
13797756 42321536
13748289 42321537
13748289 42321538
13748289 42321539
13749836 42321540
13749836 42321541
13757104 42321542
13757104 42321543
13757104 42321544
13796623 42321545
13796623 42321546
13796623 42321547
13796623 42321548
13760383 42321549
13760383 42321550
13759156 42321551
13759156 42321552
6688329 42321553
6688329 42321554
13760275 42321555
13760275 42321556
13750401 42321557
13750401 42321558
13750401 42321559
13790478 42321560
13790478 42321561
13781345 42321562
13781345 42321563
13781345 42321564
13781345 42321565
13759059 42321566
13759059 42321567
13759229 42321568
13759229 42321569
13759229 42321570
13749582 42321571
13759414 42321572
13745224 42321573
13745224 42321574
13759415 42321575
13759415 42321576
2733919 42321577
2733919 42321578
2733919 42321579
13762211 42321580
13762211 42321581
13753876 42321582
13753876 42321583
13795289 42321584
13753105 42321585
13753105 42321586
13753105 42321587
13753105 42321588
13781354 42321589
13781354 42321590
13759197 42321591
13759197 42321592
13775682 42321593
13775682 42321594
13760252 42321595
13760252 42321596
13781353 42321597
13781353 42321598
13781353 42321599
13750483 42321600
13750483 42321601
13750483 42321602
13750483 42321603
13750483 42321604
13790092 42321605
13790092 42321606
13790092 42321607
13768751 42321608
13768751 42321609
13768751 42321610
13750547 42321611
13750547 42321612
13796164 42321613
13788292 42321614
13788292 42321615
13788292 42321616
13788292 42321617
13788292 42321618
13795088 42321619
13795088 42321620
13795088 42321621
13795088 42321622
36759303 42321623
36759303 42321624
13790097 42321625
13790097 42321626
13790097 42321627
13788053 42321628
13788053 42321629
13788054 42321630
13788054 42321631
13780528 42321632
13780528 42321633
13773393 42321634
13773393 42321635
13790130 42321636
17451099 42321637
13790081 42321638
13790081 42321639
13790081 42321640
13790081 42321641
13778080 42321642
13773395 42321643
13773395 42321644
15659829 42321645
15659829 42321646
13794905 42321647
13794905 42321648
13794906 42321649
13794906 42321650
13756712 42321651
13756712 42321652
13756712 42321653
13749793 42321654
13749793 42321655
13788059 42321656
13788059 42321657
13772694 42321658
13772694 42321659
13772694 42321660
13772694 42321661
13772694 42321662
13772694 42321663
13760437 42321664
13760437 42321665
13750492 42321666
13750492 42321667
13750492 42321668
13778482 42321669
13788019 42321670
13788019 42321671
13787969 42321672
13787969 42321673
13787969 42321674
13787969 42321675
13787969 42321676
13787969 42321677
13787969 42321678
13787969 42321679
13787969 42321680
13787969 42321681
13754254 42321682
13754254 42321683
13768468 42321684
13768468 42321685
13778160 42321686
13778160 42321687
13778160 42321688
13759365 42321689
13759365 42321690
13759365 42321691
13759365 42321692
13759365 42321693
13753315 42321694
13753315 42321695
13753315 42321696
13790243 42321697
13756124 42321698
13756124 42321699
13756124 42321700
13745480 42321701
13745480 42321702
13795043 42321703
13795043 42321704
13795043 42321705
13795043 42321706
13788220 42321707
13788220 42321708
13786329 42321709
13752147 42321710
13752147 42321711
13760370 42321712
13760370 42321713
13760370 42321714
13788006 42321715
13788006 42321716
13788006 42321717
13788006 42321718
15622821 42321719
15622821 42321720
13775690 42321721
13775690 42321722
13775690 42321723
13760400 42321724
13760400 42321725
13761448 42321726
13756932 42321727
13756932 42321728
13756932 42321729
13756932 42321730
13756932 42321731
13756932 42321732
13787967 42321733
13787967 42321734
20816151 42321735
13768462 42321736
13768462 42321737
13760390 42321738
13760390 42321739
13759396 42321740
13759396 42321741
13759396 42321742
13759119 42321743
13759119 42321744
13765724 42321745
13763593 42321746
13763593 42321747
13759260 42321748
13759260 42321749
13759260 42321750
13750520 42321751
13750520 42321752
13750520 42321753
13768469 42321754
13768469 42321755
13760537 42321756
13760537 42321757
13758980 42321758
13758980 42321759
13758980 42321760
13758980 42321761
13758980 42321762
13758966 42321763
13758966 42321764
13758966 42321765
13758966 42321766
13750256 42321767
13794904 42321768
13756783 42321769
13756783 42321770
13789510 42321771
13789510 42321772
13793528 42321773
13793528 42321774
13752836 42321775
13752836 42321776
15623148 42321777
15623148 42321778
15623148 42321779
15623148 42321780
13746777 42321781
13746777 42321782
19657727 42321783
19657727 42321784
19657727 42321785
13795115 42321786
13795115 42321787
13795115 42321788
13795115 42321789
15713208 42321790
15713208 42321791
20819123 42321792
20819123 42321793
13795654 42321794
13795654 42321795
13795654 42321796
13795654 42321797
13786115 42321798
13756746 42321799
13756746 42321800
13756746 42321801
13756746 42321802
13773392 42321803
13773392 42321804
13795422 42321805
13787981 42321806
13787981 42321807
6600663 42321808
6600663 42321809
6600663 42321810
6600663 42321811
13761067 42321812
13761067 42321813
13795066 42321814
13795066 42321815
13795066 42321816
13795066 42321817
13795066 42321818
13759365 42321819
13759365 42321820
13759365 42321821
13780084 42321822
13780084 42321823
13780084 42321824
13780084 42321825
13748058 42321826
13748058 42321827
13794963 42321828
13794963 42321829
13794963 42321830
13767177 42321831
13767177 42321832
13759280 42321833
13759280 42321834
13761502 42321835
13761502 42321836
13749615 42321837
13749615 42321838
13795499 42321839
13795499 42321840
13795499 42321841
13796644 42321842
13778117 42321843
13778117 42321844
13778117 42321845
13778117 42321846
13778117 42321847
13751718 42321848
13751718 42321849
13787960 42321850
13787960 42321851
20825700 42321852
20825700 42321853
36759328 42321854
19669202 42321855
19669202 42321856
19669202 42321857
15578664 42321858
15578664 42321859
15578664 42321860
13775663 42321861
13775663 42321862
13763509 42321863
13763509 42321864
13788175 42321865
13788175 42321866
13756544 42321867
13756544 42321868
13778179 42321869
13778179 42321870
13778179 42321871
13778179 42321872
13756615 42321873
13756615 42321874
13787971 42321875
13787971 42321876
13760439 42321877
13760439 42321878
13761454 42321879
13761454 42321880
13755199 42321881
13755199 42321882
13752370 42321883
13752370 42321884
13759085 42321885
13759085 42321886
15674602 42321887
13752138 42321888
13752138 42321889
13750540 42321890
13750540 42321891
13750540 42321892
13750540 42321893
15501353 42321894
15501353 42321895
13761454 42321896
13763512 42321897
13763512 42321898
13763512 42321899
13763512 42321900
13762255 42321901
13762255 42321902
13775634 42321903
13775634 42321904
19669204 42321905
13775656 42321906
13775656 42321907
13752148 42321908
13752148 42321909
13760387 42321910
13793706 42321911
13750298 42321912
13750298 42321913
13750490 42321914
13750490 42321915
13788224 42321916
13788224 42321917
13788224 42321918
13788224 42321919
13749586 42321920
13775655 42321921
13775655 42321922
13760402 42321923
13760402 42321924
13760387 42321925
13760387 42321926
6583953 42321927
6583953 42321928
6583953 42321929
6583953 42321930
6583953 42321931
13751710 42321932
13751710 42321933
13788120 42321934
13788120 42321935
13756106 42321936
13756106 42321937
13756106 42321938
13756106 42321939
13761586 42321940
13752188 42321941
13752188 42321942
13752188 42321943
15713465 42321944
13775661 42321945
13775661 42321946
13752146 42321947
13788257 42321948
13788257 42321949
13788257 42321950
13775664 42321951
13775664 42321952
13775664 42321953
13759306 42321954
13759306 42321955
13749810 42321956
13749810 42321957
13762265 42321958
13762265 42321959
13760325 42321960
13760325 42321961
13760325 42321962
13760325 42321963
13760325 42321964
13760325 42321965
13760325 42321966
13795068 42321967
13795068 42321968
13795068 42321969
13795068 42321970
13760529 42321971
13745138 42321972
13745138 42321973
13745138 42321974
13760538 42321975
13760538 42321976
13771831 42321977
13759136 42321978
13759136 42321979
13750556 42321980
13750556 42321981
13778609 42321982
13778609 42321983
10684607 42321984
13771832 42321985
13750555 42321986
13750555 42321987
13750555 42321988
13750555 42321989
13750555 42321990
13750555 42321991
15659669 42321992
15659669 42321993
13759383 42321994
13759383 42321995
13759383 42321996
13759383 42321997
13788122 42321998
13788122 42321999
13768762 42322000
13768762 42322001
13768763 42322002
13768763 42322003
13788181 42322004
13788181 42322005
13779736 42322006
13772095 42322007
13759243 42322008
13759243 42322009
13759243 42322010
13759064 42322011
13759064 42322012
13756155 42322013
13756155 42322014
13756155 42322015
13750494 42322016
13750494 42322017
13796662 42322018
13796662 42322019
13759028 42322020
13759028 42322021
13759188 42322022
13759188 42322023
13756955 42322024
13756955 42322025
15583134 42322026
13759193 42322027
13759193 42322028
13750552 42322029
13750552 42322030
13750552 42322031
13750552 42322032
13750552 42322033
13750552 42322034
13789958 42322035
13760632 42322036
4548083 42322037
4548083 42322038
4548083 42322039
13761484 42322040
19097971 42322041
19097971 42322042
13795633 42322043
13795633 42322044
13748287 42322045
13750402 42322046
13750402 42322047
13760632 42322048
13748058 42322049
13796673 42322050
13796673 42322051
13796673 42322052
13796673 42322053
13796673 42322054
13796673 42322055
13796673 42322056
13796673 42322057
13773402 42322058
13773402 42322059
13750391 42322060
13750391 42322061
13759050 42322062
13759050 42322063
13755206 42322064
13755206 42322065
13755206 42322066
13748134 42322067
13748134 42322068
13751748 42322069
13751748 42322070
13790114 42322071
13790114 42322072
13756512 42322073
13756512 42322074
13760291 42322075
13760291 42322076
36757759 42322077
36757759 42322078
13760680 42322079
13760680 42322080
13757021 42322081
13757021 42322082
4504148 42322083
4504148 42322084
13759389 42322085
13759389 42322086
13788200 42322087
13788200 42322088
13796652 42322089
13796652 42322090
13756543 42322091
13756543 42322092
13756543 42322093
13761471 42322094
13761471 42322095
13795070 42322096
13795070 42322097
13795070 42322098
13795070 42322099
13760310 42322100
13758505 42322101
13758505 42322102
13753509 42322103
13753505 42322104
13753506 42322105
13763588 42322106
13763588 42322107
13759347 42322108
13759347 42322109
13758994 42322110
13758994 42322111
15524923 42322112
15524923 42322113
15524923 42322114
13759404 42322115
13795579 42322116
13759404 42322117
13759404 42322118
13759404 42322119
13759404 42322120
13759404 42322121
13759211 42322122
13779456 42322123
36758528 42322124
36758528 42322125
13759070 42322126
13759070 42322127
13758975 42322128
13758975 42322129
13778306 42322130
13778306 42322131
13778306 42322132
13778306 42322133
13778306 42322134
15674536 42322135
15674536 42322136
13778554 42322137
13759246 42322138
13759246 42322139
13759246 42322140
13759348 42322141
15510630 42322142
13760297 42322143
13760297 42322144
13760297 42322145
15665170 42322146
13788289 42322147
13751721 42322148
13751721 42322149
36759329 42322150
13760377 42322151
13760377 42322152
13760377 42322153
13760377 42322154
13760377 42322155
13760648 42322156
13760648 42322157
13788092 42322158
13788092 42322159
13788092 42322160
13788092 42322161
19097391 42322162
19097391 42322163
13763515 42322164
13763515 42322165
13778584 42322166
13763543 42322167
13763543 42322168
13795203 42322169
13795203 42322170
13795203 42322171
13759419 42322172
13796645 42322173
13760509 42322174
13760509 42322175
13760509 42322176
13760509 42322177
13760509 42322178
13760509 42322179
13760509 42322180
13751740 42322181
36759311 42322182
36759311 42322183
13750118 42322184
13750118 42322185
13750118 42322186
13754260 42322187
13754260 42322188
13796577 42322189
13750542 42322190
13750542 42322191
13788176 42322192
13788176 42322193
36757630 42322194
13760606 42322195
13760606 42322196
13790330 42322197
13751704 42322198
13795183 42322199
13795183 42322200
13795183 42322201
13795183 42322202
13795183 42322203
11344477 42322204
11344477 42322205
11344477 42322206
11344477 42322207
11344477 42322208
13788300 42322209
13788300 42322210
13788127 42322211
13788127 42322212
13751742 42322213
13768457 42322214
13788219 42322215
13788219 42322216
6592794 42322217
6592794 42322218
6592794 42322219
13796663 42322220
13786108 42322221
13786108 42322222
13757127 42322223
13757127 42322224
13757127 42322225
13767178 42322226
13796668 42322227
13796668 42322228
13760609 42322229
13760608 42322230
13756770 42322231
13756770 42322232
13756770 42322233
36759319 42322234
20822542 42322235
20822542 42322236
13790091 42322237
13790091 42322238
13793530 42322239
13793530 42322240
13759343 42322241
13759343 42322242
13795363 42322243
13795363 42322244
13795363 42322245
13795363 42322246
13768443 42322247
20828218 42322248
6598245 42322249
6598245 42322250
6598245 42322251
6598245 42322252
20815053 42322253
13748167 42322254
13748167 42322255
13748167 42322256
13760623 42322257
13760623 42322258
36759310 42322259
15659931 42322260
15510630 42322261
13778118 42322262
13778118 42322263
13778118 42322264
13778118 42322265
13759094 42322266
13753508 42322267
13753508 42322268
3973660 42322269
3973660 42322270
3973660 42322271
13768444 42322272
13768444 42322273
13760392 42322274
13760392 42322275
13753510 42322276
36759313 42322277
36759313 42322278
13796555 42322279
13796555 42322280
13796555 42322281
13759063 42322282
13759063 42322283
13759063 42322284
13793715 42322285
13757056 42322286
13757056 42322287
13789730 42322288
13789730 42322289
13745345 42322290
13745345 42322291
13745345 42322292
13745345 42322293
15583183 42322294
13793706 42322295
13788265 42322296
13788265 42322297
13788235 42322298
13788235 42322299
13763586 42322300
13763586 42322301
13763586 42322302
13763586 42322303
13763586 42322304
13763586 42322305
13763586 42322306
13753507 42322307
13753507 42322308
13753507 42322309
13753503 42322310
13744833 42322311
13744833 42322312
13760361 42322313
13760361 42322314
13760361 42322315
13760361 42322316
13760361 42322317
13795587 42322318
13795587 42322319
13795587 42322320
13795587 42322321
13795587 42322322
13795606 42322323
13760658 42322324
13760658 42322325
13760479 42322326
13760479 42322327
13748068 42322328
13749584 42322329
13749584 42322330
13753196 42322331
13753196 42322332
13753196 42322333
13759116 42322334
13759116 42322335
15713095 42322336
15713095 42322337
15713095 42322338
13795584 42322339
13795584 42322340
13795584 42322341
13750521 42322342
13750521 42322343
13750521 42322344
13750473 42322345
13750473 42322346
13750473 42322347
13750473 42322348
13750473 42322349
13750473 42322350
13796701 42322351
13796701 42322352
13760399 42322353
13760399 42322354
13775691 42322355
13775691 42322356
13775691 42322357
13795133 42322358
13795133 42322359
13795133 42322360
13795133 42322361
13759262 42322362
13759262 42322363
13795095 42322364
13795095 42322365
13795095 42322366
13795095 42322367
13753511 42322368
13753511 42322369
13778462 42322370
13778462 42322371
13760292 42322372
13760292 42322373
13788280 42322374
13788280 42322375
13778554 42322376
13778554 42322377
13778554 42322378
13778554 42322379
13778554 42322380
19097744 42322381
19097744 42322382
13750356 42322383
13750356 42322384
13760459 42322385
13760459 42322386
13760264 42322387
13760264 42322388
6635381 42322389
6635381 42322390
6635381 42322391
13795038 42322392
13795038 42322393
13795038 42322394
13795038 42322395
13778954 42322396
13775865 42322397
13760592 42322398
13760592 42322399
13760592 42322400
13760592 42322401
13760592 42322402
13752141 42322403
13752141 42322404
20828215 42322405
13778118 42322406
13787965 42322407
13787965 42322408
13753504 42322409
13753504 42322410
13794459 42322411
13794459 42322412
13760465 42322413
13760465 42322414
13794925 42322415
13794925 42322416
13794925 42322417
13795111 42322418
13795111 42322419
13795111 42322420
13760419 42322421
13760419 42322422
13760296 42322423
13760296 42322424
13760300 42322425
13760300 42322426
13760372 42322427
13760372 42322428
13760386 42322429
13760386 42322430
13760307 42322431
13760307 42322432
13760324 42322433
13760324 42322434
13760688 42322435
13760688 42322436
19669200 42322437
13775659 42322438
13775659 42322439
13775659 42322440
13775633 42322441
13775633 42322442
13759122 42322443
13759122 42322444
13777689 42322445
13777689 42322446
13777688 42322447
13777688 42322448
