12095433 41940501
12104291 41940521
4139624 43295148
12080826 41940545
12080456 43295149
12082225 41940547
3998907 10590838
12110644 43295150
12101621 41940569
12108062 41940573
12083273 41940575
12081354 43295151
15639503 43295152
17020760 43295153
12089481 41940583
4006039 10548953
12114155 41940621
12100401 41940643
12077803 41940652
12115211 41940659
2679394 41940676
12100806 43295154
12080711 43295155
3653246 41940696
12099424 41940700
12109279 43295156
12110573 41940712
12076475 42317976
3970001 43295157
14406769 41940735
17345526 41940744
12114328 41940755
14406756 41940759
12087584 41940761
12101612 43295158
15549653 43295159
12096694 41940780
12113838 20815548
12091354 41940798
2686879 43295160
2679270 41940804
12085013 43295161
12083521 43295162
12100904 43295163
12107143 41940855
2734683 41940859
12110453 41940860
12089202 41940869
12095611 41940871
12114323 41940885
12104531 41940890
12097299 41940891
12077614 41940894
3538072 41940904
12109007 41940912
12092064 41940939
12095993 43295164
3951415 41940949
2696044 41940958
12087967 43295165
12110485 43295166
12092123 41940979
13943810 43295167
12098032 41941022
12089645 41941023
2741385 41941024
12106579 41941025
12115590 41941034
12084016 43295168
3936823 41941043
12087699 41941056
12078791 32827654
2703533 21743681
12109320 41941111
12084259 41941112
12084257 41941113
12082951 41941116
12096858 41941119
12107111 21743705
12099323 43295169
12081371 41941133
12089720 43295170
15500632 43295171
12097817 32228263
6521582 20815803
10509213 43295172
12088512 20077560
12100108 41941177
12108878 42318021
15518691 43295173
3968695 41941228
12100000 41941261
12081659 43295174
3547220 30536070
12096163 43295175
12097976 41941285
12089111 43295176
12104330 41941304
13943844 41941318
12105462 41941322
12077462 41941324
12101255 20816078
12089131 41941345
12076287 41941387
12112198 43295177
12114286 43295178
12084678 43295179
12092666 41941446
22120024 33732268
12114502 43295180
2689493 41941472
12107274 41941474
12087798 41941475
12082453 41941480
12082602 41941484
12080079 41941520
12117321 43295181
12114807 33733557
3523058 43295182
10527844 41941534
12112257 43295183
15622369 43295184
12090018 10552150
12115045 43295185
12099340 36276703
12106416 41941565
12109282 41941566
15520758 41941570
2738350 41941577
2668161 13666896
12103817 41941586
12080290 10552643
12078088 41941615
12116536 43295186
12101145 41941643
12115177 41941650
12115229 43295187
3596975 20816406
3598904 41941656
15502281 43295188
12080779 43295189
4004498 42262080
12089666 41941684
1830337 41941685
12086214 10553040
12079233 41941704
12102831 41941709
12097302 43295190
12091044 41941712
12108979 41941714
12080658 20816429
12096318 41941723
12076418 41941726
12082246 41941733
12090034 43295191
12113063 41941762
12107275 41941763
12091128 41941764
21167478 43295192
8310191 41941776
12078881 41941777
12101005 41941787
3999042 43295193
12077413 43295194
12116184 41941802
8309570 36679950
12106412 43295195
15452747 41941818
12089398 41941819
12094863 41941822
26351295 41941824
12112186 41941831
12098104 41941833
12096278 41941835
12089806 20816536
12110340 41941838
17020660 41941864
8309841 43295196
12112792 43295197
12094864 41941880
12077241 41941881
12096814 41941887
12093423 41941893
12078956 41941895
3929227 41941897
12106258 20816636
12101926 41941906
12077038 41941913
3923915 41941921
3641501 36759654
6577109 41941947
13946550 43295198
3927857 43295199
12098258 43295200
12077738 43295201
12093358 43295202
12092223 43295203
12094688 41941984
12101435 10554277
12099280 41941991
12076324 41942000
12113956 41942002
12083023 13667514
12108778 43295204
12112582 43295205
12100160 43295206
12113377 41942037
10508604 41942039
15503263 43295207
12109422 41942043
1753778 41942052
12090933 41942053
12093804 41942056
12101936 43295208
12101068 41942062
3974242 41942080
12102851 41942081
12078744 41942094
12101285 43295209
2695256 41942143
12095554 43295210
12094260 41942151
6370176 43295211
12089405 43295212
12114132 43295213
12099341 43295214
12085349 41942199
12080131 42318082
3601217 41942217
12104381 41942222
12082270 41942240
12107708 41942243
12089296 41942258
12078874 41942270
12080824 41942282
12115811 41942288
6730959 41942290
12094856 41942291
12116661 41942294
12098267 43295215
8311168 41942310
12094704 43295216
12081062 20817073
12109446 41942324
12097046 41942334
12100958 41942347
12094401 41942375
12085302 41942378
12100391 41942384
12110381 43295217
2701687 41942399
12100570 41942402
15675577 43295218
12087461 41942422
12105023 41942423
12089679 41942427
12085178 43295219
12083178 43295220
14406717 43295221
12114226 41942444
12082243 13668040
12109323 43295222
12090510 43295223
12094796 41942480
3578351 41942481
11850870 41942489
17017773 20817278
12077750 36278800
12080721 41942525
12077720 43295224
3992632 41942538
12099391 43295225
12078099 41942548
12101638 41942552
3974371 41942568
12081874 41942577
13944859 41942595
3918425 36680163
12092944 43295226
12082917 41942620
12082950 36279571
12105523 43295227
15501033 43295228
12076705 41942654
12084195 43295229
3919235 41942667
12094479 41942673
12077326 41942675
12097727 41942680
10510874 41942685
12096135 43295230
12113511 41942696
12103811 41942705
12097508 41942710
3583478 41942725
12096036 41942727
12082308 41942728
12110158 41942731
12116648 41942733
12117335 41942741
12079092 43295231
12100694 41942744
12082483 13668503
3924309 43295232
12114289 41942774
15429492 43295233
12089302 41942779
12080741 43295234
12113964 41942795
12114370 41942801
12107819 41942813
12077790 20817736
15503351 41942822
12111984 41942824
12107273 41942863
3972627 13668612
12109157 36680216
12090603 41942873
12101587 41942875
12110070 41942877
12090604 43295235
12115795 41942885
34203625 43295236
12114206 41942898
3934555 41942899
12101752 43295237
12088816 43295238
12102423 41942935
12084164 41942942
12109585 41942957
12109768 41942961
8309774 43295239
3968550 41942985
12110938 41943005
12109056 43295240
12087626 41943026
12101970 41943027
12097337 41943051
12097717 41943055
12084434 41943062
12098164 43295241
12081400 41943087
2750325 41943088
12113750 20817935
12091174 41943096
12080364 43295242
12084629 41943126
12102941 43295243
12081431 41943149
12103570 43295244
10508267 41943169
12079097 43295245
12082369 41943189
12097741 41943193
12109663 43295246
3524642 41943204
12109161 41943215
12080367 41943216
12116215 41943218
13947778 41943228
12090449 41943232
12076721 43295247
12108305 41943263
12114020 41943266
12114480 41943286
12085011 42266246
22120759 41943297
12116356 41943305
12092197 41943307
12097995 41943308
12082379 41943310
12108689 41943316
12112292 41943318
12088389 43295248
12101461 43295249
17807002 41943336
3906026 41943357
12108175 43295250
12096757 43295251
12076114 43295252
12097440 41943395
12076658 43295253
12101026 41943396
12106397 41943403
12114905 43295254
12106847 41943428
12087339 43295255
12103668 41943438
2731969 41943444
12114812 41943477
15718156 41943487
3959169 41943495
12112796 41943496
12079163 42318143
12099999 41943516
12097441 41943539
12097939 41943546
10461994 43295256
12097297 41943561
12109795 43295257
12100966 43295258
8311557 43295259
12095663 43295260
12108874 43295261
12103784 43295262
12109120 43295263
8311038 43295264
12079063 41943646
12104632 41943655
12090613 41943667
12076897 41943668
12103769 41943683
12082399 43295265
12100867 41943702
12100887 43295266
12106219 43295267
12097256 41943709
12116612 43295268
12103662 41943731
12092017 43295269
12105496 41943743
12106406 43295270
12108572 43295271
12103346 43295272
21415051 43295273
12112431 41943797
27589650 41943807
12106402 43295274
10507500 43295275
34315131 43295276
12086371 43295277
3900902 41943844
3623682 43295278
12112549 43295279
12093963 41943848
12106626 41943851
18278953 43295280
15675877 43295281
15675711 41943875
15676097 41943882
12111983 41943890
12080003 41943891
12099026 41943895
12109217 43295282
12088788 43295283
12085393 41943921
12107625 41943927
12085676 43295284
12106418 43295285
12076792 41943944
12094943 43295286
12076536 43295287
12109165 43295288
12101679 41943996
12078856 41944000
12094898 41944001
2653759 41944002
2708775 41944013
12087167 41944017
12092586 41944029
12079984 41944030
12087524 41944040
12109296 41944042
15689790 43295289
12112913 41944071
12109465 41944078
12109468 43295290
12087168 43295291
12092485 41944095
12095697 41944098
3929445 41944101
12092549 41944102
12076661 41944109
12077151 17146029
8311628 43295292
12085857 41944143
12087130 41944160
12093815 41944164
12080285 41944182
12109184 41944184
12090489 43295293
12114577 41944210
12091042 43295294
12077073 41944214
12094711 43295295
12082405 41944222
8309325 41944226
12093950 43295296
12102817 41944268
12093946 41944269
12096718 43295297
12116687 43295298
14406737 13669079
10507583 34572525
3597297 32831571
3985137 41944332
3536079 43295299
12087085 43295300
11447119 43295301
12077401 41944348
12101027 41944351
12085121 41944371
12083342 43295302
2737679 41944399
14406752 41944402
12101203 41944407
12081126 41944412
3920180 41944416
12086016 43295303
17358108 41944432
12115691 41944434
1925951 41944450
12117015 41944455
12076168 42269936
12116331 43295304
12093433 41944488
12078748 42318168
12098147 43295305
12091191 41944493
4003179 41944495
12114075 41944504
12106727 43295306
12079173 41944509
12089601 41944515
12113923 41944518
12104960 41944522
12113924 43295307
3270853 41944530
12094391 41944533
2749159 43295308
12093528 43295309
3981687 41944541
12078823 41944548
12086907 41944555
12085943 41944577
3955338 41944580
2681865 41944585
12087105 43295310
12086522 43295311
12082436 41944603
12109533 43295312
8312232 43295313
12100516 43295314
12112262 41944624
12112305 41944628
12107568 43295315
12113951 41944630
8310341 41944637
12103678 41944639
12100614 41944644
18865080 43295316
12104724 43295317
12097364 43295318
3602076 41944658
12086353 41944669
12077078 41944672
12093036 43295319
2679015 43295320
12094033 41944684
12095714 41944687
12098216 41944693
12093653 43295321
12089054 41944703
12082461 41944704
8311042 41944712
12112179 43295322
12093880 41944717
12092598 43295323
12113462 41944720
3956724 41944763
12077981 41944765
12099351 43295324
12105586 43295325
12108349 41944776
13947644 41944777
10505072 41944779
2745954 41944780
12107160 41944785
12103094 41944786
12112163 41944792
12093574 43295326
12099275 43295327
12091067 41944814
12114959 43295328
12115011 41944818
12087055 41944820
12103487 41944821
12087095 43295329
12077608 41944838
3977098 13669652
12116274 43295330
12115708 41944853
12092614 33008988
12080426 41944858
12095247 43295331
17732069 43295332
8309568 43295333
12111294 13669700
12107198 41944874
12114084 41944879
12097354 43295334
13947772 41944900
12100973 41944902
12105451 43295335
12093190 43295336
12112387 43295337
8312305 41944925
12092577 41944928
12115681 41944936
12090511 41944948
12091578 41944957
12092718 36283598
12112846 43295338
3448962 41944989
12111073 41944992
12094869 41944997
12092622 41944999
12103827 41945000
12080376 20079076
12090545 41945012
12104139 43295339
12083067 13670084
12099464 41945016
12112811 43295340
12076311 42272247
12084649 41945021
4932334 41945022
2707809 33009241
12085090 41945026
12082546 41945027
12099243 43295341
12080432 41945033
15581186 43295342
12103818 41945050
3602443 43295343
12082208 43295344
12083388 41945064
6595600 41945071
12109371 41945073
12077317 41945080
1753424 20819662
12104436 41945081
12082515 41945083
12079969 41945091
12110390 41945095
12101186 41945096
12099240 41945101
12116320 43295345
2691062 43295346
12114212 43295347
12084009 41945122
12108356 41945124
12112942 41945142
15452531 43295348
12080522 43295349
12115527 43295350
12088951 43295351
12096104 41945180
4005418 41945181
12093290 43295352
12093970 20819793
12083517 41945185
3912183 43295353
12095732 32803477
12116692 43295354
12105108 43295355
17364959 43295356
12083347 41945204
12103980 43295357
12112183 41945209
1872402 30536506
12080999 41945211
12114729 36315183
12113123 41945231
12094120 41945243
12093811 43295358
12091090 41945253
12110981 43295359
12077538 41945257
13949317 41945259
12112615 41945266
12092601 41945267
12114305 43295360
12109863 43295361
12106524 43295362
12101402 41945282
12077079 41945283
12109344 41945285
12092788 41945289
12089646 43295363
12112321 41945302
12085109 41945304
12098051 41945305
12108579 41945315
15682537 43295364
12106419 41945322
12103466 41945330
12090651 41945331
12116335 43295365
12108981 41945342
12104669 43295366
12095629 20820089
12097556 43295367
12105551 41945358
12088612 41945363
12112613 43295368
12102974 41945370
12101535 41945377
12082499 41945378
6625914 43295369
12114205 41945387
12112538 41945393
12097409 41945395
10506535 43295370
12082803 43295371
12101927 13670730
12113263 43295372
12086467 41945414
1826232 41945419
12077239 41945421
8311482 43295373
12111039 41945428
12102258 43295374
12077611 43295375
12084001 43295376
12088142 41945436
2738147 41945440
12078749 41945441
4005768 41945457
12113759 43295377
2707815 43295378
12078071 13670878
12111462 41945488
12085446 41945492
12095761 36679448
12092616 41945503
12112904 41945504
12112778 41945505
12114524 41945506
3932392 41945508
12100489 41945514
12082900 41945528
12088201 43295379
2752444 41945546
12076297 41945549
12097973 41945550
12115924 41945554
12079147 13670998
12089597 41945566
8311797 43295380
12102783 43295381
3925855 41945580
15675554 43295382
12111777 43295383
12100234 41945589
12105013 41945591
12088685 43295384
2639126 36285411
3938338 36285443
12086745 43295385
12077435 42318287
12090456 43295386
12092652 43295387
8309542 41945623
12114269 43295388
3927674 41945631
1943913 41945637
12107704 41945638
3972644 41945644
12102981 43295389
12082444 43295390
8310288 43295391
12087364 20820476
12099236 20079484
34228295 41945668
8309731 43295392
12078340 41945674
12088944 43295393
2745917 41945676
12085913 41945688
12109448 43295394
12085639 43295395
12115341 41945719
2747078 41945732
12091015 41945739
12081292 41945741
12103699 41945744
12101546 43295396
12088708 41945749
12088798 41945751
12089492 41945754
12108358 41945762
12113920 41945775
12076703 43295397
16009755 41945779
12080240 43295398
12105040 41945783
12090894 43295399
12095584 41945790
12095647 43295400
12108798 43295401
12087511 42318305
11854263 41945807
12105228 41945809
15100407 43295402
12079054 41945812
12100443 43295403
12109177 41945821
10510878 41945833
12097594 41945840
12103659 41945841
12093646 43295404
12082085 41945858
12087268 43295405
12095249 13671730
12111096 41945875
12092545 43295406
12076569 41945890
18279340 41945891
12088976 41945908
12113927 41945911
10507514 43295407
12096438 43295408
12095758 39049339
12093543 43295409
12098060 41945932
12091179 41945933
3597929 41945934
12103486 41945936
12095989 43295410
12107296 41945947
12106478 43295411
13950071 41945956
12095544 41945957
12107521 41945965
12104180 41945967
12112940 32838947
12092446 30536672
12109230 41945976
26352570 41945984
12080629 43295412
3925514 41946020
12106544 41946033
12080611 41946040
15128363 43295413
12112404 41946054
12109388 43295414
15452541 43295415
12095937 41946072
12085496 41946080
12090646 41946091
12112398 43295416
12097967 41946097
12116337 43295417
12114264 41946116
34358886 41946121
12100779 41946123
12107258 43295418
12095692 41946131
12082592 41946137
12115463 41946149
12102910 41946151
12114267 41946154
12116892 43295419
12104823 41946157
12076921 43295420
12090509 41946165
12109875 41946173
12106515 41946188
12110089 41946189
12101202 41946200
12080051 43295421
12106178 41946246
12105542 41946248
12102947 43295422
12107196 43295423
12089641 41946258
12112833 43295424
15498059 43295425
12088430 43295426
12077525 32808874
12103727 41946300
12114377 41946312
3474497 43295427
12088197 43295428
12116316 41946326
12111561 43295429
8310123 43295430
1421063 41946344
12095571 41946349
12107543 43295431
12079787 41946355
12093915 43295432
12111980 43295433
15584087 43295434
12105531 10569562
3089282 43295435
12115282 43295436
12099481 41946379
12111311 41946382
12091074 43295437
12103922 41946388
12090693 20821529
12106247 41946389
12089680 43295438
12086859 43295439
12114754 41946406
12102949 20821599
12112590 41946428
12110700 41946434
12082209 41946441
12107765 41946446
12104449 41946448
12103812 41946451
12095581 41946457
12082853 41946462
12100348 41946463
12094210 36759834
12092794 41946469
12090611 41946477
12079560 41946478
12096456 41946479
1746136 41946481
12110793 43295440
14406760 41946488
12095273 41946489
12113906 41946496
12109349 41946498
8311463 41946508
12112864 43295441
12088949 41946513
12081236 20080351
12110148 41946517
12090116 41946532
3925881 43295442
12097934 41946546
12100110 43295443
12112817 41946564
12107633 41946565
12117259 10570796
12109061 41946573
12096052 43295444
12100120 41946574
15452551 43295445
8310533 13672845
12100594 41946585
12116229 41946597
13951413 41946604
2746592 41946609
3950612 20821855
12077710 41946619
12112669 43295446
6594128 43295447
12087671 41946622
13951415 43295448
2697554 21765336
15429044 43295449
12076638 41946637
12104383 41946640
3997246 41946643
3070491 41946648
12115244 41946659
12077513 41946660
10526604 41946662
12078932 43295450
12082897 43295451
12099331 41946670
12103674 43295452
12087471 41946677
12104659 10571983
12087318 21350253
12103789 36288663
12110525 43295453
12077722 43295454
12115018 41946718
12115042 43295455
12096261 43295456
12112273 43295457
3903767 13673109
12112459 13673110
12090967 41946742
3988963 41946745
12089495 41946748
12099229 41946756
12085519 20822126
12090607 43295458
8312336 43295459
3911534 43295460
12091306 41946782
12114004 43295461
3899274 21352926
12096540 41946793
15452530 41946799
12116674 41946806
12112480 43295462
12116916 41946822
12116619 41946828
12106435 43295463
12076435 43295464
12091078 41946833
12099494 41946834
12107213 43295465
12092902 41946837
12110330 41946845
3906183 41946848
12079284 43295466
12110517 41946855
12112738 43295467
12114274 43295468
2648717 41946862
12107054 41946871
12095597 43295469
12107847 41946891
12081339 41946896
12108030 43295470
12077580 41946903
22121271 43295471
12077295 36759861
12112645 41946909
12101256 41946915
12100640 41946917
12077806 32813148
12092783 43295472
12082511 43295473
3907390 43295474
14406741 43295475
1888828 41946972
12080208 41946978
8309232 41946983
12077475 41946985
2701675 41946986
12080377 41946992
12103976 20822575
43295476 43295477
12087194 21086496
8311844 41947005
12086616 41947009
12095517 41947011
12101523 41947015
12103663 43295478
12108023 43295479
3906911 41947023
12106853 41947030
12102879 41947036
12077729 41947051
12090816 43295480
12100111 20822666
12103073 41947055
34403490 43295481
12100150 41947056
12115824 43295482
12100075 41947085
15668743 41947086
12103462 41947087
15503306 43295483
12109456 41947100
12104685 41947105
12097303 41947113
3932004 43295484
12088030 41947119
6633311 41947120
12091087 43295485
12107716 41947150
10512722 32813836
12099364 41947157
12079992 41947161
12087145 43295486
1765496 43295487
3611033 43295488
12101371 43295489
12084028 41947188
3979370 41947189
12110195 43295490
12106426 41947203
12108891 41947206
12103023 41947207
12100734 41947224
3968525 42318500
12095153 43295491
12114392 41947234
12080715 41947240
12101588 41947244
12107065 41947258
12078754 41947259
2750340 43295492
12105483 43295493
12104958 41947269
12081365 41947277
12096688 41947278
12111947 43295494
12090648 41947281
12086453 41947282
12090574 43295495
12098119 41947284
12080965 43295496
12080028 41947301
12097403 41947302
6527548 41947303
15581226 43295497
12102595 43295498
12082973 41947305
2740210 41947312
15675594 41947318
12080446 36290775
12105536 41947329
2714770 43295499
12096443 41947333
12115943 13674097
12089652 41947335
12080594 41947336
12099333 41947338
12082786 41947343
12090944 41947344
12095547 41947353
12087386 41947358
12108061 43295500
12104931 41947368
12082445 41947379
10514434 41947387
15498107 41947388
15581023 43295501
12107620 41947390
1941702 34573036
12102583 43295502
3631830 41947412
12081005 32231765
12114829 43295503
12082985 41947425
12082984 43295504
12090979 20823480
8310722 41947432
12107416 13674314
12092781 43295505
12097565 20823522
12077114 43295506
12091092 41947446
12078902 41947451
12085437 41947462
12097424 43295507
12085092 43295508
12112254 43295509
3915861 41947484
12082989 41947485
12091236 41947490
12085201 41947491
12110230 43295510
12101222 41947508
8312114 43295511
12097445 41947520
12105075 43295512
6465885 43295513
12109208 41947524
8312272 42281439
12106561 41947526
12076420 41947539
12083111 41947540
12100589 43295514
12108995 41947551
12104108 41947554
12092678 41947556
8310385 41947560
15639493 32816064
15498078 41947565
12114296 43295515
12112289 41947576
12109179 41947582
2688520 43295516
8309304 43295517
17392986 43295518
12082537 41947605
12100347 41947608
12104785 41947616
12104766 43295519
12109831 20823924
12093050 41947628
12081911 41947631
12085323 41947633
12114314 43295520
12115266 41947651
12087094 43295521
12076719 43295522
12082430 41947694
19849971 43295523
12078729 41947706
12107123 41947708
12116314 41947710
12097830 41947717
12114106 41947724
12085411 43295524
3101973 43295525
12083188 41947748
12093217 41947752
12088595 43295526
12101619 41947762
15707830 41947775
3929280 41947790
12086869 41947800
12115696 13675099
2675349 43295527
3182207 41947803
2669260 43295528
12076912 41947810
12108635 41947813
12099904 43295529
12080193 21379621
12099729 43295530
3602242 43295531
12095995 41947832
12106574 41947835
12082875 41947838
12112601 43295532
3986577 41947846
12098807 43295533
12090659 41947855
12116528 41947856
12078747 41947861
12114312 41947863
12102173 41947877
3986983 36294944
8310930 43295534
12092668 41947890
6582987 43295535
3652573 41947896
12092574 13675331
12101223 41947909
12109587 41947913
12105016 41947922
12104780 43295536
11867619 43295537
12103821 41947952
2739284 17147237
12092996 41947958
12092499 41947977
12103813 13675477
31899544 43295538
18863903 41947983
12076436 41947989
15638728 41947996
12088206 41948006
6708989 41948013
12105512 43295539
6693222 41948018
12107067 43295540
12081336 43295541
8311104 41948037
13953822 43295542
12089240 43295543
12094093 41948042
12083461 41948043
12100739 41948048
12101115 43295544
12095747 41948050
12080740 43295545
3970155 43295546
2742116 43295547
12111122 43295548
3690485 41948060
12103957 43295549
12091055 41948066
12114152 41948086
12104774 41948089
12091520 41948090
27601773 41948102
12085984 41948108
12101456 41948112
12097489 41948113
2714454 41948115
12080047 41948117
12105986 41948118
12105912 41948123
12107572 41948128
12105020 43295550
12089089 41948142
12112070 43295551
11442405 43295552
12094249 13675705
2751706 41948157
12092952 41948160
3950812 20825175
12110318 41948179
3974639 21389890
12085020 41948201
2706563 43295553
12100999 41948215
12113301 13675873
12116630 43295554
12116440 43295555
8310940 10582101
8312178 43295556
12087400 43295557
12080910 43295558
12094219 41948259
12077169 32819806
12110461 43295559
12087379 13676019
12110762 21778185
12104144 43295560
8310774 13676044
3908519 42318633
975314 13676063
12109313 41948293
12107055 41948294
8310670 41948302
12100093 43295561
12102365 20082319
12116367 41948309
12089095 10582406
4373847 43295562
12103671 43295563
12083944 41948320
12077492 43295564
3984676 41948325
12116336 43295565
12113950 43295566
12103352 41948339
12088957 41948340
3974065 32820002
12093597 41948344
12090991 41948349
12091169 41948352
12108790 43295567
12099835 43295568
12092455 41948370
12097690 41948372
12076592 43295569
13954709 41948380
12077727 41948385
12102069 41948396
3912609 41948398
12083201 43295570
1838495 41948400
12103649 41948418
12094804 41948424
15658301 43295571
12100398 43295572
12089154 13676359
12089767 43295573
12094108 43295574
12115578 41948466
2739864 13676414
12104013 41948484
12113096 41948491
12113097 43295575
12116863 41948493
8311573 41948499
12097827 43295576
12089090 43295577
12083310 41948515
2691961 13676474
3567829 41948518
2677220 41948532
12086480 41948533
3337239 43295578
12077775 43295579
12104400 43295580
12112411 41948540
12082668 41948542
15549655 41948544
12096048 20826299
12114859 43295581
12103506 43295582
12097312 43295583
12097780 41948565
12076871 41948566
3645013 41948567
12113106 41948571
12099898 41948577
12085688 41948579
2683685 42285227
12082840 41948591
12088444 41948594
3948079 43295584
12082974 41948607
1832689 41948609
12105990 41948612
12093160 41948616
12085863 43295585
12107662 41948625
12115786 43295586
3936351 41948635
12096083 41948637
12100430 41948666
12094114 43295587
12116478 41948680
12091125 41948688
22120132 41948692
12085113 43295588
2626102 41948751
12092078 41948755
12080519 41948756
12093287 41948760
20391510 41948786
12110796 30537287
12113967 43295589
12081120 43295590
12100001 43295591
2707831 43295592
12077664 43295593
12110356 43295594
12101065 41948835
3642144 43295595
12106401 43295596
12094037 41948876
12077258 41948885
12109350 43295597
12076489 41948901
6677250 43295598
2751802 41948906
12102825 43295599
12082493 43295600
12085091 41948920
3983440 41948921
12115049 41948922
3901801 41948927
12091198 41948933
12110160 41948937
12078046 41948939
12098170 41948941
12077040 43295601
12096882 41948974
12090926 41948979
12089850 41949002
12114325 41949004
12101967 43295602
12109900 41949030
12090998 41949032
12092605 41949035
11865671 41949040
12093236 43295603
12083106 43295604
13956710 43295605
12105510 41949069
12088470 41949076
12085278 41949081
12114394 43295606
12081711 41949095
12089592 41949113
12115275 41949114
12103269 43295607
12102717 43295608
3940385 41949116
12100992 41949119
8310860 41949122
12092619 43295609
12080753 41949143
12083306 41949152
12079320 41949154
12098080 41949157
12097487 42287441
12104590 41949159
15579297 43295610
8309556 41949169
3997495 41949170
21167913 43295611
12092795 36760001
12115166 41949184
12093674 43295612
12078301 41949198
3946987 41949199
12114003 43295613
12115643 41949211
12095134 41949218
12110183 43295614
12098887 41949227
12102782 43295615
12114485 43295616
14406622 41949231
10497840 41949234
12089670 41949236
12087309 43295617
10506560 41949243
3975829 41949246
6467472 41949249
12097751 41949250
12078065 41949265
12107048 41949266
12099312 41949271
12115273 41949280
12083498 43295618
3909495 41949285
12082765 41949286
12092604 43295619
12097500 41949288
12100569 43295620
12079086 41949295
8311365 41949297
12077741 43295621
12107202 43295622
8311828 43295623
12110133 43295624
3936021 41949310
12093211 41949313
8312291 43295625
12084522 41949324
12114834 41949328
3548608 43295626
12116423 41949336
12106381 41949338
3099543 41949344
8312001 41949345
12114236 43295627
12104932 41949361
8311755 43295628
12115642 41949372
12105980 41949373
12116988 41949378
12098046 43295629
12080444 41949383
12090809 41949393
12101620 41949394
12104549 43295630
12078310 41949397
12102903 41949406
1781251 41949411
12100105 41949412
12090989 41949423
12087554 41949429
15513196 43295631
12077564 41949435
3591743 43295632
12111127 41949440
12093192 41949456
12099667 43295633
12114365 41949464
43295634 43295635
12101385 43295636
12077896 43295637
1754694 43295638
8311801 41949500
4472055 43295639
8312090 41949504
6546867 43295640
2744326 41949507
8312086 43295641
8310133 43295642
12082049 43295643
12104788 41949524
4004384 41949528
12107766 41949555
12106166 41949573
12102216 43295644
12103927 43295645
12107325 13677362
12116339 42318701
12096546 43295646
15452661 43295647
12079664 43295648
12117116 41949617
19081519 43295649
12116138 43295650
12116608 43295651
12085896 41949645
2751689 41949649
12095984 41949664
12112390 41949678
12109361 41949685
12077527 41949698
12100989 41949703
12083176 43295652
12094678 41949710
12101605 43295653
12089826 41949718
12092607 41949720
12109492 41949721
3922046 41949722
3974811 41949726
12105516 41949735
2748778 42289439
2698826 41949755
2747712 34573303
12089101 43295654
12100089 41949773
12097344 41949781
12099865 41949788
28774908 41949792
12076527 20827461
12092481 41949801
12095840 43295655
12103979 23209500
12100970 43295656
12080449 41949814
3973589 41949818
12083214 43295657
12100949 43295658
12102558 41949829
12101336 20827514
12092484 41949835
4234218 43295659
12087049 41949843
12112115 43295660
12100537 41949858
34287066 43295661
10506769 42289941
12081466 20827556
12092830 12597863
12115161 41949894
2746495 41949897
12096148 20827590
12107305 36300286
12109535 43295662
12100210 10585572
12114143 43295663
12094139 41949919
4234220 41949927
1817325 41949932
12099350 32822518
12089085 41949945
12082438 41949946
12108694 41949950
12109502 41949956
12092449 43295664
12077336 21447072
12103743 41949970
12080739 20827699
12089263 41949976
12083171 43295665
12104208 41949999
12107281 41950000
12090445 41950009
12090670 41950014
12081024 13678018
3907359 41950018
12090739 43295666
15504066 41950040
3890432 43295667
22120688 42290764
12096222 43295668
12110264 41950049
34228657 43295669
12089396 41950052
12089330 41950056
12102557 41950069
12107762 41950079
12089543 41950083
12093127 41950084
22120932 41950086
3981289 36681942
12090664 43295670
12113936 41950115
12102451 41950117
12093191 41950122
12082181 43295671
15675652 41950149
12104758 43295672
12111275 41950152
12107877 41950168
12111264 41950174
12089593 41950187
12103155 41950189
12104610 41950204
17410780 41950227
12106795 43295673
12093780 41950232
3960900 43295674
12105188 41950239
12108851 41950248
12080792 41950249
12088239 41950250
12085096 43295675
12084457 41950258
12080707 43295676
12087779 41950271
12087451 43295677
3900734 41950278
12101215 41950289
12116180 13678522
12112486 20828567
8309562 41950321
12077294 43295678
12099407 41950339
12108591 41950342
12112134 43295679
12104237 41950344
12099463 41950346
12104601 43295680
12094179 41950352
12086150 41950359
12112132 43295681
10505405 43295682
15676959 43295683
15668982 41950378
12116836 41950379
2732896 41950396
12107423 41950401
15502125 41950407
12090667 41950423
3957024 43295684
12096132 43295685
12101364 43295686
