43478158 16414944
16634075 14312265
43478159 17412323
32008994 16414948
43478160 20617929
43478161 14353386
43478162 19235835
32021922 13615809
28932097 14353393
32021920 14353395
43478163 19086635
43478164 13615811
43478165 13615813
32747002 10590236
43478166 20839364
43478167 19235920
32710321 13615907
43478168 16415042
32040132 9571126
16195009 14353563
20859188 13818132
43478169 17412363
43478170 9964083
32697821 9571137
43478171 9571138
43478172 9571139
43478173 16415052
43478174 16415053
43478175 16020754
31703049 16020771
28948138 16020784
43478176 13615916
43478177 13615917
32719658 16020788
19279161 16811268
31954938 13615920
43478178 12420629
43478179 14353587
28869272 9571157
31702915 13615933
31702922 14353596
32016446 16415112
32016792 9571161
43478180 20002793
43478181 20002796
32732163 14353615
43478182 14353616
43478183 14353618
43478184 14353619
32704790 13615938
43478185 17898059
43478186 10884423
43478187 9571168
32016629 17412429
31703047 20002801
32701707 9571171
32703866 14353630
43478188 17868642
32714640 9571180
32087841 16415154
43478189 9571181
32017376 14353637
31716835 14353638
43478190 17868643
43478191 14353639
31703175 13615955
43478192 16415172
32017381 20002822
31703230 14353649
32702997 14353653
31703242 16020880
31703243 17868644
43478193 16415184
43478194 16203418
43478195 16811271
43478196 19235939
32697806 20841604
43478197 20841607
43478198 14353687
43478199 19235947
43478200 19300933
43478201 16415220
43478202 9571207
43478203 20841617
43478204 19086708
43478205 19235949
43478206 20841625
43478207 16415227
28901993 20841756
28906814 19300935
43478208 9571227
28935971 16020941
28976405 13656313
19287943 20841819
19276999 20841820
28917717 19235957
28883084 13615986
28864727 14353709
28956594 9571231
28888409 20807204
28961338 19126562
28981271 16020983
28927031 16203434
28866645 9571265
31718544 16415263
28874776 13616001
28918915 9571267
28881057 20618588
28878082 16415264
28924478 10884462
28924683 10884464
28906088 16020992
28953394 16203439
28949128 16172046
28948404 20841918
28885384 20841919
28906577 20841922
43478209 17868655
43478210 16415275
28925616 19086716
28931772 20841932
28970999 19300940
28971893 20841934
28932806 16021005
28880464 13818141
28938595 19235975
43478211 20841935
28885493 16415284
28977899 17412462
28901180 18146935
28869504 17868658
28894287 14312311
28903734 16021031
28867055 19235983
28964988 14353773
28941906 13656323
28911890 20841964
28883208 19235984
28889079 9964128
28967774 16415286
32020885 13616018
32020234 9964132
32020232 20841967
32020233 17412473
32020235 20841968
28861573 10884485
32020798 10884487
28919983 10884489
28861903 16415289
32056696 16415299
43478212 14353789
43478213 9964166
32005238 20841983
16199739 20841985
32706356 20842008
31718420 20842011
32706359 9571310
31718424 20618614
28869142 19235991
32706364 13616038
31970301 20618623
43478214 17412496
43478215 20618626
32708483 20842040
43478216 20842041
43478217 20842042
43478218 14620752
43478219 16415331
32708485 13616049
31970210 20842044
31970211 13656329
31970079 20842046
31970072 13616050
31970071 20842047
31970073 19236000
31970070 20842048
31970074 14312320
31970212 19236001
31970345 14353817
31970346 14353818
31970064 13656330
31970214 18400579
16666451 16021073
43478220 16415333
31985185 14353820
32706369 14312328
31703437 13616070
32701811 14353837
43478221 20842091
43478222 20842094
43478223 19236008
43478224 20842099
32706284 13616073
20853301 17870083
43478225 10532839
43478226 9964261
43478227 20842356
32702981 13616157
43478228 14353957
32706163 10884560
43478229 10884562
31701686 16415471
31702021 14353958
32058252 14353959
31702173 16021296
28965709 19236044
32706890 20618737
32120617 20618754
43478230 10884567
43478231 10884569
43478232 9964287
43478233 9571390
43478234 14353975
32714508 14353978
32704285 16021353
43478235 16021355
43478236 16021399
43478237 13616177
31703094 16415492
43478238 9571394
43478239 19236051
43478240 19236052
43478241 9964312
32704308 10884577
32704307 19086774
43478242 17870121
43478243 20618842
31701116 20842388
32701836 14312366
43478244 16021597
31703584 20842442
32717873 17870137
43478245 10884586
31715422 20842452
31703738 14354030
31703983 16415543
31703986 16415548
31716804 16415552
31703964 16021712
32017327 16415625
31716893 14312381
31702960 20618937
31702961 14354085
43478246 16021810
31717843 20842513
43478247 16021840
43478248 14354095
43478249 14354097
43478250 16021849
43478251 16021855
43478252 9964392
43478253 14354102
43478254 16021871
43478255 19236072
43478256 14354108
43478257 14354114
31988126 16415681
43478258 13616263
43478259 20002849
43478260 13616265
43478261 9571448
43478262 13656366
43478263 16022211
43478264 19086814
43478265 16022214
43478266 16022216
31988143 14354259
43478267 13656371
43478268 14354329
43478269 12515748
43478270 14354461
43478271 19126653
31703754 13616359
31716767 14354506
31704052 19236131
31704040 14354510
31704019 14354513
31704041 10884696
31704057 10884700
31703922 14354534
31703919 13616372
31703831 14354546
31703826 13616379
31703828 14354547
31704403 14354584
28915409 16022661
32704998 14354603
43478272 14354609
43478273 14354618
43478274 14354619
32705191 14354636
21818363 9964463
31954534 9964465
31954537 14354725
31954536 16415868
32139906 14354726
32709691 14354727
32139907 14354729
32707702 16415872
31954532 14354730
32709692 14312453
21818627 14354733
21816687 19126665
21818330 14354736
19260865 12515758
43478275 19561416
43478276 9571585
32705881 14354812
28884229 19236154
43478277 13616419
43478278 16415927
28940588 14354822
32004253 14354825
28863194 14354830
31715112 14354850
31715113 20843207
31701427 19236158
32705522 14354851
31701441 16022877
28891350 16022891
28923533 14354863
28900679 16022898
32012565 13616425
16198519 16022902
32175700 14354868
28976968 16022911
43478279 14354874
31718417 14312463
28957177 20843212
43478280 13616430
32005144 16022934
28882875 16022936
31974683 16022940
32140095 16416001
32140097 16023088
32140099 16023090
32140108 16023099
43478281 16416004
43478282 14354970
32709214 14354971
32701989 14354973
32734627 20002870
43478283 16023153
43478284 20002882
32705879 16023211
19270494 20843289
43478285 19236178
43478286 14312474
28958243 20843290
43478287 14354995
43478288 16023214
43478289 14354996
43478290 16023222
43478291 9571640
43478292 16023224
43478293 19236180
43478294 20843292
43478295 9571641
43478296 19236181
43478297 16023229
43478298 16023231
43478299 16023233
43478300 14354998
43478301 14355000
43478302 14355002
43478303 9571642
43478304 19236182
43478305 16023240
31702020 9571645
32706910 19236183
31702195 13656420
31702197 16023248
43478306 16023263
32021274 16023275
19272209 14355014
32719366 16023283
28932771 16416035
43478307 16023288
32696662 16023293
32701218 14355039
32718073 16023319
31704101 14355047
43478308 16416043
43478309 16023387
31703053 14355059
31716760 21156940
31703174 14355063
28944938 14355064
32706275 20843374
43478310 27269293
16615980 16023409
43478311 13656423
43478312 20843398
28915684 14312481
32004254 12515797
31718287 13616481
43478313 13616482
16668850 14355075
43478314 10533196
20856029 20002961
43478315 20002962
43478316 14355429
32719143 16203702
32010414 9571717
32054042 13616628
28974927 20002964
32697785 17870400
43478317 14355442
43478318 9571721
43478319 19126730
32712426 16024586
43478320 12520567
43478321 20002967
43478322 19236280
43478323 20002969
28894555 19236281
43478324 13818172
43478325 16024609
32071803 14520572
43478326 13616640
43478327 14355453
43478328 14355456
43478329 9571724
32697429 14312549
16642204 14355462
43478330 19126733
31700280 13656545
32709475 12515827
32712324 20990396
43478331 19301021
43478332 21803562
32709671 13616648
43478333 14355477
43478334 13616650
43478335 14312559
32712994 23209672
20856117 16203710
32081010 13656552
43478336 9571730
32048782 20990397
43478337 9571731
32027585 13656553
43478338 14312565
31700322 13656555
43478339 16024700
43478340 16024716
43478341 13656566
43478342 14355497
20001035 13656567
43478343 13656569
32949982 12520568
43478344 13616657
28930320 16024743
43478345 9571742
32743675 14355503
43478346 14355504
31948283 14355507
43478347 27583208
43478348 20990399
20867506 13616661
43478349 16024763
32950162 16024767
43478350 18400658
15995488 13616664
43478351 9571745
43478352 13656576
20854398 14688170
43478353 16024777
32709625 9571747
43478354 14355519
43478355 14355521
32697444 16024804
43478356 13616673
43478357 16024819
28933659 16024828
43478358 13656584
16654408 13616675
31718327 14355531
32116113 16024846
31948281 13656586
32987667 16024855
31700231 14312593
32004767 13616677
43478359 14312608
43478360 14355544
43478361 11811334
31700259 14312610
32009132 13656587
20856225 13616679
43478362 16416335
30854362 14312621
43478363 14312637
43478364 13616693
43478365 14312654
32697982 14312655
43478366 22702712
43478367 14312669
43478368 14355556
32050153 14312671
32697314 14312678
43478369 14312679
43478370 14312680
31700304 14312682
43478371 9571755
43478372 14312689
28928442 14312695
43478373 14312698
43478374 14312699
43478375 14312701
43478376 14312703
20854534 14312705
43478377 14312710
28885328 13616711
39441189 9964587
43478378 14355567
32736033 14312721
32696857 13656598
32696864 16024959
32696862 13616718
20867483 14355575
43478379 14355576
32012278 14312728
43478380 13656599
43478381 14355581
43478382 20990406
43478383 13656600
20854317 13616726
43478384 14312753
43478385 13616732
32748160 14312754
43478386 14312755
43478387 14312757
32719146 19126743
43478388 14312769
43478389 14312770
43478390 16024998
28951370 14312773
31700026 14312776
20854344 13616737
32697423 14312785
43478391 14312791
32004811 16025006
28957163 14312795
28890056 14355598
32009114 14312804
43478392 9571775
43478393 13616739
32698257 14312813
31952157 14355606
43478394 14312816
32004764 14312819
43478395 14355608
32025244 14312823
43478396 22585099
43478397 9571778
20854396 19236309
43478398 19236310
28937504 22585101
43478399 14355613
43478400 17898081
32034073 14312851
31946391 14312855
32004566 12515837
28922723 13616752
43478401 14355626
31700170 17412584
43478402 13616758
43478403 13616759
43478404 13616760
43478405 14355627
43478406 14355628
43478407 14312878
32697439 14355629
32712517 16025041
32004887 13616766
43478408 14312892
43478409 20002983
43478410 14312910
32004753 14312916
32009133 14355634
32697408 16025067
43478411 14312931
31700208 13616776
43478412 14312937
32052484 16025087
43478413 13616778
43478414 16025092
20856027 16025108
43478415 14312969
43478416 14312988
43478417 14355648
43478418 14312989
31948285 14312990
43478419 14313004
32712975 22585105
20854408 17870405
28890809 14313017
43478420 14313018
43478421 14313025
31718160 16025153
43478422 13616786
32697981 16025157
32004823 16025159
32698269 16416352
43478423 14313036
31718164 14355659
20856075 13616787
32950721 17898097
28865220 13656630
43478424 13616790
43478425 14313050
43478426 24782628
43478427 21156955
20867579 14313065
28969596 14313066
28922586 9571817
43478428 14355664
31948274 31451018
32698108 14313071
20867214 12520570
43478429 16025196
31700284 13656631
43478430 14313078
43478431 14313087
43478432 14313089
43478433 14313090
43478434 16416353
32055715 14313092
28907428 13616796
43478435 13616802
43478436 13616805
43478437 14313118
43478438 14313130
43478439 14313133
43478440 16203747
32026093 14313143
43478441 13616816
43478442 14313147
43478443 13616818
43478444 14313154
43478445 14313156
43478446 27584292
28879592 9571824
32712382 14313167
31700402 14313173
20854440 14313186
28975675 14313190
43478447 14313193
20854314 13656644
32198173 13616835
43478448 13616837
32750826 16416384
28903710 14313213
20855928 17870407
28871058 14313224
43478449 19236325
20856146 14313253
43478450 14313261
43478451 14313263
43478452 14313274
43478453 19236328
43478454 14313284
43478455 20990414
43478456 14313296
43478457 21156960
43478458 14313297
32717699 13656655
32697312 16025374
43478459 14313309
28954398 16025378
43478460 11811347
32712767 22585120
32712328 14313313
31700101 14355730
32719144 14313322
43478461 9571843
31700041 14313324
43478462 14313332
43478463 14313334
43478464 14355742
43478465 20990416
28969363 16025402
32721235 13656662
28889149 20990417
43478466 16811362
32746568 23209714
20855947 22702719
43478467 14313353
43478468 13616888
43478469 16025412
31700169 19086917
43478470 14313361
43478471 14313366
43478472 14313367
28973179 19301037
32746634 14313376
32004759 14313380
43478473 14313381
43478474 9571857
43478475 13656669
43478476 20002990
32697415 12213580
32004771 13656673
43478477 14313402
43478478 14355775
31700329 14313412
20863314 12213608
43478479 12213612
43478480 12213616
43478481 12213620
43478482 12213622
43478483 12420700
43478484 13616909
43478485 12213627
43478486 14313415
28888950 10884713
43478487 9571870
43478488 10884719
32741911 10884727
32697335 16416418
20854322 14313423
43478489 14313427
32696863 12213646
28880095 14355787
20856145 12213656
32004758 12420703
43478490 12213662
20001198 12213664
32697394 12420704
43478491 14313451
43478492 10884741
43478493 12213699
43478494 14313468
43478495 20934995
43478496 14313475
43478497 22585144
43478498 16025577
20866683 14313481
20854282 12213734
43478499 12213738
32709639 14313484
31948023 14313485
31700356 12213745
31955113 12213751
32004812 19236347
43478500 13616917
32703223 19086925
43478501 9571895
43478502 14355807
43478503 14313509
32698733 14313510
20856106 14313513
43478504 16025660
32021005 16025662
43478505 14355818
32004826 9571900
28969902 23209724
43478506 22585149
28883247 13656690
43478507 19301040
43478508 14355823
43478509 13616929
28955612 13616930
20854321 10884767
20856335 10884785
43478510 13616933
28913755 12420709
31948272 22585152
20855905 14313529
43478511 24357697
43478512 14313531
32004828 13616934
28862820 14313537
39256334 14355829
43478513 16025691
43478514 19561457
43478515 14313540
43478516 13656694
43478517 19230222
20854348 10884797
41795838 14313557
20854302 14313560
43478518 19561458
43478519 13616939
31700255 14313575
28938218 14688238
32697726 13616940
43478520 19236354
32010458 14688242
32712577 13616941
31700359 14313589
20856025 13616942
43478521 14313594
43478522 14313597
28942906 18146960
11321918 9571919
43478523 12420711
43478524 19086932
43478525 19301044
31700179 24357702
43478526 13616944
43478527 16025795
32697422 9571923
43478528 16025815
20856133 19561459
43478529 14313630
43478530 13616947
31700313 16025819
43478531 14313643
28867061 22585162
43478532 14313655
43478533 14520596
43478534 14313658
31700324 14313659
43478535 20933922
43478536 16025861
43478537 13656708
31948276 16025864
32712398 19301046
43478538 16025880
32021011 14313677
43478539 14313680
28919176 19301047
43478540 14313689
43478541 14313690
43478542 14313691
43478543 13616951
43478544 14313695
43478545 19301049
43478546 14313706
43478547 14313708
32175714 16025933
32712344 16025940
43478548 13656721
43478549 19236368
43478550 14313723
16659595 23209727
28908120 13616959
43478551 14355877
31952156 14355885
43478552 19086939
43478553 12515850
43478554 14313743
43478555 23162365
43478556 14313750
43478557 16026025
28937095 14313752
43478558 16026028
43478559 12520573
43478560 14313762
43478561 21560598
32027539 14313766
43478562 22585170
32712437 14313776
43478563 14313777
28942485 16026060
28979749 14313783
31948267 12520580
43478564 19236372
43478565 14313788
43478566 12520581
43478567 14313791
43478568 13656728
43478569 14313799
43478570 14313800
43478571 16026081
32712441 19236373
43478572 14313805
43478573 14313814
32721019 19086940
32746628 23209732
28894840 20935005
43478574 13616978
28945981 14313825
32053106 22585174
43478575 14313838
28931110 19236375
32987674 14313849
43478576 13616983
31955088 9571937
43478577 9964698
43478578 14313853
43478579 14313865
43478580 14313867
32003105 14313868
43478581 14313878
28960317 14313880
43478582 19126782
43478583 16026172
31700400 14313897
43478584 14313906
16649487 16026177
43478585 14313907
28881060 12515854
32721246 14313920
43478586 21156972
43478587 14313922
43478588 14313924
20867518 14313925
28894899 14313933
32021007 21156973
32697984 22585178
43478589 14313939
32698270 16026218
43478590 13616988
20856074 14313950
31700387 13616991
20855951 19236380
28933652 22585181
43478591 14355934
43478592 14313957
43478593 14313958
32712406 14313963
43478594 13656748
43478595 13656749
43478596 14313972
43478597 22585183
32697391 14313974
32040018 16026233
43478598 14313982
20854380 9964731
43478599 16026237
43478600 14355943
43478601 16203833
43478602 14313989
43478603 14313995
43478604 14314000
20855992 16026259
32987660 19086943
28954495 20990440
32697386 14314011
43478605 14314029
28892721 22702754
20856059 13656757
31700182 16026295
32004760 14314036
43478606 16026305
43478607 14314038
41795714 9571960
28922529 13656766
43478608 14314047
20854349 13616997
43478609 19086946
28905523 24357721
32175356 19236390
32175324 14314074
43478610 14314076
32004783 13617001
43478611 14314083
43478612 13656769
32717825 14314084
43478613 14355964
20855923 13617006
43478614 13617008
32732066 13617009
43478615 14314100
31700040 9964752
43478616 24357724
43478617 10533613
43478618 13617024
32007981 13617027
43478619 13617030
43478620 12515858
43478621 14355979
43478622 14314135
20856069 22585199
43478623 19126792
32036203 14314143
43478624 14314144
43478625 14314145
32712996 14314146
43478626 16026402
32009982 22585203
32004567 16026416
32175362 14355993
43478627 14355994
43478628 24776225
43478629 14314159
28932573 14314160
43478630 14314161
43478631 14314163
43478632 14314167
16654139 14314173
43478633 14314177
43478634 16026464
43478635 13656803
16656649 9571992
43478636 13656807
43478637 16026489
32697395 14356007
20867485 19126795
43478638 14314183
43478639 14314185
20854280 24078732
43478640 13617050
28912003 19126796
20855944 14314193
43478641 14314196
43478642 16026518
43478643 19086959
43478644 14314213
43478645 14314215
43478646 9571999
31700233 22585210
43478647 14314223
43478648 22585211
28973811 19236407
43478649 14356023
43478650 23209747
32048667 14356028
43478651 16026590
32697993 13656824
20855985 16026593
43478652 13656826
20854297 16026597
32712464 14314234
43478653 14314252
32064144 14314254
43478654 23209749
32080931 14314258
43478655 13617059
32697442 13656835
16659630 18400680
43478656 16026629
43478657 16026632
32009622 16026636
43478658 16026640
28951529 14314263
43478659 19236413
43478660 13656838
43478661 13656839
32698233 14314270
43478662 14314272
43478663 14314274
43478664 9964788
43478665 13656842
32697337 13656843
32712554 19086963
32026177 19236416
43478666 22585231
43478667 19236417
32712341 14314303
43478668 13656851
28901801 22585234
43478669 14314317
32746569 14314319
43478670 14314321
43478671 14314327
43478672 13656856
43478673 14314334
43478674 14356060
43478675 13656863
32043706 16026717
31700254 13656866
43478676 13656867
28927440 13617072
32004849 16026739
43478677 13818182
16656646 9572020
32027538 13656873
43478678 19126802
43478679 22585243
43478680 16026764
43478681 13656877
43478682 16026776
43478683 14314355
43478684 9964812
32719141 9964824
32036197 19236428
43478685 14314369
39345405 13617075
31718162 19236429
33346235 14356074
43478686 16026817
20854448 13617078
43478687 22702770
28925669 13656885
43478688 16026825
43478689 23209756
32698255 16026828
43478690 14314370
43478691 19086968
32713564 16026839
20855876 16026845
43478692 23200022
28901897 14356077
32743673 14314375
43478693 19126803
43478694 24357736
43478695 13656890
20854403 19236433
43478696 16026886
32732068 16026888
32025987 13656891
43478697 23209760
28921436 13656892
20854463 22585254
43478698 22702773
28889208 16026909
43478699 22702776
20854356 13617086
43478700 16026916
20867513 16026919
32697437 22585258
43478701 23209764
43478702 16026931
43478703 13678706
43478704 16026935
43478705 14356091
32009120 23209767
32698846 21030532
43478706 22585261
20854350 19126805
43478707 23209769
43478708 13656902
20854571 22585263
32712438 13656903
28861397 19236446
43478709 9572033
32697339 16026984
43478710 16026988
20854405 22585267
43478711 19086976
20856057 22585268
43478712 16027008
28947244 16027017
20856049 16027021
43478713 19236449
27550053 22585274
43478714 19236451
20856047 22585275
43478715 16027056
43478716 22733132
43478717 16027064
28907279 13617092
32746421 19236453
20854382 12520598
43478718 22585276
43478719 19301076
31948286 16027082
32712768 12520600
43478720 9572036
32987276 16027102
43478721 22702784
43478722 23209779
20854400 20935025
28915437 14356114
43478723 22585278
43478724 22702786
43478725 13656912
32698104 9964838
43478726 19236460
20867511 13656914
43478727 9964853
43478728 9964857
43478729 20990469
32175671 14356121
20863347 9964875
43478730 13656916
43478731 14356125
16642205 22585286
43478732 22481129
43478733 20990471
43478734 14356139
32047420 19301087
43478735 22585290
43478736 16027163
32712570 19236472
32712487 22585291
31700038 19236473
32709638 21560603
43478737 19236474
28968026 13617101
20854377 16027197
32123474 21560604
43478738 14356151
32697317 22481136
43478739 19236476
43478740 14356152
31700029 22585298
32699298 16027216
43478741 19086982
43478742 14356154
43478743 9964918
43478744 22702795
43478745 24357752
43478746 20933929
32079370 22585304
43478747 22702796
43478748 19126816
43478749 17870711
28904628 19561476
43478750 22585306
43478751 16027259
43478752 16027268
43478753 13656935
43478754 13678708
32697410 14356168
32987672 19126819
28866826 20935043
43478755 19236490
43478756 9964940
20855987 17870717
31999926 18396922
28926558 14356173
28918506 24782655
43478757 16027328
43478758 16027333
28932125 16027337
32718106 13617120
43478759 13617121
32712491 13617128
32699297 9572050
43478760 19236499
32054342 17898111
31700281 16027366
43478761 13617133
32721209 13617135
32175371 16027368
43478762 16027378
20855954 20990483
28958420 14356194
43478763 16027391
43478764 22585330
43478765 16027397
32005039 27626531
31700235 14356196
28870214 18400683
43478766 19236504
32746645 22702803
28872611 16027407
43478767 16027411
43478768 21156986
43478769 23200066
43478770 13617152
20867599 14356202
43478771 16027431
43478772 22585332
20854537 13617153
43478773 13617157
28892158 19236509
43478774 22585336
43478775 16027486
43478776 13617171
43478777 16027494
43478778 16027496
43478779 14356208
43478780 19126824
43478781 19236515
20854355 13617188
43478782 18396942
43478783 19236516
32718088 16027530
43478784 14356213
43478785 16027536
32703525 16027543
43478786 16027553
32698239 16027560
43478787 14356220
32052480 14356221
32004777 13656954
32949999 16027569
43478788 14356223
20854445 16027594
33345399 14356224
43478789 16027607
43478790 9572064
31948309 16027632
20855937 13656957
43478791 16027651
32697989 16027653
31700248 16027678
43478792 16027681
43478793 22702805
32696859 22585342
43478794 9572067
20856131 16027705
28883297 12515882
43478795 16027716
43478796 13656963
43478797 24367418
43478798 23209833
16646735 19236523
32718102 13656970
20863321 16027727
43478799 16027739
28929934 19236525
43478800 22702808
43478801 22702809
43478802 16027762
32173129 19236528
20854453 16027790
43478803 14356258
31700386 20935058
43478804 21078865
43478805 22702811
43478806 22585354
32174741 16027805
32035849 19236534
16662316 16027815
43478807 14356268
43478808 22481183
28893226 16027824
43478809 12520607
20863323 13617203
31700307 13617205
16659629 16027864
43478810 16027876
43478811 14356272
32697446 20619370
43478812 20619373
20855948 22585357
32004754 19236540
43478813 9572077
32712964 16027916
32007531 16027923
20854307 16027941
31700229 20619429
43478814 22585361
43478815 16027946
20856118 16027948
32709611 16027958
43478816 14356280
43478817 19236546
43478818 20619458
43478819 19236548
43478820 20619477
43478821 24782662
32081895 14356285
43478822 16027985
20856041 16027991
43478823 14356287
16654410 16027993
32712666 20619530
43478824 14356290
43478825 18400697
32721247 16028019
43478826 22585367
32025939 16028023
32712417 20619549
32987632 16028027
31700315 9572089
32698114 14356296
43478827 22585369
32698240 16028041
28977156 19087010
43478828 14356297
28936140 20619592
43478829 13818194
43478830 19236574
31700366 20619622
43478831 14356312
43478832 9572093
43478833 13617215
43478834 20619657
32713528 19561491
20856071 20619666
43478835 19236583
43478836 19236584
43478837 19236585
43478838 24358170
43478839 19236586
43478840 19236588
28905657 9572103
32712662 23209843
32712988 16203930
32743422 17870847
43478841 9572112
32010376 19236592
32021009 23209847
32004787 13657011
32721245 16028110
43478842 22585384
43478843 13657018
43478844 14356327
32987647 16028141
43478845 16028143
28938131 14356328
43478846 13617217
43478847 16028154
43478848 24776238
32697313 24358174
43478849 19236605
43478850 16028159
43478851 16028166
32118440 20619715
32709616 20619716
32721062 18396965
28952353 20619723
32004883 19236607
43478852 20619743
28908590 20619746
43478853 20619750
32741933 14356340
43478854 19126846
32696856 14314404
20854441 20619780
43478855 18396966
32746633 14356341
43478856 14314405
43478857 20619788
43478858 22585387
43478859 14314410
43478860 14356349
41795834 14314415
43478861 18400706
32010301 16028186
20856136 19561495
32718085 20619831
32696806 20619835
43478862 14314428
43478863 19126851
43478864 20990503
43478865 14314432
43478866 14314439
43478867 14314443
43478868 21803588
28963005 14314447
43478869 14314451
43478870 14314453
28863901 19301120
32175396 14356368
43478871 14356372
32175395 13617228
43478872 21803589
43478873 14314464
43478874 13657039
43478875 22585393
20854413 14314467
43478876 14314478
28954079 24776240
32697318 13657046
43478877 20619910
43478878 16028219
16656647 13657049
28931639 20619945
43478879 10533894
32042665 14356385
43478880 14314493
31700285 19087026
31717385 14314496
32010372 20935071
28871662 14314497
43478881 14314504
43478882 14356387
43478883 19301122
43478884 21803591
43478885 14314512
32697343 14314529
32697432 19087028
43478886 14314531
43478887 16028245
32712978 14314535
43478888 14314552
43478889 9572163
43478890 14314560
31700338 14314561
43478891 14314572
43478892 19087030
43478893 22702821
43478894 14356400
20865922 16028286
43478895 16028288
31700096 14356404
43478896 9965066
32746629 20620066
20855957 9572176
43478897 20620083
43478898 18400712
32750824 14314597
31700344 14356412
20854388 12213840
27551973 14314607
43478899 12213842
43478900 14314611
43478901 14314621
43478902 16028359
32698236 13657066
32073581 14356420
43478903 16028363
43478904 19126855
31718462 9965074
32748156 12213861
43478905 19236639
43478906 13617244
28914752 20620167
43478907 20620168
43478908 16028369
43478909 16028376
31700111 16028384
28906289 19236641
32712501 19301126
32697393 19087033
28973891 21803595
43478910 20620182
43478911 20620187
43478912 19236642
20867544 19236643
43478913 20620219
20866690 9572192
43478914 14356436
43478915 14356438
43478916 22585398
43478917 22585399
20855988 22585400
31947480 22585402
43478918 12213890
43478919 13617251
6860244 14356445
43478920 14314648
28888360 9572198
43478921 14688353
32697985 16028430
43478922 14356448
28888261 16028438
43478923 14314656
43478924 13657081
43478925 14356451
32739285 14314657
32697333 23200185
43478926 13657084
28890108 14356453
43478927 9965088
43478928 9965092
43478929 21157007
32697979 19301131
43478930 21157008
43478931 16028474
28887944 14314670
31700171 22481299
43478932 19126871
32735832 23200221
32987601 14356467
43478933 14356469
31946384 22702827
41795837 22585415
43478934 13617257
43478935 23209865
43478936 14356478
31718124 14314675
43478937 20935079
28908340 13657091
32699303 14356488
20867508 13657093
43478938 12213968
16647779 14356493
32697309 16028512
43478939 16028514
31947518 14356496
28899739 14356497
43478940 21803608
43478941 19236674
32021296 13617261
32950180 14314692
43478942 22585426
28916436 16028532
43478943 18396983
43478944 16028534
43478945 12214002
20856234 16028546
43478946 9965134
32009124 18400719
43478947 12214009
32177625 19236678
43478948 14356505
43478949 14356506
43478950 12214014
43478951 22585427
43478952 21803619
43478953 21803620
32721239 12214024
32697440 19087042
43478954 19236682
43478955 14356515
43478956 19236687
43478957 14356517
32748151 19126881
32697328 23200231
32010365 9965152
28962255 9965159
32010380 9965167
43478958 9965194
43478959 21803631
43478960 21803632
43478961 9965208
43478962 18400722
33345398 14356540
32741948 16028604
28918868 31392258
43478963 16028607
43478964 19236692
32004827 12214079
43478965 21803634
32012517 16028615
43478966 19087045
32175322 16028622
43478967 13617268
32731613 18400723
43478968 19236698
28877101 14314726
43478969 22585433
43478970 16028626
43478971 13657118
20854362 19236699
43478972 13657121
43478973 13657123
43478974 14356544
43478975 23209881
32712858 13657125
32698235 9965234
43478976 14356551
43478977 14356553
32712318 9572273
32750814 14356556
43478978 21803642
28940062 22585441
32709470 9572277
43478979 23209889
43478980 17870869
43478981 16028666
43478982 14314736
43478983 16028674
43478984 12515906
28923524 14314738
43478985 20990518
43478986 24078734
43478987 21803652
43478988 22585448
43478989 22585450
32027582 16028692
32027540 14314747
43478990 13657142
20856352 9965282
43478991 16028729
32698003 16028731
20856129 16028734
43478992 16028738
32697411 13617276
43478993 19236710
43478994 9572288
43478995 24776257
43478996 16028818
43478997 16028826
43478998 22585455
28926217 13657149
43478999 16028834
43479000 22585457
32698241 22585458
43479001 22585459
28975340 14314757
43479002 13678720
43479003 21803654
43479004 16028841
43479005 22702843
32698792 14314760
20855902 22585461
43479006 14314764
32718108 13617277
43479007 9965303
32709624 13657150
20854383 14356583
43479008 16028865
32712574 16028871
20867694 19236720
43479009 13617278
43479010 14356589
28876559 19236721
31700100 22585464
43479011 9965307
43479012 19301146
43479013 14356594
28970088 16028898
43479014 16204014
32012840 16028906
43479015 16028913
43479016 16028931
32004768 16028933
28947945 16028937
16660267 16028942
43479017 19236726
43479018 14356605
43479019 22585467
32712361 19236728
32045666 19236730
43479020 16028961
43479021 14314788
32712853 14356615
43479022 27137558
43479023 14314793
32698272 27583247
43479024 14314796
20867517 19126897
32697320 16028982
43479025 16811466
43479026 13657176
43479027 22585479
31700323 22702852
20877360 22585480
43479028 22585482
32950190 22585483
43479029 16028988
43479030 14314806
28892092 22481323
43479031 13617290
20867644 13678724
28924575 19236737
32712990 22585488
32696854 14314813
20856347 14688430
43479032 20990526
43479033 9965330
32712575 22702855
28961714 14688435
43479034 19087055
32010303 17870888
43479035 9965344
20854436 31457089
43479036 19236746
31948307 20990530
43479037 9965356
43479038 9965362
43479039 21803667
43479040 22585497
43479041 19236750
32004813 13617292
43479042 23209917
28951695 22585498
43479043 13617297
43479044 20935105
32697980 21803677
43479045 14356648
20867664 19236758
43479046 19236759
43479047 19087058
43479048 13617302
43479049 19236761
32697321 22585506
32003106 21803685
32987153 19126912
43479050 16028998
28896642 16029001
41795821 14314832
43479051 27269543
31960268 10534105
43479052 19236769
43479053 21803688
43479054 19236770
28931383 24358208
32009131 22585508
43479055 9572348
32004779 14356656
32004799 14314837
43479056 24358210
31948308 14314841
32697341 19236776
43479057 21157022
32712981 14314842
43479058 24358212
43479059 22702867
43479060 22585518
43479061 22585519
43479062 10534112
43479063 22585522
43479064 19126921
43479065 14356669
43479066 22702869
43479067 13657215
43479068 21078872
31700262 14356671
43479069 13617316
28954655 21803698
20856026 14356672
43479070 21803702
43479071 22585524
32712355 21803711
43479072 13617320
31700021 14356676
43479073 14356677
43479074 19301160
32731616 21803713
31700345 14356680
20854442 13657220
20854391 23200345
43479075 13657221
43479076 19236799
43479077 21803717
32697784 20990542
43479078 13657223
43479079 13617328
28886233 14356690
20856103 21803722
20855921 21803726
43479080 13617332
43479081 16029010
43479082 14356698
32712378 16029016
32010450 21803732
32698110 21803736
43479083 21803739
31700282 22585531
43479084 24776272
32123352 9965415
32721244 9965417
43479085 18400727
43479086 14356707
32172578 22585539
32712496 9572448
43479087 14314885
43479088 24776275
31700327 9965421
31700058 9965425
31946387 9965431
43479089 9965436
43479090 19236824
43479091 9965451
43479092 21803743
32743449 22585551
43479093 14314894
28937584 23209942
43479094 9965459
43479095 23209943
43479096 21157032
32173084 22585556
28887185 21803746
43471365 19301172
32004772 19236827
31700310 19236828
43479097 23209944
31953491 21157033
28958284 24358281
43479098 18400732
32054345 14314898
43479099 9572485
32712938 21803750
43479100 13617355
20856337 14356743
43479101 13657259
20867212 14356747
32745893 13657260
43479102 24776282
43479103 14356750
43479104 9572501
43479105 22585564
43479106 14688455
43479107 13617359
20854372 14314906
43479108 22585568
43479109 19301179
28912549 22702878
43479110 23200368
43479111 22585570
43479112 19236844
32021010 9572514
43479113 13657268
43479114 18397019
32036805 21157034
31700331 13657274
43479115 22702883
43479116 22585578
43479117 13657276
43479118 23209959
43479119 9572522
41795830 24358351
43479120 23209960
32062968 14356768
32712851 21803764
43479121 16029055
43479122 22585579
28976337 22585580
28900667 24776288
43479123 9572549
31953488 24358361
20855939 18400738
32175323 24776289
43479124 9965510
43479125 19301184
43479126 14314929
43479127 14356785
32697723 9572581
43479128 19236860
43479129 14356789
20854387 18397023
43479130 13657287
32721170 18397027
32036083 9572597
32010381 20935131
43479131 14356795
43479132 22585588
43479133 13657291
31955114 23209967
20854373 23209968
31700361 22585590
20856009 21803772
43479134 14356805
20854306 22585591
43479135 22585592
43479136 19236869
43479137 22585597
20856028 14356807
43479138 21803781
32153375 24782689
20856342 20933936
43479139 21157039
43479140 19236875
31700370 19236876
32712511 19236879
43479141 10534215
43479142 9572614
28943735 19236882
43479143 14314946
43479144 19236883
32697428 9965538
20867614 16029080
20854567 19236884
43479145 14356821
43479146 14356823
43479147 14356827
28887563 16029102
32718080 14356829
43479148 14356830
43479149 9965544
43479150 13657310
31700364 13657314
43479151 19236889
43479152 19126939
43479153 23209973
43479154 13818215
32731615 18400746
43479155 9572646
43479156 9965552
43479157 20935134
43479158 9965564
20854309 21803791
43479159 14356840
20856116 19236898
20867704 14314960
43479160 19126940
43479161 9965576
43479162 14688469
43479163 20990560
43479164 9965578
32027584 9965582
43479165 22585606
43479166 19236903
43479167 21803796
28862797 20990563
20856017 13617391
32697412 13818216
43479168 19301197
32698737 22585617
28898020 9572692
43479169 27137796
43479170 19126945
43479171 19236913
32733571 23209981
43479172 22585620
43479173 23209982
32712600 14356846
31700244 21560613
28954084 14356848
43479174 9572695
32036191 13657324
32950140 24776299
43479175 14356851
43479176 19236917
43479177 9965590
32009125 13617395
43479178 22585625
43479179 9965602
32697330 18400755
43479180 9965610
32741927 14314982
43479181 13657327
32697445 13657328
43479182 17147812
43479183 16029122
43479184 21560620
43479185 24358399
31700230 17870915
28912715 19236933
43479186 19126958
43479187 16029133
43479188 14356869
32009115 9572728
32712657 14624930
43479189 16029137
43479190 14314993
30854360 14356871
20854374 14356872
28866097 9965615
43479191 9965621
43479192 16029147
28974251 24078737
43479193 9572738
43479194 16029159
43479195 20935142
43479196 16204054
43479197 14356876
43479198 9965630
43479199 16029166
43479200 24776304
32697704 19236944
43479201 16029172
31948256 19301205
43479202 9965638
43479203 16029181
43479204 19236945
20856030 19236946
43479205 18400758
32175374 9965640
20855986 14315004
43479206 9965646
43479207 13657347
28889460 14356894
32712335 16029223
28889855 13617399
20854450 21803817
32012280 16029242
43479208 23209992
43479209 16029259
43479210 17898120
32009134 21803821
32010468 23209993
43479211 19236959
43479212 13617404
43479213 17898127
43479214 14356910
43479215 9572783
20854285 16029297
28921375 19126967
43479216 19087091
32712992 9572799
43479217 21803830
32697988 16029325
43479218 19087092
43479219 14356915
20001186 16029327
43479220 14315023
43479221 13652101
43479222 21803835
43479223 13617409
32717696 17898138
43479224 31458650
20856105 16029339
43479225 20990577
32924361 13617410
32009127 20990578
43479226 19087096
32026171 14356926
31342683 19087098
31948261 9572816
28927366 14315030
43479227 16029362
43479228 14315031
32173079 22585651
31946388 17898140
28979929 18146999
32950185 17898142
43479229 14356930
43479230 14356933
43479231 19087102
28925097 12520628
32004884 12520630
32712325 20620540
43479232 14315042
43479233 16029390
43479234 14315049
43479235 14315072
43479236 16029408
43479237 17898156
32021004 14315081
43479238 20620629
43479239 14356956
43479240 18397036
43479241 14315089
43479242 17898159
43479243 14315090
43479244 9572840
20856306 16029438
32712963 14315096
43479245 14315101
32021256 14356964
43479246 20620690
32746572 20620694
32712476 17898161
28945555 19301211
32732069 14315107
43479247 14356972
43479248 14315109
43479249 18400760
32038303 13657391
20856138 20620735
28920936 19126976
43479250 16029456
43479251 13617423
43479252 13617424
32709672 16029472
43479253 9965697
43479254 16029474
20856077 19087118
20870316 19087119
43479255 14315122
43479256 20620792
32036198 19301213
32070840 14315127
43479257 19236979
20854443 9572860
43479258 20620817
28869945 19126978
32171998 9572861
20854384 16029501
43479259 14315133
43479260 14315134
43479261 19126981
43479262 16029505
43479263 14356996
43479264 16029517
32712425 19236982
32697305 20620860
32721021 19087123
32699301 9572872
32709634 14357007
43479265 14357014
43479266 20620912
43479267 20620914
20856058 19236987
32009117 14357021
31700252 14357023
43479268 14315149
43479269 14357025
43479270 19236989
43479271 14315151
32950560 20620974
43479272 16029579
32026762 9572894
32712371 14357031
43479273 16029589
31700398 20621010
20855899 19087137
43479274 14357040
31946396 22746958
43479275 20990586
32703224 19236997
43479276 9572908
32697974 14357043
31700305 14357044
43479277 16029608
43479278 21803851
28930824 16029621
31948270 13652103
43479279 19301220
31700380 12520635
43479280 19236998
31700106 19087148
32697329 19087149
31700035 14357053
43479281 19237001
43479282 21803854
43479283 16029663
43479284 19126988
32717822 14357067
28924802 19301223
20856065 16029676
43479285 14357073
43479286 14315180
32987896 23210004
32697316 13657429
43479287 20621161
43479288 19087160
43479289 19301225
32712364 18397040
43479290 14315187
28907991 19301226
32698734 24358432
43479291 20621186
32038372 20935157
28868669 22585666
43479292 19237015
32697307 16029725
31700396 16029727
43479293 14315203
43479294 14315205
28932526 21803857
43479295 20621234
31721275 19237019
43479296 19237020
43479297 16029754
31700013 20621254
43479298 20621256
43479299 16029768
28906508 9573002
43479300 20990593
28880079 19237025
43479301 19087171
20856144 19087172
43479302 21803860
43479303 19237027
43479304 20621286
28890765 16029791
43479305 22702919
32014970 14315225
28977853 13657452
43479306 14315228
20866700 20621321
28908945 26326059
32698280 16029814
31700258 14357120
43479307 16029817
32697443 20621352
43479308 19126992
43479309 16029830
43479310 27269647
43479311 21166994
28884204 21803864
43479312 16029839
43479313 21803865
43479314 20621373
28930611 16029847
43479315 16029851
43479316 18147006
32712472 14357132
43479317 20933942
43479318 16029865
32697786 22585674
43479319 13657459
43479320 13657460
31700365 9573088
32697397 14315235
43479321 12214138
43479322 19087187
32739284 16029897
43479323 19087190
43479324 22585677
43479325 22585678
31700367 14315244
43479326 13657471
43479327 22585680
32712995 16029917
43479328 14357152
32717692 18400766
20854360 14315247
43479329 10884817
31700354 10884827
43479330 10884831
43479331 27626616
31700321 14357156
16643640 14315248
43479332 19087203
43479333 23210013
43479334 14315253
43479335 16029953
43479336 21803868
32049523 19301239
20856104 19301241
43479337 19087207
43479338 9573158
31700303 10884843
43479339 16029968
43479340 19237054
20856334 16029976
43479341 20621521
16654209 16029980
32712376 19087212
43479342 14357170
32004800 21803870
43479343 21560623
20855895 14315261
43479344 20621535
43479345 21803872
43479346 16030002
20855904 21030619
32741931 19087213
43479347 23210014
32697345 21560624
43479348 22585695
32697398 10884856
32721017 16030023
43479349 19087217
41795832 19087218
43479350 16030039
28965502 16030041
32721020 21803877
43479351 9573211
43479352 19237066
32069943 14357184
43479353 13657496
32949940 19087219
20854395 22585697
28939630 14357186
43479354 19237070
43479355 9573227
43479356 16030066
43479357 22585700
43479358 10884871
20856226 10884873
43479359 10884881
43479360 16030076
28926601 16204111
32067223 14357190
43479361 20935161
32004802 16030089
43479362 9573244
43479363 19301248
43479364 18397056
43479365 9573262
43479366 22481425
43479367 14357197
43479368 21803880
43479369 19237080
39345406 21157062
32697417 19087227
43479370 20621650
31718350 21803881
43479371 20621664
43479372 19561548
43479373 23210019
31700166 16030144
43479374 14315289
31948279 19301249
32712323 21803883
28864028 20621678
43479375 14315292
43479376 13657506
43479377 13657511
28951321 13657515
43479378 19301252
32696853 16030165
43479379 14315296
28940411 10884906
32709455 10884915
43479380 13657521
43479381 14357212
43479382 14315306
43479383 16030175
43479384 16030183
20863348 14315318
32712340 20990602
43479385 16204117
43479386 14357215
31700025 16030189
43479387 12123593
43479388 16030199
28981755 14315319
43479389 16030204
43479390 9573395
43479391 20621730
31952155 19467235
43479392 9573407
32009984 19237099
43479393 20990608
43479394 27269689
43479395 22702932
20854390 13657534
32697388 14315330
28906080 16204125
20854460 20990610
43479396 22585713
32697322 16030248
43479397 9573458
28953944 24357768
31948268 16030265
43479398 16030267
43479399 13657540
28946070 16030270
28877262 14315339
43479400 16030272
43479401 22585718
43479402 20621763
32739286 16030276
43479403 13657542
43479404 13657544
32175361 16030284
43479405 14315347
32712961 14315348
43479406 14315350
43479407 16030295
43479408 19237105
28946323 12515919
32010302 20621785
28919851 14315358
32026179 24357771
43479409 11811431
43479410 16030329
43479411 13657555
28922853 14357243
28923035 21803913
43479412 22481479
32753708 21803919
43479413 14315372
43479414 14357252
43479415 21803928
43479416 14357255
43479417 16030375
32697420 21157066
32717823 11811433
43479418 14315378
32010397 20935172
43479419 22481487
20854461 14315381
43479420 16030395
20856076 16030397
28891753 14357261
43479421 19561556
43479422 16030411
43479423 16030413
43479424 14315382
43479425 13657557
31700167 13657558
32054344 21157067
43479426 16030426
20854406 13678744
32048060 14315388
43479427 18147015
20867215 22585729
43479428 16030436
43479429 16030438
43479430 24357773
43479431 19127012
43479432 22585737
31700353 27138811
32709636 20621824
28865472 19237137
43479433 24776314
43479434 19301268
43479435 14315396
43479436 19237143
43479437 22585745
31948278 22702941
43479438 22702943
43479439 13657569
43479440 22489745
32712465 13657570
20854563 21803944
43479441 19127017
31700246 21803946
32703527 16030536
20855897 14357276
32698258 16030546
28868191 16030552
32036620 14315402
32703225 23210040
32010405 27138834
43479442 22585752
43479443 14357281
43479444 14625829
28936297 13657578
28944004 19127019
43479445 14315408
28874205 16030587
43479446 14315421
43479447 24358542
43479448 22481522
43479449 22585759
43479450 19237158
32718127 20935178
20856127 13657583
43479451 16204156
28919687 14357305
43479452 14315429
43479453 14357306
43479454 14357307
32005051 21803960
32717828 19237164
31957270 14357312
43479455 21803963
43479456 19237167
43479457 16030652
43479458 21803965
32712485 9573632
43479459 31946913
43479460 16030677
43479461 16030679
43479462 16030681
43479463 13657593
43479464 14357317
32712388 14625878
16659594 21157081
43479465 13657595
32697396 16030702
28864259 19237179
43479466 21803973
32697801 20057351
31700283 14357318
20855946 14357325
43479467 21803977
32753410 21803978
32010304 21803979
43479468 14315448
43479469 16030719
43479470 19127031
43479471 19127032
28951039 18400777
32052487 24367427
43479472 20990638
43479473 13657603
43479474 16030724
43479475 18397080
28938093 20990641
28861123 22585784
32697407 21803984
32712415 18400778
43479476 16030738
43479477 14315457
32026173 13657612
28869659 20990647
28926505 14315458
43479478 16030746
20854458 13657613
43479479 21078897
43479480 19237197
43479481 20935185
43479482 21078899
43479483 22585787
32712374 14315462
32698232 14625938
43479484 19087257
32004816 19301280
31700036 26326091
43479485 9573694
43479486 14357344
31700108 18397081
43479487 19237209
43479488 19301282
43479489 16204173
20854385 22585792
43479490 14357350
43479491 22585794
32004766 21030647
43479492 19237214
43479493 19087262
28883834 21804003
43479494 14315477
20856336 14315479
43479495 14315482
43479496 13657619
43479497 13657620
20854284 13657624
43479498 24358575
43479499 14315488
31946398 22702957
43479500 21560635
20867510 27138900
43479501 13657633
32721190 13657635
43479502 19237225
43479503 14357361
43479504 16172417
43479505 24776325
43479506 16030813
31700306 16030815
28871934 19237227
43479507 20990664
43479508 13657639
43479509 19237230
43479510 18400784
32709620 9573755
28964595 20990667
32004788 9573757
20854520 21804014
43479511 19237231
32719145 9573762
43479512 22585820
43479513 18400785
43479514 14315508
43479515 21804018
32697340 12520643
32713000 16030834
43479516 19237232
43479517 19237233
43479518 19237235
20867696 19237236
32035739 22585824
43479519 14315513
32709481 14315514
32004755 16172432
20854310 21804024
32703519 13657649
43479520 22585828
43479521 22585830
43479522 12520644
43479523 26326098
32697324 16204187
31947664 14315527
43479524 23210062
43479525 20990676
32009119 13818232
43479526 24782741
43479527 16030858
27556302 16030862
43479528 22585832
43479529 21804029
43479530 22585837
28953612 21804031
43479531 13657661
43479532 24782743
43479533 16030874
43479534 23210064
20854386 24776330
43479535 13657672
43479536 13657673
43479537 14315534
43479538 9573794
43479539 14315539
43479540 9573798
31700309 13657681
28878648 22585848
43479541 20935193
43479542 19237258
43479543 22702966
32052822 22585850
43479544 13657686
43479545 18147022
43479546 26326102
31700278 13657687
43479547 16030891
32950142 19301300
31700397 22585852
43479548 24776332
43479549 9573811
28969074 21804041
31700232 14315550
32751418 14315552
28883120 21804043
43479550 14315553
43479551 23210071
43479552 19087275
43479553 19237267
28894125 21804047
43479554 20990682
43479555 14315560
43479556 21804049
32717826 19127043
20854299 14357388
31700236 22702969
43479557 21804058
28861044 14315586
31948280 22585861
20856015 14357391
43479558 19087279
43479559 22585864
43479560 20935197
43479561 13657724
43479562 19087280
20867616 16030931
32697332 10848721
43479563 19237276
28915079 10848724
43479564 10848734
32697319 10848736
32746635 16030936
43479565 18397091
32987145 10848746
43479566 10848749
43479567 27583281
31700022 21167003
32712937 22585867
43479568 10848763
43479569 12520647
43479570 19237278
43479571 10848774
43479572 10848779
43479573 23200793
43479574 10848790
43479575 19237279
43479576 10848793
28932138 13657730
43479577 10848802
28924788 20990685
43479578 24782750
43479579 10848820
20867526 27269764
20854311 10848828
43479580 10848830
43479581 9573863
43479582 18400790
31700326 22585873
28886365 14357401
43479583 20621967
43479584 10848886
43479585 10848892
43479586 13657736
43479587 10848900
32746627 23210089
43479588 10848904
32021255 10848908
32699299 16204213
20854409 10848915
43479589 22585874
32721191 10848918
43479590 20621980
20856051 10848923
43479591 14315630
32697288 10848930
32021008 10848931
32697978 21804070
32078717 20621984
43479592 21804071
20867525 9573878
20855952 10848952
28974122 10848953
28974218 16030988
43479593 19301306
43479594 10848955
43479595 22585877
32712338 14357407
43479596 14315634
31718161 22585878
43479597 10848965
43479598 20990689
31948262 10848983
43479599 13657743
20854371 13657744
32987665 14315644
32741940 14357410
32697385 10849000
43479600 10849028
28941957 20622039
43479601 22481603
32697986 20622065
20854354 16031010
43479602 10849065
43479603 10849066
43479604 21804075
32034757 10849080
43479605 10849085
43479606 19127055
31948284 10849091
43479607 10849094
43479608 9573891
43479609 18397110
32713567 10849119
20855931 10849121
43479610 21804077
16668521 18397111
32004809 10849124
20866233 10849154
43479611 20622126
43479612 10849163
28945339 10849165
20854283 10849172
43479613 21157103
43479614 10849176
43479615 19087290
43479616 10849181
32697304 10849196
43479617 10849213
20856068 16204221
32049433 19237298
43479618 10849221
43479619 10849226
32004825 19301315
32709668 22585887
32009979 19301316
43479620 10849243
43479621 10849254
43479622 10849257
43479623 10849265
43479624 18397113
43479625 9573910
43479626 10849271
43479627 10849274
32175672 10849283
32004846 10849289
31700374 10849290
31953487 10849291
32045390 10849294
32048432 10849296
32123039 9573913
43479628 10849310
43479629 14315669
43479630 10849319
20854402 10849321
43479631 10849330
43479632 10849332
43479633 10849336
20855943 10849345
31700227 10849348
41795833 16172496
43479634 10849362
43479635 10849364
43479636 10849371
43479637 10849385
32696855 10849389
32712856 10849390
43479638 10849397
43479639 10849405
32750833 10849410
43479640 10849416
43479641 10849419
28958289 10849428
28877000 10849429
32009136 10849434
43479642 10849445
43479643 19237304
43479644 10849475
43479645 9573928
20856101 10849483
43479646 10849485
20867543 10849493
43479647 10849495
43479648 10849498
43479649 19301320
32038840 9573931
43479650 19237309
31700371 10849514
28894261 10849517
32697958 10849518
32009983 10849524
20856332 10849525
32005038 10849529
43479651 23210112
32712986 10849551
32004757 10849555
43479652 19127060
43479653 10849557
43479654 13657764
43479655 10849565
43479656 10849566
43479657 10849579
32717693 19237311
43479658 9573938
43479659 10849585
32712509 21804088
43479660 10849592
43479661 19301323
43479662 19237313
43479663 10849605
28901564 9573944
43479664 10849611
43479665 10849614
31700220 10849615
32043968 20622414
31700404 10849634
43479666 16172531
43479667 19237317
28874222 21804098
32987649 10849659
43479668 14315714
43479669 10849662
43479670 16031099
43479671 14315716
39345404 10849668
43479672 10849669
31700311 20622450
43479673 13657773
43479674 10849673
32697702 10849676
28953268 20622465
32697390 10849678
28876904 10849692
28899264 10849696
43479675 10849698
43479676 10849709
43479677 10849710
43479678 10849712
43479679 10849713
32697342 10849725
43479680 10849726
32712424 10849728
32712384 21804108
43479681 14315729
43479682 10849743
32735745 10849751
43479683 19301328
43479684 16031139
31948269 23210120
43479685 10849768
32026268 10849775
31718166 10849776
43479686 10849779
43479687 10849780
43479688 10849783
43479689 10849797
32698275 19237324
43479690 14315737
43479691 10849800
43479692 10849808
28861209 10849817
32697384 10849822
32047418 10849823
43479693 10849828
32698234 10849835
43479694 10849837
32121315 10849842
16661003 10849844
43479695 10849857
43479696 10849859
32697983 10849860
43479697 10849876
43479698 10849879
43479699 9573984
43479700 16031171
20854397 10849893
43479701 10849895
32009126 10849896
43479702 10849897
43479703 14315745
43479704 10849910
43479705 10849914
31948257 10849923
31700180 10849927
32709619 10849928
32713529 10849929
31718359 10849932
32712499 13657787
43479706 13657789
32005040 13657790
43479707 10849940
43479708 10849945
32715720 16031210
43479709 10849948
31953490 14315748
32987128 10849964
43479710 16031221
43479711 10849973
43479712 10849983
43479713 10849984
43479714 10849985
32054343 12520654
43479715 9573994
43479716 12520666
20854549 10850010
43479717 12520675
20855875 9573996
43479718 10850025
43479719 12520679
43479720 12520680
32050736 10850039
43479721 10850041
28866840 12520684
32003108 12520686
32712380 10850050
43479722 12520697
28899098 10850054
32748161 10850055
43479723 12520703
43479724 9574008
43479725 12520717
43479726 12520720
20856108 12520721
43479727 12520730
43479728 12520732
43479729 12520736
20854456 12520743
43479730 12520749
32054346 16031290
43479731 22585897
43479732 10850080
43479733 12520758
31718334 10850087
43479734 12520760
43479735 10850089
43479736 10850090
43479737 9574018
43479738 12520770
32697336 9574021
43479739 10850096
28883908 10850097
43479740 10850098
43479741 22585898
43479742 12520775
20856125 12520780
43479743 19237330
28926081 12520785
43479744 12520790
28892405 12520803
43479745 12520804
32175376 19237334
31700330 12520817
43479746 10850139
28880609 10850141
31700318 10850143
43479747 10850144
31952158 12520826
31700245 10850151
43479748 12520829
32698112 12520831
32027572 19237337
32697774 13657806
31718346 10850157
31700247 14315801
31946397 10850172
32735546 10850174
20867521 14357484
28879243 14315802
32003816 10850183
43479749 20990695
32004773 10850185
43479750 10850194
31721634 14315810
31718460 22702986
43479751 18400798
43479752 19127067
43479753 13657811
43479754 10850209
28940819 10850211
43479755 19237348
28936780 10850212
43479756 10850214
43479757 14315816
43479758 14357490
32697701 10850221
20867611 14315824
43479759 13657814
31955111 19127069
32709648 27269808
32949680 10534993
43479760 14315839
20001030 13657817
31953469 19237355
43479761 14315864
43479762 18397121
32047510 23210139
43479763 14315868
31700328 19237359
32697987 16031364
43479764 23210142
43479765 18397123
43479766 23200945
43479767 13818236
32712508 9574075
43479768 19237365
32115890 16031391
43479769 13657824
32175365 14315891
32010298 19127074
43479770 23210148
32697306 21157111
20855934 14315909
43479771 14357514
43479772 19087310
43479773 14315912
32709474 13657830
43479774 14315922
32697724 14357517
43479775 14315935
43479776 16031433
32052483 14315950
20856132 16031444
28881599 16031451
43479777 13819916
31946383 14357520
43479778 14315967
43479779 14315971
43479780 19237372
43479781 24357776
43479782 14315989
43479783 14357529
43479784 19301336
43479785 19087311
43479786 20990701
43479787 14357532
32721059 16031488
31700257 16031497
31700332 16031505
43479788 19127082
43479789 14315997
32712854 16031520
43479790 16204273
43479791 16031530
43479792 14315999
43479793 14316001
32721027 14316004
43479794 14316013
32004845 14316015
32743451 13657839
20856044 9965947
20854439 14316021
43479795 9965956
43479796 14316023
32123501 14357545
3782366 16031596
31700362 16031601
43479797 22585937
43479798 22702992
28975641 22585938
32731612 9965964
43479799 16031645
20856070 21030680
43479800 9965975
32004803 14316047
43479801 9574132
43479802 16031661
28888825 26386767
43479803 14316053
43479804 16031686
32010388 16031690
32719624 23210166
43479805 13657859
32027581 16031697
28930645 9574137
43479806 16031710
32161290 13657863
43479807 16031732
31948273 14316078
43479808 14316082
32987669 14316086
43479809 9574146
43479810 26326126
43479811 16031762
43479812 22585943
43479813 20935226
43479814 16031784
43479815 13819918
43479816 16031788
43479817 16031794
20866189 14316092
43479818 9965998
32697781 27626722
32698242 26386776
32709652 9966002
20001029 9966004
43479819 14357564
43479820 22585948
31700039 9966010
32035846 18397140
43479821 14357566
28943251 14357570
43479822 24357777
31956738 16172641
32697783 14316100
32697331 14316102
32009137 14316104
43479823 20990705
43479824 13657875
43479825 19237400
32709473 16031812
43479826 14357579
16643388 9966016
43479827 9966020
43479828 21804123
43479829 22585958
43479830 16172647
43479831 9574169
43479832 14316126
28934910 13657882
43479833 16031823
31700357 14316144
31700095 19087315
31700014 21804124
43479834 16031835
43479835 22585964
32036201 24358703
43479836 14357592
31700401 13657884
43479837 22585968
43479838 9574176
43479839 16031849
43479840 27269835
32004822 14316165
20867514 14316168
43479841 14316175
20854308 14357603
43479842 14316178
43479843 22585971
43479844 14316189
32698735 14316193
43479845 14357610
20855962 16031886
32712960 16031888
43479846 22585974
43479847 19237414
43479848 22585976
43479849 14316198
32718111 20057408
28920189 21167012
20856345 22748665
32750831 14316210
43479850 14316214
42206611 22585977
31700177 14316223
43479851 14316231
32004810 14316234
43479852 20990708
43479853 14357635
20854303 31463823
43479854 16172665
31700234 13657899
32718105 21157119
43479855 14316246
43479856 22585983
43479857 22585984
43479858 16031939
28882633 24358711
43479859 14316254
32697441 19301351
32735543 14316265
32698002 13657905
20854351 14357648
43479860 18397147
32987148 18400808
43479861 14357652
32697977 19301352
43479862 13657908
32721151 14357657
43479863 14357660
43479864 20990713
43479865 9574200
20856110 9574201
28895504 14316272
43479866 22585989
43479867 22585990
43479868 14357663
32026178 26326136
28975497 9966048
31948258 13657913
20854572 19301353
43479869 20990716
43479870 20990717
43479871 20990718
43479872 14316298
31946385 21560638
28910889 16031969
32950170 14316301
43479873 16172684
43479874 13657914
43479875 14316305
43479876 14357672
32697344 16032001
28871719 19237428
43479877 19127109
43479878 14316319
28863612 13819924
43479879 16032013
32004756 12515937
31700339 12515940
43479880 9574219
43479881 16032076
43479882 12515952
43479883 16032095
32709433 16032102
43479884 16032104
20865921 9966058
28955268 27269845
43479885 23210177
43479886 22585998
28974327 22585999
43479887 22586000
28976816 20935242
31948275 23210180
43479888 19561606
43479889 16032112
43479890 22586005
43479891 16032118
32721026 9574230
28967341 14357708
43479892 14316334
32709644 16032159
32718107 14316345
43479893 14357720
43479894 14357721
43479895 19237440
43479896 14357725
31718292 14357727
32747040 16032181
43479897 14357729
43479898 16032187
43479899 16032193
43479900 16032197
32751420 14316369
31700037 16032212
43479901 20622874
28866890 20990722
43479902 14357735
43479903 16172710
32721056 14357740
43479904 16032223
20867690 14357741
32010393 14316372
32003096 16032262
43479905 16032264
32172712 14316387
43479906 16032292
28873705 12515960
43479907 16032312
32741950 16032318
31700320 14316402
43479908 14316408
43479909 13657950
43479910 20623015
32746643 14357766
43479911 14316412
43479912 13819930
31700348 14316414
20854465 14316420
32696852 9574256
43479913 9966102
32697308 9966104
20867523 14357770
20854315 14316430
43479914 14316432
32010364 19561611
31700308 20057427
20867566 26386832
31947130 14357771
28876033 22586020
32697976 19237451
43479915 18397156
43479916 14316439
43479917 14357782
43479918 14357784
32712468 27584567
43479919 9966118
32709479 14357790
43479920 22586024
43479921 22586025
43479922 18397157
43479923 19087332
43479924 24782788
32717827 9574261
32003081 14357799
39399842 14316443
43479925 9966134
43479926 9966138
43479927 20990727
43479928 19237463
16656653 14316445
43479929 18400828
43479930 13678766
43479931 16032418
43479932 18397160
28928083 13657969
20854412 14357811
32048302 19127129
31700023 20623036
43479933 9574275
43479934 18397161
43479935 18400830
43479936 18397162
32052486 14316475
32027536 20623082
32175363 22497276
43479937 14316477
43479938 20623099
28898154 14357831
43479939 16032460
43479940 20623121
43479941 16032490
43479942 19237472
31700373 22586040
43479943 14357841
20855966 14357842
32721018 20623160
43479944 16032516
32004752 20623175
43479945 21804136
43479946 20623179
43479947 16032532
43479948 14316503
32018135 14316505
31700360 14357854
32024952 16032562
31700260 14316507
20854305 14316520
43479949 14357858
43479950 19301367
32731607 16032605
43479951 13657995
43479952 14316529
43479953 20623244
43479954 19301368
28940765 14357867
43479955 14357871
32712432 20623249
43479956 14357872
43479957 19561617
31700368 19237483
32709622 14316537
43479958 20623280
31700375 14316543
20854446 14357876
43479959 19561619
32698849 14357877
31700363 16032652
43479960 14316562
43479961 14316570
28903693 14316571
43479962 9966188
43479963 19237489
43479964 20623356
32709478 14357888
43479965 20623360
32739281 23210199
43479966 14357890
32950175 20623372
43479967 14316583
20854393 13658017
43479968 9966198
32004804 14357895
43479969 22586046
32987278 14316591
43479970 19237494
43479971 19237495
32068400 14316594
32195768 14316597
32027583 9574331
43479972 14316607
43479973 14316618
43479974 14316622
32697414 14316627
43479975 16032769
43479976 13658036
32004829 19127151
43479977 20623468
43479978 20623470
43479979 19237498
43479980 14357915
31700316 20623481
43479981 20623486
20856330 16032776
32746422 20623492
32712337 14357918
43479982 13658041
43479983 14357920
43479984 20623503
43479985 19237502
43479986 20623513
43479987 19237510
32697326 22586048
43479988 21560639
43479989 14316658
43479990 9966230
43479991 13819938
43479992 19127152
43479993 14316681
43479994 14316683
43479995 14357936
16660266 14316686
43479996 14316697
28958400 9574361
28958048 16032813
43479997 19237512
43479998 9966246
43479999 14357945
20854358 13819940
32010387 14357946
32712319 21804141
32697419 14357948
43480000 14316707
43480001 14316709
43480002 16032842
31700403 22586052
43480003 23210213
20854564 16032848
43480004 16032852
43480005 16032857
43480006 14357959
43480007 16032863
32698271 14316715
43480008 14357964
32732065 16032879
43480009 14316719
43480010 19237518
20856107 20935255
43480011 20623720
43480012 14357965
31700028 14316724
43480013 13658071
31700224 14357966
43480014 14316741
43480015 20623745
20856126 22586055
32004886 16032897
32697431 14357968
43480016 14316749
28878132 19237524
32712372 14316754
43480017 16032904
20854394 14357978
28878334 22586058
32012279 20623781
43480018 9574389
32070846 14357979
43480019 14357980
43480020 14316767
43480021 16032956
43480022 16032976
43480023 14357986
43480024 14316779
31700372 9574396
43480025 14357993
43480026 14316787
43480027 14316790
43480028 14316794
31955112 16032993
32698094 14316797
32717824 14316800
28900103 17898186
32746644 14358007
31947633 14358008
28880435 14358013
43480029 9574408
32697994 14358019
43480030 19237528
43480031 14358023
43480032 14316815
32712471 16033024
43480033 14358035
43480034 14358037
43480035 16033038
32046675 14316820
43480036 19237531
43480037 13658091
28902504 16033076
43480038 14358040
32697399 14316833
43480039 16033102
43480040 13658095
43480041 13658096
43480042 16033110
43480043 16033112
20867524 14358043
32052485 16033118
31700102 14316837
43480044 14358044
32709477 16033136
43480045 14358045
43480046 14316844
43480047 16033175
32712983 12520843
32010359 16033185
20867702 16033188
43480048 14316866
43480049 21804151
43480050 19237536
32741920 19237538
43480051 16033229
43480052 16033238
32004815 18397184
43480053 14316890
32712401 14358074
20854361 16033266
43480054 14316896
43480055 14316899
31948293 16033301
32073435 14316907
32732067 13658109
43480056 14316916
43480057 19087339
43480058 20624135
31700178 19237542
43480059 14316924
43480060 16033344
43480061 13658110
43480062 20624156
32004774 14358096
20856072 14316930
43480063 16033360
20855924 14316931
43480064 13658115
43480065 20057461
32718090 14316933
32697436 14316940
43480066 14316941
43480067 22481739
32698111 16033401
43480068 19237546
32004842 14316948
43480069 14358102
43480070 16033410
43480071 16033413
32748158 19237551
28873886 14316959
43480072 14316962
28926569 22586075
43480073 14358117
43480074 21030705
43480075 13658131
32002779 14358120
43480076 21804160
32048181 16033421
43480077 14358125
43480078 14358129
43480079 19237560
43480080 14316972
43480081 13658143
43480082 14358137
20855917 14358144
28882037 16172746
31948282 14316980
43480083 27584609
43480084 14358151
32697788 14358155
43480085 19127176
43480086 16033481
43480087 13658150
43480088 14317007
43480089 14317009
32004770 13658152
43480090 21804163
32697975 9574497
43480091 13818243
32004781 21804164
20855918 14317030
32709471 9574498
43480092 19237569
32709646 19087344
43480093 16033523
43480094 14317036
32697334 22586083
43480095 13658162
43480096 16172755
28898158 14317044
32731610 14317045
43480097 14317046
43480098 13658167
32696860 16033541
20867697 14317055
43480099 21560645
32010409 14358176
28879624 16033561
20856064 16033570
43480100 18397207
43480101 13678780
43480102 20990736
43480103 22586085
39345403 24358741
43480104 14317070
43480105 14358184
43480106 20990738
32703227 21207537
43480107 14317076
43480108 14317081
28870458 20990740
32081704 16033591
43480109 14520827
43480110 19237597
32712363 9574514
28914566 18397210
43480111 16033615
20863342 16033617
31946386 19237598
43480112 19237600
43480113 22703048
43480114 18397212
43480115 22703049
43480116 19237603
32697409 22586100
20855964 14317102
32721025 14317104
43480117 22586102
32010446 20935265
28925552 14358222
32709670 27583303
32026090 14317112
43480118 16033628
43480119 16172776
43480120 14317117
28933980 14358231
43480121 16033638
43480122 20935267
20854312 14358239
32748090 19237615
31954308 14358240
31974271 16033652
31974276 19237618
43480123 19237620
32006916 20935268
31954431 14358244
31954430 16204361
15100545 21804183
43480124 13819955
43480125 21804184
32706450 14317149
43480126 14317151
43480127 19301387
32706457 22703056
31716156 9574527
43480128 20935269
43480129 16033665
16199703 14317157
43480130 22748895
43480131 16033694
43480132 9574531
43480133 9574532
32122157 16033739
31702177 14317190
32706735 16033742
43480134 16033758
32139688 13818246
31958118 14317226
43480135 12420841
31701423 12214268
31701424 12420842
32046951 13658218
31701428 14317234
43480136 12214278
43480137 14317235
31701429 12420848
43480138 12420849
43480139 9574563
43480140 12420874
31701431 12214293
31701433 12214295
43480141 12214297
31701435 14317250
31715118 14317251
43480142 12214299
31715117 12420876
31701440 12214301
43480143 12420877
32705488 10884945
31701447 10884947
32052137 10884949
43480144 10884951
43480145 12420882
43480146 12214337
43480147 12515979
43480148 12420911
43480149 12214359
43480150 13678785
43480151 12214361
43480152 16033907
43480153 14358287
43480154 16033909
43480155 16033911
43480156 12214366
43480157 14358289
32719386 10884956
43480158 10884964
43480159 10884966
31701691 12214378
31701690 14358291
43480160 12214382
31718221 18147038
43480161 20624478
43480162 9574579
28920459 14317270
32706616 12214387
32706617 16033924
43480163 19237637
43480164 20624488
43480165 16033926
32706618 20624491
32706619 12214389
43480166 13658226
32706620 14317271
43480167 13658227
43480168 13658230
43480169 12214399
31974801 9574581
31700941 12214454
43480170 12214463
43480171 14317313
43480172 14358310
32706621 12214489
43480173 12214491
43480174 12214493
31721036 12214504
43480175 12214506
43480176 12214508
43480177 9574602
32135623 10884987
43480178 10884989
43480179 20624650
43480180 14358313
31721048 9574603
43480181 12214522
28874115 16033979
32713908 12214526
43480182 20624668
31715653 14317348
43480183 19237644
43480184 20624729
43480185 14317368
43480186 14317369
32137458 14317374
32713924 14358335
43480187 14317378
43480188 16034035
43480189 16034037
43480190 16034049
43480191 14358336
43480192 14317381
19267486 13658252
19292055 14358337
19281218 16034060
19296230 16034062
43480193 14317383
19280662 14317384
19278646 13658254
43480194 14358339
19270548 16034069
43480195 16034071
43480196 16034073
32133127 16034075
43480197 16034077
43480198 16034079
43480199 14358340
43480200 13658256
32714246 13658258
43480201 10885015
31721839 10885019
43480202 10885023
43480203 14317389
32755042 19301395
43480204 14317390
43480205 23201179
43480206 26326172
32706566 14317396
32706573 14317397
31701645 14317398
32177648 14317399
31701648 21804197
31701649 14317403
43480207 19087361
31703001 14317406
16447789 18397233
32705891 12520848
43480208 19237654
43480209 14317474
43480210 19087378
43480211 13819970
43480212 13658277
43480213 9574657
43480214 20624844
32701215 14358415
43480215 20624851
32017354 16034380
32712675 18397241
43480216 9574668
43480217 12214563
31718415 12214567
43480218 13658290
43480219 19127205
28910060 13819972
43480220 12214575
31701970 12520849
32039314 16034436
32706479 12214579
32025109 18397245
19286484 22703071
16645612 14317536
32017346 13658299
32703859 13658300
32703860 12214614
32703862 14358451
43480221 20625003
32697619 14317555
32703867 12214616
32016591 14628305
43480222 14317577
32709240 9574699
32017362 14317579
32704284 12214644
43480223 14317592
43480224 16034582
32706426 20625060
16653618 20625084
16653607 12214701
16653609 20625088
16651651 16034589
16653622 12214703
16654138 13658306
32131390 12214705
43480225 19237673
32131400 13658307
32131405 19087387
32133216 23201273
16644273 19237677
16653625 14317609
16659631 12214718
16656648 12214720
32006484 12214724
16189281 14317614
16646894 14317615
16663735 13658309
16660296 13658312
43480226 14317625
31717174 14358473
43480227 16034662
31717169 12214753
43480228 10535856
20850175 10535868
43480229 10535929
15906912 12216542
43480230 13658657
32037208 20627560
43480231 14359267
43480232 9575378
43480233 14359268
43480234 14359269
43480235 12216565
31703503 14319202
43480236 19087652
32704106 12216599
43480237 14319218
43480238 14319220
43480239 13678810
31703978 14319228
32949648 14319232
31703970 20627684
31703972 13820047
31703974 20627687
43480240 20627694
32065707 9966664
31704099 9575394
43480241 13658671
43480242 12216683
43480243 20627775
43480244 18397516
32131034 12216740
43480245 12216742
32739866 14319272
31703742 18400913
32704344 14319275
43480246 20627902
43480247 17412662
43480248 9575422
43480249 14319276
43480250 18397521
43480251 20627910
31703758 20627913
32704371 20627915
31703759 14319278
32704177 17412666
32703912 18397524
31703766 16204524
43480252 20627980
31703804 20627982
43480253 13818265
43480254 14319309
31715161 12216814
43480255 18147063
43480256 12216826
43480257 19087683
43480258 12216832
43480259 14359339
31704514 18397542
32702256 14359345
43480260 19237989
43480261 13820052
43480262 18397546
43480263 9575464
43480264 20628177
32720707 9966678
32703021 18397550
43480265 12216901
43480266 13658694
43480267 20628257
43480268 13658697
43480269 13658698
31704254 14319405
32174672 20628458
43480270 9575491
43480271 19238001
43480272 18397593
43480273 11811546
43480274 20628552
16618820 14359393
43480275 17898200
43480276 9575505
32702099 14319431
32704976 18397598
16655595 14319435
43480277 14319438
43480278 20628662
43480279 18397603
32717878 14359405
43480280 9966700
43480281 14319447
43480282 12516023
32003532 12516024
32702103 18397613
43480283 14319504
32702108 12217045
43480284 14319513
31704633 20057572
43480285 12217072
31704270 14359425
43480286 14319533
32704237 14319535
43480287 14319538
32715755 21804334
43480288 26387185
31704244 14319560
32709168 20628949
43480289 12217093
32706206 9575561
31949414 12217147
31949416 20629090
32011677 14359486
31702820 12217193
32011687 16204546
32011944 18397670
43480290 14319678
43480291 12217197
31715981 20629223
43480292 12217207
32011423 12217209
43480293 14319683
32011739 16204551
16651820 14319765
16654689 12217372
31974308 18397708
16644275 14319797
43480294 9575664
43480295 14319815
32719387 17412745
32719388 14319817
32719399 13658761
32719400 14359569
32697877 21804349
32697875 14359570
32719355 12217454
16612458 14359571
43480296 17412763
32069983 12217475
32698959 12217481
43480297 9575698
43480298 9966828
32698540 20629907
32696866 18400917
20850115 19238078
43480299 18397759
32042912 18397760
20850116 20629940
43480300 18397761
32709356 20629955
32697710 14359628
43480301 14359629
43480302 20630107
43480303 20630109
32699239 14359661
43480304 18397804
32703341 18397810
31703753 16037417
32702370 18397842
43480305 22586250
32697734 18397859
43480306 10885112
43480307 16037447
16188286 20630365
32006969 13820079
32698009 18397934
43480308 18397938
31970450 18397942
43480309 18397943
43480310 18397946
32697835 14359728
43480311 20630503
32710342 18397948
32045290 18397953
32045291 14359729
32038659 14319999
32696795 14320020
32034206 10885209
43480312 14320037
32045292 18397977
43480313 17898225
32040125 9575847
43480314 18397980
43480315 14359744
32040134 18397983
43480316 18397984
32696882 13658810
32045296 14320042
32037441 20630597
43480317 16037508
43480318 18397985
43480319 19238101
32697769 14359751
43480320 18397995
43480321 14320044
32697816 18397999
43480322 10885236
43480323 10885238
32970229 14359754
43480324 18398009
43480325 18398011
32696849 14359755
43480326 18398015
21817686 18398025
43480327 19087777
20850317 14359758
32017606 18398070
32017600 18398071
32721022 14359768
32060126 18398072
32045966 18398073
43480328 14359802
43480329 20630803
43480330 18398094
43480331 20630813
43480332 14320086
43480333 14320088
43480334 16037563
20854671 22586259
43480335 18398104
31948623 18398105
32712232 18398106
43480336 17412806
43480337 21157180
32696688 18398115
32697299 19087785
32696624 20630874
32703153 20630882
32696609 16037582
43480338 20630889
32696573 19087789
32696574 14320095
31954436 17412835
43480339 20631049
31970845 14320144
43480340 20631052
43480341 13658845
32708608 19238134
32731765 17868706
31970657 18398130
31970153 17412856
31970425 14320150
43480342 14320152
32731763 17412859
43480343 10885367
32045975 10885385
43480344 17412868
32708575 14359842
43480345 17412875
43480346 20631162
43480347 17868708
32703808 14320175
32701857 14359846
31703430 14320179
43480348 13658850
32701834 13820085
32049866 14320182
43480349 13658851
43480350 19087804
32017317 14359863
43480351 10885409
43480352 10885411
31721276 16037644
43480353 9575972
16666723 14359870
32704506 9966981
43480354 14320187
43480355 19238141
32704775 20631259
43480356 14359873
43480357 18398145
43480358 20631265
32052276 20631273
31716748 14320201
31703696 14320202
43480359 9575976
32714539 20631283
43480360 20631286
32016965 19238148
32017307 20631407
31703689 19238157
32721125 19087817
32717871 19087819
32704731 10885442
32718017 24783036
12008335 13820088
32702329 22586264
43480361 14320221
43480362 14359917
31720764 16037697
31720787 9967003
31721450 9967005
32078701 9967007
32198516 9967009
43480363 20631581
31720759 20631603
43480364 14359959
43480365 19087831
31700253 20631638
43480366 20631641
32712979 14320273
43480367 19087837
43480368 20990816
32746638 20631643
8601418 14320275
32699106 14359966
32699065 19238183
28863253 14359967
28899429 19087842
43480369 19238184
32699032 19238185
32699034 14359968
32699035 14359972
32699062 19087847
31700458 19238187
28907254 16037721
28890444 19087853
32707055 20631720
43480370 13658871
43480371 14320287
43480372 14320288
16620301 20631729
28897490 22586268
31974941 20631748
31988170 20631750
31988172 21804388
43480373 14320299
32712445 14359987
43480374 22586269
31718333 14320300
43480375 20631754
43480376 20631756
43480377 20631761
32753619 14320304
43480378 14320305
43480379 14359990
43480380 14359991
32701492 19238199
43480381 22586271
32701493 13818287
32701466 19087861
32719567 19087862
43480382 19087863
43480383 20631783
31970426 19087865
31970427 19087866
31970428 14359997
31970429 9576052
43480384 16037735
31985328 14320306
43480385 21804389
43480386 14320309
32746666 14320310
43480387 14320324
32021787 13820098
32742855 9576099
32743142 14360064
28898334 22586289
43480388 19087906
43480389 13658886
32747054 19238235
43480390 19087914
43480391 14360069
32745149 19238236
28906992 14360075
43480392 9576113
32745144 14360077
32705470 14360081
32705638 14360082
43480393 19238244
32741093 13820100
43480394 14320482
28962702 20935943
43480395 20632499
32707572 16204624
43480396 14320523
43480397 27584784
43480398 13658896
43480399 17868726
43480400 19238261
32752403 14320532
43480401 14360122
43480402 19238269
28880813 22586817
43480403 14360129
43480404 22703163
43480405 18147110
43480406 20632606
43480407 14360130
43480408 14320563
43480409 20632610
28878532 20632612
43480410 21804420
43480411 14360132
43480412 16037894
43480413 10537002
28937191 14360619
43480414 20634829
32741048 14360622
32741042 14360623
9160280 20634838
39458568 10537462
43480415 9576804
43480416 20635465
43480417 22596277
43480418 21804573
32719169 14321585
31970926 20635481
43480419 14321596
32708547 9967506
32708545 14321620
43480420 10537507
43480421 14321628
43480422 9967514
28966737 20990928
43480423 14360737
32701511 21804576
43480424 20635518
43480425 22596512
43480426 16038642
31985374 14360745
43480427 22596629
43480428 16038654
43480429 19238778
43480430 14321677
31970300 19238782
32041451 14321681
43480431 19238784
43480432 14321683
43480433 19088369
32708840 24359796
31971252 14321687
43480434 14321691
31970123 13659143
43480435 22596926
32753594 19561816
43480436 22596948
43480437 13659149
31971261 14321717
43480438 14360775
31970159 20057779
43480439 13659154
16608545 10537544
32708606 19238799
43480440 14321733
43480441 14360781
43480442 14360784
43480443 19561818
43480444 14321752
43480445 9576853
43480446 19238801
43480447 22597235
43480448 14321753
43480449 19088377
43480450 19238802
43480451 20936844
43480452 14360787
43480453 19088378
43480454 9967518
43480455 19088379
43480456 22597264
43480457 19238804
43480458 22597298
32708564 20936851
43480459 14360792
43480460 20936856
31948756 19088384
31971175 22597358
43480461 14321768
43480462 14321778
43480463 22597378
32052592 14321784
43480464 14321785
43480465 14321787
43480466 14321790
43480467 19238810
43480468 17871435
43480469 14321808
32038541 28988043
43480470 21560664
43480471 26326442
32038513 13818315
32753760 19238814
32708838 9967526
32708634 14321819
32708843 14321821
43480472 14360812
32703144 17898232
32710825 16038704
32116153 19238820
43480473 20936880
43480474 19238821
31970475 14689920
43480475 20936906
43480476 14321872
43480477 14321875
43480478 14321898
43480479 22597928
43480480 14321900
43480481 14321903
31971378 14360844
43480482 13659186
43480483 13659187
31970855 19088405
43480484 14360845
32024878 14321919
43480485 14321920
43480486 26326449
43480487 14321922
43480488 21804614
43480489 14855127
43480490 13659193
43480491 17898240
31971072 22598114
32175417 14321947
43480492 14321969
43480493 22598297
32052478 26326455
32742340 14322015
43480494 31482019
43480495 18398161
32719657 14322024
32731769 14322055
28862144 16038797
31970476 19088475
43480496 27270669
43480497 13820183
16634190 22603601
16668131 22604452
32698283 14521303
28976334 21804891
28914991 9577271
32747173 19088900
32718653 21804894
32742852 12516094
31700484 13659365
32718256 19239399
28968431 9577311
32746859 20635896
28936860 14521325
43480498 19561871
43480499 14361482
43480500 19239429
28953058 20636016
28879224 18147210
28930799 19239433
31700422 27584993
28914145 14361515
28897886 20636080
43480501 19239450
28917214 19088992
28919342 19089005
28925443 9967939
16659964 16039648
43480502 20991072
16634251 14361701
28879209 19089159
32739788 10538288
43480503 16039898
32026089 19089283
32027945 17148229
43480504 26326676
16634340 12516116
16193399 20991113
16665306 14690240
16660148 19089311
43480505 22612437
39473178 9968576
43480506 21805406
31958251 13659819
39578637 10850449
31700314 16041449
31954406 13678920
43480507 19240438
32737456 9968856
43480508 18398251
31957899 27141127
32699048 27188171
32703137 11811726
32699049 17868822
28927114 24367470
32718568 24367471
28901488 21079041
32718257 20939876
32718570 20939877
28915591 9968987
32718333 16041837
32718352 22625685
32718230 21079042
28935984 22625688
32718311 26388490
31700420 22625689
32718274 20939880
32699033 19240608
32718298 22625697
32718571 22625699
32718224 19562043
32718367 13820305
28964700 22703592
32718308 22625714
28960346 22625716
32718578 19240613
32005158 29264686
43480509 22627458
43480510 19090602
43480511 19090605
43480512 27585217
32718509 22627514
32006963 14363061
32712518 19240826
43480513 13660104
43480514 17150336
43480515 29262123
43480516 24362605
31974535 12818776
32009165 12423061
31958246 12423082
32702592 43480517
32697338 43480518
43480519 43480520
43480521 43480522
43480523 43480524
16659408 43480525
43480526 32399965
43480527 43480528
28903040 9584254
32047179 14344514
31985336 10544186
31948562 16419539
31968661 10856798
28925252 10856910
31954271 10856911
32688800 14346216
32934797 14346217
32688797 10856913
39474200 13619480
32691916 9986375
20851949 10857159
31960600 14378662
20873978 20995233
32051046 10858024
21817830 9988201
16199782 12521396
20850388 14348036
16199738 10544660
20850360 9586239
16668696 16421313
16191664 9989667
16201027 10544808
31959329 14980658
31947017 14386170
32035661 9586495
31946621 9990027
31985469 10545007
31971152 10545008
31971153 10545010
28914076 14349166
31704894 14528230
33345746 14528347
31971985 9990571
31972012 9990637
16668768 14391394
16443697 14532290
43480529 12246116
16199162 14532447
16199167 14398410
16199170 20764161
20848140 14399103
16665240 16427389
31703055 20769605
28941892 9995561
31948548 19691445
32754380 13628176
31702013 13628177
16199046 13665553
16633473 14403503
43480530 13628408
16200067 12427799
16199312 10548809
31985950 22491281
43480531 22702278
20071236 19248133
31975027 13629828
32006661 16186474
31988284 10107860
