6854386 6848591
6848113 6848591
6854920 6848591
6841155 6848591
2608163 6848591
6841795 6848591
6843173 6848591
6825293 6848591
6825475 6848591
6839526 6848591
6822543 6848591
6864973 6848591
6852732 6848591
6854392 6848591
6837273 6848591
6849073 6848591
6850237 6848591
2630229 6848591
6847672 6848591
6848593 6848591
6853691 6848591
6821394 6848591
6842345 6848591
6850727 6848591
5142498 6848591
6853687 6848591
6865028 6848591
6841120 6848591
6826544 6848591
6841045 6848591
6856796 6848591
6853087 6848591
6851147 6848591
6845726 6848591
3881187 6848591
6822702 6848591
6825172 6848591
2599403 6839528
6826910 6854810
6836082 6854810
6826289 6854810
6863504 6854810
6856266 6854810
6856107 6854810
6856601 6854810
6826602 6854810
6865039 6854810
6856300 6854810
2656776 6854810
6848591 6854386
6848113 6854386
6854920 6854386
6841155 6854386
2608163 6854386
6841795 6854386
6843173 6854386
6825293 6854386
6825475 6854386
6839526 6854386
6822543 6854386
6864973 6854386
6852732 6854386
6854392 6854386
6837273 6854386
6824588 6854386
6849073 6854386
6850237 6854386
2630229 6854386
6847672 6854386
6848593 6854386
6845121 6854386
6853691 6854386
6841751 6854386
6821394 6854386
6840919 6854386
6842345 6854386
6850727 6854386
5142498 6854386
6853687 6854386
6865028 6854386
6841120 6854386
6845839 6854386
6826544 6854386
6841045 6854386
6856796 6854386
6853087 6854386
6851147 6854386
6856559 6854386
6845726 6854386
3881187 6854386
6822702 6854386
6825172 6854386
48307090 6846383
6852307 6846383
6824588 6826910
6848591 6848113
6854386 6848113
6854920 6848113
6841155 6848113
2608163 6848113
6841795 6848113
6843173 6848113
6825293 6848113
6825475 6848113
6839526 6848113
6822543 6848113
6864973 6848113
6852732 6848113
6854392 6848113
6837273 6848113
6849073 6848113
6850237 6848113
2630229 6848113
6847672 6848113
6848593 6848113
6853691 6848113
6821394 6848113
6842345 6848113
6850727 6848113
5142498 6848113
6853687 6848113
6865028 6848113
6841120 6848113
6826544 6848113
6841045 6848113
6856796 6848113
6853087 6848113
6851147 6848113
6845726 6848113
3881187 6848113
6822702 6848113
6825172 6848113
6848591 6854920
6854386 6854920
6848113 6854920
6841155 6854920
2608163 6854920
6841795 6854920
6843173 6854920
6825293 6854920
6825475 6854920
6839526 6854920
6822543 6854920
6864973 6854920
6852732 6854920
6854392 6854920
6837273 6854920
6849073 6854920
6850237 6854920
2630229 6854920
6847672 6854920
6848593 6854920
6853691 6854920
6821394 6854920
6842345 6854920
6850727 6854920
5142498 6854920
6853687 6854920
6865028 6854920
6841120 6854920
6826544 6854920
6841045 6854920
6856796 6854920
6853087 6854920
6851147 6854920
6845726 6854920
3881187 6854920
6822702 6854920
6825172 6854920
48307090 6845881
6852307 6845881
6848591 6841155
6854386 6841155
6848113 6841155
6854920 6841155
2608163 6841155
6841795 6841155
6843173 6841155
6825293 6841155
6825475 6841155
6839526 6841155
6822543 6841155
6864973 6841155
6852732 6841155
6854392 6841155
6837273 6841155
6849073 6841155
6850237 6841155
2630229 6841155
6847672 6841155
6848593 6841155
6853691 6841155
6821394 6841155
6842345 6841155
6850727 6841155
5142498 6841155
6853687 6841155
6865028 6841155
6841120 6841155
6826544 6841155
6841045 6841155
6856796 6841155
6853087 6841155
6851147 6841155
6845726 6841155
3881187 6841155
6822702 6841155
6825172 6841155
6865077 6847890
6826462 6847890
6840718 6847890
2628131 6847890
2608163 6847890
2646411 6847890
6826255 6847890
6826189 6847890
7611318 6847890
6861540 6847890
6864383 6847890
6842213 6847890
6851470 6847890
6857031 6847890
1411880 6847890
6848763 6847890
6854467 6847890
6853748 6847890
6852732 6847890
6864904 6847890
6865079 6847890
6824574 6847890
7609646 6847890
6855069 6847890
6864898 6847890
6847914 6847890
6824388 6847890
6845852 6847890
6842401 6847890
6840688 6847890
6851667 6847890
6865028 6847890
6845675 6847890
6844073 6847890
6837275 6847890
6839798 6847890
6846824 6847890
7496113 6847890
48307090 6821323
6852307 6821323
6848591 2608163
6854386 2608163
6848113 2608163
6854920 2608163
6841155 2608163
6841795 2608163
6843173 2608163
6825293 2608163
6825475 2608163
6839526 2608163
6822543 2608163
6864973 2608163
6852732 2608163
6854392 2608163
6837273 2608163
6849073 2608163
6850237 2608163
2630229 2608163
6847672 2608163
6848593 2608163
6853691 2608163
6821394 2608163
6842345 2608163
6850727 2608163
5142498 2608163
6853687 2608163
6865028 2608163
6841120 2608163
6826544 2608163
6841045 2608163
6856796 2608163
6853087 2608163
6851147 2608163
6845726 2608163
3881187 2608163
6822702 2608163
6825172 2608163
48307090 2628591
6852307 2628591
2599403 845562
48307090 6857606
6852307 6857606
6822700 6825287
6848591 6841795
6854386 6841795
6848113 6841795
6854920 6841795
6841155 6841795
2608163 6841795
6843173 6841795
6825293 6841795
6825475 6841795
6839526 6841795
6822543 6841795
6864973 6841795
6852732 6841795
6854392 6841795
6837273 6841795
6824588 6841795
6849073 6841795
6850237 6841795
2630229 6841795
6847672 6841795
6848593 6841795
6845121 6841795
6853691 6841795
6841751 6841795
6821394 6841795
6840919 6841795
6842345 6841795
6850727 6841795
5142498 6841795
6853687 6841795
6865028 6841795
6841120 6841795
6845839 6841795
6826544 6841795
6841045 6841795
6856796 6841795
6853087 6841795
6851147 6841795
6856559 6841795
6845726 6841795
3881187 6841795
6822702 6841795
7668570 27228306
2599403 6852054
48307090 2654909
6852307 2654909
48307090 6854399
6852307 6854399
6848591 6843173
6854386 6843173
6848113 6843173
6854920 6843173
6841155 6843173
2608163 6843173
6841795 6843173
6825293 6843173
6825475 6843173
6839526 6843173
6822543 6843173
6864973 6843173
6852732 6843173
6854392 6843173
6837273 6843173
6849073 6843173
6850237 6843173
2630229 6843173
6847672 6843173
6848593 6843173
6853691 6843173
6821394 6843173
6842345 6843173
6850727 6843173
5142498 6843173
6853687 6843173
6865028 6843173
6841120 6843173
6826544 6843173
6841045 6843173
6856796 6843173
6853087 6843173
6851147 6843173
6845726 6843173
3881187 6843173
6822702 6843173
6825172 6843173
6865039 6863908
48307090 6842209
6852307 6842209
6865054 6839744
6822700 6839744
48307090 6840890
6852307 6840890
6824588 6826594
6845121 6826594
6841751 6826594
6840919 6826594
6845839 6826594
6856559 6826594
48307090 6845542
6852307 6845542
6865039 6825319
6865039 6863914
6848591 6825293
6854386 6825293
6848113 6825293
6854920 6825293
6841155 6825293
2608163 6825293
6841795 6825293
6843173 6825293
6825475 6825293
6839526 6825293
6822543 6825293
6864973 6825293
6852732 6825293
6854392 6825293
6837273 6825293
6849073 6825293
6850237 6825293
2630229 6825293
6847672 6825293
6848593 6825293
6853691 6825293
6821394 6825293
6842345 6825293
6850727 6825293
5142498 6825293
6853687 6825293
6865028 6825293
6841120 6825293
6826544 6825293
6841045 6825293
6856796 6825293
6853087 6825293
6851147 6825293
6845726 6825293
3881187 6825293
6822702 6825293
6825172 6825293
6824588 6836082
6845121 6836082
6841751 6836082
6840919 6836082
6845839 6836082
6856559 6836082
6848591 6825475
6854386 6825475
6848113 6825475
6854920 6825475
6841155 6825475
2608163 6825475
6841795 6825475
6843173 6825475
6825293 6825475
6839526 6825475
6822543 6825475
6864973 6825475
6852732 6825475
6854392 6825475
6837273 6825475
6849073 6825475
6850237 6825475
2630229 6825475
6847672 6825475
6848593 6825475
6853691 6825475
6821394 6825475
6842345 6825475
6850727 6825475
5142498 6825475
6853687 6825475
6865028 6825475
6841120 6825475
6826544 6825475
6841045 6825475
6856796 6825475
6853087 6825475
6851147 6825475
6845726 6825475
3881187 6825475
6822702 6825475
6825172 6825475
48307090 6852704
6852307 6852704
6826910 6822352
6836082 6822352
6826289 6822352
6863504 6822352
6856266 6822352
6856107 6822352
6856601 6822352
6826602 6822352
6865039 6822352
6856300 6822352
48307090 6851353
6852307 6851353
6865077 6849848
6826462 6849848
6840718 6849848
2628131 6849848
2608163 6849848
2646411 6849848
7611318 6849848
6861540 6849848
6864383 6849848
6842213 6849848
6851470 6849848
6857031 6849848
1411880 6849848
6848763 6849848
6854467 6849848
6853748 6849848
6852732 6849848
6864904 6849848
6865079 6849848
6824574 6849848
7609646 6849848
6864898 6849848
6847914 6849848
6824388 6849848
6845852 6849848
6842401 6849848
6840688 6849848
6851667 6849848
6865028 6849848
6845675 6849848
6844073 6849848
6837275 6849848
6839798 6849848
6846824 6849848
7496113 6849848
2599403 6852307
6824588 6844588
6845121 6844588
6841751 6844588
6840919 6844588
6845839 6844588
6856559 6844588
6848591 6839526
6854386 6839526
6848113 6839526
6854920 6839526
6841155 6839526
2608163 6839526
6841795 6839526
6843173 6839526
6825293 6839526
6825475 6839526
6822543 6839526
6864973 6839526
6852732 6839526
6854392 6839526
6837273 6839526
6849073 6839526
6850237 6839526
2630229 6839526
6847672 6839526
6848593 6839526
6853691 6839526
6821394 6839526
6842345 6839526
6850727 6839526
5142498 6839526
6853687 6839526
6865028 6839526
6841120 6839526
6826544 6839526
6841045 6839526
6856796 6839526
6853087 6839526
6851147 6839526
6845726 6839526
3881187 6839526
6822702 6839526
6825172 6839526
6848591 6822543
6854386 6822543
6848113 6822543
6854920 6822543
6841155 6822543
2608163 6822543
6841795 6822543
6843173 6822543
6825293 6822543
6825475 6822543
6839526 6822543
6864973 6822543
6852732 6822543
6854392 6822543
6837273 6822543
6849073 6822543
6850237 6822543
2630229 6822543
6847672 6822543
6848593 6822543
6853691 6822543
6821394 6822543
6842345 6822543
6850727 6822543
5142498 6822543
6853687 6822543
6865028 6822543
6841120 6822543
6826544 6822543
6841045 6822543
6856796 6822543
6853087 6822543
6851147 6822543
6845726 6822543
3881187 6822543
6822702 6822543
6825172 6822543
6848591 6864973
6854386 6864973
6848113 6864973
6854920 6864973
6841155 6864973
2608163 6864973
6841795 6864973
6843173 6864973
6825293 6864973
6825475 6864973
6839526 6864973
6822543 6864973
6852732 6864973
6854392 6864973
6837273 6864973
6849073 6864973
6850237 6864973
2630229 6864973
6847672 6864973
6848593 6864973
6853691 6864973
6821394 6864973
6842345 6864973
6850727 6864973
5142498 6864973
6853687 6864973
6865028 6864973
6841120 6864973
6826544 6864973
6841045 6864973
6856796 6864973
6853087 6864973
6851147 6864973
6845726 6864973
3881187 6864973
6822702 6864973
6825172 6864973
48307090 6848152
6852307 6848152
48307090 6835904
6852307 6835904
48307090 6844593
6852307 6844593
48307090 6844161
6852307 6844161
6865054 6853748
6822700 6853748
6824588 6839732
6865077 6844428
6826462 6844428
6840718 6844428
2628131 6844428
2608163 6844428
2646411 6844428
6826255 6844428
6826189 6844428
7611318 6844428
6861540 6844428
6864383 6844428
6842213 6844428
6851470 6844428
6857031 6844428
1411880 6844428
6848763 6844428
6854467 6844428
6853748 6844428
6852732 6844428
6864904 6844428
6865079 6844428
6824574 6844428
7609646 6844428
6855069 6844428
6864898 6844428
6847914 6844428
6824388 6844428
6845852 6844428
6842401 6844428
6840688 6844428
6851667 6844428
6865028 6844428
6845675 6844428
6844073 6844428
6837275 6844428
6839798 6844428
6846824 6844428
7496113 6844428
6848591 6852732
6854386 6852732
6848113 6852732
6854920 6852732
6841155 6852732
2608163 6852732
6841795 6852732
6843173 6852732
6825293 6852732
6825475 6852732
6839526 6852732
6822543 6852732
6864973 6852732
6854392 6852732
6837273 6852732
6849073 6852732
6850237 6852732
2630229 6852732
6847672 6852732
6848593 6852732
6853691 6852732
6821394 6852732
6842345 6852732
6850727 6852732
5142498 6852732
6853687 6852732
6865028 6852732
6841120 6852732
6826544 6852732
6841045 6852732
6856796 6852732
6853087 6852732
6851147 6852732
6845726 6852732
3881187 6852732
6822702 6852732
6825172 6852732
6848591 6854392
6854386 6854392
6848113 6854392
6854920 6854392
6841155 6854392
2608163 6854392
6841795 6854392
6843173 6854392
6825293 6854392
6825475 6854392
6839526 6854392
6822543 6854392
6864973 6854392
6852732 6854392
6837273 6854392
6849073 6854392
6850237 6854392
2630229 6854392
6847672 6854392
6848593 6854392
6853691 6854392
6821394 6854392
6842345 6854392
6850727 6854392
5142498 6854392
6853687 6854392
6865028 6854392
6841120 6854392
6826544 6854392
6841045 6854392
6856796 6854392
6853087 6854392
6851147 6854392
6845726 6854392
3881187 6854392
6822702 6854392
6825172 6854392
6848591 6837273
6854386 6837273
6848113 6837273
6854920 6837273
6841155 6837273
2608163 6837273
48307090 6837273
6841795 6837273
6843173 6837273
6825293 6837273
6825475 6837273
6852307 6837273
6839526 6837273
6822543 6837273
6864973 6837273
6852732 6837273
6854392 6837273
6824588 6837273
6849073 6837273
6850237 6837273
2630229 6837273
6847672 6837273
6848593 6837273
6865054 6837273
6845121 6837273
6853691 6837273
6821394 6837273
6842345 6837273
6850727 6837273
5142498 6837273
6853687 6837273
6822700 6837273
6865028 6837273
6841120 6837273
6826544 6837273
6841045 6837273
6856796 6837273
6853087 6837273
6851147 6837273
6856559 6837273
6845726 6837273
3881187 6837273
6822702 6837273
6825172 6837273
6824588 6852138
6845121 6852138
6856559 6852138
2599403 6847937
2656776 6847937
6826910 6838927
48307090 6838927
6836082 6838927
6852307 6838927
6826289 6838927
6863504 6838927
6856266 6838927
6856107 6838927
6856601 6838927
6826602 6838927
6865039 6838927
6856300 6838927
2656776 6838927
48307090 6845898
6852307 6845898
6824588 6854922
6845121 6854922
6841751 6854922
6840919 6854922
6845839 6854922
6856559 6854922
48307090 6853052
6852307 6853052
6824588 6853052
6845121 6853052
6856559 6853052
48307090 6864183
6852307 6864183
6824588 6864183
6848591 6849073
6854386 6849073
6848113 6849073
6854920 6849073
6841155 6849073
2608163 6849073
6841795 6849073
6843173 6849073
6825293 6849073
6825475 6849073
6839526 6849073
6822543 6849073
6864973 6849073
6852732 6849073
6854392 6849073
6837273 6849073
6850237 6849073
2630229 6849073
6847672 6849073
6848593 6849073
6853691 6849073
6821394 6849073
6842345 6849073
6850727 6849073
5142498 6849073
6853687 6849073
6865028 6849073
6841120 6849073
6826544 6849073
6841045 6849073
6856796 6849073
6853087 6849073
6851147 6849073
6845726 6849073
3881187 6849073
6822702 6849073
6825172 6849073
6848591 6850237
6854386 6850237
6848113 6850237
6854920 6850237
6841155 6850237
2608163 6850237
6841795 6850237
6843173 6850237
6825293 6850237
6825475 6850237
6839526 6850237
6822543 6850237
6864973 6850237
6852732 6850237
6854392 6850237
6837273 6850237
6849073 6850237
2630229 6850237
6847672 6850237
6848593 6850237
6853691 6850237
6821394 6850237
6842345 6850237
6850727 6850237
5142498 6850237
6853687 6850237
6865028 6850237
6841120 6850237
6826544 6850237
6841045 6850237
6856796 6850237
6853087 6850237
6851147 6850237
6845726 6850237
3881187 6850237
6822702 6850237
6825172 6850237
2599403 6836725
48307090 6825415
6852307 6825415
2599403 6851351
48307090 6865020
6852307 6865020
6848591 2630229
6854386 2630229
6848113 2630229
6854920 2630229
6841155 2630229
2608163 2630229
6841795 2630229
6843173 2630229
6825293 2630229
6825475 2630229
6839526 2630229
6822543 2630229
6864973 2630229
6852732 2630229
6854392 2630229
6837273 2630229
6849073 2630229
6850237 2630229
6847672 2630229
6848593 2630229
6853691 2630229
6821394 2630229
6842345 2630229
6850727 2630229
5142498 2630229
6853687 2630229
6865028 2630229
6841120 2630229
6826544 2630229
6841045 2630229
6856796 2630229
6853087 2630229
6851147 2630229
6845726 2630229
3881187 2630229
6822702 2630229
6825172 2630229
48307090 6850684
6852307 6850684
6848591 6847672
6854386 6847672
6848113 6847672
6854920 6847672
6841155 6847672
2608163 6847672
6841795 6847672
6843173 6847672
6825293 6847672
6825475 6847672
6839526 6847672
6822543 6847672
6864973 6847672
6852732 6847672
6854392 6847672
6837273 6847672
6849073 6847672
6850237 6847672
2630229 6847672
6848593 6847672
6853691 6847672
6821394 6847672
6842345 6847672
6850727 6847672
5142498 6847672
6853687 6847672
6865028 6847672
6841120 6847672
6826544 6847672
6841045 6847672
6856796 6847672
6853087 6847672
6851147 6847672
6845726 6847672
3881187 6847672
6822702 6847672
6825172 6847672
6824588 6824574
6845121 6824574
6856559 6824574
6848591 6848593
6854386 6848593
6848113 6848593
6854920 6848593
6841155 6848593
2608163 6848593
6841795 6848593
6843173 6848593
6825293 6848593
6825475 6848593
6839526 6848593
6822543 6848593
6864973 6848593
6852732 6848593
6854392 6848593
6837273 6848593
6849073 6848593
6850237 6848593
2630229 6848593
6847672 6848593
6853691 6848593
6821394 6848593
6842345 6848593
6850727 6848593
5142498 6848593
6853687 6848593
6865028 6848593
6841120 6848593
6826544 6848593
6841045 6848593
6856796 6848593
6853087 6848593
6851147 6848593
6845726 6848593
3881187 6848593
6822702 6848593
6825172 6848593
48307090 6845121
6852307 6845121
6848591 6853691
6854386 6853691
6848113 6853691
6854920 6853691
6841155 6853691
2608163 6853691
6841795 6853691
6843173 6853691
6825293 6853691
6825475 6853691
6839526 6853691
6822543 6853691
6864973 6853691
6852732 6853691
6854392 6853691
6837273 6853691
6849073 6853691
6850237 6853691
2630229 6853691
6847672 6853691
6848593 6853691
6821394 6853691
6842345 6853691
6850727 6853691
5142498 6853691
6853687 6853691
6865028 6853691
6841120 6853691
6826544 6853691
6841045 6853691
6856796 6853691
6853087 6853691
6851147 6853691
6845726 6853691
3881187 6853691
6822702 6853691
6825172 6853691
48307090 6825381
6852307 6825381
6865077 6848597
6826462 6848597
6840718 6848597
2628131 6848597
2608163 6848597
2646411 6848597
7611318 6848597
6861540 6848597
6864383 6848597
6842213 6848597
6851470 6848597
6857031 6848597
1411880 6848597
6848763 6848597
6854467 6848597
6853748 6848597
6852732 6848597
6864904 6848597
6865079 6848597
6824574 6848597
7609646 6848597
6864898 6848597
6847914 6848597
6851514 6848597
6824388 6848597
6845852 6848597
6842401 6848597
6840688 6848597
6851667 6848597
6865028 6848597
6845675 6848597
6844073 6848597
6837275 6848597
6839798 6848597
6846824 6848597
7496113 6848597
6848591 6821394
6854386 6821394
6848113 6821394
6854920 6821394
6841155 6821394
2608163 6821394
6841795 6821394
6843173 6821394
6825293 6821394
6825475 6821394
6839526 6821394
6822543 6821394
6864973 6821394
6852732 6821394
6854392 6821394
6837273 6821394
6849073 6821394
6850237 6821394
2630229 6821394
6847672 6821394
6848593 6821394
6853691 6821394
6842345 6821394
6850727 6821394
5142498 6821394
6853687 6821394
6865028 6821394
6841120 6821394
6826544 6821394
6841045 6821394
6856796 6821394
6853087 6821394
6851147 6821394
6845726 6821394
3881187 6821394
6822702 6821394
6825172 6821394
48307090 6848599
6852307 6848599
6826910 6865127
6836082 6865127
6826289 6865127
6863504 6865127
6856266 6865127
6856107 6865127
6856601 6865127
6826602 6865127
6865039 6865127
6856300 6865127
48307090 6842415
6852307 6842415
6822700 6845887
6865054 6851288
6822700 6851288
6865077 6851514
6826462 6851514
6840718 6851514
2628131 6851514
2608163 6851514
2646411 6851514
6826255 6851514
6826189 6851514
7611318 6851514
6861540 6851514
6864383 6851514
6851470 6851514
6857031 6851514
1411880 6851514
6848763 6851514
6854467 6851514
6853748 6851514
6852732 6851514
6864904 6851514
6865079 6851514
6824574 6851514
7609646 6851514
6855069 6851514
6864898 6851514
6847914 6851514
6824388 6851514
6845852 6851514
6842401 6851514
6840688 6851514
6851667 6851514
6865028 6851514
6845675 6851514
6844073 6851514
6837275 6851514
6839798 6851514
6846824 6851514
7496113 6851514
6848591 6842345
6854386 6842345
6848113 6842345
6854920 6842345
6841155 6842345
2608163 6842345
6841795 6842345
6843173 6842345
6825293 6842345
6825475 6842345
6839526 6842345
6822543 6842345
6864973 6842345
6852732 6842345
6854392 6842345
6837273 6842345
6849073 6842345
6850237 6842345
2630229 6842345
6847672 6842345
6848593 6842345
6853691 6842345
6821394 6842345
6850727 6842345
5142498 6842345
6853687 6842345
6865028 6842345
6841120 6842345
6826544 6842345
6841045 6842345
6856796 6842345
6853087 6842345
6851147 6842345
6845726 6842345
3881187 6842345
6822702 6842345
6825172 6842345
6824588 6826289
6845121 6826289
6841751 6826289
6840919 6826289
6845839 6826289
6856559 6826289
6865039 2653570
6824588 6840947
6845121 6840947
6856559 6840947
2599403 2608167
6848591 6850727
6854386 6850727
6848113 6850727
6854920 6850727
6841155 6850727
2608163 6850727
6841795 6850727
6843173 6850727
6825293 6850727
6825475 6850727
6839526 6850727
6822543 6850727
6864973 6850727
6852732 6850727
6854392 6850727
6837273 6850727
6849073 6850727
6850237 6850727
2630229 6850727
6847672 6850727
6848593 6850727
6853691 6850727
6821394 6850727
6842345 6850727
5142498 6850727
6853687 6850727
6865028 6850727
6841120 6850727
6826544 6850727
6841045 6850727
6856796 6850727
6853087 6850727
6851147 6850727
6845726 6850727
3881187 6850727
6822702 6850727
6825172 6850727
6848591 5142498
6854386 5142498
6848113 5142498
6854920 5142498
6841155 5142498
2608163 5142498
6841795 5142498
6843173 5142498
6825293 5142498
6825475 5142498
6839526 5142498
6822543 5142498
6864973 5142498
6852732 5142498
6854392 5142498
6837273 5142498
6849073 5142498
6850237 5142498
2630229 5142498
6847672 5142498
6848593 5142498
6853691 5142498
6821394 5142498
6842345 5142498
6850727 5142498
6853687 5142498
6865028 5142498
6841120 5142498
6826544 5142498
6841045 5142498
6856796 5142498
6853087 5142498
6851147 5142498
6845726 5142498
3881187 5142498
6822702 5142498
6825172 5142498
6824588 6863504
6845121 6863504
6841751 6863504
6840919 6863504
6845839 6863504
6856559 6863504
6824588 6856266
6845121 6856266
6841751 6856266
6840919 6856266
6845839 6856266
6856559 6856266
6826910 6849502
6836082 6849502
6826289 6849502
6863504 6849502
6856266 6849502
6856107 6849502
6856601 6849502
6826602 6849502
6865039 6849502
6856300 6849502
2656776 6849502
6824588 6856107
6845121 6856107
6841751 6856107
6840919 6856107
6845839 6856107
6856559 6856107
2656776 6844453
2656776 5141944
6824588 6856601
6845121 6856601
6841751 6856601
6840919 6856601
6845839 6856601
6856559 6856601
6824588 6826602
6845121 6826602
6841751 6826602
6840919 6826602
6845839 6826602
6856559 6826602
6848591 6853687
6854386 6853687
6848113 6853687
6854920 6853687
6841155 6853687
2608163 6853687
6841795 6853687
6843173 6853687
6825293 6853687
6825475 6853687
6839526 6853687
6822543 6853687
6864973 6853687
6852732 6853687
6854392 6853687
6837273 6853687
6849073 6853687
6850237 6853687
2630229 6853687
6847672 6853687
6848593 6853687
6853691 6853687
6821394 6853687
6842345 6853687
6850727 6853687
5142498 6853687
6865028 6853687
6841120 6853687
6826544 6853687
6841045 6853687
6856796 6853687
6853087 6853687
6851147 6853687
6845726 6853687
3881187 6853687
6822702 6853687
6825172 6853687
6824588 6865039
6845121 6865039
6841751 6865039
6840919 6865039
6845839 6865039
6856559 6865039
6848591 6865028
6854386 6865028
6848113 6865028
6854920 6865028
6841155 6865028
2608163 6865028
6841795 6865028
6843173 6865028
6825293 6865028
6825475 6865028
6839526 6865028
6822543 6865028
6864973 6865028
6852732 6865028
6854392 6865028
6837273 6865028
6849073 6865028
6850237 6865028
2630229 6865028
6847672 6865028
6848593 6865028
6853691 6865028
6821394 6865028
6842345 6865028
6850727 6865028
5142498 6865028
6853687 6865028
6841120 6865028
6826544 6865028
6841045 6865028
6856796 6865028
6853087 6865028
6851147 6865028
6845726 6865028
3881187 6865028
6822702 6865028
6825172 6865028
6848591 6841120
6854386 6841120
6848113 6841120
6854920 6841120
6841155 6841120
2608163 6841120
6841795 6841120
6843173 6841120
6825293 6841120
6825475 6841120
6839526 6841120
6822543 6841120
6864973 6841120
6852732 6841120
6854392 6841120
6837273 6841120
6849073 6841120
6850237 6841120
2630229 6841120
6847672 6841120
6848593 6841120
6853691 6841120
6821394 6841120
6842345 6841120
6850727 6841120
5142498 6841120
6853687 6841120
6865028 6841120
6826544 6841120
6841045 6841120
6856796 6841120
6853087 6841120
6851147 6841120
6845726 6841120
3881187 6841120
6822702 6841120
6825172 6841120
6848591 6826544
6854386 6826544
6848113 6826544
6854920 6826544
6841155 6826544
2608163 6826544
6841795 6826544
6843173 6826544
6825293 6826544
6825475 6826544
6839526 6826544
6822543 6826544
6864973 6826544
6852732 6826544
6854392 6826544
6837273 6826544
6849073 6826544
6850237 6826544
2630229 6826544
6847672 6826544
6848593 6826544
6853691 6826544
6821394 6826544
6842345 6826544
6850727 6826544
5142498 6826544
6853687 6826544
6865028 6826544
6841120 6826544
6841045 6826544
6856796 6826544
6853087 6826544
6851147 6826544
6845726 6826544
3881187 6826544
6822702 6826544
6825172 6826544
6848591 6841045
6854386 6841045
6848113 6841045
6854920 6841045
6841155 6841045
2608163 6841045
6841795 6841045
6843173 6841045
6825293 6841045
6825475 6841045
6839526 6841045
6822543 6841045
6864973 6841045
6852732 6841045
6854392 6841045
6837273 6841045
6849073 6841045
6850237 6841045
2630229 6841045
6847672 6841045
6848593 6841045
6853691 6841045
6821394 6841045
6842345 6841045
6850727 6841045
5142498 6841045
6853687 6841045
6865028 6841045
6841120 6841045
6826544 6841045
6856796 6841045
6853087 6841045
6851147 6841045
6845726 6841045
3881187 6841045
6822702 6841045
6825172 6841045
48307090 6823619
6852307 6823619
6848591 6856796
6854386 6856796
6848113 6856796
6854920 6856796
6841155 6856796
2608163 6856796
6841795 6856796
6843173 6856796
6825293 6856796
6825475 6856796
6839526 6856796
6822543 6856796
6864973 6856796
6852732 6856796
6854392 6856796
6837273 6856796
6849073 6856796
6850237 6856796
2630229 6856796
6847672 6856796
6848593 6856796
6853691 6856796
6821394 6856796
6842345 6856796
6850727 6856796
5142498 6856796
6853687 6856796
6865028 6856796
6841120 6856796
6826544 6856796
6841045 6856796
6853087 6856796
6851147 6856796
6845726 6856796
3881187 6856796
6822702 6856796
6825172 6856796
6824588 6856300
6841751 6856300
6840919 6856300
6845839 6856300
6848591 6853087
6854386 6853087
6848113 6853087
6854920 6853087
6841155 6853087
2608163 6853087
6841795 6853087
6843173 6853087
6825293 6853087
6825475 6853087
6839526 6853087
6822543 6853087
6864973 6853087
6852732 6853087
6854392 6853087
6837273 6853087
6849073 6853087
6850237 6853087
2630229 6853087
6847672 6853087
6848593 6853087
6853691 6853087
6821394 6853087
6842345 6853087
6850727 6853087
5142498 6853087
6853687 6853087
6865028 6853087
6841120 6853087
6826544 6853087
6841045 6853087
6856796 6853087
6851147 6853087
6845726 6853087
3881187 6853087
6822702 6853087
6825172 6853087
6852664 2656776
6852307 2656776
6824374 2656776
6848591 6851147
6854386 6851147
6848113 6851147
6854920 6851147
6841155 6851147
2608163 6851147
6841795 6851147
6843173 6851147
6825293 6851147
6825475 6851147
6839526 6851147
6822543 6851147
6864973 6851147
6852732 6851147
6854392 6851147
6837273 6851147
6849073 6851147
6850237 6851147
2630229 6851147
6847672 6851147
6848593 6851147
6853691 6851147
6821394 6851147
6842345 6851147
6850727 6851147
5142498 6851147
6853687 6851147
6865028 6851147
6841120 6851147
6826544 6851147
6841045 6851147
6856796 6851147
6853087 6851147
6845726 6851147
3881187 6851147
6822702 6851147
6825172 6851147
6824588 6826676
48307090 8075993
6852307 8075993
6822700 6848650
48307090 6856559
6852307 6856559
6848591 6845726
6854386 6845726
6848113 6845726
6854920 6845726
6841155 6845726
2608163 6845726
6841795 6845726
6843173 6845726
6825293 6845726
6825475 6845726
6839526 6845726
6822543 6845726
6864973 6845726
6852732 6845726
6854392 6845726
6837273 6845726
6849073 6845726
6850237 6845726
2630229 6845726
6847672 6845726
6848593 6845726
6853691 6845726
6821394 6845726
6842345 6845726
6850727 6845726
5142498 6845726
6853687 6845726
6865028 6845726
6841120 6845726
6826544 6845726
6841045 6845726
6856796 6845726
6853087 6845726
6851147 6845726
3881187 6845726
6822702 6845726
6825172 6845726
48307090 6864759
6852307 6864759
6848591 3881187
6854386 3881187
6848113 3881187
6854920 3881187
6841155 3881187
2608163 3881187
6841795 3881187
6843173 3881187
6825293 3881187
6825475 3881187
6839526 3881187
6822543 3881187
6864973 3881187
6852732 3881187
6854392 3881187
6837273 3881187
6849073 3881187
6850237 3881187
2630229 3881187
6847672 3881187
6848593 3881187
6853691 3881187
6821394 3881187
6842345 3881187
6850727 3881187
5142498 3881187
6853687 3881187
6865028 3881187
6841120 3881187
6826544 3881187
6841045 3881187
6856796 3881187
6853087 3881187
6851147 3881187
6845726 3881187
6822702 3881187
6825172 3881187
2599403 6848588
48307090 7613997
6852307 7613997
6848591 6822702
6854386 6822702
6848113 6822702
6854920 6822702
6841155 6822702
2608163 6822702
6841795 6822702
6843173 6822702
6825293 6822702
6825475 6822702
6839526 6822702
6822543 6822702
6864973 6822702
6852732 6822702
6854392 6822702
6837273 6822702
6849073 6822702
6850237 6822702
2630229 6822702
6847672 6822702
6848593 6822702
6853691 6822702
6821394 6822702
6842345 6822702
6850727 6822702
5142498 6822702
6853687 6822702
6865028 6822702
6841120 6822702
6826544 6822702
6841045 6822702
6856796 6822702
6853087 6822702
6851147 6822702
6845726 6822702
3881187 6822702
6825172 6822702
48307090 6850723
6852307 6850723
6848591 6825172
6854386 6825172
6848113 6825172
6854920 6825172
6841155 6825172
2608163 6825172
6841795 6825172
6843173 6825172
6825293 6825172
6825475 6825172
6839526 6825172
6822543 6825172
6864973 6825172
6852732 6825172
6854392 6825172
6837273 6825172
6849073 6825172
6850237 6825172
2630229 6825172
6847672 6825172
6848593 6825172
6853691 6825172
6821394 6825172
6842345 6825172
6850727 6825172
5142498 6825172
6853687 6825172
6865028 6825172
6841120 6825172
6826544 6825172
6841045 6825172
6856796 6825172
6853087 6825172
6851147 6825172
6845726 6825172
3881187 6825172
6822702 6825172
