29129558 2639548
11856591 1016767
15891615 2705224
29022792 854424
48646881 854424
15137556 2669272
48624813 2669272
29053002 2678685
23202935 2678685
48646882 17447973
842344 17448048
29053002 2669268
29131664 2669268
48646883 2669268
842344 17448044
842344 17448141
842344 17448047
842344 17448658
42305636 2669266
42306173 2678687
16556699 1016761
46251309 1016761
48646884 2676520
29158239 2676520
16556699 2676520
20440833 2676520
10219252 2676520
29227003 2676520
21287444 2676512
29213737 2676512
12164264 2676507
42307697 2676507
42099198 17448171
842344 17448687
842344 17456709
842344 17456717
15968949 17458072
15997289 17458074
854525 17458092
48646885 17448523
842314 17458104
48646886 17458104
2674379 17448683
842344 17448688
42310111 2676514
46250479 2676514
42307697 2676514
42305160 2676514
15974499 2664116
11856591 1016769
11856591 1016771
48646887 15004910
15984354 15004910
48646888 15004910
48646889 1016777
30252516 30236987
2674379 30238826
20432362 30233275
7492799 30233275
15994538 48646890
15988029 48646890
842352 48646890
842346 17465422
2637895 30236073
16601546 30233276
16011301 30233277
48646891 30233278
3780995 30233278
15968344 30233279
42256369 30233279
48627052 30233280
842259 30233280
42057063 30233280
7492774 30233280
48646892 30233280
48646893 48646894
42054901 30233281
13650929 30233281
842259 30236074
4244332 30236074
859160 30238835
15984354 48646895
842350 17465953
48646896 30236075
854424 17465954
48646897 17859422
48646898 17859422
48646899 17859422
1016522 17465421
3889697 17465962
842348 30235140
17685578 30235140
15177135 30234207
1016515 30234207
48646900 30233282
2664303 30233282
1016517 30238836
48646901 30238837
1018287 30238837
48646902 30238838
15911485 30238839
48646903 30238839
30279559 30237914
7488251 48646904
48646905 30237915
48646906 30236995
14801175 30236076
15891176 48646907
15962217 30238840
2642387 30238840
48646908 30238841
15105051 17465992
17575064 17465993
17621942 17465952
3963786 30236996
48646909 30237916
42099419 30233285
48646910 30233285
42305242 30233285
48646911 30233286
48646912 30233287
48646913 30233287
42054901 30233288
48646911 30233289
48646914 30233289
33411583 30234208
48646915 30233290
48646916 30235141
48646917 30236077
48646918 30233291
48646919 30233292
2674379 15911485
48646920 30234210
20072362 20071403
30459107 17482832
30755766 20483525
29094052 42099968
48646921 1016522
3966589 3887187
48646922 3887187
23206324 842328
48646923 48646924
39880445 30238158
48646925 3954154
864294 1016833
48646926 17859421
48646927 17859421
48646928 3943495
39880445 30238197
3062646 20071535
16007027 20071535
15010047 842257
14757797 842257
42099283 30233570
842259 30235430
842259 30236357
11691272 48646929
48646930 1018294
42099015 1018294
15977415 1018294
48646931 1018294
842328 1018294
29220978 1018294
48646932 1018294
48646933 1018294
48646934 1018294
15929730 1018294
2691641 1018294
2672619 1018294
29096405 1018294
15997453 1018294
48646935 1018294
31201266 1018294
10461055 1018294
29011796 3904240
48646936 3904240
15982996 3904240
48646937 3904240
48646935 3904240
23206226 3904240
48646935 3904242
14441561 3904614
48646938 3904614
48646939 3912295
48646940 3912295
48646941 3912295
29037022 3912295
29213448 3912295
48646942 3883821
42307563 3883821
854527 3883821
15010016 3883821
48646943 3883821
23205743 3883821
19706353 3883821
15010016 3904636
842255 3904636
48646944 3904636
48646943 3904636
48646945 3904636
15973221 3904640
48646946 3904640
48646947 3904640
48624154 3904850
48646946 3904854
40329124 3904854
48624868 3904370
48646948 3904370
48646949 3904922
48646950 3905081
48646931 3905081
15009538 3905081
15954189 3905081
42300787 3905081
42099388 3905084
15977415 3905084
30458783 3905084
15988417 3904244
23202992 3904244
48646951 3904244
48624868 3904244
42099967 3904244
15921611 14422687
15921615 14422687
48646940 14422693
48646952 14422693
15976829 14422693
42099291 3885249
842255 3885249
48646953 3885249
19706353 3885249
3778357 3885249
48646954 14422926
29003423 14422926
48646944 14422926
29217659 14422926
15958893 14422975
48646947 14422975
15932790 14422977
23204075 14422977
16007742 14422983
42099590 14422983
48624305 3904552
6596299 14422991
15905301 14422991
48646955 14422991
48624305 14422991
48646956 14422991
48646957 14423008
48646958 14423008
48646959 14423008
48624305 14423008
15972037 14423008
12151808 14423014
48646960 14423014
48646961 14423014
29095456 14423014
48646962 14423017
42099395 14423027
48646963 14423027
15921615 14423027
48646964 14423027
15976829 14423031
15941218 14423074
48646965 14423074
12174027 14423079
27550004 14423079
12154238 14423084
48646966 14423084
42322494 14423084
15924331 14423088
14433638 14423088
48646967 14423088
48646968 14423088
48646969 14423088
48646970 14423108
48646971 14423108
15938057 14423108
48646972 14423108
842171 3883312
864749 3883312
15981487 3883312
2674379 3883312
16009728 3968358
14432623 14423132
48646973 14423132
48646974 14423132
14432624 14423132
42099975 14423132
15978028 14423132
14432625 14423132
29077960 14423132
864753 14423132
42099535 30233812
48646975 30233812
15198013 30239368
48646976 3967955
15919165 3967955
15947311 3967955
48646977 3967955
48646978 3967192
17680948 3967192
15928696 3967192
9527147 14423166
48646979 14423166
42099222 14423166
48646980 14423170
48646981 14423170
1016513 14423170
39234930 14423170
9527147 14423170
48646982 14423170
39234929 14423170
1670776 14423170
8375902 14423178
15910808 14423178
48646983 14423178
16603279 14423187
48646984 14423187
48646985 14423189
15930898 14423189
48646986 14423189
48646987 14423189
16602115 14423195
48646988 14423195
48646989 14423195
12166485 14423195
42100019 14423195
42099540 14423197
48646990 14423202
42099610 14423211
1017471 3883986
48646991 3883986
48646992 14423335
15006040 14423335
48646993 14423344
39234930 14423344
19715137 14423344
48646994 14423344
15928502 14423344
30572325 3892833
48646995 3892833
21417656 3892833
48646996 3892833
48646997 3892833
48646998 3892833
48646999 3892833
15910808 3892833
48646949 3892833
42099012 14423353
48647000 14423353
48647001 14423353
48646949 14423353
42100004 14423364
48647002 14423370
42099421 14423386
15930898 14423388
48647003 14423393
48647004 14423393
48647005 14423393
29047714 14423647
48647006 14423647
14415891 14423647
15967533 14423647
16558111 14423647
48647007 14423651
48647008 14423651
19706917 14423651
48647009 14423651
48647010 14423651
30741028 14423655
15921402 14423655
48647011 3891318
48647012 3891318
48647013 3891318
15910808 3891318
854503 3891318
42099240 14423669
48647014 14423674
48647015 14423674
12158449 3893642
42099838 14423685
33483107 14423685
48647016 14423685
23203267 14423689
15926013 14423689
16009728 14423689
16013551 14423689
48647017 14423689
48624154 14423689
15956095 14423693
42099968 14423706
48647018 14423706
48647019 14423706
16566660 14423706
15974595 14423722
48647020 14423722
23203824 14423722
42099217 14423735
48647021 14423735
48647022 14423739
48647023 14423739
33445269 14423739
48647024 14423739
48647025 14423797
48647026 14423797
48647027 14423797
2674379 14423797
31257045 14423797
15984243 14423802
21411586 14423802
15959625 14423802
48647028 14423802
15979489 14423802
48647029 14423802
48647030 14423802
42099951 14423802
48647031 14423802
2605506 14423807
2674379 14423807
12158697 14423809
48647032 14423809
48647033 14423815
48646949 14423815
48647034 14423819
15956095 14423819
48647033 14423819
48647035 3914500
48647033 3914500
48647036 3914500
48646949 3914500
48647037 14423825
10231600 14423825
42344089 14423825
48647038 14423825
48647033 14423825
10233824 14423825
48647039 14423827
15920095 14423827
15979489 14423827
48647040 14423827
48647041 14423827
23205984 14423827
48647033 14423827
48647042 14423827
48647043 14423827
48647044 14423849
48647045 14423849
16552447 14423849
15005185 14423909
48647046 14423909
15928696 14423909
23206464 14423909
43541162 14423914
48647047 14423914
48647033 14423914
1018304 14423922
48647033 14423922
48624154 14423922
15919454 3914685
48647048 3914685
48647049 3885803
48647050 3885803
15953045 3885803
48647051 3885803
12153505 3901448
48647052 3901448
14413926 3901448
16009728 3914773
48647053 3914773
15988343 3914773
48647054 3914773
15895141 3914773
2674379 3914773
15984354 3914773
14443110 3914773
48647055 3914773
48647056 3914773
48647057 3914773
48647058 3914773
15977373 3914773
15649441 3914773
48624154 3914773
33562247 3914532
48647059 3914532
48647060 3914532
12151807 14424299
15005185 14424299
48647061 14424299
48647062 14424299
48647063 3914528
48647064 3914528
15910824 3914528
48647065 3914528
15005185 14424365
48647066 14424365
15978028 14424365
864753 14424365
48647067 3914526
16603340 3914526
48647068 3914526
48647069 3881039
15936742 3881039
1020436 3881039
48647070 3881039
48647071 3881039
48647072 3881039
48647073 3881039
46250613 3881039
17327888 3881039
48647074 3881039
42342479 3881039
2674379 3881039
48647075 3881039
15911841 3881039
48647076 3881039
48647077 3881039
48646936 14424378
16013496 14424378
15005185 14424378
48647078 14424378
48647079 14424378
11577073 3914942
48647080 3914942
48647081 3914942
48647057 3914942
48647082 3915188
48647083 3912473
48646949 3915192
17331261 3913678
48647084 3915198
48647085 3915198
48647086 3915198
48647087 3915198
48647088 3915198
48647089 14424981
30458627 14424981
20886690 14424981
48647090 14424984
48647091 14424986
33428159 14424986
16002014 14424986
16006698 14424986
33364672 14425188
48647092 14425188
48646949 14425188
29222867 14425190
42099409 14425190
9530407 14425190
48647093 14425218
16011466 14425220
15935724 3908612
42099041 3908612
48647094 3908612
48647095 3908612
48647096 3908612
48647097 14425225
42099084 14425225
48647074 14425225
2674379 14425225
27332996 14425225
48647098 14425228
42252728 14425228
15973637 14425228
48647099 14425230
864701 14425230
48647100 14425234
48647101 14425234
48647102 14425234
19015973 14425234
15907099 1018298
48647103 1018298
48647104 1018298
29192021 1018298
12249118 1018298
48647105 14425247
12159567 14425247
48647106 14425247
48647107 14425247
48647108 14425263
48647109 14425302
48647110 14425302
42099605 14425310
48647111 14425310
48647112 14425310
15959851 14425325
48647113 14425325
48647114 14425325
15989224 14425424
42099416 14425424
48647115 14425424
42099853 3906903
12174772 3906903
48647116 3906903
15948963 14425437
48647117 14425437
48647118 14425437
15026518 14425437
29206033 14425437
48647119 14425437
48647120 14425437
14412418 14425437
48647121 14425451
48647122 14425451
42099960 14425451
16603314 14425624
48647123 14425624
48647124 14425624
48647125 14425624
15974470 14425624
2624537 14425624
42099083 14425626
42099597 14425626
48647126 14425632
21321057 14425632
30967611 14425632
48647127 14425632
10228925 14425632
48647128 14425632
48647129 14425644
48647130 14425644
42099241 14425644
12152068 14425644
48647129 14425648
21322992 14425648
48647131 14425648
48647132 14425648
2615903 14425648
30831360 14425648
2696276 14425648
48647133 14425648
48647134 14425648
42054901 14425675
48647135 14425675
48647129 14425675
15905618 14425675
2696276 14425675
48647136 14425675
48647137 14425675
48647138 14425675
2602799 14425675
48647139 14425675
48647140 14425675
48647141 14425675
15915375 14425675
15103702 14425675
859639 14425675
48647129 14425683
48647142 14425683
10173786 14425683
48647143 14425683
48647129 14425686
42099313 14425686
48647144 14425686
25941597 14425686
12151816 14425686
16013159 14425686
15949574 14425691
48647129 14425691
12167653 14425691
16561488 14425691
17517276 14425691
17343897 14425691
48647145 14425691
48647146 14425691
48646949 14425691
17517275 14425696
48647129 14425696
48647147 14425696
48647148 14425696
48647149 14425696
17350237 14425696
48647150 14425696
48647151 14425696
32825471 14425696
48647152 14425696
47994480 14425701
31046216 14425701
22120300 14425701
48647121 14425703
48647153 14425703
48647154 14425707
48647155 14425707
48647124 14425707
48647156 14425707
48647157 14425707
1287914 14425707
48647158 14425707
48647154 14425709
48647159 14425709
1961708 14425709
15948111 14425709
15977997 14425709
20555078 14425709
48647160 14425709
2674379 3913130
23206099 3913130
16565833 14425714
48647161 14425714
48647162 14425714
48647163 14425714
15915375 14425722
12151811 14425726
48647164 14425726
2674379 14425726
48647140 14425726
48647165 14425726
1015908 15945292
48647166 14425747
48647167 14425747
48647168 14425750
48647101 14425750
48647169 14425750
15960084 14425750
7494125 14425750
48647170 14425752
42099220 14425752
48647171 14425752
48647172 14425752
15960118 14425752
48647173 14425754
48647174 14425754
20072019 14425754
48646949 14425754
48647175 14425758
48647176 14425758
48647177 14425758
14417527 14425772
15921451 14425772
23205954 14425772
48647178 3913220
15921867 3913220
15977997 3913220
12151814 3913220
20555078 3913220
23206463 3913220
48647179 14425788
48647180 14425788
48647181 3882869
48647182 14425794
48647183 14425794
15984630 14425794
30885130 14425794
48647181 14425794
48647184 14425794
33361224 14425794
15970367 14425794
48647185 14425794
48646949 14425794
48647186 14425798
48647187 14425798
48647188 14425798
2674379 14425801
48647189 14425801
14417049 14425803
48647190 14425803
48647191 14425803
42099353 14425803
48647192 14425807
48647193 14425807
48647194 14425807
2674379 14425809
48647195 14425809
12174028 14425821
48647196 14425821
48647197 14425821
48647198 14425821
15005185 14425835
842171 21992962
16558547 14425848
48647199 14425848
48647200 14425848
48647201 14425850
48647202 14425850
9495219 14425850
48647203 14425856
15006154 14425856
16581720 3904281
48647204 3904281
15984630 14425863
48647205 14425863
48647206 14425865
42099168 14425865
15924039 14425867
48647207 14425867
15915446 14425869
48647208 14425869
48385842 14425869
48647209 14425869
14441071 14425902
15961721 14425902
48647210 14425902
42099275 14425902
16007742 14425907
16603321 14425907
15964144 14425912
42099007 14425912
33562075 14425912
48647211 14425912
48647212 14425912
48647213 14425917
15921451 14425917
48647214 14425917
7492769 14425922
12174531 14425926
15909048 14425926
48647215 14425926
48647216 14425926
48647217 14425926
2674379 14425926
48647218 14425926
48647219 14425926
48647220 14425931
23206497 14425931
48647221 14425931
48647222 14425940
15005185 14425940
15919165 14425940
2674379 14425940
48647223 14426090
48647224 14426090
48647225 14426090
31247710 14426090
48646949 14426090
48647226 14426093
48647227 14426093
15899918 14426093
48647228 14426093
15911345 14426096
48647229 14426096
48647230 14426096
48647231 14426099
15971041 14426099
9495219 14426099
12151803 14426101
48647232 14426101
48647233 14426101
48647234 14426101
15006154 14426101
48647235 14426103
48647236 14426103
48647237 14426103
48647238 3904400
48647239 3904272
48647240 3904272
48647241 3885299
48647242 3885299
39235236 3885299
48647243 3885299
15103707 3885299
48647244 3885299
42099081 3904313
48647245 3904313
17375026 3904313
2639548 3885297
48647246 3885297
15865323 3885297
15005577 3885297
48647247 3885297
48647248 3904309
48647249 3904309
48647250 3904309
48647251 3904305
48647252 3904305
48647253 3904305
2751570 3885295
48647254 3885295
29241645 3885295
48647255 3885295
15918628 3885295
48647256 3885295
2214691 3904263
14808768 3904263
48647257 3904263
48647258 3904263
15005185 14426137
12168067 14426137
48647259 14426137
48647260 3904882
15945658 3904882
48647226 3904436
48647261 3904436
48647262 3904436
30252504 30252490
14417049 3904578
15911345 3904578
48647229 3904578
48647263 3904442
48647264 3880574
48647265 3880574
4074751 3880574
48647266 3880574
48647235 3904428
15990560 3904428
48647090 3904409
20417899 3904409
46251336 3904409
15103707 3904409
48647267 3904407
15976012 3904407
42099017 3904407
15005577 3904407
48647268 3904407
48647269 14426284
15941523 14426284
48647270 14426284
48647271 14426284
42099239 14426288
48647244 14426288
48647272 14426292
842354 14426292
48647273 14426297
48647264 14426343
48647274 14426343
48647275 14426343
29204079 14426343
48647276 14426343
48647277 14426343
48647278 14426343
16547559 14426343
42099276 14426343
48647279 14426343
46251222 14426343
12154987 14426348
2705224 14426361
15010016 14426361
842255 14426361
48647280 14426382
48647281 14426384
48647282 14426384
30236341 14426384
48647283 14426384
30235415 14426386
30935291 14426386
48647284 14426386
16002719 14426386
42099085 14426394
48647285 14426394
30234478 14426394
16002719 14426394
33483132 14426397
48647286 14426397
30233558 14426397
42099380 14426397
29026589 14426400
48647287 14426400
30238188 14426400
16584387 14426400
48627052 14426407
48647288 14426407
48646919 14426410
30236340 14426410
48647289 14426410
48647290 14426410
16253402 48647291
33432443 48647292
48647261 14426414
48647293 14426414
48647294 14426414
15920630 14426414
48647295 48647296
48647297 14426425
48647234 14426425
48647298 14426428
48647299 14426428
42099854 14426438
15990560 14426438
33506275 14426438
48647300 48647301
48647302 14426443
30233557 14426443
48647289 14426443
15903757 14426443
15889988 14426443
18925997 14426447
48647283 14426447
16011171 14426449
13754511 23206871
15930143 14426630
15010016 14426630
48647303 14426630
30746376 14426630
842255 14426630
48647304 14426630
48647305 14426630
31047137 14426630
48647306 48647307
48647306 48647308
48647306 48647309
20432362 14426662
15917971 14426662
48647310 14426662
39228003 14426662
48646946 14426662
14433638 14426662
10461055 14426662
14444580 14426662
48647311 48647312
854501 48647313
48647314 48647313
16253505 48647313
48647315 48647316
7495955 14426688
15963123 14426688
15918273 14426688
7487250 14426688
48646928 14426688
29155260 14426688
2674379 14426688
16000848 14426688
29217311 14426688
42099966 14426688
48647317 48647318
48647319 3900441
48647320 3900441
42099900 3900441
15895126 14426693
42099548 14426693
29004171 14426693
16010406 14426693
12151804 14426695
29210215 14426695
33562067 14426695
48647321 14426695
2674379 14426695
42099976 14426700
42099976 14426702
42099167 14426705
15908451 14426708
48647322 14426710
12151810 14426710
48647323 14426710
29109808 14426712
42099889 14426712
30234479 14426714
48647324 14426714
29208666 14426714
30239114 14426716
15903757 14426716
48647325 14426716
48647326 14426716
48647327 14426716
30233559 14426718
48647328 14426718
15102529 14426722
30236342 14426722
15898731 14426724
30238189 14426724
42099871 14426724
31031217 14426724
48647320 14426724
48647329 14426724
9527167 14426724
48647330 14426724
15932497 14426724
48647331 30238466
48646892 30237533
48647332 30237534
21307979 30238467
48647333 30239386
29178338 14426752
42099895 14426752
15917971 14426752
10461055 14426752
48647334 14426769
30252471 14426769
48647335 14426769
15982666 14426769
19704214 14426801
16269390 14426801
48647335 14426801
48647336 14426801
29053329 14426805
29075729 14426808
48647337 14426808
48647338 14426808
48647339 14426808
15997974 14426808
42099611 14426810
23206390 14426810
48647340 14426815
48647341 14426815
48647342 14426815
15930644 14426815
15922734 14426815
12249146 14426815
48624595 14426815
23206390 14426815
48647343 14426818
42099009 14426818
48647344 14426818
48647345 14426820
48647346 14426824
48646949 14426824
48647347 14426826
48647348 14426826
17019834 14426829
17019835 14426829
23206390 14426829
42099361 14426836
15102529 14426844
48647349 14426844
29031467 14426844
14430820 14426844
48647350 14426844
42099155 14426848
15928105 3966770
48646946 3966770
48647351 3966770
31048993 3966770
48647352 3966770
10461055 3966770
48647353 14427028
48647354 14427028
16012114 14427030
29246113 14427030
48647355 14427030
17010507 14427034
48647356 14427034
48647357 14427034
29016734 14427046
29053340 14427046
48647358 14427046
48647341 14427046
15950345 14427046
29181700 14427046
12173991 14427046
48647359 14427046
16579844 14427048
9554183 14427048
15499999 14427048
19704214 14427048
15933077 14427054
16590486 14427056
48647360 14427056
48647361 14427065
48647362 14427116
48647363 14427116
48647364 14427125
48647365 14427131
48647366 14427131
48647367 14427134
10461055 14427150
12155106 14427215
48647368 14427215
48647101 14427215
16603302 3885964
48647369 3885964
15960330 3885964
48647370 14427224
48624119 14427224
1451696 14427224
48647371 14427224
48647372 14427224
48647373 14427224
15905158 14427224
48647374 14427224
48647375 14427224
48647376 14427224
16544919 14427228
16012114 14427228
48647377 14427228
48647378 14427228
48647379 14427230
29068788 14427230
46251186 14427230
48647380 14427247
10211975 14427247
48647381 14427247
14429573 14427247
48647382 14427249
48647383 14427249
48647384 14427257
29029751 14427257
48647385 14427257
48647386 3929556
12151813 3929556
48647387 3929556
42100003 3929556
48647388 14427260
48646949 14427260
48647389 14427263
48647390 14427269
48647389 14427275
37364298 14427275
48647391 14427278
42099400 14427278
16010961 14427278
48647392 14427278
48647393 14427278
29023419 14427299
15909399 14427299
10461055 14427299
842316 17607667
842314 17607670
842314 17607669
48646886 17607678
48647394 17607754
15898482 17607744
48647395 17607791
842314 17607666
1018296 3883310
15982996 3883310
48647396 3883310
15009538 3883310
20528976 3883310
23203856 3883310
15955131 3883310
14769184 3883310
10461055 3883310
842314 17607988
12158661 17607994
16811017 17607994
33563911 17607778
842314 17458103
48646886 17458103
842314 17607974
842314 17607677
16810986 17607985
2735617 17608009
1016553 17608012
1016553 17608018
1016553 17608011
1016553 17608024
1016553 17608020
16563958 17608020
30252575 17608041
854444 17502088
12151806 14427326
16575724 14427326
48647397 14427326
48647398 14427326
17021046 14427326
15907099 14427326
48647399 14427326
48647400 14427326
12167014 14427326
48647401 3919706
48647402 3919706
48647403 3919706
48647404 3919706
20612623 3919706
48647405 3919706
48647406 3919706
48647407 14427347
42099294 14427347
29212686 14427347
48647408 14427347
20213347 14427347
48647409 14427347
1016553 17608014
842340 17607801
1016553 17607801
842342 17608022
15942748 3919210
48627052 3919210
48647410 3919210
48647411 3919210
42099305 3919210
42099418 3919210
48647412 3919210
48647413 3919638
48647397 3919638
15909463 3919638
30824629 3919638
48647414 3919638
15985772 14427351
15974011 14427351
42099967 14427351
16009659 14427351
48647415 14427351
48647416 14427353
37363087 14427353
48647417 14427355
20183670 14427355
48647418 14427355
48647419 14427357
15027586 14427357
15962476 14427357
12167011 14427359
12151809 14427359
48647420 14427359
48647421 14427359
42099536 14427359
3782094 14427362
48647422 14427362
48647423 14427364
33562204 14427364
42099610 14427364
42099899 3919669
48647424 3919669
12151819 3919669
12158850 14427367
2661863 14427367
15939353 14427367
21256889 14427367
16017343 14427369
15889295 14427369
2610709 14427405
48647425 14427405
9527053 14427405
2686885 14427405
2638701 14427405
48647426 14427405
21537589 14427405
48647427 14427405
12152242 14427405
31128845 14427407
48647428 14427410
48647429 14427410
48647430 14427410
42099055 14427412
48647431 14427412
48647432 14427412
48647433 14427412
29212362 14427412
48647430 14427412
42304009 14427412
15925530 14427415
48647434 14427415
48647435 14427415
48647436 14427415
48647437 14427418
48647438 14427418
48647439 3886419
15891786 3886419
48647440 3886419
48647441 3886419
33562107 14427427
15990559 14427431
48647442 14427435
48647443 14427435
15967643 14427440
48647444 14427440
48647445 3919732
48647446 3919732
21412964 3919732
15965925 3919208
12151818 3919208
48647447 14427445
12174532 14427445
48647448 3919695
48647449 3919695
48647450 30236644
48647451 30236644
9562386 14427534
48647452 14427534
48647453 14427538
21322922 14427538
15975538 14427538
15984719 3917917
48647454 14427546
48647455 14427546
48647456 14427546
30650646 3881166
3886957 3881166
1018302 3881166
42099530 3881166
3881168 3881166
16601494 3881166
12166717 14427551
48647457 14427551
15987923 14427551
48647458 14427553
15925530 14427556
48647459 14427556
12155695 14427556
16009154 14427556
27592071 14427556
48647460 14427556
42099990 14427558
48624238 14427558
48647461 14427558
48647462 14427558
48647463 14427558
48647464 14427567
48647465 14427567
48647466 14427567
48647467 14427567
48647468 14427570
42099962 14427570
48647469 14427570
15854328 14427570
3782633 14427570
48647470 14427574
15936489 14427574
15990559 14427574
48647471 14427574
48647472 14427576
42099850 14427576
48647473 3880876
48647474 3880876
1016528 14427587
21526533 14427587
48647475 14427587
48647476 14427587
48647453 14427587
12155892 14427587
9527053 14427587
48647477 14427587
48647478 14427587
1016526 14427587
15999916 14427587
29073222 30238502
15976759 30237578
14423694 14427931
48647479 14427931
15974595 14427931
48647480 14427931
16013463 14427934
12011062 14427934
48647481 14427934
15902375 3917545
48647482 3917545
15975538 14427938
48647483 14427938
48647484 14427941
48647485 14427941
15947311 14427941
48647486 14427962
29023221 14427962
12151815 14427962
48647487 14427965
16278025 14427968
15924331 14427968
16590486 14427968
48647488 3917537
48647489 3917537
48646978 3917537
15953699 14427973
42099301 14427973
16012988 14427973
48647490 14427973
12161143 14427973
15891497 14427978
48647491 14427978
33445030 14427980
48647492 14427980
48647493 14427980
42099819 14427983
48647494 14427987
15909539 14427987
48647495 14427987
42100003 14427987
15925466 14427989
32994661 30239425
48647496 48647497
42099610 30239428
22120301 30239694
16811070 17448118
854525 17634149
29027875 15105051
23205446 30239467
17328541 30236698
48647498 842346
29227803 842346
48647499 842346
854547 17658945
10461141 17658987
48647500 17659154
48647501 17659152
48647502 17659143
48647503 17658957
48647504 17658893
30454751 17659134
2674379 17659169
854545 17659237
29023284 13875078
29004170 842350
2679974 30239477
46267555 30238561
12166398 27317395
48647505 1016515
3778357 30233947
17451827 3977518
17451836 3977518
17451838 3977518
17451826 3977518
17451843 3977518
17454051 3977518
17454053 3977518
17454055 3977518
17454056 3977518
17451841 3977518
17454058 3977518
17451842 3977518
17451837 3977518
17454152 3977518
17454057 3977518
17460319 3977518
17460843 3977518
17454054 3977518
17460318 3977518
17462555 3977518
17462554 3977518
17465422 3977518
17465422 3977518
17465421 3977518
17465421 3977518
17482832 3977518
15920642 3977518
842257 3977518
842257 3977518
17454052 3977518
29056003 30237671
48647506 30236752
48647507 30238600
21417521 30238600
12151849 30238608
16012158 30239530
48647353 30233979
22120298 30238620
21417521 30238624
48647508 30236783
48647509 30239545
48647510 30239555
21271354 30238642
842257 16271548
40023179 859281
3976645 842352
15672936 30252502
2671835 29030151
17738287 48647511
855722 17727690
1016829 14437891
48647512 14437891
48647513 14437891
15024447 17731565
17463648 17731583
48647514 3936430
42099545 48647515
15994325 3934833
17024781 48647516
20406332 1016831
48647517 1016831
48646888 1016831
48647518 48647519
30590666 30252788
48647520 30252788
864705 30252788
31209987 30252286
10461138 30252734
48647521 30252673
48647522 30252673
5185522 30252651
30714622 30252652
864707 30252782
48647523 30252851
14412354 30252313
16587940 30252313
