12625214 2666959
150119 2666959
19790036 48661017
5106952 48661018
5149489 18485408
12163777 48661019
491795 1016761
10469368 2676512
20406691 1016293
4382347 15911345
11738078 15911345
20890458 15911345
30955018 15911345
11767932 15911345
20889818 15911345
11531999 15911345
22375158 3933848
230206 48661020
14422687 323684
15894317 15894316
16238936 15024447
16234922 15024447
22414970 15024447
22419771 15024447
498618 15024447
11606327 1059207
342537 842255
20498161 1020500
561118 20079408
2220839 842257
342537 842257
20889237 842257
30931335 15026518
20889222 15026518
20888774 15026518
20889321 15026518
20888627 15026518
11549129 15026518
11522869 15026518
20890184 15026518
30955023 15026518
11620432 15026518
11693022 15026518
11503292 15026518
11721216 15026518
20890520 15026518
20889786 15026518
24428485 1018294
19699334 1018294
22392434 1018294
1414772 1018294
439459 1018294
30998561 1018294
242200 1018294
1434838 1018294
16240555 1018294
2167932 1018294
451523 1018294
16217684 1018294
23968722 1018294
206176 1018294
12662882 3904240
16425113 3904240
37183988 3904240
119945 3904240
22401683 3904240
172413 3904240
16240555 3904240
10150925 3904240
4039580 3904240
2437569 3904240
20494702 3904240
22445269 3904240
2156372 3904240
389522 3904240
15892878 3904242
19699470 3904242
2156340 3904242
15924985 3904242
12622127 3904242
12603877 3904242
14883083 3904242
16240555 3904242
237154 3904242
1634366 3904614
321509 3904614
10469465 3904614
37184178 3904614
22472112 3904614
445074 3904614
22469362 3904614
16275223 3904614
2739501 18392623
2137365 3912295
1016047 3912295
431701 3912295
48661021 3912295
48661022 3912295
48661023 3912295
1436144 3912295
542363 3912295
24372713 3912295
33279967 3912295
37184184 3912295
1603888 3912295
16389308 3912295
1579071 3912295
196474 3912295
133314 3912295
22449571 3912295
730813 3883821
489497 3883821
14884070 3883821
37183796 3883821
551093 3883821
1471661 3883821
1015977 3883821
434928 3883821
22399274 3904636
2264755 3904636
36725764 3904636
478477 3904636
887665 3904636
22355968 3904636
2107667 3904636
14883961 3904636
22365163 3904636
22359402 3904636
14884172 3904636
1691352 3904640
22344002 3904640
285661 3904640
22375368 3904640
1016109 3904640
16223078 3904640
12646966 3904640
37183448 3904640
2215238 3904640
1448168 3904640
2156328 3904850
14990687 3904850
48661024 3904850
48661025 3904850
22416641 3904850
22418241 3904850
365158 3904850
15988482 3904850
1752476 3904850
48661026 3904850
2113572 3904854
19222089 3904854
470255 3904854
177915 3904854
7717003 3904854
37183304 3904854
600740 3904854
22437412 3904854
2150533 3904854
2146991 3904854
454936 3904854
22471175 3904370
296897 3904370
1562151 3904370
671686 3904370
12622501 3904370
16223259 3904370
2329534 3904370
10494358 3904370
31083777 3904370
391819 3904370
2156376 3904370
290540 3904922
22397254 3904922
488137 3904922
4540208 3904922
22435982 3904922
4221178 3904922
22354231 3904922
15965306 3904922
178537 3904922
1420622 3904922
444818 3904922
438152 3904922
12624383 3904922
1991918 3905081
326469 3905081
14884018 3905081
36725557 3905081
1444113 3905081
19705863 3905081
16223217 3905081
23951630 3905081
1846685 3905081
22370917 3905081
14884012 3905081
585943 3905081
1439837 3905081
32795195 3905081
1823099 3905084
14883268 3905084
37183780 3905084
14884018 3905084
220771 3905084
2128777 3905084
16268801 3905084
36725819 3905084
2201019 3905084
22442586 3905084
230206 3905084
22460853 3905084
261861 3904244
14990248 3904244
2157613 3904244
14884018 3904244
37183836 3904244
22399695 3904244
16268275 3904244
16269217 3904244
22450787 3904244
1055293 3904244
22384603 3904244
37184168 3904244
394347 3904244
22373943 3904244
1054522 3904244
22450814 3904244
146486 3904244
2126749 3904244
212339 3904244
335918 3904244
2153270 3904714
21193860 3904714
616887 3904714
22409513 3904714
12654727 3904714
22357527 3904714
1053757 3904714
37183476 3904714
1438097 3904714
14995892 3904714
22478227 3904714
2327969 14422687
22365046 14422687
323684 14422687
20463417 14422687
37183867 14422687
1778237 14422687
362685 14422687
16271688 14422687
19216433 14422687
16240682 14422687
1387543 14422687
2145654 14422693
36725675 14422693
14993156 14422693
22393836 14422693
22398045 14422693
37183476 14422693
37183611 14422693
37183160 14422693
1459437 3885249
22420509 3885249
364260 3885249
16268651 3885249
2158953 3885249
16222825 3885249
22358848 3885249
22450122 3885249
21172708 3885249
22358855 3885249
12629339 3885249
1437729 3885249
371826 3885249
2424371 3885249
454454 14422926
2156387 14422926
37183717 14422926
1058869 14422926
191134 14422926
1475991 14422926
10162354 14422926
2186520 14422926
570148 14422926
1366992 14422926
1434899 14422926
2108099 14422975
16264599 14422975
37183831 14422975
231033 14422975
2113886 14422975
1537280 14422975
2122775 14422975
22406848 14422975
1445999 14422975
12623623 14422975
1434716 14422975
2155006 14422975
1434038 14422977
22402703 14422977
10880112 14422977
1052544 14422977
37183793 14422977
16264786 14422977
1058427 14422977
7590333 14422977
1428466 14422977
1016268 14422977
36726112 14422977
36726257 14422977
443953 14422977
689892 14422977
16264105 14422983
12636333 14422983
14758329 14422983
22421641 14422983
262854 14422983
22446946 14422983
489087 14422983
22391824 14422983
2261411 3904552
499130 3904552
10880711 3904552
128072 3904552
22477006 3904552
1434922 3904552
1304376 3904552
1438394 14422991
22446492 14422991
37183757 14422991
22460923 14422991
16270253 14422991
154680 14422991
36726416 14422991
11882371 14422991
468662 14422991
16273120 14422991
37184361 14422991
2101295 14423008
444078 14423008
14986752 14423008
1434934 14423008
1750228 14423008
36726527 14423008
22354689 14423014
2509014 14423014
1694465 14423014
372024 14423014
22358762 14423014
16270242 14423014
22408804 14423014
122702 14423014
22441244 14423014
1646502 14423014
1567669 14423017
12162090 14423017
22392499 14423017
431948 14423017
300500 14423017
160049 14423017
10588170 14423025
396270 14423025
1592710 14423025
199632 14423025
321327 14423025
36726333 14423025
301662 14423025
12673721 14423025
16272698 14423025
1778235 14423025
22391825 14423025
22438451 14423025
36709491 14423027
24372379 14423027
22450640 14423027
1429727 14423027
3567707 14423027
4855332 14423027
1428199 14423027
2492465 14423027
12667982 14423027
1535203 14423027
612562 14423027
22438438 14423027
297015 14423031
22354174 14423031
1439525 14423031
12656821 14423031
1058875 14423031
487401 14423031
22471202 14423031
22446339 14423031
2173295 14423031
246843 14423031
1436076 14423031
1020381 14423074
12671022 14423074
1285004 14423074
36726246 14423074
1745305 14423074
19706530 14423074
368576 14423074
4235102 14423079
14884009 14423079
36725438 14423079
1455844 14423079
19702293 14423079
30919027 14423079
36726060 14423079
302036 14423079
22438313 14423079
127838 14423079
311196 14423079
22409023 14423079
1535590 14423079
15902936 14423084
275720 14423084
2174539 14423084
2447914 14423084
2122850 14423084
42310014 14423084
1430404 14423084
1431437 14423088
609112 14423088
22392435 14423088
14993136 14423088
16270665 14423088
23936300 14423108
12669008 14423108
492571 14423108
437101 14423108
24372754 14423108
30994178 14423108
22354544 14423108
22440575 14423108
22417451 14423108
16270483 14423108
22355867 14423108
2156352 3883312
36725428 3883312
22440994 3883312
2013458 3883312
1816986 3883312
1442983 3968358
1434846 3968358
22443434 3968358
22423675 3968358
22423676 3968358
22370456 3968358
16016210 3968358
22396873 14423132
12651600 14423132
10469452 14423132
404017 14423132
1742769 14423132
1445247 14423132
626862 3967955
4699580 3967955
1425459 3967955
356843 3967955
16000957 3967955
10883904 3967955
323896 3967192
194082 3967192
1059207 3967192
10559874 3967192
1436090 3967192
405510 3967192
192413 3967192
16217121 3967192
177455 3967192
1444602 3967192
37184368 3967192
12679306 3967192
16274142 3967192
22403345 14423166
1750260 14423166
14991166 14423166
2225628 14423166
1777736 14423166
10557333 14423166
22525387 14423166
22467317 14423166
22471626 14423166
488239 14423166
1356496 14423166
14883945 14423166
2148378 14423170
156369 14423170
441948 14423170
22457053 14423170
1370891 14423170
1054317 14423170
431749 14423170
366837 14423178
48661027 14423178
14990252 14423178
1016001 14423178
1057257 14423178
1056928 14423178
1756244 14423178
22451066 14423178
1462853 14423178
37183590 14423178
16275077 14423178
331817 14423187
231415 14423187
463427 14423187
463966 14423187
397189 14423187
36726295 14423187
37184193 14423187
19706261 14423187
12625251 14423187
985562 14423187
436491 14423187
2211558 14423189
3105484 14423189
1057466 14423189
294339 14423189
1410934 14423189
16268647 14423189
16270222 14423189
21193658 14423189
2328371 14423189
1752177 14423189
1427956 14423189
22373984 14423189
1437897 14423195
22359149 14423195
16265258 14423195
2180592 14423195
1440328 14423195
2339005 14423195
12604075 14423195
14993362 14423195
12672252 14423195
12622668 14423195
12622673 14423195
1015969 14423195
5187949 14423195
12170388 14423195
1016262 14423195
1664447 14423197
22460851 14423197
15102413 14423197
2449098 14423197
37182930 14423197
1577119 14423197
442931 14423197
16269831 14423197
1572718 14423197
229390 14423197
2352124 14423202
1449114 14423202
807346 14423202
12633280 14423202
10471958 14423202
22364124 14423202
22410692 14423202
1589734 14423202
12625248 14423202
493018 14423202
22471214 14423202
373270 14423202
16275442 14423202
548775 14423208
174154 14423208
1059265 14423208
2254020 14423208
15962706 14423208
2152269 14423208
22415446 14423208
1694740 14423208
16273130 14423208
2580843 14423208
2169944 14423208
1016273 14423211
306032 14423211
1438764 14423211
15008167 14423211
12656822 14423211
1957526 14423211
1802273 14423211
22360351 3883986
2160383 3883986
12646959 3883986
37183282 3883986
37184073 3883986
2289535 3883986
671486 3883986
1795240 14423335
22368095 14423335
23961895 14423335
510506 14423335
16223067 14423335
15038309 14423335
1016328 14423335
16270052 14423335
15968839 14423335
37184191 14423335
22392462 14423335
1439441 14423335
2309569 14423335
200156 14423344
22450124 14423344
22450125 14423344
16263188 14423344
17886971 14423344
16486791 14423344
22404329 14423344
22349111 14423344
15973957 14423344
48661028 14423344
1444942 3892833
1058931 3892833
1541045 3892833
1451298 3892833
1620807 3892833
28686872 3892833
16270009 3892833
22397958 3892833
2013418 14423353
37183709 14423353
8512766 14423353
1429975 14423353
10153907 14423353
2333843 14423353
37184179 14423353
1750923 14423353
10152606 14423353
16273507 14423353
391795 14423353
22379309 14423364
1619591 14423364
11866248 14423364
1671947 14423364
12639561 14423364
1283301 14423364
302750 14423364
2164076 14423364
367615 14423370
37183217 14423370
1750901 14423370
3604439 14423370
1016251 14423370
1435370 14423370
1436152 14423370
14994645 14423370
2414071 14423386
676861 14423386
761346 14423386
1016114 14423386
16268475 14423386
109949 14423386
12672565 14423388
1051388 14423388
437287 14423388
615006 14423388
12622505 14423388
16270080 14423388
12166306 14423388
598207 14423388
184785 14423388
2328294 14423393
22376602 14423393
440145 14423393
37183833 14423393
795169 14423393
4901628 14423393
2193627 14423647
292472 14423647
16221820 14423647
618208 14423647
201841 14423647
16223009 14423647
2426002 14423647
2469305 14423647
380916 14423647
22390768 14423651
494232 14423651
208937 14423651
12667984 14423651
22444451 14423655
23959199 14423655
212637 14423655
14992936 14423655
431914 14423655
37184209 14423655
12645539 14423655
37184316 14423655
22433435 14423655
2112607 14423655
12602423 3891318
22373707 3891318
24372136 3891318
16264685 3891318
12673719 3891318
8382093 3891318
22436521 3891318
3094935 14423669
48661029 14423669
486756 14423669
1467902 14423669
1435122 14423669
16265695 14423669
417104 14423669
1752129 14423669
1505341 14423669
22362512 14423669
1055515 14423669
460572 14423669
14883675 14423669
1445739 14423674
10494337 14423674
12622125 14423674
16269213 14423674
2239846 14423674
2113634 14423674
1831261 3893642
22432737 3893642
22468047 3893642
156169 3893642
438881 3893642
827128 3893642
369589 3893642
22398562 14423685
2217291 14423685
48661030 14423685
1755368 14423685
22414195 14423685
12625248 14423685
12614225 14423685
14884058 14423689
37183224 14423689
239125 14423689
22463413 14423689
22463414 14423689
1600850 14423689
22442270 14423689
10494354 14423689
12625225 14423689
542359 14423689
2162418 14423693
443472 14423693
22435761 14423706
422391 14423706
15940966 14423706
738336 14423706
12616905 14423706
1754476 14423706
1451055 14423706
22471221 14423706
22383412 14423706
14996600 14423706
1439506 14423722
442083 14423722
1444355 14423722
821248 14423722
12626527 14423722
37183718 14423735
188630 14423735
22429587 14423735
1307365 14423735
2131261 14423735
227546 14423735
16260113 14423739
16260114 14423739
16260117 14423739
37183223 14423739
492313 14423739
22474711 14423739
2494137 14423739
10493917 14423739
10493918 14423739
12164811 14423739
16270408 14423739
4317684 14423739
36726397 14423739
12605405 14423739
16858360 14423739
1281495 3885805
22368151 3885805
12612895 3885805
36691049 3885805
323016 3885805
1432155 3885805
22415470 14423797
14883143 14423797
22452481 14423797
1452068 14423797
14993050 14423797
671490 14423797
587421 14423797
22360984 14423797
12672649 14423797
12166276 14423797
22415477 14423797
2364797 14423797
1057717 14423797
3878169 14423799
22426981 14423799
15105916 14423799
4933352 14423799
14992993 14423799
22436465 14423799
22475235 14423799
37184077 14423799
22444297 14423799
22440597 14423799
12646971 14423799
22415475 14423799
22447700 14423799
22361929 14423802
10494337 14423802
1546311 14423802
1502859 14423802
4178193 14423802
16268960 14423802
2374273 14423802
22369000 14423802
22447663 14423802
15979490 14423802
2155466 14423802
1622782 14423805
2567776 14423805
491881 14423805
15075418 14423805
490915 14423805
22440215 14423805
22464601 14423805
160049 14423805
12153621 14423807
14993047 14423807
16269448 14423807
431855 14423807
397845 14423807
8509956 14423807
22358858 14423807
37184297 14423807
16880161 14423807
37184392 14423807
20890490 15925530
20889028 15925530
11509835 15925530
20889307 15925530
11713895 15925530
2154178 14423809
1545072 14423809
494494 14423809
561905 14423809
4948535 14423809
1330156 14423809
12646971 14423809
16270481 14423809
10573191 14423809
22351582 14423813
388934 14423813
443026 14423813
36691043 14423813
12660153 14423813
37183598 14423813
468856 14423813
2473901 14423813
1752400 14423815
2153781 14423815
22373718 14423815
993647 14423815
126176 14423815
36726244 14423815
318990 14423815
12646973 14423815
12643273 14423815
37184387 14423815
303061 3913718
14993049 3913718
436017 3913718
24372632 3913718
144815 3913718
1016071 3913718
372026 3913718
347087 3913718
20891037 3933053
241838 14423819
21193918 14423819
12622150 14423819
36726387 14423819
20598825 14423819
2223060 14423819
2141927 14423819
14883155 14423819
436493 14423822
444944 14423822
465759 14423822
22442872 14423822
287266 14423822
387242 14423822
1016215 14423822
356703 3914500
21190196 3914500
1375366 3914500
37183261 3914500
16268682 3914500
1608256 3914500
375771 3914500
16269995 3914500
1660422 3914500
126348 3914500
1592875 3914500
494670 3914500
2207451 3914500
1452490 14423825
341585 14423825
8450436 14423825
1016203 14423825
16223229 14423825
382623 14423825
22348635 14423825
436495 14423827
12676015 14423827
36726274 14423827
22438168 14423827
22358770 14423827
16313859 14423827
3093216 14423849
22415473 14423849
1752489 14423849
418976 14423849
22466596 14423849
442643 14423849
491381 14423849
2438383 14423849
19700125 14423909
1444482 14423909
16264631 14423909
2454803 14423909
1778233 14423909
1687617 14423909
1439381 14423909
2336431 14423909
1016183 14423909
19707793 14423909
22354229 14423914
23938217 14423914
1844234 14423914
7884376 14423914
370559 14423914
398549 14423914
22396666 14423914
2146136 14423914
24373160 14423914
621716 14423922
22420323 14423922
1683139 14423922
684301 14423922
1604673 14423922
412227 3914685
1435688 3914685
1386491 3914685
1717609 3914685
254150 3914685
2295370 3914685
37363890 3914685
15103679 3914685
254977 3914685
1059225 3885803
2537257 3885803
37183779 3885803
1659706 3885803
1581054 3901448
22371351 3901448
1352458 3901448
36726064 3901448
16223190 3901448
342371 3901448
16270887 3901448
331943 3901448
16211314 3901448
128068 3901448
1591819 3914773
14993169 3914773
681795 3914773
193244 3914773
2254177 3914532
1444678 3914532
22441611 3914532
16270535 3914532
1052201 3914532
242264 3914532
2013426 14424299
2124886 14424299
37184215 14424299
2113267 14424299
1758641 3914528
1644418 3914528
1591507 3914528
22444770 3914528
562003 3914528
4919890 3914528
16425137 14424365
2156342 14424365
48661031 14424365
24372779 14424365
404017 14424365
21172971 14424365
431619 3914526
22441721 3914526
136485 3914526
22391710 3914526
1448511 3914526
1436317 3914526
1057783 3881039
2122382 3881039
22432984 3881039
2181304 3881039
696174 3881039
438331 3881039
3097254 3881039
22374584 3881039
437305 3881039
22400079 14424378
22425844 14424378
22466209 14424378
12625228 14424378
222937 14424378
274134 14424378
16261362 3914942
2300664 3914942
2195486 3914942
22417044 3914942
22441987 3914942
213743 3914942
22389651 3915188
24372605 3915188
1447187 3915188
394492 3915188
37183738 3912473
1756405 3912473
16223211 3912473
15967536 3912473
1450256 3912473
577596 3912473
1449107 3912473
14990177 3915192
14883886 3915192
22457362 3915192
36726434 3915192
1434870 3915192
12174550 3915192
2416023 3913678
22449440 3913678
751136 3913678
275360 3913678
36726189 3913678
1458776 3913678
443957 3913678
12676009 3915198
1752088 3915198
36734656 3915198
20494756 3915198
12623318 3915198
2191606 3915198
493299 3915198
11784210 15943453
20890086 15943453
11529615 15943453
20888630 15943453
14993044 14424981
1323637 14424981
22372282 14424981
22386939 14424981
22477572 14424981
14884013 14424981
20403029 14424984
4934342 14424984
1442172 14424984
10588253 14424984
2580879 14424984
37184169 14424984
16270403 14424984
12175135 14424984
2156389 14424986
37183619 14424986
16262184 14424986
16264094 14424986
291370 14424986
16267878 14424986
1307094 14424986
1504869 14424986
1592217 14424986
252906 14425188
19705945 14425188
10159080 14425188
12628990 14425188
781925 14425188
437093 14425188
1659762 14425190
22353001 14425190
37183270 14425190
10881113 14425190
1449293 14425190
37183868 14425190
2271192 14425190
15105917 14425190
439695 14425190
36691048 14425190
16272222 14425190
33522641 14425218
22373716 14425218
489687 14425218
22358188 14425218
368298 14425218
14781835 14425218
1751168 14425220
431633 14425220
1344590 14425220
15005507 14425220
22358844 14425220
1750408 14425220
1295025 14425220
22437213 14425220
2345011 3908612
12679300 3908612
14883702 3908612
16222534 3908612
22348178 3908612
2116563 3908612
15961816 3908612
2419982 3908612
37183530 3908612
22471210 3908612
2107431 3908612
1016137 3908612
22447698 14425225
22376606 14425225
16422010 14425225
626373 14425225
334651 14425225
197744 14425225
36726272 14425225
1016103 14425225
203418 14425225
1537583 14425225
22444280 14425228
465571 14425228
16267687 14425228
14883885 14425228
22419575 14425228
1500082 14425228
2187614 14425230
22375142 14425230
437113 14425230
145868 14425230
21193867 14425230
16270484 14425230
486728 14425230
146486 14425230
1436124 14425230
296749 14425230
12619123 14425230
1365723 14425234
177799 14425234
2125114 14425234
16222471 14425234
4885166 14425234
15948013 14425234
2580785 14425234
579608 14425234
1307238 14425234
1711752 14425236
579865 14425236
37184194 14425236
2156258 14425236
1375138 1018298
721186 1018298
37183302 1018298
206442 1018298
16223548 1018298
493436 1018298
490833 14425247
19088945 14425247
16263476 14425247
36725439 14425247
16267802 14425247
438259 14425247
37184010 14425247
15105520 14425247
1425980 14425247
22415476 14425247
1459277 14425247
32997665 14425247
15038361 14425247
22466911 14425263
2580806 14425263
22430783 14425263
16240357 14425263
19086811 14425263
22428586 14425263
12667370 14425263
8512161 14425263
36726111 14425263
210150 14425263
1474768 14425263
1435707 14425263
12624374 14425263
24372056 14425271
36725422 14425271
16419218 14425271
16269660 14425271
436389 14425271
1749454 14425271
3483126 14425302
48661032 14425302
22446319 14425302
1704739 14425302
19702253 14425302
22373918 14425302
1766360 14425302
4185702 14425302
37184208 14425302
442951 14425302
22396666 14425302
1638650 14425310
37183686 14425310
16222957 14425310
22346924 14425310
1566412 14425310
396268 14425310
2124496 14425310
1434917 14425310
16222289 14425325
2523811 14425325
1428018 14425325
37184114 14425325
22466210 14425325
2156336 14425325
14994445 14425325
1622440 14425424
1936915 14425424
16269092 14425424
23943324 14425424
177833 14425424
142461 14425424
1428739 14425424
2156266 3906903
2580863 3906903
24372027 3906903
1435831 3906903
390112 3906903
22443918 3906903
32992474 3906903
4573547 3906903
22420529 3906903
37184197 3906903
37183314 3906903
583381 3906903
12622795 3906903
12620167 3906903
37184389 3906903
2434693 14425437
322998 14425437
12006284 14425437
22411156 14425437
15971070 14425437
12639563 14425437
3645059 14425437
968509 14425437
1349406 14425437
14995191 14425437
22432664 14425451
22393831 14425451
15005280 14425451
1057518 14425451
444410 14425451
1665485 14425451
1759306 14425451
2166125 14425451
1615180 14425451
22405288 14425451
294419 14425451
1663445 14425451
22457429 14425624
22373723 14425624
316550 14425624
12667981 14425624
21178811 14425624
22457722 14425624
22393825 14425626
1442015 14425626
37183892 14425626
578701 14425626
231257 14425626
1056836 14425626
22449770 14425626
1426581 14425626
8383222 14425632
22403881 14425632
562839 14425632
22379324 14425632
15974177 14425632
37183487 14425632
1405830 14425632
437103 14425632
22354534 14425639
48661033 14425639
1307513 14425639
22397351 14425639
1559750 14425639
22360384 14425639
1591277 14425639
16006708 14425639
283434 14425639
22406156 14425644
22360510 14425644
14883851 14425644
32997462 14425644
37183763 14425644
171788 14425644
322990 14425644
14883920 14425644
24372932 14425644
486818 14425644
16274055 14425644
16017290 14425644
328361 14425648
413103 14425648
16492383 14425648
715600 14425648
27567565 14425648
14579693 14425648
19222437 14425648
22448836 14425648
22369119 14425648
36726320 14425648
437047 14425648
299149 14425648
2231207 14425648
1446751 14425648
333552 14425648
2122380 14425648
438068 14425648
37183615 14425648
638799 14425648
36725215 14425675
1580485 14425675
14791209 14425675
1623603 14425675
4450456 14425675
12515986 14425675
14883887 14425675
22373720 14425675
1688002 14425675
11500535 14425675
16269928 14425675
22388053 14425675
48661034 14425675
22400542 14425675
22403402 14425675
416232 14425675
474382 14425675
14884103 14425675
390134 14425675
16225922 14425675
16262167 14425683
36725413 14425683
36725668 14425683
37183879 14425683
15954916 14425683
1430773 14425683
1451363 14425683
37184198 14425683
37184229 14425683
22364162 14425683
1451842 14425683
246843 14425683
14999904 14425683
1385244 14425683
8454709 14425686
1493176 14425686
1478399 14425686
1449757 14425686
22386429 14425686
1478157 14425686
1016158 14425686
22440194 14425686
22409708 14425686
14993796 14425686
363770 14425686
16274070 14425686
2156338 14425686
2187423 14425691
12119020 14425691
1298787 14425691
1451624 14425691
22397250 14425691
1016059 14425691
4933336 14425691
22418546 14425691
369114 14425691
1440719 14425691
1438197 14425691
37183806 14425696
2354116 14425696
22444722 14425696
22438099 14425696
22360711 14425696
22383195 14425696
22476786 14425696
481214 14425696
2328170 14425696
22446342 14425696
16262093 14425701
16262172 14425701
22437676 14425701
22373726 14425701
36726271 14425701
36726318 14425701
2142159 14425701
1657455 14425701
22393828 14425703
1439294 14425703
37183801 14425703
1883073 14425703
492011 14425703
2135153 14425703
12159846 14425703
1053702 14425703
22355121 14425703
3095495 14425703
491253 14425703
411052 14425703
22478509 14425707
3648601 14425707
1693281 14425707
1673902 14425707
1051643 14425707
16263987 14425707
170037 14425707
721184 14425707
22397667 14425707
16223449 14425707
48661035 14425707
36746792 14425707
320030 14425707
37184376 14425707
20888460 48661036
20890944 48661036
22355593 14425709
486148 14425709
16265699 14425709
261160 14425709
16875647 14425709
1591281 14425709
2334705 3913130
24371580 3913130
14990243 3913130
37183684 3913130
22354127 3913130
37183713 3913130
20468099 3913130
219823 3913130
1565846 3913130
12626750 3913130
272379 3913130
10152567 3913130
22459226 3913130
11924808 3913130
268363 3913130
48661033 14425712
1798091 14425712
22360511 14425712
583817 14425712
22353782 14425712
24372395 14425712
37184146 14425712
22399273 14425712
37184218 14425712
24372841 14425712
1756969 14425712
48661037 14425712
1396421 14425712
349221 14425712
1435912 14425712
389522 14425712
16240682 14425712
1434035 14425714
12621915 14425714
605851 14425714
12159572 14425714
440047 14425714
211639 14425714
2130967 14425714
1445369 14425714
15969065 14425714
1051378 14425714
2333610 14425714
22391023 14425714
2204746 14425714
2580906 14425714
595808 14425719
16265696 14425719
4010051 14425719
37183316 14425719
22478965 14425719
492593 14425719
1016247 14425719
16273962 14425719
1438876 14425722
37183765 14425722
2295891 14425722
24372380 14425722
10468914 14425722
15951994 14425722
16269530 14425722
16269818 14425722
22416717 14425722
12640941 14425722
37182964 14425722
1504313 14425722
443168 14425722
15103727 14425722
491865 14425722
30594846 14425726
2238646 14425726
1380533 14425726
22356071 14425726
22447596 14425726
15105919 14425726
439453 14425726
15970265 14425726
36726342 14425726
22462593 14425726
246843 14425726
873400 14425726
22480350 14425726
36726595 14425726
16315278 14425726
1450327 14425747
431799 14425747
192581 14425747
1016179 14425747
14883993 14425747
22443463 14425747
7851738 14425747
36726361 14425747
16223869 14425747
48661038 14425747
22456889 14425747
15998050 14425747
19217071 14425747
1751578 14425747
253838 14425747
445310 14425747
36726577 14425747
14884060 14425750
1733100 14425750
12160218 14425750
2350968 14425750
2289496 14425750
37183212 14425750
439709 14425750
1693816 14425752
881207 14425752
1450965 14425752
16272377 14425752
494358 14425752
491635 14425752
2103178 14425754
2162020 14425754
288389 14425754
16262198 14425754
1668732 14425754
16371197 14425754
2580818 14425754
358991 14425754
440161 14425754
22398311 14425754
16225752 14425754
48661039 14425754
22464621 14425754
16217687 14425754
22471637 14425754
11463549 15903757
20889725 15903757
20889639 15903757
20889719 15903757
10157842 14425758
22383972 14425758
16263625 14425758
12516208 14425758
22397271 14425758
12665034 14425758
10884226 14425758
22359548 14425758
293613 14425758
1618778 14425758
22427284 14425758
21193873 14425758
2167653 14425758
185902 14425758
19708551 14425758
391602 14425772
14990940 14425772
22407662 14425772
15954359 14425772
22436522 14425772
404865 14425772
3112405 14425772
21193966 14425772
14884013 14425772
213963 14425772
431793 14425772
623831 3913220
4227845 3913220
10494338 3913220
492788 3913220
37183260 3913220
21183019 3913220
22397176 3913220
2282948 3913220
22426869 3913220
22360967 3913220
1057409 3913220
22399092 3913220
1451233 3913220
22354674 3913220
36726290 3913220
2411580 3913220
22373728 3913220
174408 14425788
22391546 14425788
2188077 14425788
37183683 14425788
22396392 14425788
16222606 14425788
12641983 14425788
21193879 14425788
24372786 14425788
22417452 14425788
22388956 14425788
22441263 14425788
4226985 3882869
2171205 3882869
15953884 3882869
12639560 3882869
20884511 3882869
255471 3882869
22355595 3882869
1625268 14425794
2124195 14425794
208744 14425794
121639 14425794
1051605 14425794
381836 14425794
22456940 14425794
22467748 14425794
12639559 14425794
22442267 14425794
431687 14425794
145325 14425794
1750478 14425798
22407658 14425798
393807 14425798
22388499 14425798
1429136 14425798
15105923 14425798
431647 14425798
1473250 14425798
16264593 14425801
12157932 14425801
22354691 14425801
716240 14425801
14884171 14425801
492964 14425801
714487 14425803
22411140 14425803
22392071 14425803
16270447 14425803
22364813 14425803
425731 14425803
421066 14425803
22360358 14425807
36725454 14425807
37183866 14425807
16876747 14425807
12604070 14425807
15970183 14425807
41627340 14425807
1430665 14425807
14884228 14425807
2108023 14425807
1419248 14425807
48661040 14425807
22438448 14425807
1557557 14425809
977334 14425809
48661041 14425809
1449049 14425809
248740 14425809
12622322 14425809
22419876 14425809
22426024 14425809
21193875 14425809
22373969 14425809
166721 14425809
2108740 14425809
707896 14425821
15930387 14425821
22390903 14425821
22477671 14425821
463711 14425821
1016131 14425821
40025987 14425821
10163823 14425821
12676011 14425835
37183982 14425835
214832 14425835
489259 14425835
1694008 14425848
36725465 14425848
19222242 14425848
491093 14425848
14992933 14425848
14992933 14425848
22446325 14425848
24372424 14425848
22416716 14425848
24372791 14425848
24372799 14425848
22373628 14425848
22429798 14425850
1737025 14425850
12646948 14425850
14883987 14425850
1451217 14425850
1653616 14425850
438058 14425850
12603877 14425850
36726315 14425850
39273223 14425850
1430144 14425850
2309693 14425850
48661042 14425850
22460460 14425856
12679301 14425856
16221405 14425856
179271 14425856
16267669 14425856
22476560 14425856
22397365 14425856
2536351 3904281
22370895 3904281
371369 3904281
16222564 3904281
16215864 3904281
36698619 3904281
22397624 3904281
24372821 3904281
22420422 3904281
12604282 3904281
2537762 3904281
22446080 3904281
37183758 14425863
14992926 14425863
1586044 14425863
415506 14425863
609756 14425863
2472106 14425863
37184358 14425863
365242 14425865
12611116 14425865
491915 14425865
24372822 14425865
1378401 14425865
374875 14425865
22444596 14425865
787793 14425865
1299355 14425867
16262768 14425867
36725308 14425867
203186 14425867
300514 14425867
15944370 14425867
12160258 14425867
427386 14425867
315876 14425867
1693765 14425867
184173 14425867
391797 14425869
1599949 14425869
36725520 14425869
1883073 14425869
2483895 14425869
14989181 14425869
1513450 14425869
8477283 14425869
16216877 14425869
16216878 14425869
16270692 14425869
10162276 14425869
16270755 14425869
2153979 14425869
2463513 14425869
24372913 14425869
1887465 14425869
487009 14425869
506000 14425869
1307213 14425902
240151 14425902
37183729 14425902
1418830 14425902
2440873 14425902
16269661 14425902
37184057 14425902
149571 14425902
48661043 14425902
36726415 14425902
36726524 14425902
22438439 14425902
33286844 14425907
2004693 14425907
865494 14425907
442957 14425907
37184347 14425907
15103640 14425907
486926 14425907
2417185 14425907
16273980 14425907
1684282 14425912
124497 14425912
15961608 14425912
1427904 14425912
37183306 14425912
306170 14425912
22375953 14425912
16272213 14425912
622786 14425917
436703 14425917
12603497 14425917
16269387 14425917
16492515 14425917
30986949 14425917
22466525 14425917
22360635 14425917
22354511 14425917
22360640 14425917
22459462 14425917
22409722 14425917
41628924 14425917
22459464 14425917
16876444 14425917
15094743 14425917
1439881 14425917
22361532 14425922
1693419 14425922
37184131 14425922
1016052 14425922
16270206 14425922
3096796 14425922
460572 14425922
16275563 14425922
16262412 14425926
204059 14425926
12603334 14425926
22435769 14425926
15321907 14425926
22384176 14425926
36726276 14425926
16270239 14425926
4963228 14425926
12624947 14425926
16224972 14425926
16225369 14425926
22399262 14425926
1448491 14425926
672473 14425926
22391794 14425926
3152695 14425926
24373169 14425926
24371581 14425931
2373320 14425931
1307436 14425931
437125 14425931
1053896 14425931
364748 14425931
22357675 14425931
1608502 14425931
37184338 14425931
14993924 14425931
2294564 14425931
1613287 14425940
22379517 14425940
22464472 14425940
22423977 14426090
1748960 14426090
1433346 14426090
331113 14426090
10587995 14426090
1466277 14426090
12642115 14426090
22445448 14426090
36746747 14426090
12165094 14426090
22401323 14426090
22423997 14426090
1016033 14426090
486776 14426090
22446134 14426090
432048 14426090
12661665 14426093
22471186 14426093
464671 14426093
2410589 14426093
1428547 14426093
1434743 14426093
16225686 14426093
1016207 14426093
16261337 14426096
16261390 14426096
22412970 14426096
1016229 14426096
15096280 14426096
321003 14426096
1122205 14426099
22471178 14426099
145466 14426099
16264743 14426099
741489 14426099
731502 14426099
22432789 14426099
24372752 14426099
683983 14426099
48661044 14426099
815785 14426099
22352958 14426101
2447457 14426101
16264098 14426101
158905 14426101
1690704 14426101
480892 14426101
36725610 14426101
22383639 14426101
22362553 14426101
12622543 14426101
2536849 14426101
1445081 14426101
1712497 14426103
48661045 14426103
294083 14426103
22360243 14426103
22369153 14426103
2292058 14426103
12662828 14426103
8383635 14426103
22356499 14426103
239755 14426103
194893 14426103
16429970 14426103
1825566 14426103
2117448 3904400
264337 3904400
375409 3904400
255469 3904400
1058518 3904400
2101290 3904400
146374 3904400
1750176 3904400
16270303 3904400
22472112 3904400
2483056 3904272
484433 3904272
1437684 3904272
22373945 3904272
24372810 3904272
2129634 3904272
1428848 3904272
22446460 3904272
16261241 3885299
22467253 3885299
16269527 3885299
1974585 3885299
1016186 3885299
486730 3885299
1016243 3885299
1591411 3904313
2127333 3904313
36725464 3904313
37183768 3904313
37183255 3904313
36725716 3904313
37183993 3904313
24372875 3904313
341773 3904313
476003 3904313
157499 3904313
22383121 3904313
489265 3885297
41627768 3885297
1467660 3885297
12624498 3885297
12662818 3885297
37184236 3885297
22424432 3885297
4012805 3885297
15910536 3904309
4227514 3904309
15945853 3904309
2325108 3904309
1591631 3904309
36726291 3904309
1446935 3904309
303683 3904309
22431156 3904305
1625978 3904305
22461643 3904305
14883149 3904305
37184016 3904305
37184225 3904305
409273 3904305
2187990 3904305
550836 3904305
22365294 3904305
4999261 3885295
16267696 3885295
12517863 3885295
16268279 3885295
16878731 3885295
347191 3885295
1694231 3885295
37184180 3885295
36691044 3885295
2101292 3885295
22396666 3885295
16273927 3885295
1554540 3904263
15939464 3904263
10588224 3904263
21168715 3904263
431613 3904263
22409981 3904263
22416987 3904263
22393403 3904263
1438476 3904263
3496221 3904263
22450450 3904263
350055 14426137
280206 14426137
1757394 14426137
1753086 14426137
1443794 14426137
12624749 14426137
751376 14426137
1451231 3904882
36725299 3904882
22478513 3904882
440001 3904882
15102726 3904882
1624760 3904882
16270059 3904882
147789 3904882
22451067 3904882
1016033 3904882
1458844 3904882
251430 3904436
22359633 3904436
1442942 3904436
599568 3904436
37183194 3904436
149817 3904436
37184192 3904436
22371358 3904436
22471204 3904436
1054085 3904436
1648017 3904436
19218232 3904436
22464057 3904578
650296 3904578
1016140 3904578
16265188 3904578
22426633 3904578
24372631 3904578
1384310 3904578
37184199 3904578
22398078 3904578
21193911 3904578
1122871 3904578
1016177 3904578
16260181 3904293
2537176 3904293
2537184 3904293
16268644 3904293
12622512 3904293
22525051 3904293
15971181 3904293
22443111 3904293
16259447 3904442
16259479 3904442
37183219 3904442
1016217 3904442
4942080 3904442
12622004 3904442
491261 3904442
12679375 3904442
2533534 3904442
30908488 3904442
1557676 3904442
1671947 3904442
22392635 3904442
22440620 3904442
37183132 3904442
37183431 3904442
16270623 3904442
37183516 3904442
37183524 3904442
37184324 3904442
37184325 3904442
16271994 3904442
16273096 3904442
16273102 3904442
22390574 3904442
27568293 3904442
2284022 3880574
37183264 3880574
1661797 3880574
4700216 3880574
437616 3880574
1716412 3880574
15038281 3904428
360227 3904428
1427975 3904428
2106524 3904428
240761 3904428
15943134 3904428
2013443 3904428
12671801 3904428
16361538 3904428
2173768 3904428
12677427 3904428
198938 3904428
22467778 3904428
37183308 3904428
14998416 3904428
792510 3904428
1749877 3904428
1377340 3904428
1450078 3904428
658409 3904409
15922497 3904409
10562437 3904409
16269669 3904409
24372742 3904409
3600435 3904409
15105924 3904409
10165210 3904409
84502 3904409
36726578 3904409
16262073 3904407
1587231 3904407
3600437 3904407
2104665 3904407
1440415 3904407
14884098 3904407
2156447 3904407
36746608 14426284
37183741 14426284
3592716 14426284
22397197 14426284
22469366 14426284
3933053 14426284
12622120 14426284
1758860 14426284
22364722 14426284
1693256 14426284
1601478 14426284
22411001 14426284
14884097 14426284
20610978 14426284
22355703 14426284
12676007 14426288
509452 14426288
1592710 14426288
14883287 14426288
22358843 14426288
10159942 14426288
4370058 14426288
14995202 14426288
1608216 14426288
16259448 14426292
1297996 14426292
12159996 14426292
22479831 14426292
1735206 14426292
154255 14426292
16273049 14426292
1445957 14426292
443294 14426292
279344 14426292
1444365 14426292
1693925 14426297
12629609 14426297
1749581 14426297
22360357 14426297
19700845 14426297
22400051 14426297
15008162 14426297
721867 14426297
36725674 14426297
22469372 14426297
16223219 14426297
22464471 14426297
14884382 14426297
31168869 14426297
16218737 14426343
37183740 14426343
14884068 14426343
4823432 14426343
16215967 14426343
36691038 14426343
16270234 14426343
1756534 14426343
12153843 14426348
16264200 14426348
2451982 14426348
671404 14426348
16218967 14426348
193244 14426348
16270768 14426348
12674027 14426348
12674028 14426348
2156379 14426348
48661046 14426361
16371188 14426361
1427952 14426361
2105979 14426361
37184141 14426361
2375325 14426361
585581 14426361
12639557 14426382
22371701 14426382
369154 14426382
144073 14426382
493482 14426382
22369284 14426382
16259538 14426384
1694379 14426384
22451060 14426384
1052354 14426384
24372635 14426384
388952 14426384
22373725 14426384
15961544 14426384
1436414 14426384
12167846 14426384
471355 14426384
22479968 14426386
1440872 14426386
22397082 14426386
177621 14426386
1016123 14426386
166287 14426386
1016198 14426386
1693954 14426386
37183622 14426394
2112067 14426394
1413340 14426394
15102473 14426394
37183842 14426394
15941436 14426394
22354578 14426394
22450689 14426394
676471 14426394
10564293 14426394
16004585 14426394
8516014 14426394
2325963 14426397
1440078 14426397
2156368 14426397
14884212 14426397
16264860 14426397
21193921 14426397
1016223 14426397
1689146 14426397
48661047 14426397
22359998 14426397
2114694 14426397
22446350 14426397
48661048 14426400
826977 14426400
1016014 14426400
16387547 14426400
12603412 14426400
16216060 14426400
21187352 14426400
437047 14426400
2157606 14426400
48661049 14426400
16273164 14426400
37183710 14426407
22397035 14426407
1114594 14426407
1432383 14426407
48661050 14426407
208186 14426407
1637732 14426407
10116348 14426407
434135 14426407
37184127 14426407
10116350 14426407
15968689 14426407
10119192 14426407
16270463 14426407
437337 14426407
4467376 14426407
1394985 14426407
1020387 14426410
1056368 14426410
234399 14426410
188848 14426410
1057164 14426414
1016083 14426414
15943453 14426414
37184056 14426414
37184058 14426414
22383750 14426414
22397959 14426414
489269 14426414
190236 14426414
22476583 14426414
751414 14426414
37182904 14426425
2524818 14426425
1115897 14426425
37183392 14426425
1016125 14426425
1449448 14426428
14883146 14426428
329324 14426428
10465239 14426428
4496495 14426428
2333293 14426428
368734 14426428
2443243 14426428
22346451 14426428
12647017 14426428
1448493 14426438
1016264 14426438
1609724 14426438
19704456 14426438
358423 14426438
24372843 14426438
1758115 14426438
16217443 14426438
1433857 14426443
1016293 14426443
2173957 14426443
10162170 14426443
1016121 14426443
3583861 14426443
990085 14426443
304528 14426443
1749868 14426443
20887581 14426443
22458841 14426443
36726598 14426443
4529543 14426447
821959 14426447
1015963 14426447
308019 14426447
171650 14426447
1487714 14426447
821963 14426447
821961 14426447
394309 14426447
19704112 14426447
19704113 14426447
4333137 14426447
1442010 14426447
2667909 14426447
37184011 14426447
22469418 14426447
22370899 14426447
214984 14426447
16224121 14426447
227500 14426447
16585989 14426447
1439005 14426447
2187990 14426447
1440160 14426447
1624383 14426447
37184384 14426447
22383871 14426449
14990235 14426449
2189831 14426449
3092552 14426449
12610987 14426449
22437831 14426449
15947149 14426449
1507971 14426449
37184173 14426449
12646967 14426449
31015040 14426449
22373952 14426449
22370904 14426449
22451069 14426449
400950 14426449
231965 14426449
358785 14426449
15891797 14426453
1015924 14426453
37184216 14426453
22353560 14426453
22356684 14426453
385545 14426453
22398514 14426453
2281492 14426453
1944322 14426630
358027 14426630
296277 14426630
48661051 14426630
615963 14426630
22398362 14426630
1433962 14426662
1059263 14426662
2156385 14426662
15943172 14426662
22423517 14426662
23922453 14426662
1455657 14426662
22437677 14426688
15918273 14426688
22391329 14426688
389310 14426688
21193886 14426688
15094621 14426688
12603721 14426688
12603741 14426688
12603746 14426688
12603753 14426688
1015924 14426688
2239088 14426688
10162518 14426688
22471203 14426688
4514444 14426688
367186 14426688
246821 14426688
11693111 14426688
1429366 14426688
1016143 14426688
363916 3900441
1982072 3900441
549975 3900441
22424585 3900441
10152625 3900441
436853 14426693
2156381 14426693
491949 14426693
231033 14426693
212855 14426693
492658 14426693
12603724 14426693
12603742 14426693
12603743 14426693
12603747 14426693
12603759 14426693
12603761 14426693
22402416 14426693
12604274 14426693
12604285 14426693
12604287 14426693
1016010 14426693
1634803 14426693
2148640 14426693
12604371 14426693
12604400 14426693
12604408 14426693
289566 14426693
299557 14426693
22373977 14426693
1532074 14426693
328403 14426695
37183719 14426695
22388037 14426695
37183873 14426695
12603645 14426695
12603660 14426695
12603664 14426695
12603667 14426695
14993161 14426695
22363648 14426695
24372842 14426695
12604269 14426695
12604272 14426695
469119 14426695
16425119 14426695
740254 14426700
195371 14426700
2127546 14426700
36725704 14426700
22395454 14426700
15961544 14426700
22375338 14426700
16878245 14426700
36691045 14426700
16425125 14426700
16224025 14426700
48661052 14426700
2232292 14426700
1059189 14426702
1921061 14426702
16270261 14426702
37184201 14426702
830467 14426702
2580888 14426705
14883734 14426705
494154 14426705
22437925 14426705
14883894 14426705
1962601 14426705
1016028 14426705
1052953 14426705
2580654 14426708
285497 14426708
2348649 14426708
561004 14426708
1016043 14426708
821695 14426708
37184181 14426708
368286 14426708
22369155 14426708
3650695 14426710
12667585 14426710
22397130 14426710
12621984 14426710
22388880 14426710
1927668 14426710
2208456 14426710
22441773 14426710
15968774 14426710
37183408 14426710
1374587 14426710
22444452 14426710
22398295 14426710
121935 14426710
3121819 14426710
1053993 14426712
1506754 14426712
22457408 14426712
15946811 14426712
37183980 14426712
2468017 14426712
1673211 14426712
22446945 14426712
22398012 14426712
1693433 14426712
15006338 14426712
16262128 14426714
16263608 14426714
287540 14426714
2294603 14426714
16211297 14426714
2129634 14426714
15075491 14426714
16875618 14426716
1449109 14426716
12602500 14426716
231955 14426716
22446300 14426716
1921498 14426716
12603599 14426716
12603641 14426716
36726379 14426716
3099928 14426716
195253 14426716
1059263 14426718
22436463 14426718
752080 14426718
16876747 14426718
15134037 14426718
12640872 14426718
16273856 14426718
2329416 14426718
48661053 14426718
1016249 14426722
388956 14426722
22397091 14426722
31015487 14426722
1052504 14426724
1817804 14426724
12674474 14426724
128058 14426724
37183971 14426724
22397526 14426724
22346363 14426724
3905308 14426724
466967 14426724
15980290 14426724
265015 14426724
385351 14426724
1460364 14426752
37183126 14426752
408816 14426752
408818 14426752
431795 14426769
247813 14426769
22404230 14426769
1016167 14426769
2127732 14426769
37183130 14426769
22396323 14426769
22397980 14426769
234437 14426769
486704 14426769
24372945 14426769
48661054 14426769
19708289 14426769
14789218 14426801
16269851 14426801
193634 14426801
22396870 14426805
14990247 14426805
16265053 14426805
611737 14426805
1058957 14426805
16268997 14426805
12603728 14426805
22392220 14426805
22480364 14426805
16223449 14426805
257612 14426805
2214157 14426805
129009 14426805
2153598 14426805
12620755 14426808
48661055 14426808
1529281 14426808
22354774 14426808
144027 14426808
459725 14426808
22469031 14426808
12164704 14426808
16270394 14426808
37184227 14426808
20578802 14426808
123244 14426808
10136349 14426808
2328355 14426808
1749033 14426810
48661056 14426810
1436082 14426810
48661057 14426810
2118322 14426810
37183273 14426810
176296 14426810
1656740 14426810
12164248 14426810
1434438 14426810
16270137 14426810
22406492 14426810
12624905 14426810
4067693 14426810
1449796 14426810
1436084 14426810
2156383 14426815
14990254 14426815
37183739 14426815
16215959 14426815
37184189 14426815
22442870 14426815
22383712 14426815
486830 14426815
772400 14426815
585919 14426815
2144733 14426815
22360719 14426815
48661058 14426815
22355622 14426818
1052113 14426818
16221861 14426818
22462989 14426818
431659 14426818
10587621 14426818
36734628 14426818
22435872 14426818
37183406 14426818
20604639 14426818
1053799 14426820
1317502 14426820
36725556 14426820
387012 14426820
12654728 14426820
494688 14426820
197544 14426820
2192502 14426820
16269667 14426820
22450791 14426820
22461021 14426820
429436 14426820
1690339 14426820
264764 14426820
8482636 14426820
37183636 14426824
24372000 14426824
2580866 14426824
22397122 14426824
180767 14426824
19706185 14426824
180295 14426824
12623200 14426824
1445365 14426826
1306197 14426826
247813 14426826
132786 14426826
12603260 14426826
1514019 14426826
37184065 14426826
16270094 14426826
396310 14426826
1051567 14426826
1409843 14426826
12639048 14426826
12602398 14426829
16221191 14426829
677377 14426829
445492 14426829
1015991 14426829
615580 14426829
494244 14426829
417132 14426829
16213137 3902384
624483 3902384
391602 3902384
12603713 3902384
1438914 3902384
22360632 3902384
415482 3902384
349367 14426836
16211297 14426836
10162948 14426836
2106368 14426836
16269600 14426836
22375150 14426836
2013463 14426836
490615 14426836
2174678 14426836
12647009 14426836
15905541 14426838
14884071 14426838
21170055 14426838
12625228 14426838
22398288 14426838
1394815 14426838
22388161 14426838
21193900 14426844
16385083 14426844
16262151 14426844
175132 14426844
14883860 14426844
578731 14426844
22458175 14426844
37184019 14426844
36726344 14426844
241145 14426844
1057351 14426844
988388 14426844
549395 14426844
37183604 14426844
1758895 14426848
1577680 14426848
1016190 14426848
1051468 14426848
207347 14426848
15971219 14426848
2330112 14426848
1446382 14426848
689534 3966770
22412484 3966770
22391522 14427028
15902063 14427028
124559 14427028
15998407 14427028
16000423 14427028
5005464 14427030
10125287 14427030
542363 14427030
493410 14427030
24372778 14427030
12625250 14427030
2224879 14427030
1389291 14427030
23950377 14427030
2108858 14427030
22451059 14427032
22444720 14427032
22471193 14427032
22440993 14427032
37183904 14427032
2352316 14427032
22388156 14427032
22354529 14427032
22424734 14427032
19700551 14427034
715600 14427034
1736301 14427034
16270246 14427034
22388083 14427034
16240548 14427034
22423756 14427034
16271860 14427034
22353320 14427046
1694317 14427046
274810 14427046
12646207 14427046
1015924 14427046
1015960 14427046
48661059 14427046
22397957 14427046
29030169 14427046
1020430 14427046
1432928 14427046
10587996 14427046
228114 14427046
1716249 14427048
1685911 14427048
373774 14427048
37183777 14427048
22472736 14427048
22345239 14427048
8463957 14427048
16211297 14427048
22463798 14427048
21176885 14427048
16419214 14427048
12604745 14427048
220421 14427048
2168102 14427054
22344558 14427054
487718 14427054
1297539 14427054
22416981 14427054
1756740 14427054
16270181 14427054
12679873 14427054
22362871 14427054
24372846 14427054
16270428 14427054
1446479 14427054
22390633 14427054
1322089 14427054
2168100 14427054
2168104 14427054
16262412 14427056
2507505 14427056
2537290 14427056
451110 14427056
16215956 14427056
16297139 14427056
15965661 14427056
22417045 14427056
22417046 14427056
12646971 14427056
243269 14427056
16273259 14427056
4843105 14427056
484961 14427065
2537186 14427065
12620166 14427065
15949468 14427065
128104 14427065
22373622 14427065
15016500 14427065
277926 14427112
1430700 14427112
1016133 14427112
22406531 14427112
1438679 14427112
1609748 14427112
12655223 14427112
291282 14427116
429125 14427116
16414212 14427116
1442067 14427116
261318 14427116
2328792 14427116
14995659 14427116
14883940 14427116
2165759 14427116
37183778 14427122
441979 14427122
15097162 14427122
2351248 14427122
22451377 14427122
22355120 14427122
22351583 14427122
16269848 14427122
36726215 14427122
12163867 14427122
36726304 14427122
7586325 14427122
16272377 14427122
23948766 14427125
22435981 14427125
22363164 14427125
22457614 14427125
422593 14427125
1380341 14427125
48661060 14427125
48661061 14427131
4934040 14427131
1297927 14427131
36725609 14427131
22371481 14427131
22446782 14427131
22442416 14427131
37184182 14427131
24372830 14427131
24372876 14427131
2124581 14427131
2229093 14427131
12636306 14427131
22368995 14427134
16386553 14427134
1834660 14427134
16322913 14427134
16222841 14427134
19222420 14427134
21172110 14427134
2244286 14427134
756929 14427134
12640946 14427134
2518979 14427150
166087 14427150
12639558 14427150
22373942 14427150
22373948 14427150
1020359 14427150
16414150 14427215
48661062 14427215
4114362 14427215
369140 14427215
1436774 14427215
22444820 14427215
1955195 14427215
197438 14427215
20266906 14427215
15982769 14427215
1752259 14427215
15991084 14427215
1444655 14427215
1549148 3885964
1427169 3885964
16268254 3885964
22441850 3885964
599396 3885964
2206744 3885964
48661063 14427224
1451696 14427224
1535717 14427224
36734521 14427224
12646958 14427224
364572 14427224
14421454 14427224
48661064 14427224
1355114 14427224
1447170 14427224
1135414 14427224
360225 14427224
1440923 14427224
1432227 14427224
12626435 14427228
173136 14427228
21193903 14427228
740516 14427228
22438029 14427228
16225429 14427228
16271305 14427228
1781362 14427228
2156361 14427230
197768 14427230
1444105 14427230
1055612 14427230
1748503 14427230
16223869 14427230
432046 14427230
285087 14427230
1507390 14427230
48661065 14427230
1016022 14427230
274124 14427233
1435265 14427233
37183958 14427233
800685 14427233
2328365 14427233
1752340 14427233
22450228 14427233
48661066 14427233
19708011 14427233
22354512 14427233
223479 14427247
16287025 14427247
162417 14427247
37184177 14427247
36726335 14427247
2125709 14427247
2440697 14427247
24372995 14427247
19708674 14427247
8472832 14427249
1760671 14427249
22392908 14427249
390118 14427249
22359298 14427249
12621719 14427249
2354356 14427249
1056554 14427249
2108007 14427249
16216020 14427249
1447380 14427249
84422 14427249
15999831 14427249
20931778 14427249
37183163 14427249
374776 14427257
22429974 14427257
22390948 14427257
22423671 14427257
12622124 14427257
16211297 14427257
16269748 14427257
22436082 14427257
2111643 14427257
492347 14427257
438617 14427257
1718740 3929556
37183686 3929556
1540480 3929556
1596639 3929556
22433390 3929556
1058888 3929556
15990141 3929556
1750169 3929556
37183016 14427260
37183021 14427260
28682433 14427260
37183028 14427260
37183037 14427260
22470923 14427260
12156023 14427260
22470935 14427260
37183073 14427260
22437780 14427260
37183080 14427260
1016054 14427260
464529 14427260
37183128 14427260
1321517 14427260
22397978 14427260
37183133 14427260
37183134 14427260
28687704 14427260
37183429 14427260
22470942 14427260
37183432 14427260
22470943 14427260
37183433 14427260
37183587 14427260
222621 14427260
22470959 14427260
37183155 14427260
37183156 14427260
22470962 14427260
37183158 14427260
37183170 14427260
37183172 14427260
37183176 14427260
22470964 14427260
22470967 14427260
22470968 14427260
1441678 14427263
1435196 14427263
48661062 14427263
2164595 14427263
15945384 14427263
1921498 14427263
675405 14427263
22392492 14427263
36726281 14427263
22397918 14427263
37184232 14427263
2525492 14427263
22437828 14427269
1406937 14427269
1483504 14427269
1016196 14427269
168106 14427269
16296846 14427269
24372811 14427269
128076 14427269
1653177 14427269
1624867 14427269
16252310 48661067
2120872 14427275
443710 14427275
1590266 14427275
444756 14427275
1016162 14427275
37184089 14427275
22342840 14427275
557917 14427275
17864679 14427275
8465776 14427275
2142106 14427278
1440017 14427278
438611 14427278
1444107 14427278
197442 14427278
22362707 14427278
246507 14427278
2171203 14427278
16222841 14427278
37184185 14427278
22403270 14427278
2136588 14427278
22446349 14427278
2320501 14427278
22445535 14427299
2156300 14427299
222829 14427299
36726038 14427299
14993256 14427299
22438072 14427299
437047 14427299
377433 3883310
22360973 3883310
22390136 3883310
582006 3883310
443368 3883310
20097198 3883310
22394850 3883310
15982999 3883310
22373953 3883310
22360383 3883310
15979522 3883310
1054379 3883310
438150 3883310
389522 3883310
22376600 14427326
128110 14427326
1917966 14427326
156628 14427326
1442705 14427326
1015995 14427326
15006354 3919706
16225938 3919706
128106 3919706
22407836 3919706
22408677 3919706
22362760 3919706
16240496 3919706
37184382 3919706
16261391 14427347
3890839 14427347
1289000 14427347
12639562 14427347
16240516 14427347
24372926 14427347
2231218 14427347
334403 14427347
495933 14427347
12516041 3919210
2117734 3919210
22468048 3919210
36725701 3919210
36726270 3919210
16270056 3919210
24372787 3919210
234267 3919210
36726325 3919210
36726332 3919210
12167634 3919210
489976 3919210
22432575 3919210
2207451 3919210
2124620 3919210
14884106 3919210
15105928 3919210
1439297 3919210
37184394 3919210
913312 3919638
15899470 3919638
2138768 3919638
22360431 3919638
22415472 3919638
22399600 3919638
12646968 3919638
22359310 3919638
16270767 3919638
1431415 3919638
12638776 3919638
15892352 14427351
12620802 14427351
8470616 14427351
449750 14427351
16263585 14427351
1016035 14427351
22525388 14427351
22360977 14427351
22447597 14427351
134564 14427351
2159384 14427351
1698929 14427351
37184379 14427351
22442323 14427351
22442324 14427351
22442325 14427351
22442326 14427351
12606037 14427351
442241 14427351
1299355 14427353
2152314 14427353
1698915 14427353
12667587 14427353
1449729 14427353
37183972 14427353
16270110 14427353
37184202 14427353
22364160 14427353
14883735 14427353
2260693 14427353
4934342 14427355
22417513 14427355
1460575 14427355
2240200 14427355
213510 14427355
1305634 14427355
8478912 14427355
2127344 14427355
4909422 14427355
793711 14427355
22442684 14427355
4008464 14427355
16224160 14427355
16389596 14427355
2180641 14427355
2148605 14427357
23943322 14427357
14883888 14427357
1016116 14427357
21193862 14427357
22359551 14427357
37184190 14427357
1618107 14427359
825107 14427359
15925538 14427359
128685 14427359
14993171 14427359
1824143 14427359
19705399 14427359
578192 14427359
16492607 14427359
488590 14427359
1442643 14427359
10880706 14427362
4820531 14427362
429103 14427362
16269060 14427362
234869 14427362
1058588 14427362
36726340 14427362
37184240 14427362
1503550 14427362
19707755 14427362
36726525 14427362
600412 14427362
16264711 14427364
1438764 14427364
22473171 14427364
15951995 14427364
24372718 14427364
157143 14427364
2103821 14427364
1390908 14427364
37184386 14427364
1053288 14427364
1299355 3919669
14884158 3919669
14884158 3919669
385329 3919669
311474 3919669
22353490 3919669
22416980 3919669
1052546 3919669
16271698 3919669
22398220 3919669
587439 3919669
16313037 3919669
558806 3919669
16014607 3919669
20402706 14427367
172059 14427367
48661068 14427367
1754825 14427367
23931712 14427367
37183292 14427367
1016039 14427367
1307294 14427367
1927944 14427367
19891798 14427367
1428616 14427369
442149 14427369
1427542 14427369
22355583 14427369
12645343 14427369
4077126 14427369
15895923 14427405
1016238 14427405
14884154 14427405
24372097 14427405
21193884 14427405
16269863 14427405
22397789 14427405
1445235 14427405
16271669 14427405
22403182 14427405
488674 14427405
15006082 14427405
22390780 14427405
1687109 14427407
2154705 14427407
22392246 14427407
22386901 14427407
1552574 14427407
36725808 14427407
21193940 14427407
444844 14427407
22362136 14427407
16274530 14427407
2013411 14427410
37183784 14427410
22410034 14427410
489353 14427410
16222459 14427410
2522319 14427410
37183989 14427410
22432786 14427410
15965884 14427410
22446489 14427410
14883652 14427410
22392326 14427410
2529739 14427410
1751016 14427410
33286822 14427412
1462582 14427412
2461811 14427412
23948768 14427412
37184059 14427412
37184230 14427412
1717004 14427412
1016194 14427412
22435786 14427412
2537235 14427412
10880025 14427415
37183227 14427415
36725595 14427415
36734528 14427415
36725809 14427415
21193928 14427415
1711193 14427415
16271974 14427415
319721 14427415
2331010 14427415
15892894 14427418
1016024 14427418
22426021 14427418
1441284 14427418
430985 14427418
1394981 14427418
2219827 14427418
14992970 14427418
19704218 14427418
368638 14427418
1384598 14427418
36726313 14427418
1609083 14427418
19094068 14427418
22426023 14427418
10555912 14427418
429548 14427418
16240615 14427418
15075514 14427418
22408866 3886419
437359 3886419
343904 3886419
14884072 3886419
493199 3886419
12603166 3886419
2342938 3886419
37184021 3886419
36726175 3886419
14993283 3886419
830467 3886419
21796085 3886419
19217901 14427427
2339905 14427427
16419229 14427427
2156348 14427427
37183285 14427431
1427753 14427431
33279974 14427431
2282733 14427431
4092795 14427431
22347072 14427431
22408676 14427431
36726347 14427431
12629278 14427431
12661669 14427431
121347 14427431
22462422 14427435
14988817 14427435
230328 14427435
360057 14427435
16875654 14427435
650160 14427435
2140439 14427435
4625870 14427435
16269997 14427435
15972404 14427435
2129634 14427435
37184357 14427435
2172001 14427435
48661069 14427438
16268253 14427438
22457427 14427438
16240409 14427438
1752011 14427438
3702548 14427438
1998657 14427438
22373961 14427438
22390780 14427438
1479634 14427440
37183737 14427440
22401661 14427440
1059204 14427440
1451702 14427440
37184233 14427440
16270453 14427440
12645539 14427440
488209 14427440
157181 14427440
1438718 14427440
1493869 14427440
1535990 14427440
14883940 14427440
1435666 3919732
489299 3919732
1604675 3919732
1694456 3919732
22471194 3919732
1440516 3919732
37183283 3919732
16268690 3919732
16268694 3919732
22477669 3919732
491711 3919732
3490536 3919732
347203 3919732
1054085 3919732
1393772 3919732
16271124 3919732
1370599 3919732
1769707 3919208
22373620 3919208
12622159 3919208
16269458 3919208
1371607 3919208
15962749 3919208
22477562 3919208
37184205 3919208
159698 3919208
37184345 3919208
1278409 3919208
414427 14427445
175356 14427445
16268557 14427445
1430212 14427445
36725783 14427445
22459423 14427445
37183387 14427445
439249 14427445
245675 14427445
326991 14427445
798141 14427445
12602406 3919695
157797 3919695
7575881 3919695
16361537 3919695
20574296 3919695
16270176 3919695
27568238 3919695
477760 3919695
24372897 3919695
481940 3919695
460572 3919695
2299441 14427534
443001 14427534
1306733 14427534
22408857 14427534
1052494 14427534
24372789 14427534
16270226 14427534
2238756 14427534
474874 14427534
231969 14427534
12641792 14427538
2423679 14427538
2536858 14427538
22445127 14427538
16875625 14427538
12625214 14427538
1535637 14427538
195375 14427538
36734881 14427538
261859 14427538
22361063 14427538
22428620 14427538
12661491 14427538
22355671 14427538
1016236 14427538
583008 14427538
4031129 14427538
2127634 3917917
261591 3917917
22435853 3917917
437667 3917917
355537 3917917
22388155 3917917
22429812 3917917
22370166 3917917
22392310 3917917
147905 3917917
2109324 3917917
8389400 3917917
1016128 3917917
1428681 3917917
141370 3917917
10494369 3917917
2102527 3917917
30581150 14427546
1434651 14427546
14884078 14427546
22407661 14427546
441015 14427546
36726275 14427546
2174495 14427546
36726316 14427546
1016037 14427546
2213735 14427546
178573 14427546
2445126 14427546
36746884 14427546
1387543 14427546
339344 3881166
1442724 3881166
37183870 3881166
1449068 3881166
1016268 3881166
22424588 3881166
1660323 3881166
1693327 3881166
22462256 3881166
37183840 14427551
12671885 14427551
12672555 14427551
22388294 14427551
231997 14427551
1757227 14427551
22398132 14427551
711202 14427551
15998053 14427551
289874 14427553
16264091 14427553
14993282 14427553
19705865 14427553
1731528 14427553
12165137 14427553
16223752 14427553
3650519 14427553
566470 14427553
16273510 14427553
22345062 14427553
22359644 14427553
16274834 14427553
1624513 14427553
2328797 14427553
1450319 14427556
1693383 14427556
175480 14427556
177046 14427556
4934519 14427556
2116563 14427556
14883994 14427556
807542 14427556
37183687 14427558
10494349 14427558
177046 14427558
24372600 14427558
22467746 14427558
1016251 14427558
418424 14427558
32992091 14427558
576133 14427558
36721066 14427558
2171711 14427567
22442563 14427567
15102579 14427567
12638717 14427567
4687588 14427567
12622147 14427567
14993087 14427567
22443048 14427567
1405774 14427567
1993095 14427567
37184224 14427567
1389141 14427567
16217230 14427567
12636307 14427567
12605081 14427567
12605091 14427567
12605093 14427567
436393 14427567
709066 14427570
36725626 14427570
37184175 14427570
493942 14427570
24373009 14427570
37183608 14427570
16275456 14427570
560301 14427574
14883990 14427574
12621789 14427574
15931508 14427574
233610 14427574
154119 14427574
1751212 14427574
607872 14427574
24372609 14427574
1427753 14427574
1614234 14427574
36726273 14427574
15009205 14427574
443386 14427574
22396817 14427576
14883860 14427576
10494350 14427576
16268646 14427576
1428330 14427576
444752 14427576
16269850 14427576
10466652 14427576
300586 14427576
22409970 14427576
16240474 14427576
22351392 14427576
16270247 14427576
14489025 14427576
1438683 14427576
293168 14427576
22362149 14427576
1439554 3880876
18353972 3880876
1515488 3880876
22429747 3880876
364684 3880876
36725278 14427587
15902101 14427587
15902938 14427587
18353972 14427587
14884081 14427587
16211609 14427587
16211610 14427587
16268586 14427587
16269493 14427587
1405774 14427587
22438186 14427587
23943325 14427587
14883997 14427587
2266376 14427587
10566816 14427587
2329564 14427587
1571989 14427587
1478511 14427587
22437674 14427931
471000 14427931
4382908 14427931
1015972 14427931
741481 14427931
14884170 14427931
16275219 14427931
16275224 14427931
1449939 14427934
10130328 14427934
4919266 14427934
2212645 14427934
22397961 14427934
1016245 14427934
492652 14427934
378048 14427934
37184372 14427934
247963 14427934
22383412 14427934
1053981 3917545
24371578 3917545
383527 3917545
36725605 3917545
36725606 3917545
48661070 3917545
1436208 3917545
22525185 3917545
10160826 14427938
22348514 14427938
37363026 14427938
15932021 14427938
48661071 14427938
341583 14427938
15946170 14427938
1825575 14427938
16269335 14427938
14993282 14427938
48661072 14427938
36734664 14427938
324456 14427938
206390 14427941
574373 14427941
299017 14427941
24775581 14427941
16269988 14427941
22362150 14427941
170721 14427941
493754 14427941
1444060 14427941
1568082 14427941
22436516 14427962
1440078 14427962
1016087 14427962
367260 14427962
438160 14427962
491179 14427962
22362142 14427965
286545 14427965
15945498 14427965
12160111 14427965
237900 14427965
22415492 14427965
22473610 14427965
1823144 14427965
168058 14427965
444764 14427965
143405 14427965
2328276 14427965
22437650 14427968
22400281 14427968
14990242 14427968
438719 14427968
2448418 14427968
188630 14427968
4705638 14427968
16240357 14427968
10587993 14427968
10587994 14427968
37183876 14427968
14993133 14427968
22446331 14427968
30949487 14427968
22403156 14427968
22424135 14427968
22446333 14427968
16270351 14427968
2580839 14427968
457272 14427968
288385 3917537
22415471 3917537
12673233 3917537
37183784 3917537
21186560 3917537
36726319 3917537
22475320 3917537
14883852 14427973
8491209 14427973
37183216 14427973
36726162 14427973
15097187 14427973
369230 14427973
391014 14427973
14884062 14427978
18357056 14427978
22438001 14427978
698696 14427978
22360428 14427978
22346450 14427978
1052928 14427978
37183261 14427980
48661073 14427980
1539624 14427980
1455848 14427980
19216432 14427980
364672 14427980
214464 14427980
459755 14427980
615793 14427980
22466204 14427983
491015 14427983
22439717 14427983
36691035 14427983
242164 14427983
22396458 14427983
295028 14427987
2156296 14427987
489908 14427987
14884286 14427987
598251 14427987
2351807 14427987
306382 14427987
365346 14427987
14777165 14427987
22369118 14427987
3699999 14427987
15971998 14427987
16224514 14427987
16876891 14427987
24372958 14427987
244137 14427987
22392162 14427987
15097728 14427987
965076 14427987
1444637 14427989
483148 14427989
14992902 14427989
431811 14427989
22388548 14427989
36726258 14427989
30996800 14427989
238932 14427989
20889209 2116563
20889772 2116563
437289 30234787
246843 1016408
84386 30458515
842171 864749
20891023 1015841
11479447 1016223
20890423 2642387
11698431 2642387
20890822 2642387
11718715 2642387
20890837 2642387
20890794 2642387
20889457 2642387
48661074 842346
11473530 1016186
30543604 7487250
30547719 7487250
11582898 7487250
11794949 7487250
11780518 7487250
11796922 7487250
20890638 7487250
20889671 7487250
11479445 7487250
20890186 7487250
20889663 7487250
20889389 7487250
489265 1090484
11471987 246843
20888906 246843
20891021 246843
20909726 246843
20889960 246843
20888759 246843
20888677 246843
11699944 404017
48661075 404017
20888995 404017
20888831 404017
11524821 404017
20889069 599396
20890276 968509
20889497 1020430
20888509 1020430
20888534 1020430
15738440 1020430
20889152 1020430
11510720 1020430
20889349 1020430
11752665 1020430
20890624 1020430
20890526 1020430
20890334 1020430
30954978 1020430
30955004 1020430
20890494 1020430
20888437 842352
11497351 842352
20891029 842352
20889127 842352
11557284 842352
20890240 842352
11475933 842352
20888749 842352
11742150 842352
20889770 842352
20889368 842352
20889550 842352
20809848 842352
17103326 842352
5089060 31121456
1693954 19366649
12622458 48661076
16221427 48661077
12629306 48661078
22375158 19366650
1104726 1016207
1052187 48661079
342537 15103688
2615950 2529739
3237865 48661080
246843 1016414
3211455 1016414
