3852754 49987235
1056174 844803
1057846 844803
1942059 844803
10484182 844803
6531901 844803
10484185 844803
3643653 844803
3533073 844803
10487480 844803
6477853 844803
751863 844803
6482712 844803
10487898 844803
3643840 844803
16328558 844803
226127 844803
16847242 844803
1728291 844803
786089 844803
3574420 844803
6423671 844803
784650 844803
6386508 844803
2023146 844803
10170518 844803
699314 844803
10302005 844803
874092 844803
829174 844803
2006074 844803
10485102 844803
1706109 844803
14977964 844803
14977966 844803
16358441 844803
3606950 844803
15193000 844803
10484565 844803
10484570 844803
1603466 844803
11445017 844803
16240470 844803
507750 844803
677315 844803
11888760 844803
2113314 844803
6533031 844803
10489554 844803
425950 844803
4796760 844803
10489577 844803
6459476 844803
10490679 844803
12516896 844803
10212890 844803
3069192 844803
10491108 844803
1112598 844803
752062 844803
6411837 844803
10491819 844803
1946547 844803
10215319 844803
6424787 844803
15174347 844803
713620 844803
4486374 844803
1642008 844803
11445041 844803
16220258 844803
4012258 844803
15669846 844803
19421443 844803
16343368 844803
10216336 844803
20396132 844803
16398470 844803
10484835 844803
3485032 844803
20396380 844803
16841841 844803
11892262 844803
17179411 844803
3362930 844803
3696714 844803
16839472 844803
10492926 844803
368308 844803
1655759 844803
10170530 844803
12219264 844803
352611 844803
12227957 844803
11445109 844803
777375 844803
819564 844803
551177 844803
14977603 20549536
6552706 30913613
11449390 30913613
3621579 30913613
1753568 30913613
411771 30913613
2517069 30913613
758667 30913613
2002756 3958024
253054 3958024
1134793 3958024
774698 3958024
777810 3958024
19220512 3958024
14654005 3958024
3531600 844805
49987236 844805
179936 844805
16228429 844805
358559 844805
1021119 844805
15256138 844805
824270 844805
2190772 844805
294636 844805
822393 844805
14370144 844805
10484232 844805
175244 844805
1123884 844805
10484249 844805
3650184 844805
375114 844805
16847238 844805
921263 844805
16847241 844805
3990198 844805
200158 844805
21447038 844805
1974733 844805
10467734 844805
3621579 844805
17179380 844805
11833344 844805
1927714 844805
613004 844805
1991655 844805
10257936 844805
3611208 844805
2439222 844805
3632335 844805
16830568 844805
6464723 844805
6495534 844805
1146659 844805
2023144 844805
345464 844805
2042183 844805
816646 844805
812238 844805
16850080 844805
887251 844805
12093505 844805
1564458 844805
15444773 844805
14976752 844805
16376171 844805
16848164 844805
10472178 844805
810062 844805
823754 844805
3596795 844805
14814789 844805
16338541 844805
534023 844805
18901234 844805
16246235 844805
3642217 844805
321089 844805
11445006 844805
6547404 844805
581569 844805
757392 844805
137793 844805
1351780 844805
1620627 844805
12604124 844805
6522741 844805
4008099 844805
10491598 844805
3651582 844805
142543 844805
6500411 844805
792492 844805
1890789 844805
1114621 844805
11831815 844805
1021947 844805
1756779 844805
10472374 844805
49987237 844805
10484673 844805
12167358 844805
1055434 844805
10289468 844805
8395075 844805
20411960 844805
208292 844805
12650896 844805
10215938 844805
2256383 844805
3580114 844805
735746 844805
3446137 844805
16826370 844805
3637090 844805
3459607 844805
362201 844805
16810211 844805
1572486 844805
644117 844805
16217496 844805
22366485 844805
350205 844805
11846053 844805
3105366 844805
549951 844805
3763997 844805
21325117 3883948
3644171 2605159
12609945 2605159
608574 2605159
12599406 2605159
12599409 2605159
10166094 2605159
2013924 2605159
1407770 2605159
12603162 2605159
21437809 2605159
1917733 2605159
418974 2605159
12611475 2605159
12603258 2605159
10166096 2605159
3995985 2605159
4000483 2605159
21301066 2605159
10316190 2605159
12600020 2605159
15181418 2605159
14381223 2605159
10450380 2605159
7312956 2605159
3495499 2605159
10245030 2605159
239943 2605159
160351 2605159
16338714 2605159
4272977 2605159
21429005 2605159
16338920 2605159
803188 2605159
16552385 2605159
269183 2605159
4044608 2605159
15181429 2605159
10211782 2605159
12613623 2605159
2014833 2605159
15445284 2605159
3579172 2605159
33270664 2605159
3693571 2605159
6344195 2605159
1612766 2605159
4008099 2605159
12604244 2605159
22333784 2605159
4011661 2605159
10316200 2605159
18283482 2605159
10219894 2605159
6513024 2605159
16321499 2605159
1345130 2605159
800313 2605159
128725 2605159
16342158 2605159
827826 2605159
233793 2605159
33795394 2605159
15125029 2605159
10484810 2605159
609836 2605159
4006758 2605159
34038103 2605159
49987238 2605159
14598006 2605159
21329270 2605159
2006473 2605159
16236701 2605159
12601184 2605159
14867218 2605159
49987239 2605159
8514630 2605159
11908346 2605159
4541813 2605159
740428 2605159
21355299 2605159
4302296 2605159
1575968 2605159
6348236 2605159
3602277 2605159
10589058 2605159
11834172 2605159
27698110 2605159
675115 2605159
15148915 2605159
441430 2605159
769180 2605159
12601970 2605159
2206891 841166
1350429 841166
627872 841166
740656 841166
15116524 841166
21527738 841166
16325327 841166
10381122 841166
16848907 841166
3502296 841166
11449205 841166
11443191 841166
14821966 841166
6431085 841166
14833757 841166
1055283 841166
703365 841166
1488564 841166
2394428 841166
3074460 841166
26327381 841166
1144417 841166
1828438 841166
16842321 841166
12602306 841166
651383 841166
12599068 841166
6433090 841166
4956773 841166
398723 841166
4014171 841166
10305049 841166
16833563 841166
453396 841166
16828457 841166
18436137 841166
14638576 841166
1927732 841166
6512394 841166
11926572 841166
19416110 841166
16835201 841166
15327229 841166
20959587 841166
12065340 841166
769745 841166
158175 841166
49987240 841166
638589 841166
636585 841166
16407502 841166
1108111 841166
3632408 841166
3528168 841166
14393024 841166
3613696 841166
15728586 841166
326823 841166
16842685 841166
3634092 841166
1887703 841166
16847187 841166
10466426 841166
16847191 841166
1351870 841166
12609794 841166
16847195 841166
6436886 841166
160806 841166
10466500 841166
10319793 841166
19417320 841166
1141993 841166
15260644 841166
16828345 841166
10415246 841166
16325685 841166
775757 841166
10493942 841166
16834688 841166
120118 841166
10248187 841166
16850525 841166
1125074 841166
12602517 841166
1982424 841166
641207 841166
16246179 841166
17276987 841166
11438719 841166
28683452 841166
160776 841166
3571203 841166
10369682 841166
1857225 841166
17277151 841166
1136495 841166
6545976 841166
446067 841166
6524627 841166
12602625 841166
817297 841166
11436676 841166
16847237 841166
3512029 841166
3635454 841166
3630895 841166
16246185 841166
10345169 841166
10206955 841166
3651096 841166
6362027 841166
10345343 841166
15111727 841166
42107652 841166
15443598 841166
16825437 841166
16823482 841166
49987241 841166
16828879 841166
16831571 841166
16835814 841166
16831572 841166
16321713 841166
16828880 841166
16851666 841166
10374714 841166
16843885 841166
10248617 841166
11449412 841166
19218667 841166
39274009 841166
10264691 841166
17887029 841166
1529037 841166
14297058 841166
10403931 841166
16828886 841166
198876 841166
731151 841166
11436740 841166
49987242 841166
10450219 841166
15197137 841166
2017561 841166
1809898 841166
125483 841166
494122 841166
15116546 841166
11436772 841166
20483762 841166
6385295 841166
1133368 841166
6475760 841166
11851188 841166
28684282 841166
763021 841166
10289445 841166
6343906 841166
10362183 841166
13620351 841166
1997119 841166
3496576 841166
4511141 841166
11436807 841166
6336715 841166
12599656 841166
1157573 841166
3620580 841166
710231 841166
49987243 841166
16847239 841166
3634063 841166
156069 841166
21329029 841166
823752 841166
11436831 841166
794485 841166
3646701 841166
13621774 841166
14399554 841166
11442960 841166
11442961 841166
10315719 841166
36724755 841166
22386802 841166
10315720 841166
1138945 841166
813326 841166
205938 841166
732946 841166
1731759 841166
386462 841166
1878366 841166
389454 841166
786932 841166
816045 841166
97462 841166
3621579 841166
49987244 841166
10361554 841166
16834795 841166
49987245 841166
721298 841166
15133099 841166
10200495 841166
123966 841166
10265828 841166
49987246 841166
16833370 841166
3993126 841166
6475123 841166
11443677 841166
3993206 841166
16834691 841166
49987247 841166
14390986 841166
11858009 841166
10401712 841166
436695 841166
229722 841166
3993470 841166
359127 841166
15109630 841166
228094 841166
113337 841166
16232701 841166
4494587 841166
612364 841166
15106541 841166
3993745 841166
16832322 841166
784376 841166
6477200 841166
43544828 841166
1743277 841166
683783 841166
1495803 841166
3643898 841166
49987248 841166
1992792 841166
16822563 841166
16822564 841166
662084 841166
49987249 841166
15197216 841166
15192999 841166
13621205 841166
49987250 841166
49987251 841166
16847245 841166
10283767 841166
1979173 841166
3091987 841166
47997688 841166
16840316 841166
2184041 841166
712102 841166
10362678 841166
3991655 841166
3995042 841166
746657 841166
252069 841166
14390970 841166
15628469 841166
16848928 841166
11905821 841166
14368610 841166
3463601 841166
3643996 841166
16849333 841166
2013798 841166
11438713 841166
1157284 841166
631416 841166
16828358 841166
479527 841166
484029 841166
4002638 841166
10331866 841166
17297758 841166
11833288 841166
1530151 841166
49987252 841166
3633582 841166
748571 841166
775973 841166
3119904 841166
11436914 841166
579817 841166
8385013 841166
46656274 841166
681496 841166
471158 841166
15115348 841166
17897901 841166
1619475 841166
2008460 841166
21439519 841166
16828361 841166
6377496 841166
21413877 841166
10206492 841166
10442197 841166
10472150 841166
10315876 841166
16841705 841166
728357 841166
3626942 841166
1571378 841166
16828401 841166
16828402 841166
11436953 841166
2170670 841166
6446884 841166
1380484 841166
49987253 841166
294808 841166
11436958 841166
480596 841166
291184 841166
11449793 841166
613962 841166
11449795 841166
16848152 841166
11449798 841166
19219492 841166
49987254 841166
49987255 841166
49987256 841166
6338918 841166
11449810 841166
15138779 841166
16827397 841166
11443230 841166
15945248 841166
16834217 841166
16833779 841166
11449836 841166
10239749 841166
1140530 841166
16848153 841166
49987257 841166
15194434 841166
15253792 841166
15114885 841166
3577643 841166
15194451 841166
3998832 841166
4103992 841166
10279997 841166
10363293 841166
16834693 841166
2362269 841166
3496642 841166
3602178 841166
503398 841166
49987258 841166
159436 841166
1140972 841166
10322906 841166
11887646 841166
10487086 841166
21327697 841166
15133430 841166
241670 841166
822955 841166
11443240 841166
16842349 841166
615014 841166
19219545 841166
1992867 841166
10447794 841166
10588960 841166
1933452 841166
16833804 841166
16234084 841166
34038136 841166
1130699 841166
10401924 841166
4005171 841166
1712010 841166
21332013 841166
21801796 841166
2129822 841166
12160791 841166
15190309 841166
316840 841166
10171451 841166
21273529 841166
16390130 841166
12160890 841166
803706 841166
10489165 841166
6523705 841166
828659 841166
12222257 841166
11449947 841166
10476975 841166
49064774 841166
1122211 841166
16845417 841166
16825938 841166
732320 841166
3121925 841166
4001798 841166
15109214 841166
13626796 841166
3113554 841166
16296284 841166
16834695 841166
6507705 841166
664911 841166
11437051 841166
397515 841166
1168602 841166
3602477 841166
478013 841166
16822188 841166
22451981 841166
1052284 841166
10245149 841166
21407681 841166
16834696 841166
3704687 841166
1508362 841166
288595 841166
16829843 841166
16829844 841166
16338952 841166
49987259 841166
4495078 841166
10452129 841166
10166059 841166
16840406 841166
19437254 841166
11437070 841166
27658043 841166
807130 841166
145121 841166
1424491 841166
10265002 841166
1411226 841166
1490117 841166
11450120 841166
167845 841166
255705 841166
350823 841166
16836220 841166
1457727 841166
3577250 841166
1131531 841166
3588618 841166
803005 841166
2017116 841166
18280490 841166
354237 841166
385463 841166
1381200 841166
1889260 841166
16838402 841166
16211428 841166
3618825 841166
16827455 841166
11450185 841166
16838403 841166
822777 841166
10469647 841166
11445631 841166
11437102 841166
766273 841166
10472281 841166
16840339 841166
19222908 841166
2437339 841166
16412465 841166
4010837 841166
865478 841166
972177 841166
11450241 841166
12600418 841166
249515 841166
11844664 841166
14377045 841166
15138351 841166
747048 841166
11443254 841166
1116899 841166
1571259 841166
692220 841166
10260185 841166
1134311 841166
16842153 841166
3653095 841166
16831551 841166
16834701 841166
16838379 841166
16834703 841166
11437140 841166
11450414 841166
11437263 841166
760464 841166
11876880 841166
49987260 841166
618643 841166
16844492 841166
642852 841166
18281356 841166
165119 841166
8442911 841166
18228814 841166
385317 841166
11437304 841166
49987261 841166
15630353 841166
11437322 841166
663809 841166
2257796 841166
10276976 841166
11437388 841166
11450495 841166
14385822 841166
11437402 841166
14385579 841166
627483 841166
16253209 841166
15197609 841166
1624602 841166
1557349 841166
49987262 841166
11888762 841166
4012799 841166
16841710 841166
10374134 841166
33270622 841166
14813944 841166
10470046 841166
1885366 841166
15111186 841166
1670906 841166
124541 841166
14987690 841166
10490282 841166
33989454 841166
15630843 841166
12604185 841166
16324309 841166
1762473 841166
315434 841166
358487 841166
2015340 841166
6351476 841166
15114971 841166
15273183 841166
173000 841166
14825611 841166
14819023 841166
10252024 841166
119599 841166
10492127 841166
1393481 841166
171219 841166
885005 841166
1130070 841166
1583908 841166
13681783 841166
15108105 841166
13623243 841166
2160204 841166
416932 841166
3516533 841166
13679478 841166
13679048 841166
333466 841166
13681327 841166
10308581 841166
1947662 841166
10298246 841166
10206430 841166
877707 841166
13679209 841166
1142312 841166
675738 841166
10401564 841166
17172269 841166
1550846 841166
16825692 841166
2396925 841166
3558639 841166
3527828 841166
16850881 841166
806100 841166
49987263 841166
2010127 841166
11437615 841166
10483703 841166
14978103 841166
10308634 841166
49987264 841166
10298319 841166
16217014 841166
361451 841166
14281094 841166
49987265 841166
11447375 841166
11439414 841166
787198 841166
16845443 841166
6483434 841166
605945 841166
557551 841166
578947 841166
11450692 841166
46353990 841166
12604592 841166
43532655 841166
16828914 841166
3618667 841166
16825948 841166
3604276 841166
16837330 841166
540119 841166
16341521 841166
7727367 841166
16341526 841166
16341527 841166
11445039 841166
16341528 841166
16376342 841166
16341529 841166
808912 841166
11437704 841166
775663 841166
10306673 841166
583036 841166
11872279 841166
42298782 841166
16850901 841166
16845460 841166
16390707 841166
16836031 841166
2289543 841166
16845465 841166
16846033 841166
16850088 841166
49987266 841166
316294 841166
11437734 841166
16271623 841166
11437744 841166
18383862 841166
18810202 841166
6490208 841166
6334741 841166
1804702 841166
10451906 841166
492317 841166
46649002 841166
49987267 841166
3071804 841166
14854106 841166
10351194 841166
49987268 841166
267491 841166
1764806 841166
49987269 841166
16842691 841166
715002 841166
3584277 841166
1508194 841166
1327216 841166
11450885 841166
879120 841166
14385832 841166
22351119 841166
16845492 841166
363892 841166
362927 841166
1812089 841166
12607867 841166
6758404 841166
821262 841166
3592236 841166
261004 841166
27569255 841166
39079264 841166
173332 841166
16301930 841166
1827978 841166
1463977 841166
16850923 841166
804460 841166
49987270 841166
16828951 841166
6533084 841166
11445061 841166
1974834 841166
947593 841166
10336841 841166
16847248 841166
6370744 841166
1448359 841166
11842015 841166
11450995 841166
34056116 841166
3111153 841166
1144492 841166
16841712 841166
396278 841166
16828958 841166
49987271 841166
16828094 841166
10268208 841166
1137796 841166
2414940 841166
4913608 841166
812398 841166
6378228 841166
637747 841166
16836087 841166
6424176 841166
21270131 841166
16306910 841166
21325603 841166
3555647 841166
16836079 841166
10590180 841166
555322 841166
598000 841166
803234 841166
2187165 841166
3641090 841166
1931997 841166
16825754 841166
16324611 841166
3649753 841166
10353196 841166
16843723 841166
12223789 841166
16828975 841166
16825758 841166
8444518 841166
10265553 841166
11873797 841166
1569528 841166
10353482 841166
49987272 841166
2354299 841166
12216619 841166
16828980 841166
15711815 841166
16825761 841166
13626691 841166
185186 841166
3639641 841166
155683 841166
10294504 841166
8465928 841166
16845906 841166
1965069 841166
49987273 841166
1591160 841166
199023 841166
16836134 841166
16412989 841166
10397178 841166
1925975 841166
49327135 841166
252117 841166
49987274 841166
14922174 841166
18509269 841166
3643533 841166
11451188 841166
3652077 841166
11896219 841166
49987275 841166
1810457 841166
21404347 841166
49987276 841166
49987277 841166
49987278 841166
49987279 841166
750236 841166
728633 841166
511836 841166
11843417 841166
3611098 841166
1572486 841166
16829015 841166
17441751 841166
2410414 841166
1909538 841166
818642 841166
1390383 841166
11438077 841166
16845925 841166
11438080 841166
12172540 841166
16836331 841166
325268 841166
555200 841166
10172478 841166
15038150 841166
18430260 841166
16825791 841166
12618605 841166
3531365 841166
11876330 841166
2474831 841166
49987280 841166
12172728 841166
10355795 841166
10449293 841166
11451327 841166
247727 841166
374909 841166
16835207 841166
196053 841166
11451391 841166
16825990 841166
160081 841166
1632924 841166
2008596 841166
16836824 841166
337441 841166
8456347 841166
10340745 841166
6446648 841166
13622934 841166
812360 841166
10356667 841166
16845598 841166
21249779 841166
49987281 841166
34039027 841166
263026 841166
49987282 841166
12173764 841166
33610826 841166
16826373 841166
13622038 841166
6464172 841166
713533 841166
1131462 841166
49987283 841166
11866803 841166
16851798 841166
21407481 841166
10202107 841166
11438254 841166
1747467 841166
26327874 841166
11451662 841166
6470285 841166
1611926 841166
3535733 841166
2227310 841166
270061 841166
6422202 841166
16840353 841166
11451719 841166
506636 841166
1768215 841166
16351099 841166
2350675 841166
1138102 841166
11451740 841166
16314704 841166
350537 841166
779815 841166
1887364 841166
1911653 841166
478987 841166
793310 841166
149239 841166
12538595 841166
15114088 841166
16826002 841166
656812 841166
787488 841166
3620542 841166
10174550 841166
1859786 841166
16351130 841166
11874131 841166
46660205 841166
11443281 841166
6383026 841166
666888 841166
19426408 841166
11447423 841166
490711 841166
1975191 841166
11451786 841166
1461641 841166
16848913 841166
16834705 841166
10261076 841166
18432685 841166
670062 841166
1160532 841166
6435671 841166
2529311 841166
2376085 841166
10465233 864615
3636109 864615
15895929 864615
3722485 864615
3154842 864615
11926574 864615
1881017 864615
1143250 864615
811987 864615
21375115 864615
1494246 864615
3639645 864615
3590967 864615
10217562 864615
501067 864615
11848381 864615
242040 864615
21266642 864615
6343196 864615
16330521 864615
21344878 864615
157101 864615
1850590 864615
1587639 864615
1460104 864615
49987284 864615
10468235 864615
2013798 864615
1121029 864615
310440 864615
1142959 864615
11906812 864615
28685607 864615
16431941 864615
808908 864615
15124557 864615
1117613 864615
15314930 864615
49987285 864615
15327453 864615
16412273 864615
438224 864615
15138528 864615
253054 864615
10513913 864615
42109048 864615
21388358 864615
10348561 864615
49987286 864615
11840440 864615
10485112 864615
10489201 864615
10220687 864615
10486276 864615
10484562 864615
22393262 864615
16834697 864615
10588963 864615
754748 864615
887225 864615
10204106 864615
16844959 864615
36696324 864615
23942967 864615
4006689 864615
10466016 864615
10470369 864615
15135432 864615
1009775 864615
18510831 864615
16846031 864615
17156399 864615
17897588 864615
23951511 864615
10174538 864615
3470271 864615
10201311 864615
49987287 864615
10416215 864615
10209651 864615
21327110 864615
478613 864615
469229 864615
11876893 864615
10245527 864615
11866413 864615
1657555 864615
298394 864615
24803589 864615
368308 864615
1131539 864615
10309791 864615
2451035 864615
16395993 864615
178879 864615
21377323 7492461
11446822 7492461
304582 7492461
6387755 7492461
16835816 7492461
12162975 7492461
4008099 49987288
