12670575 15325598
51617400 15325598
51617401 15325598
51617402 15325598
51617403 15325598
51617404 15325596
51617405 15325596
51617406 15325596
10464598 30594259
51617407 30616602
16219787 30616602
15637944 1683508
15927626 30624464
12654142 51617408
11383991 39269938
11377447 39269938
11409647 39269938
11408405 39269938
11416112 39269938
11406761 39269938
2596132 15548116
2886729 3044751
2791662 3044751
996581 3044751
2791820 3044751
2791818 3044751
2855857 3044751
2855174 3044751
2886244 3044751
2905491 3044751
997271 3044751
2813628 3044751
2785449 3044751
2776719 3044751
2874926 3044751
2769204 3044751
2808694 3044751
2856714 3044751
2801118 3044751
2863562 3044751
2791542 3044751
2775289 3044751
2785674 3044751
2878584 3044751
998248 3044751
2892905 3044751
2824194 3044751
996651 3044751
2898897 3044751
997172 3044751
2791903 3044751
2865207 3044751
2775275 3044751
2899998 3044751
2791571 3044751
2834444 3044751
10516963 7815674
10519671 7815674
10512088 7815674
10523843 7815674
10514487 7815674
10521985 7815674
10523076 7815674
10519557 7815674
10515349 7815674
10508256 7815674
1813102 7815674
10521100 7815674
10521917 7815674
15460931 7815674
10509598 7815674
10514005 7815674
2692466 7815674
10526265 7815674
10525984 7815674
2746946 7815674
10516901 7815674
10519581 7815674
19689096 7815674
2744699 7815674
2703567 7815674
4465530 3980239
15724795 3980239
6584510 3980239
1270957 3980239
15553236 3980239
15536982 3980239
3978527 3980239
580019 2599023
708181 2599023
3414451 2599023
3648039 2599023
731544 2599023
672575 2599023
11902156 2599023
10212141 2599023
22436711 2599023
1468315 2599023
3270392 2599023
11848325 2599023
707514 2599023
4877055 2599023
10203386 2599023
3677699 2599023
7708383 2599023
407712 2599023
468728 2599023
516731 2599023
11833747 2599023
11910301 2599023
961588 2599023
46707535 2599023
11842253 2599023
469775 2599023
580769 2599023
10209766 2599023
15921925 2599023
3698228 2599023
1586661 2599023
22431789 2599023
10212165 2599023
334431 2599023
10203445 2599023
51617409 2599023
10212176 2599023
18506759 2599023
4944394 2599023
10166254 2599023
36682327 2599023
2563224 2599023
3532447 2599023
562531 2599023
46666456 2599023
1817865 2599023
10208826 2599023
200744 2599023
11847829 2599023
51617410 2599023
7791352 2599023
51617411 2599023
661476 2599023
388514 2599023
51617412 2599023
3107029 2599023
51617413 2599023
3609174 2599023
51617414 2599023
11891688 2599023
51617415 2599023
51617416 2599023
1401897 2599023
51617417 2599023
51617418 2599023
51617419 2599023
1336600 2599023
51617420 2599023
11842269 2599023
51617421 2599023
18437806 2599023
51617422 2599023
543758 2599023
11884338 2599023
504881 2599023
364847 2599023
540680 2599023
22449950 2599023
1193081 2599023
10212366 2599023
1912527 2599023
1548155 2599023
303241 2599023
518510 2599023
523663 2599023
1456424 2599023
629461 2599023
11833748 2599023
599122 2599023
1194814 2599023
544736 2599023
11896436 2599023
172491 2599023
3566114 2599023
3328382 2599023
16791047 27317439
2542549 2970523
51617423 13795765
10465954 13795765
11862611 13795765
51617424 13795765
10219727 13795765
30377935 13795765
51617425 13795765
16169846 13795765
16169847 13795765
16169848 13795765
51617426 13795765
25950736 13795765
51617427 13795765
51617428 13795765
22475390 13795765
430728 14989343
229602 14989343
29327563 12119717
29327549 12119717
29327564 12119717
19800637 12119717
29327565 12119717
20071853 12119717
29327566 12119717
29327567 12119717
29328379 12119717
27813794 12119717
29327568 12119717
27813795 12119717
29327569 12119717
20071856 12119717
29328380 12119717
29328381 12119717
20071859 12119717
14983556 12119717
20071860 12119717
19701886 12119717
29327570 12119717
19706751 12119717
29327571 12119717
20607577 12119717
29327572 12119717
27813798 12119717
29327573 12119717
20072121 12119717
20607739 12119717
20072122 12119717
29327574 12119717
37422951 12119717
20072123 12119717
29327575 12119717
29327555 12119717
29327576 12119717
29327556 12119717
29327577 12119717
20607759 12119717
29327578 12119717
29327579 12119717
29327580 12119717
29328383 12119717
29328384 12119717
27813800 12119717
29327581 12119717
27813801 12119717
29328385 12119717
27813802 12119717
14987693 12119717
29327582 12119717
29327583 12119717
29327584 12119717
20607580 12119717
29327585 12119717
29327586 12119717
29328387 12119717
29327587 12119717
29327588 12119717
29328388 12119717
29328389 12119717
29327589 12119717
29328390 12119717
29327590 12119717
29328391 12119717
29327591 12119717
29327592 12119717
20609486 12119717
29327593 12119717
29327594 12119717
29327595 12119717
29327596 12119717
29328392 12119717
29216271 2984640
29037913 2985991
19706374 1235264
17467680 50362318
29006887 1257674
29086581 1205732
18578890 1262122
29245248 15676840
14608406 4543810
29006889 15425099
29055489 13791528
51617429 51617430
2595136 13789237
3387370 13789237
2593878 13789237
2593940 13789237
2594087 13789237
2594083 13789237
2593856 13789237
2594039 13789237
4279978 13789237
2593946 13789237
2595130 13789237
2594091 13789237
2595108 13789237
2594849 13789237
2594111 13789237
1915656 13789237
2594085 13789237
18274821 9526098
464471 10685086
10238645 3051517
15637944 12061813
10238645 12061813
6581778 15992090
6588675 15992090
6574174 15992090
6597322 15992090
15527204 15992090
51617431 15992090
6594313 15992090
6568415 15992090
51617432 15992090
6564141 15992090
8495492 15992090
6580522 15992090
6600910 15992090
51617433 15992090
6602859 15992090
15580626 15992090
51617434 15992090
6588166 15992090
430728 15991842
37678723 51617435
4322757 18273948
10238645 1215968
15927623 15927624
15927626 15927624
13761740 4254331
225001 19716331
29203847 3021039
29203848 3021165
1239012 754474
1239004 754474
51617436 9526101
15524463 1271387
15481234 1271387
15533587 1271387
15533601 1271387
18969492 1271387
15533681 1271387
15518309 1271387
15620767 1271387
15524474 1271387
18969503 1271387
15524475 1271387
18969510 1271387
5216570 1271387
15483433 1271387
15424001 1271387
15424002 1271387
3974962 1271387
3974931 1271387
15724795 51617437
19414446 51617437
40320335 51617437
6565948 51617437
49917616 51617437
19465479 51617437
15672880 51617437
29011775 1267614
15483444 1271363
18965433 1271363
18922452 1271363
14814682 1271363
15510232 1271363
15510234 1271363
18969518 1271363
15537183 1271363
15537214 1271363
3980795 1271363
3980795 1239491
15535047 12042282
15535048 12042282
15483420 12042282
15423875 12042282
15535697 12042282
15535719 12042282
15485462 12042282
15536982 12042282
15495571 12042282
19484504 30874654
51373427 30874654
51377315 30874654
51373063 30874654
51374013 30874654
51414443 30874654
49771794 30874654
51373506 30874654
3980795 1271418
2886729 10217603
996074 10217603
2769470 10217603
2859905 10217603
2791866 10217603
2895758 10217603
2792285 10217603
2834151 10217603
2791944 10217603
2834096 10217603
2791757 10217603
2825176 10217603
997575 10217603
29073613 1271292
29073614 1271294
3913551 3076731
6648539 3076731
15726402 3076731
18369137 3076731
6653040 3076731
6701823 3076731
15630430 3076731
6576499 3076731
6690505 3076731
6705742 3076731
6778580 3076731
15551404 3076731
6572386 3076731
15496402 51617438
1605300 884818
1417415 884818
1837505 884818
1608513 884818
939372 884818
1522171 884818
700009 884818
286395 884818
1876150 884818
1594186 884818
1582555 884818
1552276 884818
244679 884818
3644486 884818
227650 884818
314287 884818
1552279 884818
2575907 884818
354804 884818
1411030 884818
625476 884818
3102499 884818
883569 884818
642516 884818
1925569 884818
1415419 884818
1404769 884818
1555168 884818
1536368 884818
1358429 884818
660907 884818
754271 884818
1544421 884818
1572065 884818
1607991 884818
1402519 884818
1391530 884818
1617318 884818
3646932 884818
1365541 884818
741571 884818
771749 884818
1270902 884818
1269060 884818
1597541 884818
22822110 884818
30249555 884818
30247804 884818
1268017 884818
1471533 884818
3848518 884818
1275619 884818
870885 884818
1275617 884818
13768605 884818
1275601 884818
1275599 884818
1275621 884818
1260309 884818
1275627 884818
1205746 884818
1268823 884818
1274899 884818
1275631 884818
1274897 884818
1275603 884818
1275635 884818
1275629 884818
1275633 884818
1275625 884818
1275623 884818
16296433 884818
11907993 884818
41263498 884818
1276076 884818
1275637 884818
1275641 884818
2939900 884818
2937186 884818
1274905 884818
1275639 884818
3009288 884818
1275643 884818
3013039 884818
1275645 884818
1275649 884818
1275647 884818
16296548 884818
1238961 884818
1238958 884818
632600 884818
1355588 884818
1239002 884818
11900942 884818
1239006 884818
1238960 884818
1239010 884818
1239008 884818
1605522 884818
3684519 884818
1275216 884818
1275615 884818
2940552 884818
1244839 884818
888778 884818
1251440 884818
1238875 884818
3005372 884818
1276224 884818
1238829 884818
1238873 884818
51617439 884818
1268754 884818
1235336 884818
1239012 884818
1238734 884818
1238877 884818
1238879 884818
1269058 884818
1161937 884818
3874530 884818
21796944 884818
15536977 884818
255956 884818
8488820 884818
1350713 884818
11844115 884818
2533654 884818
16299558 884818
1559057 884818
3637532 884818
1607277 884818
283898 884818
644848 884818
1951482 884818
2692073 884818
51617440 884818
1316871 884818
11351397 884818
11346207 884818
528404 884818
11351398 884818
11351399 884818
11352394 884818
11344316 884818
11347990 884818
15500690 884818
11351401 884818
15537413 884818
15321887 884818
15537414 884818
15537415 884818
15537416 884818
11352961 884818
11352288 884818
11351544 884818
11344486 884818
309445 884818
1165517 884818
1488651 884818
1552270 884818
1605439 884818
1506062 884818
449372 884818
1344000 884818
391624 884818
1497046 884818
1481174 884818
1401127 884818
1286995 884818
1508798 884818
1533996 884818
4322757 18274248
9530451 51617441
29170796 1259877
13762652 51617442
15672879 51617442
15422901 51617442
15648391 51617442
15448201 51617442
15648400 51617442
15648401 51617442
15648402 51617442
15448205 51617442
12064289 51617442
40320586 51617442
15584330 40320608
4465530 40320608
15584331 40320608
1020865 40320608
6599091 40320608
15584332 40320608
6576174 40320608
15584335 40320608
15672876 40320608
15584339 40320608
15584340 40320608
15584342 40320608
40320551 40320608
15672551 40320608
40320552 40320608
15711612 40320608
15584346 40320608
40320607 40320608
19444723 40320608
41844680 40320608
50429926 40320608
41842874 40320608
15584351 40320608
40320614 40320608
15584353 40320608
41834708 40320608
15584355 40320608
40320636 40320608
15584358 40320608
15689935 40320608
18994534 43545836
15486024 51617443
10238645 51617444
11344367 1205815
29057622 13767761
2878584 10217604
2791866 10217604
2792285 10217604
2791944 10217604
2834096 10217604
2791757 10217604
14814712 13755405
5225109 1205803
19020324 1271333
18832489 1271333
15451417 1271333
18922452 30248838
15322830 1271369
15493916 1271351
19083912 1270973
47511517 51617445
1275649 22368595
48658828 3945504
15502988 30248839
36757367 10202083
51617446 11884341
15638403 13745092
19431019 35785397
18859394 1019718
6845760 13793641
19020417 12063322
15049727 12063322
2594453 19716963
19449924 1266361
15983120 15983119
29006206 4545844
11426100 51617447
15084576 8552290
15533131 8552290
15535037 8552290
19084185 8552290
15423869 8552290
15535062 8552290
14814153 8552290
15423871 8552290
15524481 8552290
15524483 8552290
15483456 8552290
15424002 8552290
15323434 8552290
15323436 8552290
15321916 8552290
15536973 8552290
3977233 8552290
15323437 8552290
15537062 8552290
18957534 8552290
18957535 8552290
19084395 8552290
15621005 8552290
15638378 8552290
15495139 8552290
15495140 8552290
18957539 8552290
15537150 8552290
17022255 8552290
18939179 8552290
15537151 8552290
18939180 8552290
18968733 8552290
15495181 8552290
15537152 8552290
15495182 8552290
15495183 8552290
15537153 8552290
15495184 8552290
15495185 8552290
15495186 8552290
15424678 8552290
15537169 8552290
14590863 8552290
14590865 8552290
15084577 8552290
18974255 8552290
15084578 8552290
15621009 8552290
18974258 8552290
19080684 8552290
15495509 8552290
15495511 8552290
15495512 8552290
18965503 8552290
15537406 8552290
17022511 8552290
18841740 8552290
15494940 15657300
18967393 15657300
19057463 15657300
19057464 15657300
19069779 15657300
19012060 15657300
19069780 15657300
18965505 15657300
19012866 15657300
18839374 15657300
18824910 15657300
18869751 15657300
18969666 15657300
18962604 15657300
19082643 15657300
18977677 15657300
18956788 15657300
18967394 15657300
18967395 15657300
18881132 15657300
15537120 15657300
18971256 15657300
18873323 15657300
18842857 15657300
18833527 15657300
15495387 15657300
1788416 12165885
14820135 12165885
1774677 12165885
1772964 12165885
1785332 12165885
4279151 12165885
6527770 12165885
6489406 12165885
386906 12165885
2474950 12165885
6451868 12165885
3503458 12165885
353633 12165885
4522250 12165885
6453380 12165885
824414 12165885
6444123 12165885
6325403 12165885
530716 12165885
912784 12165885
51617448 12165885
14816114 12165885
1737168 12165885
6494905 12165885
3544912 12165885
612470 12165885
6521714 12165885
6482376 12165885
3620731 12165885
3572167 12165885
6416672 12165885
6435000 12165885
6374308 12165885
6553282 12165885
6346283 12165885
51617449 12165885
2400415 12165885
493932 12165885
4312197 12165885
51617450 12165885
3636755 12165885
11832954 12165885
6461858 12165885
6371676 12165885
726721 12165885
6536709 12165885
6426584 12165885
3558535 12165885
1737599 12165885
14286238 12165885
33812693 12165885
6412196 12165885
20958005 12165885
20935395 12165885
3644444 12165885
20935527 12165885
20961834 12165885
1354766 12165885
3075117 12165885
1343952 12165885
6424950 12165885
6336021 12165885
6496264 12165885
6358181 12165885
1771680 12165885
6553528 12165885
6478953 12165885
6524266 12165885
12167508 12165885
3563732 12165885
14816376 12165885
6492482 12165885
4269133 12165885
918963 12165885
2723074 12165885
12636799 12666108
12666126 12666108
48976937 48987397
35909985 51617451
15510232 30248841
671662 15856967
16169941 15856967
16169942 15856967
16169943 15856967
16169944 15856967
16169945 15856967
16171033 15856967
16171581 15856967
51587359 3946087
29327563 12117846
29327564 12117846
29328365 12117846
29327565 12117846
29327566 12117846
29327567 12117846
27813795 12117846
29327569 12117846
20071856 12117846
20071859 12117846
14983556 12117846
20071860 12117846
19701886 12117846
29327570 12117846
19706751 12117846
29328315 12117846
29327571 12117846
20607577 12117846
29327572 12117846
20607579 12117846
29328316 12117846
20072120 12117846
29327573 12117846
20072121 12117846
20607739 12117846
29327574 12117846
20072123 12117846
29327575 12117846
29327576 12117846
29327556 12117846
29327577 12117846
20607759 12117846
29327578 12117846
29327579 12117846
29328368 12117846
29327580 12117846
29328369 12117846
20072156 12117846
15105804 12117846
29327667 12117846
29328373 12117846
29327583 12117846
29328374 12117846
20607580 12117846
29327586 12117846
29327668 12117846
29327587 12117846
29327588 12117846
20607578 12117846
29327590 12117846
29327669 12117846
29327593 12117846
29327670 12117846
29327595 12117846
29327596 12117846
29327671 12117846
1965496 15823756
1965496 15823757
17477373 50362578
42343017 50362142
18580237 9528970
29020175 1258388
6588019 13614903
6596654 13614903
6580829 13614903
6567894 13614903
6560657 13614903
6577958 13614903
6593268 13614903
6600821 13614903
6592678 13614903
6587023 13614903
6595452 13614903
6561063 13614903
6601714 13614903
6578626 13614903
6568944 13614903
6585857 13614903
6599437 13614903
6599918 13614903
6573371 13614903
6588333 13614903
6592624 13614903
6566339 13614903
6598747 13614903
6571329 13614903
6584600 13614903
6597313 13614903
6580389 13614903
6558016 13614903
3945629 13614903
6595967 13614903
15533131 1271266
15495140 1271266
15495184 1271266
15495509 1271266
15495511 1271266
15495512 1271266
6915299 50399870
12390027 50399870
7233974 50399870
7389019 50399870
10463767 50399870
6996001 50399870
7182190 50399870
11859321 50399870
11840103 50399870
7229424 50399870
11859322 50399870
7254595 50399870
11859323 50399870
7044012 50399870
11859324 50399870
11859325 50399870
10464634 50399870
7468785 50399870
11859326 50399870
426890 50399870
20514257 28988357
32677535 28988357
41263604 28988357
1216256 28988357
1237473 28988357
1248314 28988357
1216271 28988357
1261303 28988357
1274757 28988357
5161061 51617452
17029469 51617452
18084601 51617452
18084602 51617452
18073343 51617452
18027854 51617452
18028121 51617452
15533692 13750594
18914137 13750594
18914141 13750594
18914142 13750594
18914150 13750594
18914172 13750594
18914175 13750594
18914176 13750594
18914177 13750594
18914178 13750594
18914179 13750594
15495571 13750594
18914180 13750594
18914181 13750594
18914182 13750594
18914183 13750594
18914184 13750594
18914185 13750594
15537432 13750594
18914186 13750594
18914187 13750594
15537433 13750594
15537434 13750594
18914188 13750594
6600821 14571540
6603198 13614919
6588019 13614919
6560657 13614919
6577958 13614919
6593268 13614919
6592678 13614919
6580809 13614919
6561063 13614919
6558016 13614919
2594613 19714115
29170946 13746591
883557 1267598
883553 1267598
883555 1267598
2817914 49061760
996512 49061760
2763308 49061760
2778810 49061760
2763592 49061760
998017 49061760
3979113 20602323
16586374 20602323
2610739 20602323
18273731 14435762
18274885 14435762
6587023 14591182
6582142 14591182
6563428 14591182
6595452 14591182
6595013 14591182
6581863 14591182
3945629 14591182
6595967 14591182
6576310 14591182
29183949 1267616
29327563 14921782
29327549 14921782
29327564 14921782
29328365 14921782
19800637 14921782
29327565 14921782
29327566 14921782
29327567 14921782
27813795 14921782
29327569 14921782
20071856 14921782
20071859 14921782
14983556 14921782
20071860 14921782
19701886 14921782
29327570 14921782
20072110 14921782
19706751 14921782
29328315 14921782
29327571 14921782
20607577 14921782
29327572 14921782
20607579 14921782
29328316 14921782
20607581 14921782
27813798 14921782
20072120 14921782
29327573 14921782
20072121 14921782
20607739 14921782
20072122 14921782
29327574 14921782
37422951 14921782
20072123 14921782
29327552 14921782
29327553 14921782
29327554 14921782
29327575 14921782
29327555 14921782
29327576 14921782
29477198 14921782
29327556 14921782
29327577 14921782
20607759 14921782
29328366 14921782
29328367 14921782
29327578 14921782
29327579 14921782
29328368 14921782
29327580 14921782
29328369 14921782
29328370 14921782
29328371 14921782
20072156 14921782
29327557 14921782
29327583 14921782
29328374 14921782
29327584 14921782
14945026 15841872
6746248 35888099
6784525 35888099
6700119 35888099
6611691 35888099
3968325 35888099
6611858 35888099
3937803 35888099
6748958 35888099
3923548 35888099
3966619 35888099
6776362 35888099
6739327 35888099
3968282 35888099
6679431 35888099
6648164 35888099
6615886 35888099
3968243 35888099
6620264 35888099
6749273 35888099
3968334 35888099
6709342 35888099
3968247 35888099
6717499 35888099
3968288 35888101
11345133 35888101
6722169 35888101
6706005 35888102
19456198 35888103
17863538 35888105
19456201 35888105
19456202 35888105
6746248 35888107
6611691 35888107
6611858 35888107
6748958 35888107
3923548 35888107
3966619 35888107
6776362 35888107
3968282 35888107
6648164 35888107
6615886 35888107
6672254 35888107
6709342 35888107
6717499 35888107
29327563 20604881
29327564 20604881
29328365 20604881
29327565 20604881
29327566 20604881
29327567 20604881
29327569 20604881
20071856 20604881
20071859 20604881
14983556 20604881
20071860 20604881
29327570 20604881
29328315 20604881
29327572 20604881
20607579 20604881
29328316 20604881
29327573 20604881
20072121 20604881
20072122 20604881
29327576 20604881
29327556 20604881
29327579 20604881
20072156 20604881
29328795 20604881
29327668 20604881
29327587 20604881
29327588 20604881
20607578 20604881
29327589 20604881
29327590 20604881
29327669 20604881
29327591 20604881
29327592 20604881
20609486 20604881
29327593 20604881
29327594 20604881
29327670 20604881
29327595 20604881
29327596 20604881
29327671 20604881
6601714 13615382
6566046 13615382
29170948 13771794
10461908 1258386
29170945 1267600
17481053 35952069
17481054 35952069
15502810 35952069
15628815 35952069
19406967 35952069
19443848 35952069
19431017 35952069
19431018 35952069
6709491 35952069
18281907 35952069
6615292 35952069
15630214 35952069
15630216 35952069
6734278 35952069
15656473 35952069
6612763 35952069
15630321 35952069
15630326 35952069
17638567 35952069
18289234 35952069
17642372 35952069
19406969 35952069
6718402 35952069
17637394 35952069
17640934 35952069
15630491 35952069
17644985 35952069
17645114 35952069
17642371 35952069
17650651 35952069
15630557 35952069
17651428 35952069
15656501 35952069
17644083 35952069
17656689 35952069
17656690 35952069
15632303 35952069
6642020 35952069
15632600 35952069
6709478 35952069
6610760 35952069
19428627 35952069
15656697 35952069
29195308 10461909
19454384 35785455
19454385 35785455
35876233 51617453
35876234 51617453
35876235 51617453
35876236 51617453
35876237 51617453
35876238 51617453
35876239 51617453
35876240 51617453
35876241 51617453
35876242 51617453
35876243 51617453
35876244 51617453
35876245 51617453
35876246 51617453
35876247 51617453
35876248 51617453
35876249 51617453
35876250 51617453
35876251 51617453
35876252 51617453
35876253 51617453
35876254 51617453
35876255 51617453
35876256 51617453
35876257 51617453
35876258 51617453
35876259 51617453
35876260 51617453
35876261 51617453
35876262 51617453
35876263 51617453
35876264 51617453
35876265 51617453
35876266 51617453
35876267 51617453
35876268 51617453
13834944 1273492
18580237 9527173
29327573 12119099
37474864 37450460
29327563 12119105
29327564 12119105
29328365 12119105
19800637 12119105
29327565 12119105
29327566 12119105
29327567 12119105
29327568 12119105
27813795 12119105
29327569 12119105
20071856 12119105
20071859 12119105
14983556 12119105
20071860 12119105
19701886 12119105
29327570 12119105
19706751 12119105
29328315 12119105
29327571 12119105
20607577 12119105
29327572 12119105
20607579 12119105
29328316 12119105
20072120 12119105
29327573 12119105
20072121 12119105
20072122 12119105
29327574 12119105
37422951 12119105
20072123 12119105
29327552 12119105
29327575 12119105
29327555 12119105
29327576 12119105
29327556 12119105
29327577 12119105
20607759 12119105
29328366 12119105
29328367 12119105
29327578 12119105
29327579 12119105
29328368 12119105
29327580 12119105
29328369 12119105
29328370 12119105
29328371 12119105
20072156 12119105
29328372 12119105
29327666 12119105
29327581 12119105
29327667 12119105
29328373 12119105
14987693 12119105
29327582 12119105
29327583 12119105
29328374 12119105
29327584 12119105
20607580 12119105
29327585 12119105
29327586 12119105
29327668 12119105
29327587 12119105
29327588 12119105
20607578 12119105
29327589 12119105
29327590 12119105
29327669 12119105
29327591 12119105
29327592 12119105
20609486 12119105
29327593 12119105
29327670 12119105
29327595 12119105
29327596 12119105
29327671 12119105
51617454 51617455
51617456 51617455
18580237 9526108
37499721 37451414
18580237 9529465
37367940 31046820
37475683 37494212
37474864 37456112
37499721 37465073
19083913 939963
19083914 939963
