11700951 51968906
1065725 51968907
11546839 51968908
11635607 51968909
11632497 51968910
11519158 51968911
11714277 51968912
11794398 51968913
11528476 51968914
11493852 51968915
11660606 51968916
11620276 51968917
11558468 51968918
11481116 51968919
11545711 51968920
11791223 51968921
11588866 51968922
11595351 51968923
11617394 51968924
11574509 51968925
11542820 51968926
11653641 51968927
11598132 51968928
11591827 51968929
11635627 51968930
2664914 51968931
11741558 51968932
11762524 51968933
11649767 51968934
11494471 51968935
11656835 51968936
11728556 51968937
11560958 51968938
11542173 51968939
11475196 51968940
11694661 51968941
11688388 51968942
11628406 51968943
11707034 51968944
11681551 51968945
11776772 51968946
11482907 51968947
11756864 51968948
11773600 51968949
11762955 51968950
11604689 51968951
11499839 51968952
11525891 51968953
11511858 51968954
11665079 51968955
11599046 51968956
11626763 51968957
11553298 51968958
11612360 51968959
11609800 51968960
11600124 51968961
11686420 51968962
11484875 51968963
11663415 51968964
11710237 51968965
11764325 51968966
11735050 51968967
11691276 51968968
11675279 51968969
11507551 51968970
11663125 51968971
11650434 51968972
11758547 51968973
11769108 51968974
11578857 51968975
11650030 51968976
11711709 51968977
11559865 51968978
11714703 51968979
11493838 51968980
11549357 51968981
11655814 51968982
11662849 51968983
11496887 51968984
11541046 51968985
11616466 51968986
2665549 51968987
11613678 51968988
11672963 51968989
11782483 51968990
11679368 51968991
11664140 51968992
11719421 51968993
11630625 51968994
4275079 51968995
11638193 51968996
11635955 51968997
1073347 51968998
11712258 51968999
11773150 51969000
11771570 51969001
11742740 51969002
11575409 51969003
11791315 51969004
11541575 51969005
10485883 51969006
11593932 51969007
11586160 51969008
11470008 51969009
11594848 51969010
11503811 51969011
11746635 51969012
11473901 51969013
11755275 51969014
11655493 51969015
11592542 51969016
11746755 51969017
11734096 51969018
11553929 51969019
11773131 51969020
11670584 51969021
11707716 51969022
11649252 51969023
11638161 51969024
11771534 51969025
11639457 51969026
11523341 51969027
11691454 51969028
11643980 51969029
1073465 51969030
1073473 51969031
11700787 51969032
11506040 51969033
11732353 51969034
11631937 51969035
11542302 51969036
11776806 51969037
11616204 51969038
11505962 51969039
11527580 51969040
11533987 51969041
11501954 51969042
11490545 51969043
11636511 51969044
11661479 51969045
11641194 51969046
11692125 51969047
1073343 51969048
11772328 51969049
11644430 51969050
11626101 51969051
11537591 51969052
11595718 51969053
11622094 51969054
11650085 51969055
11717542 51969056
11661492 51969057
11611900 51969058
11682645 51969059
11663034 51969060
11587923 51969061
11694283 51969062
11587927 51969063
11547070 51969064
11593813 51969065
11638078 51969066
11673184 51969067
11556001 51969068
11609194 51969069
11772057 51969070
11730546 51969071
1073471 51969072
9488242 51969073
11752095 51969074
11678418 51969075
11647642 51969076
11620933 51969077
11588896 51969078
2743184 51969079
11663904 51969080
11501780 51969081
11677364 51969082
11700582 51969083
11717917 51969084
11765263 51969085
11622050 51969086
11518252 51969087
11685949 51969088
11557796 51969089
11676434 51969090
11605542 51969091
11627212 51969092
11633529 51969093
11542374 51969094
11601120 51969095
11593700 51969096
11707315 51969097
11607056 51969098
11730853 51969099
11583221 51969100
11566079 51969101
11595341 51969102
11633336 51969103
11714541 51969104
11736971 51969105
11598810 51969106
11598806 51969107
11507711 51969108
11585120 51969109
11743112 51969110
11685032 51969111
11525137 51969112
11656012 51969113
11649106 51969114
11709464 51969115
11730522 51969116
11549145 51969117
11610500 51969118
11556511 51969119
11657385 51969120
11588690 51969121
11572121 51969122
11533521 51969123
11724394 51969124
11551800 51969125
11765639 51969126
11554071 51969127
11611542 51969128
11627660 51969129
11707003 51969130
11648027 51969131
11660359 51969132
11532684 51969133
11587423 51969134
11760284 51969135
11665098 51969136
11606898 51969137
11792528 51969138
11473915 51969139
11739385 51969140
11744279 51969141
11499821 51969142
11622045 51969143
11741521 51969144
11716401 51969145
11673945 51969146
11648374 51969147
9487954 51969148
11723931 51969149
11756138 51969150
11521759 51969151
51969152 51969153
11490362 51969154
11760910 51969155
11742306 51969156
11476648 51969157
11796862 51969158
11501961 51969159
1073411 51969160
51969161 51969162
11579627 51969163
1073427 51969164
11481285 51969165
11723808 51969166
11781860 51969167
11709146 51969168
11475471 51969169
11794016 51969170
11471522 51969171
11719553 51969172
11526127 51969173
11790406 51969174
11600132 51969175
14845346 51969176
11582096 51969177
1065843 51969178
11734871 51969179
11736412 51969180
11626375 51969181
11765219 51969182
1073369 51969183
1073373 51969184
11648639 51969185
11480091 51969186
11673476 51969187
1073377 51969188
11489280 51969189
11755185 51969190
11649514 51969191
11614504 51969192
11664711 51969193
11680226 51969194
4281618 51969195
11521536 51969196
1073441 51969197
11622103 51969198
11621848 51969199
11669874 51969200
11736278 51969201
11762934 51969202
11704409 51969203
1748771 51969204
11738603 51969205
11746621 51969206
11720411 51969207
11496946 51969208
11589205 51969209
11696611 51969210
9462461 51969211
9483475 51969212
11475583 51969213
11506618 51969214
11663967 51969215
11481463 51969216
11497559 51969217
11488063 51969218
11532744 51969219
11597388 51969220
11759533 51969221
11483518 51969222
11718930 51969223
11526785 51969224
11691858 51969225
11496622 51969226
11628008 51969227
11711507 51969228
11708949 51969229
11714162 51969230
11670886 51969231
11669587 51969232
11613547 51969233
9492374 51969234
11485829 51969235
11746618 51969236
11773360 51969237
11513736 51969238
11526537 51969239
11779442 51969240
11736236 51969241
11635648 51969242
4265251 51969243
11787845 51969244
11588686 51969245
4374438 51969246
11498828 51969247
11599566 51969248
11691487 51969249
11644327 51969250
11735127 51969251
11652176 51969252
11723647 51969253
11720056 51969254
11597819 51969255
11608909 51969256
11737393 51969257
11701514 51969258
1073419 51969259
1073431 51969260
1073439 51969261
11645621 51969262
11585904 51969263
11641546 51969264
11614956 51969265
11721468 51969266
11471785 51969267
1089003 51969268
11664249 51969269
11592787 51969270
11529837 51969271
11483588 51969272
11599310 51969273
11621351 51969274
11670328 51969275
11609722 51969276
3922131 51969277
11659225 51969278
11598579 51969279
11785212 51969280
11582091 51969281
11638261 51969282
11786174 51969283
11770860 51969284
11717172 51969285
11637533 51969286
11707745 51969287
11663942 51969288
11788761 51969289
11707203 51969290
2681329 51969291
4484982 51969292
11687900 51969293
11716804 51969294
11619141 51969295
11507326 51969296
11693798 51969297
11487246 51969298
11761379 51969299
11476474 51969300
11639848 51969301
11581963 51969302
11738851 51969303
11572621 51969304
11547035 51969305
4312885 51969306
11685224 51969307
11542961 51969308
11659155 51969309
1073469 51969310
11680159 51969311
9492995 51969312
11704793 51969313
11657187 51969314
11727699 51969315
11794198 51969316
11469186 51969317
11739484 51969318
11579927 51969319
11631810 51969320
51969321 51969322
11669291 51969323
11739023 51969324
11773584 51969325
11582517 51969326
11657414 51969327
11632162 51969328
11481371 51969329
11686401 51969330
11480411 51969331
11595175 51969332
11751627 51969333
11581942 51969334
11585820 51969335
11527637 51969336
11527325 51969337
9474106 51969338
11692120 51969339
11732041 51969340
11640397 51969341
11628746 51969342
11685495 51969343
11768869 51969344
11575857 51969345
11536521 51969346
11586345 51969347
11653081 51969348
4133749 51969349
11560207 51969350
11627975 51969351
11567976 51969352
11598278 51969353
11611560 51969354
11734075 51969355
11597447 51969356
11675518 51969357
11568646 51969358
11592486 51969359
11700988 51969360
11542335 51969361
11605514 51969362
11636842 51969363
11488203 51969364
11628638 51969365
11648621 51969366
11659235 51969367
11663603 51969368
2699573 51969369
11500800 51969370
11528226 51969371
1073345 51969372
11625655 51969373
4175073 51969374
11755150 51969375
11488065 51969376
11751494 51969377
11616990 51969378
11604887 51969379
11621289 51969380
11684845 51969381
11756041 51969382
11746117 51969383
11756985 51969384
11791320 51969385
11704080 51969386
11605567 51969387
11614192 51969388
1073425 51969389
11708856 51969390
11581091 51969391
1073437 51969392
11508394 51969393
11518811 51969394
11493789 51969395
11585160 51969396
11477532 51969397
11627658 51969398
11525016 51969399
4256943 51969400
11511645 51969401
11649857 51969402
11640858 51969403
11730432 51969404
11694057 51969405
11520901 51969406
11704791 51969407
11796878 51969408
11796855 51969409
11606588 51969410
9480359 51969411
11483604 51969412
9491064 51969413
11746423 51969414
11614491 51969415
11635598 51969416
11695963 51969417
11635687 51969418
11654254 51969419
11721437 51969420
11737369 51969421
11598244 51969422
11488341 51969423
11633557 51969424
11720100 51969425
9500476 51969426
11745405 51969427
11741518 51969428
11498833 51969429
11771886 51969430
11542840 51969431
11559776 51969432
11758681 51969433
11481309 51969434
11657530 51969435
11685222 51969436
11594680 51969437
11743533 51969438
11688853 51969439
11780650 51969440
11654250 51969441
11646570 51969442
11506834 51969443
11708851 51969444
1065663 51969445
11671846 51969446
11635606 51969447
11471799 51969448
11513984 51969449
11724562 51969450
11467203 51969451
11702083 51969452
11723769 51969453
11470615 51969454
11670384 51969455
11601059 51969456
11679482 51969457
1065665 51969458
11722599 51969459
11628957 51969460
11706232 51969461
11536181 51969462
11762150 51969463
11746589 51969464
11550843 51969465
11773137 51969466
11591763 51969467
11644268 51969468
11691653 51969469
11598841 51969470
11482732 51969471
11608289 51969472
11734519 51969473
11481616 51969474
1073397 51969475
11476627 51969476
11635330 51969477
11600253 51969478
11630771 51969479
11706632 51969480
11773990 51969481
9492048 51969482
11686604 51969483
11652516 51969484
11695965 51969485
11782322 51969486
11570475 51969487
1073451 51969488
11645256 51969489
11648291 51969490
11670049 51969491
11737402 51969492
11545662 51969493
11714358 51969494
11742992 51969495
2741787 51969496
11486020 51969497
11500766 51969498
11573351 51969499
1073367 51969500
11773788 51969501
11567892 51969502
11788056 51969503
11653721 51969504
11523241 51969505
11575379 51969506
11755775 51969507
11782045 51969508
11777618 51969509
11603148 51969510
11659436 51969511
11523671 51969512
11701132 51969513
11742304 51969514
11679974 51969515
11603611 51969516
11552071 51969517
11672488 51969518
11791495 51969519
11719620 51969520
11661362 51969521
11605541 51969522
11603848 51969523
11586251 51969524
11715341 51969525
11585286 51969526
11626866 51969527
11688822 51969528
11716619 51969529
11765490 51969530
11570460 51969531
11465693 51969532
11583232 51969533
11637807 51969534
11720247 51969535
11697330 51969536
11724415 51969537
11717543 51969538
11635990 51969539
11655459 51969540
1073423 51969541
11757448 51969542
11581025 51969543
11538538 51969544
11538380 51969545
11758911 51969546
9500455 51969547
11594217 51969548
11617244 51969549
11664145 51969550
11634929 51969551
11555866 51969552
11696981 51969553
1073389 51969554
11525008 51969555
11614482 51969556
11550807 51969557
11609329 51969558
11707747 51969559
11585929 51969560
11652702 51969561
11684513 51969562
11633608 51969563
11577075 51969564
4293181 51969565
11573120 51969566
11582441 51969567
11508338 51969568
1073349 51969569
11648955 51969570
11672426 51969571
22289263 51969572
11639474 51969573
11694292 51969574
11603080 51969575
11535485 51969576
11644607 51969577
11655791 51969578
11732658 51969579
11633610 51969580
5007167 51969581
11728115 51969582
11606053 51969583
11556563 51969584
11760399 51969585
11610073 51969586
11636505 51969587
11620235 51969588
11687745 51969589
11618706 51969590
11653409 51969591
11660251 51969592
11664483 51969593
11687695 51969594
11669028 51969595
11685092 51969596
11688320 51969597
11621043 51969598
11537581 51969599
11600987 51969600
11626020 51969601
11703835 51969602
1065727 51969603
11706430 51969604
11660236 51969605
11616214 51969606
11608269 51969607
11639551 51969608
11636731 51969609
11711543 51969610
11686357 51969611
11573436 51969612
11524574 51969613
11721940 51969614
11728254 51969615
11744417 51969616
11678654 51969617
11685267 51969618
11644319 51969619
11746193 51969620
11694247 51969621
1073383 51969622
11634864 51969623
1073387 51969624
11735416 51969625
11755769 51969626
11636471 51969627
11628697 51969628
11697605 51969629
11654256 51969630
11742987 51969631
11587790 51969632
11586273 51969633
11781931 51969634
11768989 51969635
11714982 51969636
11758565 51969637
11661214 51969638
11642425 51969639
11704864 51969640
11611089 51969641
11536277 51969642
11727970 51969643
1073455 51969644
1073467 51969645
11581038 51969646
11600015 51969647
1065831 51969648
11716634 51969649
11541216 51969650
11742612 51969651
11526837 51969652
11732864 51969653
11769075 51969654
11576157 51969655
11468623 51969656
11733270 51969657
11789903 51969658
11474327 51969659
11776652 51969660
11717865 51969661
4111826 51969662
11732045 51969663
11549442 51969664
11736888 51969665
11757812 51969666
1073413 51969667
11672763 51969668
11770217 51969669
11704825 51969670
11611387 51969671
1093304 51969672
11505803 51969673
11589676 51969674
1073459 51969675
11749693 51969676
11468690 51969677
11675441 51969678
11657755 51969679
1073475 51969680
11600186 51969681
1065833 51969682
11543723 51969683
11701352 51969684
11651639 51969685
11664976 51969686
11603386 51969687
11579492 51969688
11756169 51969689
2652773 51969690
11472752 51969691
11788106 51969692
11765619 51969693
11722196 51969694
11761417 51969695
11567487 51969696
11494719 51969697
11714432 51969698
11786397 51969699
11778291 51969700
11757654 51969701
11481495 51969702
11587696 51969703
11777678 51969704
11681727 51969705
11493765 51969706
11554612 51969707
11773634 51969708
11585891 51969709
11656987 51969710
11744477 51969711
11501828 51969712
11757762 51969713
11675498 51969714
11469952 51969715
11539441 51969716
11739192 51969717
11553194 51969718
11535668 51969719
11655643 9687891
11586268 51969720
11500601 51969721
11635525 51969722
11577163 51969723
11688472 51969724
11689159 51969725
11786768 51969726
11795095 51969727
11504773 51969728
11475154 51969729
11480081 51969730
11789201 51969731
11675637 51969732
11764698 51969733
11524228 51969734
11517218 51969735
11790547 51969736
11499803 51969737
11761080 51969738
11732284 51969739
11773420 51969740
11738346 51969741
11718157 9687908
11711991 51969742
11744847 51969743
11691165 51969744
11739595 51969745
11670469 51969746
11513902 51969747
11615138 51969748
11707646 51969749
11722045 51969750
11686058 51969751
11776139 51969752
11684714 51969753
11722369 51969754
11777886 51969755
1107246 51969756
11670470 51969757
11758865 51969758
11664378 51969759
11519861 51969760
11778474 51969761
11474365 51969762
11504950 51969763
11541882 51969764
11514988 51969765
11787355 51969766
11565265 51969767
11786863 51969768
11520106 51969769
11497054 51969770
11556631 51969771
11553382 51969772
11769462 51969773
11546733 9687954
11741197 51969774
11766278 51969775
11505675 51969776
11582875 51969777
11614312 51969778
11646395 51969779
11743310 51969780
11729143 51969781
11668600 51969782
11710540 51969783
11762555 51969784
11728388 51969785
11697686 51969786
11741635 51969787
11757655 51969788
11772362 51969789
11730633 51969790
11585529 51969791
11757656 51969792
11745118 51969793
11645450 51969794
11660449 51969795
11594096 51969796
11730045 51969797
11706886 51969798
11730364 51969799
11742671 28426361
11685855 51969800
11712534 51969801
11709208 51969802
11751940 51969803
11499907 51969804
11676337 51969805
11749875 51969806
11742814 51969807
11764374 51969808
11691810 51969809
11763744 51969810
11561057 51969811
11504843 51969812
11782727 51969813
11729144 51969814
11693351 51969815
11501829 51969816
11788195 51969817
11587590 51969818
11488902 51969819
11544497 51969820
11603284 51969821
11734488 51969822
11786769 51969823
11762666 51969824
11731054 51969825
11506924 51969826
11489510 51969827
11760848 51969828
11794070 51969829
11530109 51969830
11731055 51969831
11467418 51969832
11676577 51969833
11486347 51969834
11503909 51969835
11755967 51969836
11586568 51969837
11501041 51969838
11544824 51969839
11609327 51969840
11613904 51969841
11755479 51969842
11715294 51969843
11657325 51969844
11734489 51969845
11740921 51969846
11763123 51969847
11683738 51969848
11482705 51969849
11752528 51969850
11486782 51969851
11620021 51969852
11732602 51969853
11796584 51969854
11745374 51969855
11732459 51969856
11782190 51969857
11795176 51969858
11571937 51969859
11770678 51969860
11661573 51969861
11708783 51969862
11471568 51969863
11765733 51969864
11749876 51969865
11604179 51969866
11746685 51969867
11738810 51969868
11782284 9688010
11475451 51969869
11787634 51969870
11711478 51969871
11764375 51969872
11753942 51969873
11545068 51969874
11628722 51969875
11513783 51969876
11786213 51969877
11755843 51969878
11558696 51969879
11677295 51969880
11501896 51969881
11787356 51969882
11702017 51969883
11752529 51969884
11689390 51969885
11625877 51969886
11508421 51969887
11764376 51969888
11708784 51969889
11735529 51969890
11711828 51969891
11734955 51969892
11518169 51969893
11686529 51969894
11694944 51969895
11516342 51969896
11753802 51969897
11735530 51969898
11508654 51969899
11775594 51969900
11670471 51969901
11577229 51969902
11601433 51969903
11696314 51969904
11690504 51969905
11744981 9688037
11784689 51969906
11532552 51969907
1073365 51969908
11532553 51969909
11481334 51969910
11533147 51969911
11499738 51969912
11673609 51969913
11574934 51969914
11509953 51969915
11603041 51969916
11517655 51969917
11755229 51969918
11521786 51969919
11782008 51969920
11678524 51969921
11789946 51969922
11537868 51969923
11644283 51969924
11482612 51969925
11526603 51969926
11477332 51969927
11536167 51969928
11781267 51969929
11688103 9688094
11497730 51969930
11599270 51969931
11603042 51969932
11514054 51969933
11560314 51969934
11781906 51969935
11717638 51969936
11569594 51969937
11768937 51969938
11520499 51969939
11472734 51969940
11492438 51969941
11780715 51969942
11779397 51969943
11605941 51969944
11786498 51969945
11501830 51969946
11592852 51969947
11734264 51969948
11785514 51969949
11793145 51969950
11635678 51969951
11637574 51969952
11503776 51969953
11544870 51969954
11785058 51969955
11495487 51969956
11554350 51969957
11582126 51969958
11496988 51969959
11485710 51969960
11517247 51969961
11472885 51969962
11717451 51969963
11759709 51969964
11532377 51969965
11753803 51969966
11544949 51969967
11785240 51969968
11477651 51969969
11637314 51969970
11791634 51969971
11714248 51969972
11611685 51969973
11782464 51969974
11465872 51969975
11549082 51969976
11749761 51969977
11786307 51969978
11485274 51969979
11544318 51969980
11566702 51969981
11489246 51969982
11515880 51969983
11515824 51969984
11697479 51969985
11736940 51969986
11772035 51969987
11774133 51969988
11718158 51969989
11599945 51969990
11473789 51969991
11645757 51969992
11697687 51969993
11746522 51969994
11626246 51969995
11498659 51969996
11734490 51969997
11578827 51969998
11500840 51969999
11773310 51970000
11496854 51970001
11724187 51970002
11694160 51970003
11676117 51970004
11775365 51970005
11516500 51970006
11791449 51970007
11784894 51970008
11790201 51970009
11751941 51970010
11498523 51970011
11521730 51970012
11762884 51970013
11539294 51970014
11614499 51970015
11480307 51970016
11523474 51970017
11548751 51970018
11514994 51970019
11739457 51970020
11690713 51970021
11794440 51970022
11757035 51970023
11509488 51970024
11755593 51970025
11492858 51970026
11477410 51970027
11471910 51970028
11556691 51970029
11500073 51970030
11795489 9688206
11473034 51970031
11710118 51970032
11790629 51970033
11741063 51970034
11554408 51970035
11796920 51970036
11795648 51970037
11534799 9688207
11606884 51970038
11610596 51970039
11511145 51970040
11782009 51970041
11686059 51970042
11546434 51970043
11515881 51970044
11473790 51970045
11660450 51970046
11528416 51970047
11739596 51970048
11775030 51970049
11497934 51970050
11793055 51970051
11644636 51970052
11501042 51970053
11487827 51970054
11715617 51970055
11717805 51970056
11752659 51970057
11790460 51970058
11788891 51970059
11483294 51970060
11685947 51970061
11644414 51970062
11682292 51970063
11506435 51970064
11691340 51970065
11524333 51970066
11663666 51970067
11628335 51970068
11680187 51970069
11710012 51970070
11610559 51970071
11750035 51970072
11653358 51970073
11516580 51970074
11644815 51970075
11538227 51970076
11641012 9688261
11536029 51970077
11612104 51970078
11706147 51970079
11632754 51970080
11536030 51970081
11712361 51970082
11648445 51970083
11689628 51970084
11600385 51970085
11673348 51970086
11740531 51970087
11692039 51970088
11561831 51970089
11606305 51970090
11592174 51970091
11680294 51970092
11704175 51970093
11599488 51970094
11676339 51970095
11707277 51970096
11738943 51970097
11773827 51970098
11620823 51970099
11755352 51970100
11640347 51970101
11553634 51970102
11704176 51970103
11631355 51970104
11742536 51970105
11709393 51970106
11619645 51970107
11744730 9688262
11546369 51970108
11762449 51970109
11704177 51970110
11692430 51970111
11508655 51970112
11764699 51970113
11737197 51970114
11693753 51970115
11538780 51970116
11483842 51970117
11795096 51970118
11506867 51970119
11704375 51970120
11755230 51970121
11728815 51970122
11706694 51970123
11735531 51970124
11488978 51970125
11770679 51970126
11519189 51970127
11728217 51970128
11730046 51970129
11592047 51970130
11514577 51970131
11730361 51970132
11709207 51970133
11648152 51970134
11759707 51970135
11735379 51970136
11787827 51970137
11792985 51970138
11760968 51970139
11686746 51970140
11611683 51970141
11514522 51970142
11576944 51970143
11499065 51970144
11567184 51970145
11680051 51970146
11481414 51970147
11480306 51970148
11506866 51970149
11542278 51970150
11480014 51970151
11509952 9688307
11785239 51970152
11733360 51970153
11593170 51970154
11505135 51970155
11636614 51970156
11746170 51970157
11773206 51970158
11609521 51970159
1073385 51970160
11554018 51970161
11498660 51970162
11503711 51970163
11504895 51970164
11466575 51970165
11526984 51970166
11628274 51970167
11776238 51970168
11792577 51970169
11570343 51970170
11794441 51970171
11673350 51970172
11550143 51970173
11615831 51970174
11611235 51970175
11559195 51970176
11593489 51970177
11550779 51970178
11598610 51970179
14845353 51970180
11751687 51970181
11559802 51970182
11773828 51970183
11714074 51970184
11762106 51970185
11617537 51970186
11649666 51970187
11691387 51970188
11473958 51970189
11499000 51970190
11474934 51970191
11588578 51970192
11467244 51970193
11775490 51970194
11655919 51970195
11566113 51970196
11678526 9688335
11485711 51970197
11631356 51970198
11790044 51970199
11774134 51970200
11757285 51970201
11717453 51970202
11720351 51970203
11511895 9688336
11620405 51970204
11685409 51970205
11774838 51970206
11746686 51970207
11500841 51970208
11500731 51970209
11530627 51970210
11545352 51970211
11746400 51970212
11745120 51970213
11488389 51970214
11490860 51970215
11776836 51970216
11636243 51970217
11659631 51970218
11517861 51970219
11746946 51970220
11673352 51970221
11592175 51970222
11633094 51970223
11750603 51970224
11727780 51970225
11686444 51970226
11757884 51970227
11738495 51970228
11476515 51970229
11700866 51970230
11760346 51970231
11494795 51970232
11770040 51970233
11518107 51970234
11677542 51970235
11483638 51970236
11611234 51970237
11793323 51970238
11771612 51970239
11620523 51970240
11734147 9688363
11526514 51970241
11763000 51970242
11740532 51970243
11777679 51970244
11741199 51970245
11777680 51970246
11673078 51970247
11673079 51970248
11664644 51970249
11489392 51970250
11501950 51970251
11521395 51970252
11487131 51970253
11723862 51970254
11746945 51970255
11721556 51970256
11490589 51970257
11771826 51970258
11683739 51970259
11760849 51970260
11561638 51970261
11754304 51970262
11480479 51970263
11793057 51970264
11463451 51970265
11731204 51970266
11775110 51970267
11572769 51970268
11745119 51970269
11481664 51970270
11750840 51970271
11688473 51970272
11489173 51970273
11791917 51970274
11481169 51970275
11642256 51970276
11770796 51970277
11495639 51970278
11480146 51970279
11645127 51970280
11796668 51970281
11518498 51970282
11507524 51970283
11515057 51970284
11475008 51970285
11701676 51970286
11616430 51970287
11786499 51970288
11773208 9688374
11657942 51970289
11568726 51970290
11721555 51970291
11635528 51970292
11688929 51970293
11600852 51970294
11762999 51970295
11500909 51970296
11756906 51970297
11475533 51970298
11580571 51970299
11721868 51970300
11646708 51970301
11794587 51970302
11501949 51970303
11488328 51970304
11780989 51970305
11517144 51970306
11710341 51970307
11527468 51970308
11629039 51970309
11487056 51970310
11502018 51970311
11785241 51970312
11488454 51970313
11694161 51970314
11470203 51970315
11793992 51970316
11796667 51970317
11778384 51970318
11487972 51970319
11508365 51970320
11792816 51970321
11526142 51970322
11710340 51970323
11567461 51970324
11580154 51970325
11606972 51970326
11536261 51970327
11490324 51970328
11542527 51970329
11761311 51970330
11526041 51970331
11544486 51970332
11494691 51970333
11793146 51970334
11740381 51970335
11764597 51970336
11792083 51970337
11660451 51970338
11670740 51970339
11580825 51970340
11693353 51970341
11728518 51970342
11749762 51970343
11723861 51970344
11717976 51970345
11774924 51970346
11585530 51970347
11474932 51970348
11490325 51970349
11736634 51970350
11790359 51970351
11537285 51970352
11736488 51970353
11625878 51970354
11796921 51970355
11731205 51970356
11736941 51970357
11772480 51970358
11746291 51970359
11673080 51970360
11609522 51970361
11762557 51970362
11664926 51970363
11495488 51970364
11749763 51970365
11701835 51970366
11763001 51970367
11754416 51970368
11775297 51970369
11703601 51970370
11792817 51970371
11743311 51970372
11673349 51970373
11539402 51970374
11763124 51970375
11530890 51970376
11720498 51970377
11722370 51970378
11729902 51970379
11701260 51970380
11588080 51970381
11734313 51970382
11641013 51970383
11717452 51970384
11603285 51970385
11742927 51970386
11663534 51970387
11467327 51970388
11628510 51970389
11754305 51970390
11573022 51970391
11620825 51970392
11609090 51970393
11779029 51970394
11487828 9688450
11503840 51970395
11724991 51970396
11765950 51970397
11701070 51970398
11594099 51970399
11772268 51970400
11641341 51970401
11682827 9688451
11751835 51970402
11678386 51970403
11621988 51970404
11646061 51970405
11690714 51970406
11547259 51970407
11656506 51970408
11535265 51970409
11683042 51970410
11521285 51970411
11786214 51970412
11711658 51970413
11636242 51970414
11593171 51970415
11673351 51970416
11608902 51970417
11591884 51970418
11717806 51970419
11493700 51970420
11504896 51970421
11709394 51970422
11784974 51970423
11528516 51970424
11773534 51970425
11476196 51970426
11786771 51970427
11512182 51970428
11771714 51970429
11513965 51970430
11537869 51970431
11535047 51970432
11513838 51970433
11744731 51970434
11599335 51970435
11779398 51970436
11508200 51970437
11766279 51970438
11568745 51970439
11497935 51970440
11732763 51970441
11793915 51970442
11795728 51970443
11550704 51970444
11676842 51970445
11710119 51970446
11534233 51970447
11697688 51970448
11521578 51970449
11709209 51970450
11470041 51970451
11586570 51970452
11542400 51970453
11734148 51970454
11572052 51970455
11739310 51970456
11755968 51970457
11728519 51970458
11477905 51970459
11720023 51970460
11701474 51970461
11641164 51970462
11652813 51970463
11556124 51970464
11696583 51970465
11644050 51970466
11573748 51970467
11599171 51970468
11526713 51970469
11708707 51970470
11652737 51970471
11683190 51970472
11794442 51970473
11574125 51970474
11750236 51970475
11701261 51970476
11669958 51970477
11676578 51970478
11609299 51970479
11678794 51970480
11777788 51970481
11556193 51970482
11516390 51970483
11554502 51970484
11475624 51970485
11771613 51970486
11521396 51970487
11782645 51970488
11619432 51970489
11760850 51970490
11473871 51970491
11754062 51970492
11493487 51970493
11764700 51970494
11739193 51970495
11617203 51970496
11515717 51970497
11743590 51970498
11597376 51970499
11586796 51970500
11576077 51970501
11782646 51970502
11734657 51970503
11627414 51970504
11482933 51970505
11501897 51970506
11789437 51970507
11532726 51970508
11492439 51970509
11686060 51970510
11782465 51970511
11724512 51970512
11610200 51970513
11795490 51970514
11752200 51970515
11489313 51970516
11635886 51970517
11566617 51970518
11753692 51970519
11504715 51970520
11515534 51970521
11718159 51970522
11471831 51970523
11580502 51970524
11791918 51970525
11790548 51970526
11517600 51970527
11494441 51970528
11774925 51970529
11710542 51970530
11657326 51970531
11723863 51970532
11708785 51970533
11648750 51970534
11488702 51970535
11791452 51970536
11673182 51970537
11487829 51970538
11470467 51970539
11793058 51970540
11780717 51970541
11717088 51970542
11679571 51970543
11764701 51970544
11626630 51970545
11483918 51970546
11787357 9688589
11481336 51970547
11779343 51970548
11731980 51970549
11679055 51970550
11790703 51970551
11735381 51970552
11752530 51970553
11787542 51970554
11669675 51970555
11721557 51970556
11721396 51970557
11691168 51970558
11573829 51970559
11619646 51970560
11591869 51970561
11583020 51970562
11500976 51970563
11742537 51970564
11496585 51970565
11535764 51970566
11534909 51970567
11470042 51970568
11566982 51970569
11731207 51970570
11497793 51970571
11714075 51970572
11591811 51970573
11593984 51970574
11535820 51970575
11771939 51970576
11758610 51970577
11753454 51970578
11474185 51970579
11474135 51970580
11781092 51970581
11752303 51970582
11735101 51970583
11755594 51970584
11724188 51970585
11476278 51970586
11768940 51970587
11744732 51970588
11751836 51970589
11779109 51970590
11766069 51970591
11496726 51970592
11784975 51970593
11594783 51970594
11565817 51970595
11747197 51970596
11599135 51970597
11515600 51970598
11656507 51970599
11660757 51970600
11790461 51970601
11732120 51970602
11692431 51970603
11736942 51970604
11724832 51970605
11723864 51970606
11503962 51970607
11483784 51970608
11611800 51970609
11543564 51970610
11476360 51970611
11511199 51970612
11781268 51970613
11792578 9688678
11787726 51970614
11494720 51970615
11742610 9688688
11704527 51970616
11741198 51970617
11725134 51970618
11678525 51970619
11745375 51970620
11488115 51970621
11734956 51970622
11693352 51970623
11484690 51970624
11664925 51970625
9518333 51970626
11730259 51970627
11795294 51970628
11543017 51970629
11545618 51970630
11780954 51970631
11795293 51970632
11753523 51970633
11728623 51970634
11627647 51970635
11711878 51970636
11722430 51970637
11711733 51970638
11755791 51970639
11694823 51970640
11715201 51970641
11741562 51970642
11649451 51970643
11530014 51970644
11468745 51970645
11573828 51970646
11672956 51970647
11507750 51970648
11579543 51970649
11517489 51970650
11548678 51970651
11556632 51970652
11679151 51970653
11518106 51970654
11785432 51970655
11691310 51970656
11532725 51970657
11728563 51970658
11680124 51970659
11730529 51970660
11537617 51970661
11617236 51970662
11670025 51970663
11542901 51970664
11559227 51970665
11575886 51970666
11538420 51970667
11633657 51970668
11490176 51970669
11487905 51970670
11793147 51970671
11567013 51970672
11483785 51970673
11576078 51970674
11591296 51970675
11518944 51970676
11561529 51970677
11533193 51970678
11493433 51970679
11486855 51970680
11484067 51970681
11649841 51970682
11700867 51970683
11559260 51970684
11479936 51970685
11561382 51970686
11533342 51970687
11527751 51970688
11686464 51970689
11471473 51970690
11792084 51970691
11782010 51970692
11776338 51970693
11682595 51970694
11501831 51970695
11480015 51970696
11594902 51970697
11496656 51970698
11523647 51970699
11594715 51970700
11745376 51970701
11498595 51970702
11511041 51970703
11739311 51970704
11488390 51970705
11589714 51970706
11732603 51970707
11477333 51970708
11777985 51970709
11580423 51970710
11493630 51970711
11704178 51970712
11579398 51970713
11576469 51970714
11776239 51970715
11598695 51970716
11573904 51970717
11771715 51970718
11739070 51970719
11618808 51970720
11560047 51970721
11593289 51970722
11721397 51970723
11755877 51970724
11515942 51970725
11556126 51970726
11601666 51970727
11577170 51970728
11782382 51970729
11614910 51970730
11750847 51970731
11541594 51970732
11736650 51970733
11601453 51970734
11605556 51970735
11538373 51970736
11710363 51970737
11640750 51970738
11516398 51970739
11780999 51970740
11743198 51970741
11492654 51970742
11548509 51970743
11761292 51970744
11552675 51970745
11489259 51970746
11538775 51970747
11727953 51970748
11605107 51970749
11499747 51970750
11506021 51970751
11640424 51970752
11538742 51970753
11762243 51970754
11657772 51970755
11472965 51970756
11789453 51970757
11553274 51970758
11524445 51970759
11614613 51970760
11750625 51970761
11598305 51970762
11795336 51970763
11511910 51970764
11589735 51970765
11520589 51970766
11567490 51970767
11790050 51970768
11608780 51970769
11696687 51970770
11541883 51970771
11781269 51970772
11724677 51970773
11697481 51970774
11721869 51970775
11675372 51970776
11766070 51970777
11740382 51970778
11474265 51970779
11573770 51970780
11796761 51970781
11673081 51970782
11730770 51970783
11711659 51970784
11762335 51970785
11795403 51970786
11467607 51970787
11630983 51970788
11746401 51970789
11730913 51970790
11717089 51970791
11704703 51970792
11688067 51970793
11490102 51970794
11669959 51970795
11523697 51970796
11786669 51970797
11680742 51970798
11722855 51970799
11738497 51970800
11770925 51970801
11779195 51970802
9536790 51970803
11559563 51970804
11770923 51970805
11574324 51970806
11560986 51970807
11797016 51970808
11539125 51970809
11589343 51970810
11537665 51970811
11598336 51970812
11535046 51970813
11587323 51970814
11637453 51970815
11484898 51970816
11520631 51970817
11472811 51970818
3273589 51970819
9533029 51970820
11793227 51970821
11776531 51970822
11592316 51970823
11541099 51970824
11561530 51970825
11605126 51970826
11593264 51970827
11523698 51970828
11730914 51970829
9533031 51970830
11544319 51970831
11552605 51970832
11528324 51970833
11637920 51970834
11546474 51970835
11651815 51970836
11603071 51970837
11701475 51970838
9533033 51970839
11524123 51970840
11603072 51970841
11539277 51970842
11572018 51970843
11704022 51970844
11514115 51970845
11593723 51970846
11633641 51970847
11633666 51970848
9533035 51970849
11604346 51970850
11552832 51970851
11763698 51970852
11552719 51970853
11789289 51970854
11539403 51970855
11580683 51970856
11485779 51970857
11642452 51970858
11526714 51970859
11552799 51970860
11486212 51970861
11566157 51970862
11746524 51970863
11494721 51970864
11753640 51970865
11526604 51970866
11757140 51970867
11746402 51970868
11764703 51970869
11572144 51970870
11642203 51970871
11649263 51970872
11793059 9707820
11780906 51970873
11652799 51970874
11473872 51970875
11775111 51970876
11597401 51970877
11586393 51970878
11477970 51970879
11780793 51970880
11730483 51970881
11792659 51970882
11722197 51970883
11552081 51970884
11776731 51970885
11595919 51970886
11481170 51970887
11605202 51970888
11631858 51970889
11757520 51970890
11744733 51970891
11476105 51970892
11469079 51970893
11499001 51970894
11740923 51970895
11776837 51970896
11722371 51970897
11712252 51970898
11782728 51970899
11792901 51970900
11782285 51970901
11647930 51970902
11538647 51970903
11665253 51970904
11778196 51970905
11776732 51970906
11613688 51970907
11476361 51970908
11484068 51970909
11692116 51970910
11774041 51970911
11795404 51970912
11558381 51970913
11779625 51970914
11769037 51970915
11732121 51970916
11662939 51970917
11738347 51970918
11740383 51970919
11653333 51970920
11592945 51970921
11591297 51970922
11675373 51970923
11544825 51970924
11543565 51970925
11660599 51970926
11712599 51970927
11628166 51970928
11617432 9707836
11606839 51970929
11665051 51970930
11475376 51970931
11782011 51970932
11687856 51970933
11683620 51970934
11782097 51970935
11738348 51970936
11658004 51970937
11475534 51970938
11669128 51970939
11601585 51970940
11520843 51970941
11795324 51970942
11487217 51970943
11605690 51970944
11706354 51970945
11476610 51970946
11508258 51970947
11469080 51970948
11728976 51970949
11519296 51970950
11791635 51970951
11621037 51970952
11537273 51970953
11785060 51970954
11771614 51970955
11670827 51970956
11763951 51970957
11708786 51970958
11482706 51970959
11673871 51970960
11785515 51970961
11570496 51970962
11779399 51970963
11694753 51970964
11484900 51970965
11540951 51970966
11779073 51970967
11708908 51970968
11637524 51970969
11734204 51970970
11777682 51970971
11614153 51970972
11492623 51970973
11774927 51970974
11495640 51970975
11641856 51970976
11557159 51970977
11507632 51970978
11644375 51970979
11506639 51970980
11618782 51970981
11530572 9707867
11496522 51970982
11547098 51970983
11496657 51970984
11512183 51970985
11465952 51970986
11730530 51970987
11795587 51970988
11616113 9707868
11553109 51970989
11550020 51970990
11558097 51970991
11712995 51970992
11552720 51970993
3909382 51970994
11633307 51970995
11527308 51970996
11626931 51970997
11620671 51970998
11611403 51970999
11682868 51971000
11598635 51971001
11597377 51971002
11598664 51971003
11587355 51971004
11465747 9707881
11587434 51971005
47374931 51971006
11515601 51971007
11609643 51971008
11569825 51971009
11720080 51971010
11548792 51971011
11675217 51971012
11639809 51971013
11660676 51971014
11696402 51971015
11572173 51971016
11706565 51971017
11745446 51971018
11756032 51971019
11568499 51971020
11785061 51971021
11593425 51971022
11580094 51971023
11534334 51971024
11768516 51971025
11557235 51971026
11518287 51971027
11552643 51971028
11530151 51971029
11585235 51971030
11550482 51971031
11616056 51971032
11757764 51971033
11659707 51971034
11549213 51971035
11513839 51971036
11475452 51971037
11545735 51971038
11791721 51971039
11742815 51971040
11477411 51971041
11498861 51971042
11560467 51971043
11543603 51971044
11621867 51971045
11585892 51971046
11497522 51971047
11589927 51971048
11762558 51971049
11487973 51971050
11485942 51971051
11796762 51971052
11496523 51971053
11551825 51971054
11704023 51971055
11536349 51971056
11569866 51971057
11502019 51971058
11553347 51971059
11576100 51971060
11498524 51971061
11763781 51971062
11604347 51971063
11529383 51971064
11543835 51971065
11582013 51971066
11566268 51971067
11586295 51971068
11604589 51971069
11661401 51971070
11711341 51971071
11649478 51971072
11794181 51971073
11648828 51971074
11656609 51971075
11788798 51971076
11669051 51971077
11686061 51971078
11606001 51971079
11554503 51971080
11729043 51971081
11595187 51971082
11546475 51971083
11661373 51971084
11538001 51971085
11707093 9707910
11483558 51971086
11500977 51971087
11538367 51971088
11674222 51971089
11745122 51971090
11534828 51971091
11689391 51971092
11637132 51971093
11497732 51971094
11501951 51971095
11670563 51971096
11481415 51971097
11508532 51971098
11475377 51971099
11786587 51971100
11743591 51971101
11774135 51971102
11649157 51971103
11720024 51971104
11761312 51971105
11494385 51971106
11511304 51971107
11782191 51971108
11536262 51971109
11676935 51971110
11513730 51971111
11587324 51971112
11514523 51971113
11652401 51971114
11526715 51971115
11628993 51971116
11511956 51971117
11702256 51971118
11497860 51971119
11757997 51971120
11541065 51971121
11484000 9707933
9533040 51971122
11476722 51971123
11605587 51971124
11636867 51971125
11786062 51971126
11498748 51971127
11760292 51971128
11736579 51971129
11789148 51971130
11514609 51971131
11712796 51971132
11485810 51971133
11477386 51971134
11606400 51971135
11745463 51971136
11728860 51971137
11703853 51971138
11694252 51971139
11548638 51971140
11554538 51971141
11517430 51971142
11480648 51971143
11600220 51971144
11673200 51971145
11564965 51971146
11638130 51971147
11565856 51971148
11568500 51971149
11468664 51971150
11728218 51971151
11496524 51971152
11722306 51971153
11694054 51971154
11588795 51971155
11770797 51971156
11552758 51971157
11603021 51971158
11616824 51971159
11627252 51971160
11466576 51971161
11569501 51971162
11636615 51971163
11778292 51971164
11625880 51971165
11500910 51971166
11530061 51971167
11514701 51971168
11759596 51971169
11665187 51971170
11628738 51971171
11744848 51971172
11769464 51971173
11642486 51971174
11648886 51971175
11760851 51971176
11762667 51971177
11636688 51971178
11622167 51971179
11626411 51971180
2650902 51971181
11669036 51971182
11583503 51971183
11593960 51971184
11682685 51971185
11558393 51971186
11530507 9708005
11764618 51971187
11648847 51971188
11644048 51971189
11716957 51971190
11708923 51971191
11521654 51971192
11627203 51971193
11594834 51971194
11503945 51971195
11481633 51971196
11629136 51971197
11483448 51971198
11497831 51971199
11493554 51971200
11640581 51971201
11573341 51971202
11693471 51971203
11545047 51971204
11775138 51971205
11730108 51971206
11697391 51971207
11793179 51971208
11628241 51971209
11778194 51971210
11606078 51971211
11575884 51971212
11565020 51971213
11774892 51971214
11524512 51971215
11640884 51971216
11660646 51971217
11489336 51971218
11619729 51971219
11550498 51971220
11556219 51971221
11578743 51971222
11600243 51971223
11636807 51971224
11707026 51971225
11633682 51971226
11552559 51971227
11498092 51971228
11529139 51971229
11520157 51971230
11776951 51971231
11732531 51971232
11724933 51971233
11599757 51971234
11580587 51971235
11592255 51971236
11507447 51971237
11482430 51971238
11557447 51971239
11745150 51971240
11741551 51971241
11682485 51971242
11585860 51971243
11772126 51971244
11575363 51971245
11645307 51971246
11480051 51971247
11611526 51971248
11759650 51971249
11760809 51971250
11573938 51971251
11545107 51971252
11635278 51971253
11570273 51971254
11517622 51971255
11742855 51971256
11657499 51971257
11673790 51971258
11631881 51971259
11663043 51971260
3914958 51971261
11583081 51971262
11545578 51971263
11509381 51971264
11583111 51971265
11500732 51971266
11679443 51971267
11755668 51971268
11493488 51971269
11734408 51971270
11779299 9708021
11589715 51971271
11532378 51971272
11480225 51971273
11470423 51971274
11497523 51971275
11525885 51971276
11712536 51971277
11504909 51971278
11595270 51971279
11711560 51971280
11532460 51971281
11675991 51971282
11603511 51971283
11795699 51971284
11790322 51971285
11776631 51971286
11506517 51971287
11505735 51971288
11494998 51971289
11707395 51971290
11722124 51971291
11639858 51971292
11570406 51971293
11504737 51971294
11552518 51971295
11565830 51971296
11506800 51971297
11632275 51971298
11775247 51971299
11724721 51971300
11648829 51971301
11707568 51971302
11663689 51971303
11686647 51971304
11608867 51971305
11631947 51971306
11676175 51971307
11690583 51971308
11535405 51971309
11773670 51971310
11676925 51971311
11792701 51971312
11652695 51971313
1073375 51971314
11719271 51971315
11685550 51971316
11599074 51971317
11653360 51971318
11691493 51971319
11580512 51971320
3914769 51971321
11573905 51971322
11639834 51971323
11719209 51971324
11681640 51971325
11532379 51971326
11780659 51971327
11652443 51971328
11616986 51971329
11763061 51971330
11677456 51971331
11773353 51971332
11565005 51971333
11657233 51971334
11742887 51971335
11492784 51971336
11689392 51971337
11635302 51971338
11496022 51971339
11779300 51971340
11585951 51971341
11578828 51971342
11677164 51971343
11544521 51971344
11606422 51971345
11559803 51971346
11494934 51971347
11796670 51971348
11544401 51971349
11506868 51971350
11482613 51971351
11507526 51971352
11762450 51971353
11501575 51971354
11790045 51971355
11471832 51971356
11574838 51971357
11738434 51971358
11550661 51971359
11511775 51971360
11628403 51971361
11773421 51971362
11734881 51971363
11542401 51971364
11670147 51971365
11501898 51971366
11480393 51971367
11629021 9708093
11509302 51971368
11551285 51971369
11752071 51971370
11604378 51971371
11585893 51971372
11497733 51971373
11673437 51971374
11648324 51971375
11789947 51971376
11674033 51971377
11508201 51971378
11499740 51971379
11734193 9708112
11694239 51971380
11786433 51971381
11487906 51971382
11468572 51971383
11538053 51971384
11551908 51971385
11791578 51971386
11685411 9708113
11497936 51971387
11535048 51971388
11517548 51971389
11628923 51971390
11796457 51971391
11672836 51971392
11734809 51971393
11762885 51971394
11785441 51971395
11518880 51971396
11496606 51971397
11731056 51971398
11521286 51971399
11628075 51971400
11527752 51971401
11493901 51971402
11734957 51971403
11758788 51971404
11712758 51971405
11663056 51971406
11533622 51971407
11746608 51971408
11703656 51971409
11565743 51971410
11621508 51971411
11517197 51971412
11474117 51971413
11528326 51971414
11660759 51971415
11660760 51971416
11528325 51971417
11680508 51971418
11490246 51971419
11795241 51971420
11499804 51971421
11535503 51971422
11760969 51971423
11774136 51971424
11476774 51971425
11627505 51971426
11756907 51971427
11646709 51971428
11719015 51971429
11586205 51971430
11575071 51971431
11504161 51971432
11731057 51971433
11644183 51971434
11529238 51971435
11577056 51971436
11494796 51971437
11493826 51971438
11490528 51971439
11722692 51971440
11616936 51971441
11646625 51971442
11573452 9708129
11528979 51971443
11789353 51971444
11530508 51971445
11677296 51971446
11493977 51971447
11714615 51971448
11704943 51971449
11682385 51971450
11769038 51971451
11471833 51971452
11475009 51971453
11768725 9708145
11500533 51971454
11591484 51971455
11631433 51971456
11740384 51971457
11527623 51971458
9554670 51971459
11529222 51971460
11582606 51971461
11569839 51971462
11641136 51971463
11724910 51971464
11532691 51971465
11484935 51971466
11505755 51971467
11550778 51971468
11735378 51971469
11582537 51971470
11631074 51971471
11770211 51971472
11532408 51971473
11640857 51971474
11536552 51971475
11560180 51971476
11543490 51971477
11570481 51971478
11569028 51971479
11715340 51971480
11779446 51971481
11616804 51971482
11729024 51971483
11678381 51971484
11719417 51971485
11628769 51971486
11553148 51971487
11660588 51971488
11489342 51971489
11560844 51971490
11708909 51971491
11529803 51971492
11743544 51971493
11490125 51971494
11581086 51971495
11474266 51971496
11523431 51971497
11524980 51971498
11468638 51971499
11578869 51971500
11515602 51971501
11529748 51971502
11609769 51971503
9533043 51971504
11554047 51971505
11476362 51971506
11645267 51971507
11569274 51971508
11579399 51971509
11601512 51971510
11593526 51971511
11647780 51971512
11589928 51971513
11556856 51971514
11638177 51971515
11616618 51971516
11543233 51971517
11557997 51971518
11467790 51971519
11515535 28427711
11561462 51971520
11755480 51971521
11493882 51971522
11517198 51971523
11714783 51971524
11709210 51971525
11635789 51971526
11760739 9708216
11604251 51971527
11467715 51971528
11535049 51971529
11489511 51971530
1073417 51971531
11507554 51971532
11686588 51971533
11582670 51971534
11473669 51971535
11514650 51971536
11790500 51971537
11553924 51971538
11685789 51971539
11519259 51971540
11469201 51971541
11792691 51971542
11791208 51971543
11509513 51971544
11571998 51971545
11541644 51971546
11519013 51971547
11738836 51971548
11484946 51971549
11606918 51971550
11566817 51971551
11545486 51971552
11549323 51971553
11697013 51971554
11743237 51971555
11553884 51971556
11551790 51971557
11714515 51971558
11697539 51971559
11580951 51971560
11657746 51971561
11793822 51971562
11548549 51971563
11573405 51971564
11587838 51971565
11617204 51971566
11608794 9708250
11760565 51971567
11573694 51971568
11558060 51971569
11583505 51971570
11713919 51971571
11642464 51971572
11519799 51971573
11601047 51971574
11520050 51971575
11627852 51971576
11505590 51971577
11709061 51971578
11486242 51971579
11600515 51971580
11547060 51971581
11613797 51971582
11647677 51971583
11501723 51971584
11574453 51971585
11498754 51971586
11569868 51971587
11636773 51971588
11616894 51971589
11691728 9708273
11716801 51971590
11482897 51971591
11514971 51971592
11479882 51971593
11777606 51971594
11504648 51971595
11630703 51971596
11789951 51971597
11749769 51971598
11550021 51971599
11724303 51971600
11505136 51971601
11549984 51971602
11759351 51971603
11515661 51971604
11598154 51971605
11636316 51971606
11616825 51971607
11565818 51971608
11565604 51971609
11591885 51971610
11504270 51971611
9533045 51971612
11646247 51971613
11576014 51971614
11691664 51971615
11504107 51971616
11722644 51971617
11782468 51971618
11676752 51971619
11682951 51971620
11735103 51971621
11728442 51971622
11773568 51971623
11587325 51971624
11617205 51971625
11732163 51971626
11687527 51971627
11611318 9708307
11502086 51971628
11619876 51971629
11626147 51971630
11690981 51971631
11515058 51971632
11717709 51971633
11585894 51971634
11707181 9708308
11752146 51971635
11483684 51971636
11730988 51971637
11639583 51971638
11611971 51971639
11511961 51971640
11480560 51971641
11503910 51971642
11476109 51971643
11723872 51971644
11471571 51971645
11706518 51971646
11722055 51971647
11533237 51971648
11538608 51971649
11738660 9708335
11614844 51971650
11487003 51971651
11496526 51971652
11511897 51971653
11673095 51971654
11483015 51971655
11675736 9708336
11527577 51971656
11515939 51971657
11789356 51971658
11483451 51971659
11645467 51971660
11557335 51971661
11717100 51971662
11770577 51971663
11469344 51971664
11757528 51971665
11470206 51971666
11492441 51971667
11693768 51971668
11755115 51971669
11778096 51971670
11796386 51971671
11721723 51971672
11739519 51971673
11530813 51971674
11658126 51971675
11574295 51971676
11544951 51971677
11481668 51971678
11566912 51971679
11465751 51971680
11567559 51971681
11513677 51971682
11554504 51971683
11724421 51971684
11630693 51971685
11602961 51971686
11701274 51971687
11722736 9708372
11742978 51971688
11546147 51971689
11592035 51971690
11525886 51971691
11495643 51971692
11581952 51971693
11746235 51971694
11780516 51971695
11565006 51971696
11777987 51971697
11594229 51971698
11598131 51971699
11543141 51971700
11791999 51971701
11630766 9708392
11720210 51971702
11787546 51971703
11486284 51971704
11640169 51971705
11504846 51971706
11498114 51971707
11601112 51971708
11489103 51971709
11497658 51971710
11779111 51971711
11497862 51971712
11750366 51971713
11512074 51971714
11532488 51971715
11566922 51971716
11533512 51971717
11788717 51971718
11508367 51971719
11775299 51971720
11558632 51971721
11534652 51971722
11498661 51971723
11490529 51971724
11487133 51971725
11543234 51971726
11561416 51971727
11635679 51971728
11724034 51971729
11778097 51971730
11569876 51971731
11474037 51971732
11728985 51971733
11482405 51971734
11510019 51971735
11763957 51971736
11476518 51971737
11476611 51971738
11510448 9708425
11524490 51971739
11768727 51971740
11663443 51971741
11577294 51971742
11558662 51971743
11498662 51971744
11755598 51971745
11740610 51971746
11672734 51971747
11572770 51971748
11467890 51971749
11505073 51971750
11557860 51971751
11597436 51971752
11568035 51971753
11796765 51971754
11576752 51971755
11682486 51971756
11711342 51971757
11765884 51971758
11672524 51971759
11723735 51971760
11772538 51971761
11574454 51971762
11541100 51971763
11579510 51971764
11572565 51971765
11542402 51971766
11560360 51971767
11714175 9708463
11543061 51971768
11580095 51971769
11631120 51971770
11719730 51971771
11735126 51971772
11586696 51971773
11692135 51971774
11679454 51971775
11712452 51971776
11591853 51971777
11658164 51971778
11672929 51971779
11796492 51971780
11700931 51971781
11606186 51971782
11719767 51971783
11559017 51971784
11672251 51971785
11475537 51971786
11535598 51971787
11520883 51971788
11530574 51971789
11518011 51971790
11520933 51971791
11550022 51971792
11515605 51971793
11672510 51971794
11508203 51971795
11778480 51971796
11595822 51971797
11497601 51971798
11493556 51971799
11578792 51971800
11587305 51971801
11654376 51971802
11709669 51971803
11632903 51971804
11471655 51971805
11541101 9708487
11587804 51971806
11630266 51971807
11504165 51971808
11556504 51971809
9533050 51971810
11646246 51971811
11656094 51971812
11537220 51971813
11568077 51971814
11637860 51971815
11663089 51971816
11593947 51971817
11551947 51971818
11637742 51971819
11616555 28427873
11546284 51971820
11575936 51971821
11472495 51971822
11468825 51971823
11579641 51971824
11516615 51971825
11554688 51971826
11537134 51971827
11612219 51971828
11600087 51971829
11781193 51971830
11693478 51971831
11575397 51971832
11485944 51971833
11592773 51971834
11700756 51971835
11553150 51971836
11480394 51971837
11520051 51971838
11770681 51971839
11467330 51971840
11588169 51971841
11734815 51971842
11764073 51971843
11474267 51971844
11560203 51971845
11486857 51971846
11535765 51971847
11796387 51971848
11515882 51971849
11581163 51971850
11770682 51971851
11738561 51971852
11591485 51971853
11545540 51971854
11626471 51971855
11585805 51971856
11647927 51971857
11794589 51971858
11754310 51971859
11589841 51971860
11606187 51971861
11614636 51971862
11469954 51971863
11469955 51971864
11774728 51971865
11644623 51971866
11593368 51971867
11556540 51971868
11465752 51971869
11486285 51971870
11474368 51971871
11645859 51971872
11648669 51971873
11481835 51971874
11530015 51971875
11662737 51971876
11755238 51971877
11611920 51971878
11770578 51971879
11551247 51971880
11552519 51971881
11730921 51971882
11495002 51971883
11676675 51971884
11559063 51971885
11609776 51971886
11493435 51971887
11541627 51971888
11519190 51971889
11502087 51971890
11496023 51971891
11586667 51971892
11770470 51971893
11511200 51971894
11519863 51971895
11782731 51971896
11741637 51971897
11771617 51971898
11591453 51971899
11488330 51971900
11500002 51971901
11600093 51971902
11655431 51971903
11793995 51971904
11469083 51971905
11541233 51971906
11505137 51971907
11790549 51971908
11600558 51971909
11573147 51971910
11706019 51971911
11648530 51971912
11569139 51971913
11686758 51971914
11582641 51971915
11499095 51971916
11680244 51971917
11532410 9708611
11545759 51971918
11778334 51971919
11510953 51971920
11789978 51971921
11467263 51971922
11752032 51971923
11593894 51971924
11475114 51971925
11499835 51971926
11487390 51971927
11510214 51971928
11549310 51971929
11519210 51971930
11509925 51971931
11545737 51971932
11737385 51971933
11639505 51971934
11728142 51971935
11492489 51971936
9533052 51971937
11675288 51971938
11595328 51971939
11770723 51971940
11640223 51971941
11604858 51971942
11660952 51971943
11673183 51971944
11525983 51971945
11653444 51971946
11598383 51971947
11673666 51971948
11755031 51971949
11678603 51971950
11660660 51971951
11619787 51971952
11499892 51971953
11707579 51971954
11654391 51971955
11634988 51971956
11576575 51971957
11523324 51971958
11688302 51971959
11733013 51971960
11734587 51971961
11795533 51971962
11751774 51971963
11586758 51971964
11506829 51971965
11724941 51971966
11514702 51971967
11484976 51971968
11541884 51971969
11675199 51971970
11708924 28427910
11516392 51971971
11728261 51971972
11488043 51971973
11672525 51971974
11735319 51971975
11792000 51971976
11770683 51971977
11496857 51971978
11537135 51971979
11549171 51971980
11780517 51971981
11621228 51971982
11742932 51971983
11770934 51971984
11527524 51971985
11710550 51971986
11632423 51971987
11572471 51971988
11497525 51971989
11532587 51971990
11575584 51971991
11645208 51971992
11603512 51971993
11601451 51971994
11508368 51971995
11739316 51971996
11517248 51971997
11512075 51971998
11701275 51971999
11703436 51972000
11719526 51972001
11657078 51972002
11626272 51972003
11792749 51972004
11652903 51972005
11754065 51972006
11753808 51972007
11787452 51972008
11731985 51972009
11627161 51972010
11518882 51972011
11739078 51972012
11537096 51972013
11673682 51972014
11794156 51972015
11469005 51972016
11684729 51972017
11685194 51972018
11785349 51972019
11791365 51972020
11614328 51972021
11524229 51972022
11557448 51972023
11622394 51972024
11599508 51972025
11467331 51972026
11569745 51972027
11595424 51972028
11595425 51972029
11482970 51972030
11712711 51972031
11519037 51972032
11687649 51972033
11475627 51972034
11492860 51972035
11682167 51972036
11628031 51972037
11717458 51972038
11720211 51972039
11760745 51972040
11482614 51972041
11588215 51972042
11688101 51972043
11652989 51972044
11760581 51972045
11605239 51972046
11488406 51972047
11664983 51972048
11712213 51972049
11611539 51972050
2660495 51972051
11792049 51972052
11629007 51972053
11660815 51972054
11764543 51972055
11675956 51972056
11656995 51972057
11567309 51972058
11759405 51972059
1073457 51972060
11724268 51972061
11768982 51972062
11648921 51972063
11646211 51972064
11659768 51972065
11610601 51972066
11792059 51972067
11729827 51972068
11510693 51972069
11688469 28437674
11773418 51972070
11533807 51972071
11626629 51972072
11680504 51972073
11763742 51972074
11750725 51972075
11693750 51972076
11514356 51972077
11551694 51972078
11556378 51972079
11701067 51972080
11764176 51972081
11511016 51972082
11712535 51972083
11643854 51972084
11466150 51972085
11637315 51972086
11695171 51972087
11630542 51972088
11659630 51972089
11643855 51972090
11640018 51972091
11635529 51972092
11677543 51972093
11756226 51972094
11635885 51972095
11693754 51972096
11496655 51972097
11476424 51972098
11498793 51972099
11779194 51972100
11610393 51972101
11660756 51972102
11467532 51972103
11656229 51972104
11567571 51972105
11560500 51972106
11710541 51972107
11476772 51972108
11484975 51972109
11534800 51972110
11560164 51972111
11753943 51972112
11796489 51972113
11791450 51972114
11507631 51972115
11750235 51972116
11545733 51972117
11788006 51972118
11734807 51972119
11532630 51972120
11786398 51972121
11734314 51972122
11788196 51972123
11510924 51972124
11774926 51972125
11701836 51972126
11661305 51972127
11734808 51972128
11716896 51972129
11732285 51972130
11683473 51972131
11694162 51972132
11661047 51972133
11696880 51972134
11514765 51972135
11688930 51972136
11730634 51972137
11766071 51972138
11787543 51972139
11739597 51972140
11638393 51972141
11610394 51972142
11476849 51972143
11752304 51972144
11766072 51972145
11660758 51972146
11520691 51972147
11732764 51972148
11679056 51972149
11495490 51972150
11707647 51972151
11545469 51972152
11751688 51972153
11796585 51972154
11764702 28437701
11774724 51972155
11766073 51972156
11511664 51972157
11782552 51972158
11499535 51972159
11515658 51972160
11486211 51972161
11606521 51972162
11765415 51972163
11608642 51972164
11482781 51972165
11691811 51972166
11751689 51972167
11665186 51972168
11690924 51972169
11790202 51972170
11796385 51972171
11620022 51972172
11784796 51972173
11761081 51972174
11784690 51972175
11573023 51972176
11542043 51972177
11606763 51972178
11554876 51972179
11581830 51972180
11693355 51972181
11794072 51972182
11738653 51972183
11620023 51972184
11618889 51972185
11753582 51972186
11691812 51972187
11755844 51972188
11530671 51972189
11588082 51972190
11476773 51972191
11664379 51972192
11537771 51972193
11780990 51972194
11778385 51972195
11717977 51972196
11761082 51972197
11612534 51972198
11707092 51972199
11730771 51972200
11756100 51972201
11573594 51972202
11469002 51972203
11742400 51972204
11682422 51972205
1065697 51972206
11532465 51972207
11514080 51972208
11467375 51972209
11746362 51972210
11571956 51972211
11677192 51972212
11518237 51972213
1073381 51972214
11707772 51972215
11776774 51972216
11764541 51972217
11499758 51972218
11565666 51972219
11711406 51972220
11519822 51972221
11728706 51972222
11653017 51972223
11520027 51972224
11581505 51972225
11517626 51972226
11519228 51972227
11526070 51972228
11554369 51972229
3401977 51972230
11724447 51972231
11714310 51972232
11688126 51972233
11611568 51972234
11637457 51972235
11660036 51972236
11477602 51972237
11707342 51972238
11631094 51972239
11641431 51972240
11703881 51972241
11647978 51972242
11690966 51972243
11734715 51972244
11570228 51972245
11568044 51972246
11689452 51972247
11678711 51972248
11598791 51972249
11524145 51972250
11717362 51972251
11561664 51972252
11670071 51972253
11573154 51972254
11611784 51972255
1073421 51972256
11639783 51972257
11541734 51972258
11621807 51972259
1073433 51972260
11749675 51972261
11721431 51972262
11548391 51972263
11632554 51972264
11558415 51972265
11567382 51972266
11644070 51972267
11482253 51972268
11592272 51972269
11713939 51972270
11570384 51972271
11759531 51972272
11674041 51972273
1044518 51972274
11599256 51972275
11488227 51972276
11588328 51972277
11498973 51972278
11789887 51972279
11639433 51972280
11587689 51972281
11730283 51972282
11503791 51972283
11658068 51972284
11616559 51972285
11513756 51972286
11661136 51972287
11644405 51972288
1073443 51972289
11472592 51972290
11785111 51972291
11605644 51972292
11544360 51972293
11627653 51972294
11764221 51972295
11525348 51972296
11520520 51972297
11519227 51972298
11763673 51972299
11782228 51972300
11714726 51972301
11550797 51972302
11583735 51972303
11470536 51972304
11677203 51972305
11644943 51972306
11509465 51972307
11550626 51972308
11539332 51972309
11754269 51972310
11524363 51972311
11549991 51972312
11762747 51972313
11769005 51972314
11604338 51972315
11673252 51972316
11500864 51972317
11769006 51972318
11595901 51972319
11614448 51972320
11627589 51972321
11534347 51972322
11775328 51972323
11541832 51972324
11765663 51972325
1065881 51972326
11771651 51972327
11617192 51972328
11622213 51972329
11494900 51972330
11524421 51972331
11589886 51972332
11776587 51972333
11603913 51972334
11583551 51972335
11480585 51972336
1073447 51972337
11615053 51972338
11507271 51972339
11520700 51972340
11471943 51972341
11499963 51972342
11683630 51972343
11536903 51972344
11728551 51972345
11541730 51972346
11539287 51972347
11538711 51972348
1073357 51972349
11581473 51972350
1073371 51972351
11566434 51972352
11752157 51972353
11712488 51972354
1065915 51972355
11771957 51972356
11504125 51972357
11685770 51972358
11774679 51972359
11672726 51972360
11664978 51972361
11652988 51972362
11498958 51972363
11565718 51972364
11663655 51972365
11663605 51972366
11513742 51972367
11635577 51972368
11626369 51972369
11646565 51972370
11645542 51972371
11544964 51972372
11796613 51972373
11689440 51972374
11616610 51972375
11592755 51972376
11609816 51972377
11645601 51972378
11581662 51972379
11543581 51972380
11603845 51972381
11588236 51972382
1065917 51972383
11701928 51972384
11641226 51972385
11625743 51972386
11649108 51972387
11634889 51972388
11691317 51972389
11615363 51972390
11673794 51972391
1073401 51972392
11688524 51972393
11657823 51972394
11635004 51972395
11705999 51972396
11561322 51972397
11605516 51972398
11557137 51972399
11603371 51972400
11597349 51972401
11651914 51972402
11664997 51972403
9468657 51972404
11566964 51972405
11488434 51972406
11608400 51972407
11551924 51972408
11588811 51972409
11569086 51972410
11570386 51972411
11734525 51972412
11651517 51972413
11653320 51972414
11636344 51972415
11613585 51972416
11757600 51972417
11682245 51972418
11654032 51972419
11640543 51972420
11660576 51972421
11641566 51972422
11632636 51972423
11679929 51972424
11673226 51972425
11622198 51972426
11697186 51972427
11675206 51972428
11482828 51972429
1065659 51972430
11644609 51972431
11626701 51972432
11588713 51972433
11741555 51972434
11692118 51972435
11641914 51972436
11673394 51972437
1073391 51972438
11700949 51972439
11730857 51972440
11680637 51972441
1073409 51972442
11593375 51972443
11465893 51972444
11468541 51972445
11708858 51972446
11471242 51972447
11716599 51972448
11611040 51972449
11752241 51972450
11557466 51972451
11642562 51972452
11780860 51972453
11538034 51972454
11733109 51972455
11513817 51972456
11661155 51972457
11498627 51972458
1065785 51972459
11585215 51972460
11721809 51972461
11581905 51972462
11644358 51972463
11733131 51972464
11717728 51972465
11604021 51972466
11608267 51972467
11743222 51972468
11566844 51972469
11555924 51972470
1073405 51972471
11512052 51972472
11638233 51972473
11550723 51972474
11611907 51972475
11608300 51972476
11633225 51972477
11573679 51972478
11505807 51972479
11524503 51972480
11690604 51972481
11576111 51972482
1065817 51972483
11610948 51972484
11541202 51972485
11636037 51972486
11575543 51972487
11656915 51972488
11477541 51972489
11611015 51972490
11597321 51972491
1073435 51972492
11514957 51972493
11468550 51972494
11661626 51972495
11561615 51972496
11550830 51972497
11734027 51972498
11617274 51972499
11467928 51972500
1065819 51972501
1073341 51972502
11742318 51972503
11480251 51972504
11758672 51972505
1073359 51972506
11694990 51972507
11700900 51972508
1073379 51972509
11534978 51972510
11636103 51972511
11712095 45400415
11516733 51972512
11575477 51972513
11593252 51972514
11495726 51972515
11560343 51972516
11645511 51972517
11615272 51972518
11638082 51972519
11573158 51972520
11730516 51972521
11616416 51972522
11787498 51972523
11755168 51972524
11593703 51972525
11663696 51972526
11695033 51972527
2678569 51972528
11724080 51972529
11757611 51972530
11760664 51972531
11712771 51972532
11551361 51972533
11471249 51972534
11489340 51972535
11601525 51972536
11610257 51972537
11625951 51972538
11605645 51972539
1065687 51972540
11728289 51972541
2661839 51972542
11539204 51972543
11709251 51972544
11694880 51972545
11710232 51972546
11661152 51972547
11717721 51972548
11605295 51972549
11785474 51972550
11641429 51972551
1065685 51972552
11716779 51972553
11672119 51972554
11508332 51972555
11669293 51972556
11670282 51972557
11714112 51972558
11739259 51972559
11676769 51972560
11514545 51972561
11651547 51972562
11603858 51972563
11755751 51972564
11779357 51972565
11756037 51972566
11672089 51972567
11770212 51972568
11728886 51972569
11655508 51972570
1073429 51972571
11680106 51972572
11771756 51972573
11691882 51972574
11776890 51972575
11632533 51972576
11682708 51972577
11760660 51972578
11488290 23480715
11709855 51972579
11591347 51972580
11510420 51972581
11737027 51972582
11792028 51972583
11781952 51972584
11513713 51972585
11694670 51972586
11696343 51972587
11773979 51972588
11765569 51972589
11524417 51972590
11791224 51972591
11741288 51972592
11526679 51972593
11691524 51972594
11717296 51972595
11598591 51972596
11679954 51972597
11663886 51972598
11693614 51972599
1065879 51972600
11774097 51972601
11724256 51972602
1073393 51972603
11688794 51972604
11525155 51972605
11775146 51972606
11664180 51972607
11678899 51972608
11786339 51972609
11747278 51972610
11670841 51972611
11779339 51972612
11770168 51972613
11742328 51972614
11640180 51972615
11740330 51972616
11785204 51972617
11695993 51972618
11781225 51972619
11734043 51972620
11762006 51972621
11785001 51972622
11672890 51972623
11795259 51972624
11689292 51972625
11712042 51972626
11768774 51972627
11489014 51972628
11729832 51972629
11724282 51972630
11682761 51972631
11761340 51972632
11470314 51972633
11622151 51972634
2709313 51972635
2607715 51972636
11733104 51972637
11501980 51972638
11595413 51972639
11682023 51972640
11486166 51972641
11643970 51972642
11530886 51972643
11751992 51972644
11696403 51972645
11762590 51972646
11750793 51972647
11756057 51972648
11719551 51972649
11545138 51972650
1073415 51972651
11684599 51972652
9464515 51972653
1073449 51972654
26242902 51972655
18001756 51972656
26242912 51972657
26242915 51972658
18001079 51972659
26242919 51972660
22103494 51972661
26242906 51972662
11494417 51972663
1073363 51972664
1073407 51972665
11595776 51972666
15334895 51972667
15334894 51972667
15334893 51972668
11731894 51972669
1073403 51972670
9468919 51972671
11701368 51972672
1073445 51972673
9467773 51972674
11735298 51972675
9493106 51972676
51972677 51972678
11542204 51972679
9500413 51972680
11693454 51972681
11649783 23750179
11541530 51972682
11597225 51972683
11569897 51972684
11674206 51972685
11483525 51972686
11526639 51972687
11643654 51972688
11515687 51972689
1073395 51972690
11633712 51972691
11689314 51972692
11734603 51972693
11644416 51972694
11475310 51972695
11740813 51972696
11493857 51972697
11468700 51972698
11740576 51972699
11686175 51972700
11795529 51972701
11711938 51972702
11517458 51972703
11702317 51972704
11718109 51972705
11710400 51972706
1065657 51972707
11559788 51972708
9487634 51972709
11525958 51972710
11510225 51972711
11679894 51972712
11724876 51972713
11525190 51972714
11557946 51972715
11542491 51972716
11501530 51972717
11650452 51972718
11484947 51972719
11691699 51972720
11546439 51972721
11566402 51972722
11576553 51972723
11789874 51972724
11541014 51972725
11557833 51972726
11598326 51972727
11542951 51972728
11635237 51972729
11558372 51972730
11787505 51972731
11536390 51972732
11525191 51972733
11573310 51972734
11493946 51972735
11779235 51972736
11792852 51972737
11634917 51972738
11540976 51972739
11480343 51972740
11791485 51972741
11500885 51972742
11526745 51972743
11693499 51972744
11630381 51972745
11750138 51972746
11594295 51972747
11469118 51972748
11614047 51972749
11788767 51972750
11779884 51972751
11481219 51972752
11558045 51972753
9500490 51972754
11498479 51972755
11603028 51972756
11543197 51972757
11527443 51972758
11556093 51972759
11521361 51972760
11509126 51972761
11686606 51972762
1073399 28694187
11593965 51972763
11670086 51972764
11673699 51972765
11556719 51972766
11566093 51972767
11544246 51972768
11570177 51972769
11557727 51972770
11551299 51972771
11597419 51972772
11592022 51972773
1065787 51972774
11569714 51972775
11606412 51972776
11619131 51972777
11589830 51972778
11578990 51972779
11580496 51972780
11557713 51972781
11585155 51972782
11554064 51972783
11651892 51972784
11556477 51972785
11585713 51972786
11545628 51972787
11680628 51972788
11638235 51972789
11565766 51972790
11619114 51972791
11532659 51972792
11504822 51972793
11599182 51972794
11579940 51972795
11500877 51972796
11580181 51972797
11594215 51972798
11601154 51972799
11588268 51972800
11519849 51972801
11589196 51972802
11686426 51972803
11573707 51972804
11510210 51972805
11533241 51972806
11593786 51972807
11536941 51972808
11534976 51972809
11471150 51972810
11481551 51972811
11527374 51972812
11482981 51972813
11753973 51972814
11488014 51972815
11595165 51972816
11648355 51972817
11700498 51972818
11615027 51972819
11600008 51972820
11796417 51972821
11632654 51972822
11621439 51972823
11664490 51972824
11781974 51972825
11791382 51972826
11580966 51972827
11542418 51972828
11709690 51972829
1073461 51972830
11668759 51972831
11625531 51972832
11613990 51972833
11595162 51972834
11520750 51972835
11646152 51972836
11530533 51972837
11580065 51972838
11561352 51972839
11604725 51972840
11488937 51972841
11589377 51972842
11588287 51972843
11597231 51972844
11597209 51972845
11597300 51972846
11597325 51972847
11598189 51972848
11597203 51972849
11521486 51972850
11560929 51972851
11771987 51972852
11769300 51972853
11497824 51972854
11632259 51972855
11635322 51972856
11658007 51972857
11735156 51972858
11670917 51972859
11627862 51972860
11732066 51972861
11579525 51972862
11732236 51972863
11743208 51972864
11768669 51972865
11549444 51972866
11591953 51972867
11616810 51972868
11576774 51972869
11601178 51972870
11597675 51972871
11662829 51972872
11681863 51972873
11466186 51972874
11605315 51972875
11631086 51972876
11640444 51972877
11601494 51972878
11619903 51972879
11690839 51972880
11640917 51972881
11628938 51972882
11626894 51972883
1065578 51972884
11730670 51972885
1073353 9848055
1073355 51972886
11569693 51972887
11585907 51972888
11552670 51972889
11615240 51972890
11571922 51972891
11674242 51972892
11592257 51972893
11595735 51972894
11532614 51972895
1065580 51972896
11469976 51972897
1073351 51972898
11712726 51972899
11614407 51972900
11676387 51972901
11772202 51972902
11688837 51972903
11757432 51972904
11635203 51972905
11605989 51972906
11660069 51972907
11704282 51972908
11680108 51972909
11627185 51972910
1065895 51972911
11532395 51972912
11517578 51972913
11669247 51972914
11637504 51972915
11588899 51972916
11550833 51972917
11537924 51972918
11569805 51972919
11606043 51972920
11548600 51972921
11794183 51972922
11608502 51972923
11711379 51972924
11518242 51972925
11755285 51972926
11780472 51972927
11504917 51972928
11580435 51972929
2658251 51972930
11535482 51972931
11515410 51972932
1065897 51972933
11697347 51972934
11770616 51972935
11790304 51972936
11566998 51972937
11631930 51972938
11470170 51972939
11581137 51972940
11530488 51972941
11665039 51972942
11492252 51972943
11620295 51972944
11631918 51972945
2628339 51972946
11551852 51972947
11582683 51972948
11663649 51972949
11661393 51972950
11648541 51972951
1073463 51972952
11499563 51972953
11654051 51972954
11538347 51972955
11473900 51972956
11545652 51972957
11788681 51972958
11610266 51972959
11772320 51972960
2715744 51972961
11712600 51972962
11589892 51972963
11646162 51972964
11643659 51972965
11717131 51972966
11627521 51972967
1065813 51972968
11631423 51972969
11621730 51972970
11467296 51972971
11553737 51972972
11651519 51972973
11677445 51972974
11532456 51972975
11659782 51972976
1073453 51972977
11516460 51972978
11656679 51972979
1065815 51972980
11655994 51972981
11670909 51972982
11753254 51972983
11662987 51972984
1073361 51972985
11684597 51972986
11712233 51972987
11469317 51972988
11777624 51972989
11645812 51972990
11653262 51972991
11709045 51972992
11546734 51972993
11662854 51972994
11701406 51972995
9471081 51972996
1073339 51972997
1066920 51972998
11521259 51972999
11668693 51973000
11759038 51973001
11740724 51973002
11578880 51973003
11733135 51973004
11704755 51973005
11580577 51973006
11588751 51973007
11673398 51973008
11528398 51973009
11493947 51973010
11755257 51973011
11599590 51973012
11729080 51973013
11738728 51973014
11631109 51973015
11758675 51973016
11551555 28625168
11565628 51973017
11700611 51973018
11637866 51973019
11619489 51973020
11534868 51973021
11714539 51973022
11576656 51973023
11469132 51973024
11669298 51973025
11469194 51973026
11580066 51973027
11514720 51973028
11685298 51973029
11661184 51973030
11581689 51973031
11527698 51973032
11586364 51973033
11476721 51973034
11532801 51973035
11746879 51973036
11776105 51973037
